40	172	166
40	189	139
43	157	163
43	167	158
43	171	142
43	180	140
43	184	131
44	170	155
44	172	137
45	147	166
45	161	127
45	164	121
46	166	119
47	151	130
47	165	119
48	167	117
49	132	153
49	142	148
49	146	132
49	172	108
50	171	111
51	136	117
51	139	111
52	146	103
54	128	130
54	145	103
55	152	95
56	123	155
56	137	108
58	115	142
58	121	138
59	120	134
60	144	97
61	119	135
61	159	94
62	119	121
62	122	115
62	142	95
62	145	89
63	112	172
63	129	107
64	114	138
65	125	114
65	128	107
65	151	81
66	102	161
66	112	124
66	119	115
66	122	109
66	125	107
66	135	99
66	140	89
67	120	112
67	124	107
67	129	101
67	132	99
67	137	96
68	105	138
68	131	99
68	144	88
69	104	142
69	110	126
69	147	85
70	103	137
70	109	124
70	116	119
70	117	116
70	126	104
70	135	93
71	120	106
71	122	99
71	125	93
71	136	90
71	150	80
72	97	155
72	104	133
72	107	101
72	110	95
72	127	91
72	132	85
73	94	151
73	100	135
73	112	93
73	117	87
73	134	83
74	98	149
74	119	85
74	122	84
74	149	82
75	98	138
75	116	87
75	124	82
75	138	77
76	123	79
76	141	75
76	157	71
77	95	131
77	108	92
77	128	76
77	146	67
78	93	126
78	100	104
78	103	98
78	115	84
79	92	122
79	98	106
79	105	95
79	110	90
79	120	81
80	94	120
80	112	87
80	130	72
81	88	172
81	115	81
81	137	71
82	122	73
82	156	65
83	91	142
83	97	117
83	101	95
83	127	70
83	145	61
84	90	119
84	108	87
85	86	162
85	98	98
86	87	122
86	89	114
86	103	94
86	105	90
86	129	66
87	84	179
87	86	143
87	97	108
87	110	86
87	162	59
88	84	147
88	96	112
88	106	89
88	114	82
89	84	136
89	87	120
89	94	110
89	113	81
89	115	80
89	121	74
89	144	60
89	182	56
90	82	178
90	83	167
90	86	117
90	91	111
90	102	93
90	119	77
91	85	130
91	93	105
91	96	103
92	99	97
92	103	92
92	121	71
92	126	70
93	91	108
93	110	84
93	128	63
93	166	58
94	79	141
94	84	112
94	92	105
94	104	88
94	107	85
94	133	60
95	90	108
95	91	104
95	114	77
95	124	70
95	181	55
96	77	172
96	80	135
96	101	87
96	109	78
97	80	124
97	86	109
97	100	93
97	108	79
97	125	68
97	150	58
97	159	57
98	91	101
98	92	100
98	94	98
98	116	76
99	88	103
99	96	96
99	99	90
99	100	85
100	119	71
100	146	58
101	79	135
101	80	118
101	95	96
101	118	73
101	125	67
101	155	57
102	75	129
102	83	110
102	85	107
102	101	84
103	79	112
103	81	109
103	93	96
103	123	69
103	124	68
103	219	53
104	78	123
104	84	104
104	89	102
104	106	82
104	112	77
104	116	74
104	118	71
104	152	57
104	163	56
105	73	128
105	77	117
105	90	96
105	96	94
105	98	84
105	111	77
106	93	86
106	183	53
107	103	83
107	107	77
107	115	68
107	127	64
107	142	58
108	71	161
108	85	100
108	114	69
108	138	59
109	88	99
109	90	94
109	154	56
110	70	161
110	105	82
110	106	75
110	128	58
110	144	56
110	198	52
111	68	122
111	83	99
111	100	83
111	102	77
112	86	89
112	111	74
112	119	65
112	142	56
113	74	120
113	85	97
113	109	73
113	124	63
114	71	118
114	74	114
114	162	53
115	78	112
115	79	106
115	82	103
115	88	88
115	97	85
115	110	72
115	118	67
116	72	113
116	104	74
116	117	67
116	136	56
117	64	154
117	99	76
118	78	111
119	77	111
119	152	55
119	190	52
120	85	94
120	98	80
121	60	169
121	73	112
121	76	111
121	108	71
121	121	64
121	124	60
121	153	54
122	61	151
122	77	109
122	103	73
122	108	67
122	177	52
123	64	146
123	65	128
123	81	105
123	84	92
123	92	79
123	118	64
123	178	51
124	91	87
125	73	110
125	78	103
125	80	100
125	81	97
125	170	51
126	94	78
126	147	55
126	164	52
127	122	61
127	145	53
128	83	90
128	96	76
128	117	63
128	137	54
129	59	161
129	61	139
129	70	119
129	75	105
129	134	55
130	65	114
130	78	95
130	184	50
131	60	151
131	68	104
131	91	84
131	98	75
131	104	70
131	127	58
131	135	54
131	169	50
132	90	84
133	55	176
134	62	125
134	90	82
134	179	49
136	81	94
136	107	68
136	110	66
136	118	57
137	56	162
137	60	147
137	127	53
137	162	50
138	61	138
138	62	123
138	83	87
139	75	95
139	79	88
139	109	64
140	61	137
140	74	96
140	89	85
140	103	72
140	183	48
142	59	153
142	74	94
142	177	49
143	55	158
143	60	131
143	61	128
144	89	83
144	93	76
145	107	63
145	117	59
145	120	56
146	57	148
146	102	65
146	147	50
146	163	49
147	63	112
147	78	91
147	85	81
147	112	62
147	143	51
149	51	169
149	55	152
149	56	142
149	59	139
149	82	82
149	89	77
149	144	50
150	81	85
150	85	78
151	53	166
151	138	52
152	57	141
152	58	137
152	73	93
152	86	76
152	95	68
152	153	48
153	78	90
155	54	165
155	77	91
155	116	58
155	125	51
155	136	49
155	194	47
156	54	152
157	59	115
157	180	47
158	62	105
160	49	171
160	55	147
160	70	94
160	78	89
160	107	59
160	166	47
160	192	46
161	56	126
162	172	46
163	48	182
163	53	153
163	79	83
164	68	101
164	92	74
164	106	63
164	147	48
166	153	47
167	54	148
167	74	91
167	138	48
169	51	155
169	68	95
169	124	54
170	53	147
171	46	205
171	76	84
172	105	63
173	53	145
173	112	55
173	134	47
173	195	45
174	47	172
174	121	51
174	174	45
175	49	167
175	71	90
175	100	66
175	109	56
176	49	158
176	128	48
179	52	153
181	47	162
181	54	139
181	102	59
184	123	49
185	55	121
185	136	46
186	48	160
186	77	80
186	173	45
188	87	70
190	50	154
190	53	135
190	118	54
192	45	203
192	100	61
192	119	49
195	54	133
196	51	147
197	52	140
197	92	65
197	101	57
197	135	46
201	112	54
202	121	47
203	44	193
210	44	183
