47	309	293
47	313	270
48	291	292
48	311	245
49	275	275
49	279	252
49	287	243
49	322	231
50	272	245
50	280	236
50	281	235
50	289	226
50	312	223
51	244	296
51	248	273
51	258	235
51	266	226
51	278	223
51	307	216
52	233	293
52	237	270
52	241	266
52	247	232
52	255	223
52	275	209
53	227	256
53	244	218
53	252	209
53	309	206
53	339	198
54	216	253
54	231	233
54	242	229
54	249	214
54	281	203
54	300	202
54	306	193
54	329	190
55	226	222
55	237	213
55	245	209
55	257	206
55	259	200
55	267	191
55	295	190
56	203	282
56	236	200
56	244	191
56	272	190
56	312	177
57	213	236
57	233	209
57	294	178
58	191	263
58	198	253
58	216	225
58	220	209
58	287	172
59	202	235
59	223	197
59	231	188
59	264	172
59	275	170
59	304	159
60	190	248
60	198	242
60	200	233
60	206	223
60	212	204
60	252	180
60	274	167
60	281	159
61	181	266
61	221	199
61	224	192
61	230	190
61	246	168
61	300	152
62	199	235
62	217	195
62	222	194
62	223	185
63	180	248
63	188	245
63	189	240
63	190	235
63	196	220
63	213	194
63	222	186
63	271	155
64	216	187
64	224	178
64	225	174
64	233	165
64	261	158
64	284	146
65	184	224
65	194	207
65	205	194
65	214	181
65	285	142
66	197	202
66	202	193
66	205	191
66	223	176
66	232	167
66	279	145
67	170	245
67	195	196
67	206	190
67	224	171
67	250	161
67	271	143
68	213	179
68	272	139
69	176	219
69	205	186
69	215	173
69	232	157
70	162	259
70	165	241
70	187	197
70	194	188
70	196	184
70	209	178
70	223	165
70	248	152
70	271	141
71	161	312
71	162	248
71	183	210
71	187	191
71	198	181
71	199	179
71	205	176
71	207	168
71	221	161
71	242	147
71	298	130
72	159	289
72	167	227
72	233	155
72	235	150
72	250	143
72	284	138
73	157	302
73	159	245
73	181	196
73	190	183
73	206	169
73	209	166
73	215	156
73	278	134
74	156	285
74	164	230
74	201	167
74	249	145
74	259	139
75	144	308
75	150	270
75	153	252
75	195	180
75	260	135
76	156	248
76	158	237
76	175	202
76	187	180
76	230	146
76	248	141
76	253	134
77	138	315
77	144	277
77	147	259
77	151	255
77	155	238
77	225	154
77	245	145
77	248	139
77	254	130
77	287	127
78	154	227
78	169	207
78	178	194
78	201	164
78	213	154
78	239	144
78	248	137
78	292	123
78	310	119
79	134	305
79	140	267
79	143	249
79	149	245
79	165	205
79	169	201
79	175	198
79	178	188
79	192	174
79	195	167
79	219	149
79	228	144
79	230	143
80	163	214
80	165	199
80	194	162
80	217	152
80	265	127
81	133	310
81	136	292
81	145	235
81	154	221
81	160	215
81	173	189
81	178	178
81	187	165
81	208	158
81	218	147
81	232	134
81	243	129
81	273	123
82	159	204
82	168	191
82	215	150
83	136	279
83	138	278
83	156	207
83	165	195
83	193	157
83	200	154
83	218	140
83	242	126
83	249	125
83	299	115
84	124	310
84	133	268
84	140	261
84	163	200
84	173	188
84	260	122
84	263	120
85	142	255
85	150	212
85	159	202
85	191	163
85	198	156
85	200	149
85	214	147
85	217	137
85	227	133
85	237	126
85	254	124
85	280	119
85	298	117
85	322	111
86	120	324
86	131	275
86	149	220
86	158	204
86	176	180
86	180	164
86	224	136
86	262	118
86	277	116
86	297	113
87	154	208
87	161	190
87	171	189
87	192	154
87	211	145
87	241	123
87	250	118
87	259	117
88	125	282
88	136	258
88	140	250
88	148	215
88	150	210
88	157	200
88	171	182
88	172	169
88	182	163
88	188	154
88	231	131
88	248	120
88	265	116
88	285	112
88	296	111
89	126	274
89	136	249
89	140	247
89	147	216
89	149	212
89	153	207
89	171	180
89	187	156
89	202	145
89	215	142
89	253	117
90	118	290
90	121	272
90	133	253
90	138	235
90	146	231
90	152	207
90	159	185
90	168	174
90	180	159
90	191	153
90	210	136
90	219	130
90	224	127
90	240	118
90	261	112
90	293	111
91	111	321
91	114	303
91	127	257
91	139	223
91	148	204
91	154	193
91	163	177
91	185	154
91	193	149
91	200	145
91	229	121
92	123	258
92	132	244
92	136	232
92	147	212
92	161	180
92	177	168
92	239	119
92	281	106
93	116	289
93	129	243
93	142	206
93	146	197
93	150	195
93	171	173
93	187	144
93	197	139
93	213	135
93	214	134
93	242	113
93	278	111
94	118	286
94	142	203
94	157	181
94	169	171
94	170	170
94	171	162
94	176	159
94	180	149
94	236	116
94	263	111
95	127	234
95	134	222
95	142	201
95	149	190
95	159	170
95	172	161
95	192	138
95	279	104
95	308	103
96	114	271
96	121	257
96	140	196
96	154	178
96	175	158
96	183	145
96	209	130
96	231	120
97	107	302
97	120	256
97	125	244
97	129	220
97	139	213
97	145	194
97	151	180
97	158	175
97	167	160
97	206	132
97	209	129
97	214	128
97	219	123
97	239	114
97	254	111
97	258	110
97	278	102
98	122	242
98	125	224
98	170	159
98	185	141
98	198	134
98	209	128
98	228	117
98	240	111
98	261	106
99	101	325
99	138	216
99	139	203
99	150	185
99	173	148
99	180	147
99	196	131
99	197	130
99	206	129
99	209	123
99	233	114
99	255	107
100	127	210
100	130	209
100	154	174
100	171	150
100	182	143
100	188	137
100	189	136
100	191	133
100	202	128
100	219	117
100	241	109
100	257	103
101	120	235
101	143	195
101	145	181
101	161	164
101	179	144
101	204	127
101	214	121
101	216	118
101	270	102
101	271	101
101	285	100
102	109	277
102	117	246
102	129	207
102	143	187
102	158	173
102	159	169
102	177	142
102	179	141
102	182	139
102	203	126
102	209	121
102	213	120
102	219	116
102	230	115
102	232	114
102	233	110
102	236	108
102	249	107
102	255	106
102	274	99
102	300	98
103	107	287
103	112	266
103	115	243
103	118	225
103	138	193
103	140	188
103	147	176
103	152	169
103	157	168
103	158	161
103	166	152
103	169	148
103	171	145
103	172	144
103	190	128
103	203	124
103	216	115
103	238	104
104	105	310
104	125	211
104	134	205
104	136	198
104	137	197
104	140	179
104	156	161
104	162	160
104	165	154
104	186	138
104	187	137
104	205	118
104	213	116
104	231	107
104	253	102
105	100	319
105	110	263
105	111	248
105	120	211
105	125	209
105	128	208
105	132	196
105	146	173
105	154	164
105	158	157
105	163	154
105	182	138
105	186	135
105	188	134
105	192	125
105	199	121
105	272	97
106	106	277
106	109	262
106	111	240
106	125	206
106	131	195
106	136	183
106	139	181
106	147	170
106	150	168
106	163	152
106	176	141
106	181	137
106	188	129
106	196	123
106	218	110
107	94	342
107	100	312
107	117	224
107	140	175
107	142	174
107	164	151
107	166	150
107	167	149
107	168	145
107	169	143
107	178	139
107	182	135
107	186	131
107	209	116
107	241	103
107	250	100
107	258	99
107	271	95
108	102	303
108	113	226
108	128	199
108	130	190
108	136	179
108	150	167
108	152	154
108	166	149
108	174	142
108	176	136
108	217	112
108	229	107
109	106	249
109	111	224
109	116	215
109	125	204
109	128	196
109	133	180
109	142	173
109	147	162
109	162	153
109	164	143
109	168	138
109	181	130
109	187	128
109	192	124
109	208	117
109	217	110
109	235	104
109	242	101
109	303	93
110	99	280
110	104	278
110	122	208
110	127	199
110	144	164
110	156	149
110	158	146
110	162	141
110	175	133
110	189	123
110	197	119
110	201	118
110	232	100
110	246	99
110	296	93
111	97	309
111	98	305
111	100	272
111	108	237
111	121	198
111	124	196
111	127	187
111	173	133
111	174	130
111	193	121
111	207	111
111	216	105
111	252	98
112	92	323
112	93	303
112	104	239
112	119	204
112	145	158
112	154	151
112	166	136
112	168	133
112	184	129
112	187	126
112	200	114
112	209	108
112	260	94
113	97	270
113	109	235
113	110	234
113	123	193
113	150	153
113	153	149
113	161	140
113	182	127
113	195	118
113	196	117
113	197	115
113	228	104
113	230	98
113	251	93
114	98	262
114	116	208
114	124	190
114	137	176
114	141	167
114	148	157
114	155	145
114	157	144
114	160	142
114	180	126
114	187	124
114	190	118
114	192	116
114	197	114
114	223	101
114	241	97
114	278	91
115	91	293
115	122	191
115	123	188
115	140	164
115	159	141
115	160	140
115	164	139
115	167	134
115	175	129
115	184	121
115	191	117
115	201	108
115	206	107
115	207	106
116	101	247
116	117	197
116	126	186
116	130	183
116	131	173
116	134	172
116	139	160
116	145	156
116	164	137
116	165	136
116	177	127
116	180	124
116	183	123
116	193	114
116	194	111
116	214	101
116	229	100
116	249	91
117	95	267
117	107	220
117	111	209
117	133	163
117	151	152
117	156	144
117	171	131
117	176	126
117	207	104
117	221	100
117	257	90
117	303	89
118	88	298
118	115	202
118	121	192
118	125	180
118	149	147
118	155	143
118	163	138
118	169	130
118	172	129
118	173	127
118	181	121
118	185	120
118	192	114
118	205	104
118	222	97
118	248	96
118	272	88
119	87	328
119	100	244
119	119	192
119	122	181
119	127	179
119	143	150
119	160	138
119	163	133
119	166	130
119	176	125
119	179	123
119	180	121
119	191	114
119	196	109
119	201	105
119	238	95
120	85	334
120	86	320
120	93	275
120	97	256
120	106	218
120	118	196
120	126	174
120	132	172
120	135	158
120	154	141
120	156	138
120	160	133
120	164	131
120	169	129
120	171	126
120	178	123
120	181	120
120	185	119
120	190	112
120	195	108
120	226	95
120	247	92
120	268	89
120	271	86
121	90	287
121	100	232
121	103	230
121	105	222
121	124	175
121	130	164
121	148	142
121	170	123
121	179	122
121	183	115
121	206	100
122	91	279
122	93	263
122	95	259
122	111	202
122	116	192
122	118	184
122	134	158
122	147	148
122	150	141
122	155	140
122	159	137
122	160	132
122	165	126
122	174	122
122	175	119
122	176	118
122	194	109
122	199	103
122	204	102
123	84	310
123	88	290
123	89	276
123	91	267
123	98	242
123	110	205
123	115	195
123	120	182
123	140	152
123	141	151
123	152	140
123	153	135
123	154	134
123	162	131
123	164	129
123	167	125
123	170	121
123	184	114
123	189	113
123	260	89
124	113	194
124	133	159
124	135	157
124	146	140
124	161	128
124	176	116
124	180	114
124	270	88
124	277	85
124	280	83
125	87	286
125	107	205
125	118	180
125	123	179
125	128	165
125	144	148
125	157	133
125	159	132
125	165	124
125	171	120
125	173	117
125	174	116
125	185	113
125	193	106
125	205	96
125	236	94
125	272	84
126	81	315
126	93	258
126	122	177
126	130	162
126	132	159
126	143	148
126	145	144
126	159	127
126	165	123
126	167	122
126	169	120
126	182	112
126	192	110
126	197	102
126	198	99
126	218	89
126	238	88
126	263	85
127	80	345
127	102	224
127	109	201
127	116	189
127	118	177
127	127	168
127	138	155
127	139	149
127	141	148
127	151	136
127	163	125
127	172	118
127	175	115
127	187	108
127	192	104
127	211	92
127	233	87
128	90	261
128	95	255
128	97	237
128	117	185
128	125	170
128	136	154
128	141	147
128	154	132
128	157	131
128	165	121
128	175	114
128	182	111
128	272	83
129	83	292
129	95	226
129	121	170
129	125	158
129	136	148
129	139	146
129	141	144
129	143	143
129	145	141
129	150	135
129	151	134
129	153	133
129	156	126
129	164	121
129	179	113
129	197	101
129	257	82
130	78	357
130	88	257
130	104	219
130	114	190
130	117	175
130	129	151
130	135	147
130	143	137
130	149	129
130	170	119
130	177	112
130	228	86
130	241	85
131	81	307
131	103	223
131	112	185
131	116	178
131	144	135
131	170	117
131	174	111
131	181	110
131	184	108
131	187	106
131	196	102
131	202	96
131	228	85
131	233	84
132	93	252
132	109	194
132	111	187
132	114	179
132	123	162
132	138	145
132	139	142
132	148	133
132	160	125
132	163	120
132	168	116
132	172	114
132	179	107
132	187	105
132	191	104
132	193	99
132	198	98
132	218	88
132	243	83
133	82	296
133	86	283
133	103	217
133	107	191
133	116	177
133	117	171
133	123	159
133	125	156
133	127	155
133	134	149
133	135	145
133	141	136
133	162	121
133	164	118
133	186	102
133	249	78
134	115	176
134	116	171
134	120	166
134	127	152
134	147	134
134	148	132
134	156	122
134	161	121
134	168	115
134	172	112
134	178	109
134	184	102
134	208	93
134	217	87
134	241	79
135	86	256
135	102	205
135	106	194
135	110	183
135	114	177
135	120	164
135	122	161
135	123	158
135	136	144
135	145	134
135	152	127
135	154	124
135	163	115
135	170	112
135	177	105
135	205	95
135	232	84
136	104	204
136	118	170
136	126	153
136	127	151
136	133	145
136	135	143
136	139	140
136	150	127
136	152	126
136	156	120
136	161	115
136	168	114
136	195	97
136	203	95
137	83	285
137	88	243
137	107	187
137	113	179
137	115	172
137	117	166
137	120	162
137	121	155
137	132	143
137	145	130
137	149	128
137	152	122
137	154	120
137	169	111
137	174	107
137	176	106
137	199	93
138	81	274
138	97	213
138	113	172
138	125	148
138	131	144
138	134	142
138	139	139
138	142	131
138	147	128
138	157	119
138	162	114
138	167	110
138	169	109
138	175	105
138	179	103
138	192	96
138	199	91
138	227	84
139	85	251
139	114	169
139	116	167
139	124	147
139	136	139
139	144	130
139	150	124
139	160	114
139	165	113
139	168	109
139	189	99
139	196	94
139	210	88
139	234	82
140	90	220
140	100	198
140	110	182
140	116	164
140	129	146
140	139	136
140	153	117
140	256	77
141	75	313
141	76	309
141	79	298
141	83	251
141	102	196
141	110	177
141	115	165
141	118	163
141	119	156
141	122	154
141	123	149
141	130	144
141	139	135
141	143	127
141	151	123
141	167	109
141	170	106
141	174	105
141	198	90
141	204	87
141	217	83
141	226	82
141	248	78
142	74	340
142	109	178
142	112	168
142	114	166
142	118	162
142	122	151
142	127	146
142	130	140
142	133	138
142	140	133
142	141	132
142	162	112
142	167	108
142	176	103
142	181	101
142	184	100
142	187	96
142	191	93
142	194	91
142	197	90
142	210	86
143	79	273
143	88	239
143	90	216
143	106	181
143	116	160
143	124	145
143	135	134
143	137	131
143	149	123
143	151	117
143	155	115
143	157	114
143	165	111
143	172	105
143	174	104
143	180	99
143	185	94
144	73	353
144	77	290
144	88	236
144	93	211
144	95	208
144	102	185
144	110	173
144	119	155
144	122	145
144	126	144
144	128	137
144	141	125
144	146	121
144	159	111
144	165	109
144	178	97
145	86	242
145	87	239
145	88	223
145	117	158
145	133	135
145	136	131
145	158	112
145	166	108
145	174	101
146	96	207
146	109	171
146	111	168
146	114	161
146	127	141
146	170	104
146	204	84
146	223	81
146	265	71
147	78	268
147	82	266
147	98	200
147	102	181
147	118	154
147	119	151
147	120	144
147	150	118
147	153	116
147	155	113
147	167	107
147	172	102
147	180	96
147	189	93
147	191	92
147	202	85
147	245	75
147	257	72
148	77	287
148	100	190
148	105	176
148	107	173
148	126	141
148	141	123
148	145	122
148	146	119
148	148	118
148	153	115
148	154	114
148	160	110
148	161	106
148	165	105
148	169	101
148	177	100
148	191	88
148	231	80
148	235	76
148	239	75
148	248	72
149	76	281
149	92	207
149	99	190
149	107	166
149	115	159
149	118	151
149	119	146
149	134	126
149	139	124
149	146	118
149	154	109
149	162	104
149	184	91
149	204	82
149	227	77
149	240	73
150	80	245
150	91	208
150	97	206
150	114	159
150	126	139
150	129	135
150	132	132
150	140	123
150	152	114
150	165	103
150	179	95
150	197	85
151	81	244
151	86	235
151	105	172
151	110	165
151	113	162
151	116	155
151	124	138
151	131	130
151	133	128
151	145	117
151	147	115
151	175	97
151	224	80
152	71	336
152	78	258
152	92	203
152	100	189
152	104	177
152	107	162
152	110	159
152	112	155
152	115	151
152	117	148
152	156	108
152	164	103
152	169	100
152	171	99
152	235	75
153	80	241
153	117	147
153	118	146
153	123	139
153	129	132
153	132	128
153	140	120
153	149	112
153	160	103
153	166	101
153	196	86
153	197	84
153	226	78
154	76	277
154	103	173
154	106	168
154	131	129
154	139	121
154	144	119
154	145	115
154	158	106
154	159	104
154	168	98
154	172	96
154	177	94
154	190	87
154	201	81
154	208	78
154	226	76
154	251	69
155	75	283
155	83	230
155	116	143
155	121	142
155	122	135
155	128	131
155	135	123
155	159	103
155	164	102
155	168	97
155	171	96
155	178	92
155	189	89
155	243	70
156	70	304
156	71	300
156	74	291
156	77	262
156	83	217
156	93	200
156	96	187
156	112	152
156	113	150
156	119	141
156	152	106
156	161	100
156	171	95
156	183	88
156	189	86
156	203	78
156	217	75
156	235	74
157	93	192
157	101	179
157	105	166
157	130	125
157	154	105
157	175	94
157	196	81
157	209	76
158	70	298
158	81	230
158	100	186
158	106	164
158	110	155
158	115	145
158	128	129
158	140	116
158	194	84
158	219	72
159	69	306
159	73	277
159	76	264
159	83	213
159	88	209
159	94	188
159	99	178
159	105	162
159	114	144
159	126	129
159	135	121
159	138	119
159	150	111
159	164	99
159	166	95
159	174	93
159	178	91
159	186	86
159	234	70
160	79	248
160	93	188
160	98	185
160	107	156
160	108	152
160	124	134
160	125	131
160	128	124
160	148	107
160	174	91
160	176	90
160	183	87
160	186	85
160	196	80
160	201	78
160	227	70
161	81	226
161	86	202
161	101	170
161	116	142
161	118	141
161	119	136
161	134	121
161	167	94
161	169	93
161	189	83
161	193	81
161	195	79
161	210	74
161	239	67
162	80	234
162	82	223
162	112	149
162	125	128
162	127	126
162	158	99
162	187	82
162	215	72
163	76	250
163	82	216
163	85	211
163	95	178
163	103	162
163	111	147
163	117	138
163	122	132
163	144	113
163	145	111
163	151	102
163	160	97
163	180	85
163	197	78
163	204	75
164	70	279
164	75	271
164	91	197
164	101	166
164	121	134
164	142	110
164	168	93
164	186	83
164	231	66
165	75	247
165	79	240
165	80	230
165	98	167
165	112	144
165	114	139
165	124	129
165	131	120
165	147	107
165	162	94
165	191	79
165	223	67
165	271	65
166	73	275
166	93	186
166	105	149
166	110	147
166	122	129
166	123	128
166	134	119
166	140	112
166	185	82
167	66	353
167	69	281
167	72	256
167	89	201
167	92	189
167	108	148
167	113	139
167	116	133
167	121	132
167	134	118
167	147	105
167	190	79
167	201	77
167	208	73
167	210	71
168	79	236
168	89	192
168	97	169
168	102	160
168	124	123
168	133	118
169	78	234
169	96	172
169	101	158
169	122	127
169	134	114
169	149	102
169	186	80
169	199	76
170	71	258
170	112	142
170	153	101
170	160	93
170	169	90
170	174	85
170	192	76
170	202	75
171	77	223
171	78	219
171	97	165
171	113	137
171	119	129
171	132	117
171	141	106
171	153	99
171	165	91
171	185	79
172	68	288
172	86	197
172	93	173
172	99	161
172	104	151
172	109	146
172	112	139
172	117	131
172	123	126
172	128	121
172	136	113
172	137	109
172	146	104
172	158	94
172	180	82
172	208	70
172	249	64
172	286	63
173	73	247
173	75	228
173	81	213
173	96	171
173	101	155
173	110	136
173	130	120
173	167	89
173	193	75
173	200	71
174	80	218
174	89	186
174	118	126
174	146	102
174	148	101
174	176	81
174	187	76
175	81	206
175	86	190
175	123	123
175	136	112
175	152	99
175	166	87
175	180	79
175	184	77
175	187	75
175	213	69
176	67	281
176	75	224
176	83	195
176	94	170
176	104	150
176	125	118
176	133	112
176	145	102
176	148	99
176	197	74
176	238	65
177	87	182
177	135	109
177	150	96
177	164	88
177	195	71
178	98	164
178	99	159
178	102	152
178	109	139
178	117	130
179	83	191
179	91	177
179	98	155
179	108	145
179	131	116
179	139	107
179	148	96
179	160	92
179	178	79
179	182	75
179	191	74
179	248	64
180	73	241
180	79	203
180	92	170
180	116	130
180	127	113
180	140	105
180	154	93
180	213	67
181	80	202
181	95	168
181	97	159
181	104	140
181	113	133
181	121	123
181	159	88
181	257	62
182	64	366
182	95	158
182	97	152
182	102	143
182	103	142
182	115	132
182	131	112
182	133	110
182	139	104
182	141	103
182	217	65
182	235	63
183	62	320
183	66	282
183	93	169
183	136	106
183	147	100
183	174	84
183	187	73
183	200	69
184	82	194
184	114	132
184	124	121
184	149	93
184	166	86
184	175	80
185	69	249
185	83	189
185	88	175
185	93	166
185	95	152
185	99	149
185	112	133
185	115	131
185	119	125
185	130	110
185	131	109
185	134	106
185	136	105
185	140	103
185	145	100
185	146	96
186	76	213
186	121	116
186	136	103
186	170	83
186	179	75
186	219	64
186	272	61
187	80	200
187	81	196
187	92	163
187	114	126
187	152	92
187	217	63
187	247	61
188	67	257
188	68	251
188	78	203
188	100	146
188	101	145
188	103	137
188	109	133
188	125	115
188	130	109
188	133	108
188	134	103
188	164	86
188	186	74
188	194	72
188	209	64
189	132	108
189	140	102
189	164	83
189	190	70
190	76	204
190	91	172
190	101	142
190	105	134
190	145	95
190	199	68
190	235	62
190	249	60
191	66	259
191	72	221
191	78	197
191	89	164
191	93	159
191	104	136
191	113	131
191	132	106
191	139	102
191	151	92
191	175	75
192	70	243
192	86	171
192	100	139
192	126	113
192	130	106
192	145	93
192	173	80
192	186	72
192	189	71
193	63	304
193	80	190
193	94	155
193	115	125
193	135	100
193	202	66
193	234	62
194	71	223
194	72	217
194	79	195
194	106	133
194	120	124
194	132	103
194	153	91
194	165	80
194	244	58
195	81	186
195	94	153
195	113	123
195	150	92
195	156	86
195	162	83
195	175	73
195	214	63
195	225	62
196	119	116
196	139	98
196	152	90
196	153	89
196	189	69
197	63	271
197	67	245
197	78	195
197	89	162
197	92	155
197	101	134
197	110	127
197	168	79
197	253	57
198	64	265
198	76	196
198	81	180
198	131	105
198	138	97
198	150	90
198	165	78
198	184	72
198	225	58
199	65	262
199	114	118
199	117	116
199	183	72
199	217	59
200	64	259
200	70	221
200	85	171
200	88	169
200	109	127
200	111	126
200	127	111
200	158	85
201	63	267
201	69	239
201	77	191
201	88	168
201	90	160
201	92	146
201	112	125
201	126	107
201	131	100
201	152	88
201	155	87
201	198	64
202	80	181
202	83	172
202	95	143
202	103	133
202	123	112
202	137	98
202	182	72
202	186	70
203	69	223
203	70	217
203	88	166
203	108	128
203	116	114
203	136	99
203	146	92
203	180	72
203	193	68
204	62	283
204	68	241
204	81	176
204	83	169
204	87	161
204	115	116
204	148	90
204	161	80
204	173	74
204	196	67
204	268	55
205	73	201
205	106	127
205	109	123
205	111	119
205	144	95
205	245	57
206	78	186
206	86	167
206	90	156
206	102	128
206	122	112
206	155	85
206	161	78
206	202	62
207	91	148
207	99	142
207	112	118
207	122	108
207	143	94
207	151	85
207	187	67
207	194	63
207	223	58
207	234	56
208	57	329
208	73	197
208	120	112
208	149	89
208	154	84
208	166	77
208	181	68
208	232	55
209	63	263
209	77	190
209	95	137
209	130	105
209	136	95
209	171	76
209	174	71
209	207	61
209	224	56
210	57	302
210	67	240
210	94	139
210	112	114
210	127	101
211	81	169
211	89	158
211	104	127
211	117	108
211	141	94
211	147	87
211	189	63
212	87	156
212	97	136
212	109	122
212	144	89
213	63	248
213	72	215
213	74	194
213	96	136
213	107	126
213	120	107
213	122	106
214	75	187
214	86	157
214	99	134
214	103	126
214	176	70
214	207	59
214	249	54
215	68	230
215	107	124
215	147	85
215	247	53
216	61	269
216	90	152
216	100	130
216	125	104
216	169	73
216	178	67
216	211	57
216	223	56
216	239	54
217	71	214
217	78	179
217	90	147
217	165	75
218	68	220
218	131	98
218	140	93
218	168	72
218	184	64
218	197	60
219	64	243
219	68	216
219	72	206
219	80	168
219	87	155
219	91	143
219	96	135
219	99	130
219	113	108
219	123	102
219	134	97
219	152	82
219	173	71
220	70	213
220	71	207
220	84	155
220	121	103
220	143	88
220	160	76
220	173	67
221	134	94
222	64	241
222	81	165
222	106	117
222	131	96
222	148	84
222	156	80
222	164	72
223	55	295
223	70	209
223	105	119
223	130	98
223	152	80
223	215	56
224	66	224
224	72	197
224	129	98
224	183	64
224	207	57
224	212	56
224	225	53
225	92	131
225	108	116
225	151	81
225	163	73
226	61	266
226	76	186
226	77	180
226	90	143
226	103	125
226	142	87
226	206	58
227	54	298
227	66	222
227	67	216
227	75	178
227	110	115
227	118	103
227	133	95
227	170	71
228	57	286
228	58	260
228	84	150
228	174	66
229	101	126
229	117	104
229	129	95
229	150	81
229	156	75
230	69	196
230	79	169
230	94	130
230	125	97
231	75	176
231	99	122
231	134	91
231	159	74
231	240	51
232	73	182
232	87	146
232	107	115
232	110	110
232	184	63
232	226	52
233	77	171
233	145	83
234	53	297
234	81	164
234	83	152
234	97	127
234	125	96
234	137	88
234	170	68
235	62	242
235	78	168
235	80	166
235	89	143
235	91	138
235	149	79
235	199	59
236	64	236
236	66	217
236	149	78
237	68	212
237	73	180
237	196	62
238	103	111
238	113	105
238	124	100
238	134	90
238	142	82
239	54	281
239	58	256
239	62	227
239	67	211
239	87	144
239	241	50
240	60	247
240	68	202
240	82	151
240	83	149
240	88	140
240	97	124
240	131	94
241	66	201
241	69	190
241	80	160
242	74	175
242	75	173
242	94	129
242	219	55
243	72	182
243	84	144
243	150	77
243	165	68
243	192	60
244	54	265
244	69	186
244	72	181
244	79	161
244	80	158
244	163	69
244	179	64
244	188	58
245	93	128
246	52	286
246	60	230
246	64	212
246	68	196
246	79	159
246	145	79
246	147	77
246	154	74
247	77	169
247	88	133
247	110	107
247	132	93
247	161	70
247	202	57
248	53	268
248	58	253
248	62	210
248	63	207
248	74	168
248	76	166
248	86	140
248	111	103
248	119	98
248	127	95
248	146	78
248	150	76
249	56	256
249	57	245
249	115	100
249	134	89
249	158	72
250	59	230
250	79	154
250	83	146
250	126	95
251	114	102
251	122	94
251	196	56
252	72	180
252	84	135
252	90	132
252	116	99
252	164	68
252	189	57
252	202	54
253	82	147
253	95	127
253	115	99
253	138	86
254	52	268
254	68	195
254	73	174
254	96	124
254	131	86
254	136	85
254	185	61
255	52	267
255	77	162
255	160	69
256	65	206
256	109	108
256	113	101
256	114	100
256	172	67
256	174	65
257	59	216
257	60	210
257	67	197
257	71	180
257	77	154
257	86	134
257	159	71
257	178	62
258	91	129
258	95	124
258	108	104
259	65	205
259	156	72
259	217	52
260	51	270
260	53	250
260	99	113
260	154	72
260	156	70
260	203	53
261	81	149
261	89	131
261	127	90
261	140	77
262	55	241
262	63	205
262	83	142
262	137	84
262	186	60
263	59	212
263	65	201
263	71	167
263	74	164
264	50	289
264	57	239
264	69	178
264	83	134
264	120	97
264	148	76
265	55	231
265	76	153
265	91	128
265	95	115
265	135	82
266	58	222
266	65	185
266	74	157
266	80	140
266	177	62
267	54	239
267	64	204
267	89	130
267	114	96
267	122	88
267	218	51
268	69	171
268	132	85
268	182	58
269	86	133
269	106	109
269	169	62
270	59	206
271	53	240
271	65	182
272	238	50
274	80	137
274	102	111
274	115	95
274	123	87
275	54	236
275	58	220
275	59	203
275	106	108
275	111	102
275	149	70
275	267	47
276	62	191
276	107	104
276	183	57
277	54	221
277	60	200
277	62	190
277	68	170
277	127	84
277	139	80
277	161	68
277	170	61
278	58	207
278	67	179
278	105	110
278	145	76
279	56	209
279	64	181
279	82	136
280	62	188
280	68	168
280	76	147
280	87	131
280	94	125
280	144	76
280	251	49
281	60	195
281	88	128
281	131	81
281	142	75
282	52	246
282	106	106
282	237	50
283	58	202
283	72	158
283	105	105
283	150	69
284	55	212
284	56	206
284	65	178
284	236	49
285	48	272
285	67	169
285	87	128
285	224	50
286	78	136
286	103	106
287	52	224
287	91	117
288	61	187
289	72	154
289	110	98
289	143	74
290	53	214
290	65	173
290	155	67
291	50	260
291	51	227
291	82	135
292	55	205
292	83	132
292	90	124
292	239	48
293	50	235
293	53	212
293	59	192
293	74	153
293	99	110
294	106	100
294	114	92
295	57	198
295	81	135
296	58	197
296	192	56
297	52	215
297	96	114
298	58	193
298	82	132
298	90	122
298	156	66
298	185	56
298	284	46
299	51	226
300	66	164
300	148	72
301	52	211
301	107	99
302	48	247
303	54	210
303	56	197
303	103	105
305	51	214
305	86	131
305	153	67
306	130	83
306	132	79
306	140	71
306	199	52
307	75	143
307	86	129
308	87	127
308	122	85
308	264	47
309	98	110
311	134	77
311	247	47
312	63	186
312	71	153
313	59	190
313	63	177
313	71	150
313	95	110
313	154	66
313	214	50
314	49	226
314	106	98
314	114	90
314	133	78
314	141	70
315	63	173
316	102	102
316	128	82
316	129	81
318	57	191
319	69	155
320	91	114
321	48	237
321	71	146
322	56	194
322	179	56
323	166	60
324	88	118
329	187	54
330	86	121
330	95	109
331	81	131
333	62	180
343	63	169
344	281	46
