56	499	483
56	502	470
62	491	375
63	392	389
63	485	370
63	493	348
64	389	372
65	380	381
65	393	371
65	470	350
65	499	346
66	303	485
66	336	464
66	462	354
66	475	342
67	354	356
67	367	346
67	476	310
68	297	484
68	314	429
68	459	309
68	470	305
69	280	481
69	283	457
69	286	443
69	298	436
69	300	415
69	321	365
69	384	319
69	443	302
69	482	296
69	534	294
70	285	418
70	327	343
71	423	313
71	452	292
72	273	402
72	292	390
72	421	276
72	502	274
73	275	385
73	311	382
73	325	352
73	333	316
73	353	309
73	413	280
73	427	269
74	253	447
74	272	406
74	276	370
74	297	352
74	346	307
74	398	273
74	482	265
75	247	474
75	252	422
75	263	380
75	311	327
75	313	314
75	414	259
75	517	255
76	257	381
76	301	315
76	317	304
76	328	302
76	387	269
76	422	256
76	481	250
77	238	444
77	248	388
77	287	319
77	336	292
77	386	273
77	396	260
77	424	245
78	237	419
78	242	389
78	267	347
78	274	329
78	306	296
78	319	287
78	344	283
78	430	238
79	253	359
79	284	315
79	307	288
79	323	277
79	338	272
79	354	261
79	393	242
80	243	374
80	251	368
80	259	337
80	271	325
80	293	292
80	324	276
80	423	231
80	439	226
81	237	375
81	284	295
81	312	269
81	343	253
81	382	240
81	445	219
82	223	428
82	256	333
82	271	305
82	318	266
82	321	261
82	326	258
82	342	247
83	222	403
83	300	286
83	307	265
83	312	262
83	387	221
83	444	215
84	209	497
84	234	402
84	236	357
84	256	313
84	279	299
84	303	270
84	326	242
84	331	239
84	428	214
85	221	375
85	234	351
85	243	332
85	266	309
85	282	293
85	284	273
85	420	213
85	425	211
85	462	202
86	231	369
86	271	283
86	299	268
86	303	250
86	369	215
87	207	407
87	214	356
87	227	347
87	251	317
87	263	305
87	269	281
87	285	272
87	299	262
87	353	227
87	412	195
88	206	382
88	233	333
88	256	291
88	276	275
88	304	249
88	356	213
89	248	313
89	250	298
89	263	285
89	409	191
90	220	329
90	233	320
90	257	290
90	328	232
90	408	211
91	196	456
91	203	383
91	212	355
91	239	306
91	248	293
91	272	260
91	293	245
91	378	201
92	196	378
92	214	330
92	233	311
92	291	237
92	324	234
92	405	190
93	210	350
93	241	302
93	340	215
93	343	213
93	349	208
93	426	177
94	187	410
94	198	353
94	234	310
94	242	282
94	259	277
94	261	276
94	333	213
94	351	203
94	393	194
95	177	487
95	202	351
95	229	292
95	284	255
95	289	252
95	298	233
95	331	231
95	376	196
95	377	185
95	402	181
96	270	259
96	272	244
96	321	203
96	402	173
96	444	170
97	187	361
97	200	341
97	235	288
97	256	278
97	259	266
97	266	264
97	289	236
97	294	233
97	310	209
97	355	191
97	379	182
97	391	174
97	452	165
98	174	436
98	184	376
98	197	339
98	208	332
98	217	327
98	245	261
98	299	220
98	308	204
99	166	524
99	180	375
99	190	347
99	224	305
99	239	274
99	264	238
99	372	183
99	408	169
100	184	354
100	193	334
100	210	312
100	220	292
100	233	281
100	302	205
100	325	197
100	330	187
100	337	184
100	371	177
100	377	164
101	203	312
101	206	301
101	228	276
101	239	269
101	248	256
101	250	253
101	427	156
102	165	473
102	170	425
102	174	378
102	180	355
102	191	329
102	226	268
102	249	246
102	296	206
102	312	189
102	379	161
102	399	159
102	416	155
102	458	152
103	163	450
103	165	419
103	168	395
103	181	352
103	197	313
103	209	288
103	245	245
103	285	223
103	305	202
103	343	177
104	156	497
104	167	404
104	168	385
104	171	358
104	218	282
104	240	267
104	256	235
104	276	215
104	283	212
104	328	179
104	346	168
105	159	427
105	166	391
105	204	287
105	220	276
105	229	263
105	265	222
105	275	212
105	281	205
106	162	390
106	165	366
106	211	280
106	212	275
106	218	272
106	230	253
106	248	239
106	263	223
106	293	196
106	311	181
106	391	146
106	433	143
107	153	443
107	215	269
107	268	211
107	339	172
108	156	398
108	159	382
108	163	369
108	184	350
108	223	263
108	225	255
108	233	243
108	237	242
108	248	228
108	287	195
108	349	157
108	383	151
109	151	475
109	154	422
109	189	295
109	191	291
109	207	278
109	212	274
109	220	253
109	244	232
109	252	220
109	256	219
109	269	207
109	285	190
109	374	146
110	148	429
110	150	414
110	157	377
110	173	330
110	187	308
110	212	270
110	230	239
110	271	205
110	306	187
110	308	175
110	319	165
111	179	313
111	196	287
111	210	258
111	249	216
111	265	213
111	436	132
112	141	456
112	146	435
112	162	352
112	173	310
112	183	293
112	189	284
112	193	278
112	204	271
112	229	235
112	267	201
112	290	185
112	302	178
112	318	161
112	357	153
112	389	137
113	145	410
113	156	379
113	159	346
113	163	333
113	192	278
113	203	264
113	236	230
113	343	150
114	155	396
114	178	300
114	215	253
114	221	247
114	228	244
114	257	201
114	282	197
114	285	187
114	411	129
115	136	442
115	144	423
115	153	354
115	157	341
115	181	286
115	185	280
115	301	175
115	307	166
115	311	165
115	340	153
115	371	146
115	372	137
116	137	438
116	167	327
116	191	271
116	202	264
116	216	252
116	220	236
116	248	208
116	271	186
116	302	171
116	358	141
116	371	137
116	433	126
117	179	288
117	184	285
117	199	259
117	200	258
117	213	249
117	215	247
117	236	212
117	294	171
117	318	158
117	357	148
117	394	129
118	141	424
118	161	335
118	196	264
118	213	244
118	216	232
118	255	195
118	266	187
118	275	182
118	293	171
118	392	132
119	142	410
119	145	365
119	176	294
119	201	257
119	210	251
119	248	201
119	264	187
119	291	176
119	304	157
119	324	155
119	339	153
119	341	141
119	375	133
119	390	126
120	137	422
120	139	411
120	140	405
120	143	385
120	174	292
120	178	275
120	192	260
120	200	252
120	207	237
120	208	236
120	283	178
121	128	453
121	136	418
121	138	386
121	151	340
121	161	298
121	177	285
121	199	254
121	217	223
121	312	156
121	327	144
121	375	128
122	127	449
122	151	321
122	171	284
122	183	271
122	186	269
122	187	263
122	197	242
122	211	234
122	236	200
122	267	184
122	278	179
122	279	167
122	293	162
122	297	161
122	304	155
122	358	133
122	373	126
123	129	418
123	139	366
123	144	348
123	155	306
123	168	281
123	170	277
123	176	268
123	180	262
123	189	256
123	191	255
123	192	254
123	213	231
123	263	191
123	270	170
123	405	121
123	458	119
124	145	329
124	179	262
124	190	248
124	235	220
124	358	128
125	144	333
125	164	295
125	180	260
125	202	237
125	208	228
125	233	222
125	244	185
125	307	153
125	343	136
125	356	134
126	136	361
126	163	281
126	168	270
126	172	264
126	184	257
126	188	251
126	195	236
126	203	232
126	227	205
126	234	199
126	250	183
126	278	167
126	311	148
126	327	137
126	376	122
126	388	121
127	133	406
127	134	387
127	135	365
127	149	323
127	178	255
127	182	250
127	200	233
127	205	222
127	207	220
127	217	218
127	226	205
127	273	168
127	288	162
127	294	152
127	333	134
127	375	122
128	124	437
128	128	433
128	166	272
128	167	271
128	171	269
128	172	262
128	187	242
128	198	230
128	210	215
128	211	213
128	220	208
128	223	196
128	243	191
128	262	182
128	407	117
129	130	395
129	142	326
129	152	316
129	158	280
129	200	228
129	203	216
129	217	207
129	283	154
129	289	149
129	320	141
129	359	122
130	126	393
130	131	366
130	148	325
130	166	270
130	168	266
130	170	257
130	231	190
130	246	179
130	268	168
130	280	152
131	124	392
131	129	365
131	138	344
131	149	312
131	152	288
131	185	237
131	193	235
131	195	220
131	250	177
131	309	143
131	344	124
132	125	374
132	128	358
132	135	348
132	142	311
132	204	214
132	205	206
132	215	204
132	254	167
132	262	165
132	272	159
132	276	158
132	332	136
132	334	132
133	141	329
133	149	299
133	167	263
133	170	251
133	177	242
133	188	235
133	190	230
133	192	229
133	194	217
133	214	201
133	263	163
133	264	161
133	329	134
133	330	127
134	125	365
134	133	343
134	161	273
134	163	266
134	200	215
134	204	203
134	229	186
134	231	184
134	232	180
134	301	147
134	319	130
134	361	118
135	114	438
135	124	373
135	135	325
135	145	309
135	163	259
135	179	236
135	193	218
135	200	208
135	291	138
135	325	129
135	345	122
135	358	119
135	393	113
136	122	370
136	147	297
136	155	281
136	169	244
136	181	233
136	187	230
136	195	215
136	196	211
136	206	201
136	219	189
136	228	181
136	239	176
136	253	166
136	257	165
136	260	163
136	305	133
137	113	406
137	134	325
137	141	299
137	179	229
137	184	224
137	192	220
137	211	191
137	247	170
137	251	166
137	254	164
137	262	158
137	281	151
137	283	141
137	311	132
137	317	129
138	116	378
138	131	341
138	140	300
138	142	294
138	163	252
138	175	241
138	188	216
138	191	211
138	196	204
138	251	164
138	320	128
138	334	125
138	367	113
138	385	112
139	111	443
139	127	358
139	131	332
139	132	317
139	147	281
139	153	275
139	160	266
139	181	227
139	183	225
139	195	208
139	200	202
139	207	192
139	217	189
139	218	187
139	228	174
139	271	150
139	272	145
139	352	114
139	468	110
140	127	357
140	129	344
140	154	272
140	157	270
140	161	251
140	171	231
140	189	215
140	193	207
140	195	201
140	200	196
140	215	189
140	226	183
140	240	164
140	248	162
140	268	146
140	284	136
141	118	354
141	126	332
141	141	289
141	149	271
141	156	266
141	178	226
141	180	218
141	192	207
141	237	169
141	264	148
141	300	131
141	324	126
141	325	125
141	337	116
141	350	113
141	368	112
142	109	429
142	131	323
142	132	311
142	164	248
142	165	239
142	190	209
142	192	201
142	195	198
142	199	193
142	203	192
142	207	185
142	219	182
143	124	346
143	130	331
143	135	303
143	155	262
143	157	253
143	175	218
143	187	205
143	214	180
143	219	175
143	252	157
143	273	141
143	327	121
143	369	109
143	426	105
144	108	397
144	112	389
144	115	374
144	127	324
144	131	305
144	136	301
144	152	263
144	193	200
144	204	188
144	236	165
144	249	153
144	308	125
144	312	122
144	326	121
144	354	110
145	109	389
145	111	369
145	129	321
145	151	261
145	166	238
145	169	226
145	174	219
145	182	211
145	183	207
145	184	203
145	196	190
145	222	172
145	258	152
145	261	144
145	296	133
145	307	128
145	318	121
145	326	119
146	106	434
146	107	404
146	123	337
146	141	284
146	143	283
146	160	242
146	195	195
146	200	189
146	203	188
146	211	178
146	215	173
146	229	171
146	231	168
146	245	161
146	310	121
146	352	109
147	128	316
147	131	299
147	138	282
147	140	279
147	159	243
147	182	206
147	183	200
147	195	187
147	204	183
147	244	159
147	253	152
147	260	149
147	301	127
147	316	120
147	330	113
148	105	402
148	110	368
148	113	345
148	120	330
148	145	274
148	154	250
148	165	229
148	191	197
148	207	177
148	229	169
148	259	151
148	282	134
148	283	130
148	301	125
149	120	327
149	135	289
149	143	271
149	148	270
149	153	251
149	175	215
149	179	208
149	196	183
149	219	168
149	237	157
149	249	149
149	278	137
149	318	119
149	328	112
150	109	387
150	111	366
150	134	292
150	146	257
150	173	211
150	185	197
150	189	193
150	201	180
150	206	179
150	211	176
150	212	172
150	216	171
150	226	165
150	244	151
150	271	143
150	364	108
150	428	100
151	105	380
151	109	372
151	110	362
151	125	321
151	131	295
151	140	272
151	141	269
151	142	266
151	156	243
151	191	188
151	195	184
151	203	175
151	207	174
151	213	170
151	246	149
151	251	148
151	272	135
151	293	125
152	107	368
152	129	303
152	152	242
152	154	239
152	164	233
152	167	219
152	184	195
152	188	190
152	200	177
152	215	167
152	231	164
152	243	150
152	253	147
152	309	119
152	381	107
153	112	333
153	113	332
153	129	301
153	137	280
153	164	228
153	168	217
153	174	208
153	179	205
153	183	198
153	187	194
153	207	172
153	212	167
153	218	165
153	222	163
153	230	156
153	258	145
153	259	142
153	269	141
153	296	123
153	322	118
153	370	102
154	119	325
154	128	313
154	134	286
154	148	247
154	177	206
154	202	174
154	209	168
154	225	158
154	240	154
154	252	144
154	267	138
154	279	133
154	315	117
155	102	385
155	103	376
155	107	366
155	130	299
155	138	270
155	146	255
155	151	244
155	156	229
155	166	213
155	173	205
155	178	202
155	182	195
155	186	191
155	191	186
155	217	162
155	362	105
156	106	368
156	111	341
156	125	318
156	131	290
156	135	268
156	144	256
156	175	200
156	183	192
156	187	189
156	195	179
156	196	178
156	197	176
156	201	175
156	208	165
156	222	159
156	243	147
156	250	144
156	269	133
156	281	128
156	290	126
156	314	114
156	356	102
156	494	95
157	99	503
157	100	405
157	107	362
157	113	330
157	130	280
157	145	254
157	147	241
157	165	210
157	181	193
157	193	180
157	221	156
157	230	155
157	238	153
157	240	149
157	264	138
157	268	137
157	286	127
157	306	121
158	106	365
158	112	320
158	141	253
158	155	238
158	169	208
158	174	197
158	186	184
158	204	168
158	210	162
158	233	147
158	244	146
158	248	142
158	312	113
158	316	110
158	354	101
159	98	443
159	100	381
159	105	362
159	106	359
159	119	302
159	122	299
159	153	237
159	163	219
159	189	182
159	196	175
159	198	174
159	202	172
159	230	149
159	244	143
159	254	141
159	405	100
160	103	363
160	107	355
160	108	346
160	127	278
160	137	258
160	163	213
160	164	212
160	168	205
160	179	196
160	183	188
160	185	184
160	188	181
160	191	179
160	192	175
160	222	155
160	229	154
160	239	146
160	242	145
160	253	138
160	286	125
160	308	115
160	322	107
160	443	93
161	97	411
161	106	355
161	108	345
161	124	288
161	132	277
161	139	255
161	142	252
161	151	236
161	155	224
161	182	189
161	199	173
161	201	168
161	210	161
161	243	140
161	267	134
161	295	117
161	437	98
162	102	367
162	107	345
162	122	298
162	131	268
162	136	261
162	150	234
162	154	230
162	162	223
162	163	210
162	182	185
162	186	181
162	190	176
162	194	172
162	224	153
162	263	137
162	284	124
162	306	114
162	392	97
163	98	401
163	136	252
163	154	221
163	158	214
163	163	209
163	180	187
163	197	171
163	209	158
163	225	149
163	234	145
163	236	143
163	271	130
163	339	101
164	106	348
164	121	287
164	130	272
164	135	263
164	153	226
164	156	219
164	163	208
164	173	196
164	175	194
164	179	188
164	193	174
164	196	169
164	201	164
164	203	163
164	221	155
164	223	151
164	233	145
164	260	134
164	263	131
164	268	129
164	289	120
164	457	90
165	106	344
165	115	313
165	123	284
165	129	274
165	155	217
165	162	206
165	188	179
165	208	162
165	211	155
165	232	144
165	234	140
165	241	138
165	269	127
165	285	121
165	330	106
165	338	103
165	368	98
165	372	94
165	419	91
166	104	342
166	125	277
166	134	261
166	144	241
166	155	216
166	164	204
166	170	193
166	174	191
166	175	189
166	177	186
166	181	182
166	182	180
166	187	176
166	198	164
166	231	142
166	232	141
166	315	104
167	94	407
167	106	333
167	130	261
167	145	237
167	150	222
167	154	216
167	188	175
167	193	168
167	208	160
167	215	153
167	219	149
167	223	148
167	230	147
167	340	100
168	94	394
168	99	376
168	105	332
168	116	310
168	125	272
168	139	245
168	143	241
168	147	235
168	152	221
168	161	208
168	168	198
168	176	183
168	181	178
168	187	173
168	197	165
168	202	161
168	252	137
168	281	125
168	348	97
169	111	315
169	128	264
169	144	234
169	186	174
169	191	172
169	195	165
169	226	143
169	238	139
169	294	110
169	380	93
170	100	366
170	101	349
170	110	319
170	115	300
170	118	281
170	157	203
170	169	189
170	174	184
170	183	175
170	189	170
170	190	168
170	195	164
170	226	142
170	252	136
170	339	98
170	357	94
171	104	329
171	138	239
171	144	228
171	153	216
171	164	202
171	181	176
171	197	162
171	200	160
171	202	157
171	213	153
171	217	147
171	228	141
171	247	137
171	252	132
171	279	123
171	333	101
172	100	361
172	106	320
172	113	311
172	117	291
172	136	250
172	138	231
172	151	221
172	153	215
172	154	212
172	156	200
172	161	196
172	168	187
172	173	183
172	177	180
172	184	171
172	189	166
172	204	156
172	214	148
172	246	136
172	248	134
172	251	130
172	273	126
172	283	115
172	504	86
173	94	381
173	124	260
173	128	254
173	132	243
173	166	191
173	170	186
173	175	182
173	178	178
173	194	164
173	199	157
173	206	154
173	225	146
173	233	134
173	327	100
173	333	97
173	380	90
174	110	303
174	122	269
174	152	217
174	154	205
174	174	178
174	179	174
174	193	164
174	254	129
175	95	373
175	103	339
175	109	307
175	118	268
175	137	242
175	138	230
175	153	208
175	155	202
175	160	196
175	172	183
175	188	169
175	216	146
175	242	132
175	268	128
175	304	108
175	348	96
175	470	84
176	113	298
176	136	230
176	144	222
176	146	214
176	158	198
176	164	188
176	171	183
176	176	175
176	181	171
176	189	164
176	196	161
176	205	154
176	264	126
176	461	84
177	122	258
177	127	251
177	134	240
177	142	227
177	145	220
177	156	198
177	170	182
177	175	177
177	181	170
177	191	161
177	206	152
177	219	145
177	230	140
177	231	138
177	261	124
177	287	113
177	292	108
178	92	420
178	110	302
178	115	284
178	127	242
178	143	219
178	145	211
178	149	204
178	161	191
178	163	188
178	168	184
178	179	171
178	190	163
178	195	159
178	200	155
178	201	154
178	222	141
178	231	137
178	268	119
178	273	117
178	365	90
179	88	457
179	103	336
179	110	290
179	159	195
179	178	174
179	185	164
179	189	163
179	190	159
179	205	149
179	236	132
179	255	126
179	265	121
179	297	107
179	316	102
179	385	89
179	474	82
180	109	294
180	110	284
180	141	228
180	143	216
180	146	207
180	160	189
180	165	184
180	172	177
180	181	168
180	195	157
180	202	150
180	211	145
180	213	142
180	248	129
180	250	124
180	288	112
180	305	104
181	94	354
181	106	314
181	117	280
181	125	251
181	133	234
181	135	232
181	139	227
181	142	219
181	150	203
181	171	177
181	175	171
181	180	167
181	200	150
181	225	137
181	230	131
181	245	127
181	264	118
181	330	97
182	108	312
182	114	274
182	124	250
182	139	219
182	141	212
182	145	206
182	153	199
182	157	192
182	159	189
182	168	181
182	171	176
182	174	173
182	180	166
182	187	159
182	218	140
182	244	130
182	254	120
182	296	105
182	323	98
182	449	82
183	99	322
183	116	262
183	132	230
183	136	226
183	161	188
183	165	181
183	169	180
183	172	175
183	177	168
183	183	165
183	204	147
183	211	144
183	248	124
183	293	104
183	374	87
184	96	340
184	123	252
184	124	246
184	152	199
184	153	194
184	156	191
184	165	178
184	171	174
184	179	167
184	197	152
184	220	138
184	241	130
184	247	123
184	277	113
184	419	84
185	98	326
185	122	255
185	146	205
185	162	185
185	163	179
185	179	165
185	191	156
185	216	139
185	239	130
185	240	125
185	249	121
185	276	113
185	289	111
185	290	104
185	339	96
185	356	90
185	389	86
186	88	410
186	94	341
186	105	320
186	112	275
186	119	249
186	133	228
186	135	218
186	139	211
186	144	206
186	147	202
186	149	200
186	155	188
186	167	175
186	218	137
186	235	129
186	252	118
186	284	112
187	102	312
187	103	294
187	117	256
187	126	236
187	169	174
187	178	166
187	187	157
187	200	147
187	212	138
187	221	135
187	243	121
187	261	115
187	266	114
187	295	100
187	395	85
188	99	309
188	110	274
188	115	258
188	130	223
188	134	216
188	140	207
188	146	201
188	148	198
188	163	178
188	174	166
188	179	162
188	201	144
188	226	133
188	230	129
188	287	107
188	310	94
188	362	89
188	434	83
189	92	381
189	101	304
189	124	243
189	144	204
189	152	196
189	154	193
189	158	185
189	162	182
189	166	176
189	188	152
189	196	150
189	217	137
189	229	125
189	239	124
189	281	108
189	358	86
190	142	205
190	145	198
190	150	193
190	157	185
190	170	170
190	173	167
190	205	140
190	289	99
190	343	87
190	447	80
191	114	264
191	129	234
191	138	213
191	152	190
191	182	160
191	199	147
191	214	137
191	220	133
191	273	110
192	106	276
192	113	267
192	133	217
192	136	213
192	144	199
192	148	192
192	165	176
192	180	158
192	185	154
192	196	148
192	211	139
192	219	136
192	228	128
192	263	112
192	334	88
192	397	84
193	84	427
193	88	378
193	94	333
193	114	260
193	124	234
193	149	189
193	154	184
193	158	181
193	163	174
193	170	168
193	187	152
193	192	148
193	196	145
193	200	142
193	214	132
193	221	130
193	223	128
193	242	123
193	261	110
193	279	106
193	308	97
193	326	92
193	495	78
194	133	211
194	139	209
194	142	200
194	155	182
194	167	170
194	177	164
194	201	140
194	244	114
194	313	93
194	365	85
195	83	444
195	88	370
195	102	293
195	110	263
195	129	227
195	137	208
195	148	189
195	157	181
195	164	171
195	169	166
195	170	165
195	175	159
195	205	137
195	207	136
195	220	127
195	283	100
195	308	95
195	328	87
195	392	81
195	458	78
196	86	412
196	118	243
196	120	237
196	124	224
196	128	217
196	137	207
196	144	193
196	147	192
196	152	186
196	158	180
196	191	148
196	194	147
196	237	124
196	297	97
196	377	82
197	104	288
197	108	270
197	136	208
197	151	187
197	154	178
197	159	174
197	171	164
197	186	153
197	235	120
198	100	301
198	104	285
198	117	236
198	138	206
198	140	205
198	165	166
198	170	162
198	183	156
198	213	129
198	300	95
198	305	90
199	111	255
199	116	243
199	135	210
199	143	199
199	144	188
199	153	179
199	156	175
199	163	171
199	169	165
199	173	159
199	181	155
199	204	138
199	212	134
199	219	127
199	234	124
199	260	104
199	358	83
200	83	413
200	86	381
200	102	288
200	106	270
200	111	252
200	131	211
200	134	208
200	140	197
200	158	174
200	163	170
200	184	150
200	190	149
200	220	124
200	228	121
200	268	102
200	317	88
200	456	78
201	112	248
201	132	207
201	136	200
201	142	193
201	151	186
201	183	152
201	184	147
201	212	131
201	216	128
201	243	111
201	258	107
202	88	369
202	95	326
202	108	268
202	118	235
202	126	218
202	148	184
202	155	176
202	160	171
202	163	166
202	170	160
202	173	158
202	193	145
202	227	119
202	256	108
202	268	101
202	274	98
202	290	93
202	352	83
203	92	347
203	110	262
203	123	226
203	125	218
203	130	212
203	137	196
203	145	187
203	146	186
203	149	183
203	159	171
203	166	164
203	171	159
203	175	157
203	178	155
203	197	144
203	204	136
203	213	126
203	215	125
203	237	117
203	282	96
203	297	91
203	326	85
204	87	375
204	124	223
204	134	204
204	155	172
205	92	320
205	102	279
205	114	247
205	126	214
205	141	192
205	154	173
205	159	169
205	165	165
205	198	137
205	207	134
205	230	118
205	285	95
205	392	78
205	482	75
206	110	259
206	120	229
206	145	182
206	151	177
206	169	161
206	176	153
206	185	145
206	197	135
206	235	117
206	259	101
206	313	88
206	323	87
207	101	270
207	108	259
207	112	245
207	125	214
207	126	211
207	133	202
207	153	175
207	159	168
207	169	160
207	170	157
207	192	144
207	227	116
207	229	115
207	266	99
208	80	432
208	110	249
208	114	241
208	118	224
208	122	222
208	133	201
208	150	178
208	159	165
208	210	128
209	85	387
209	86	363
209	90	347
209	96	307
209	114	230
209	126	207
209	133	194
209	139	189
209	144	182
209	149	178
209	152	171
209	164	162
209	166	159
209	174	153
209	199	133
209	209	127
209	360	80
210	82	420
210	85	386
210	105	268
210	172	152
210	188	143
210	211	125
210	225	119
210	253	109
210	258	103
210	283	95
210	290	92
210	298	88
211	112	233
211	121	213
211	132	206
211	154	166
211	159	162
211	165	160
211	183	147
211	185	144
211	198	133
211	203	132
211	263	98
211	406	76
212	79	441
212	87	342
212	91	315
212	97	279
212	117	226
212	137	190
212	152	170
212	168	158
212	171	154
212	175	150
212	185	141
212	223	122
212	277	96
212	288	91
213	106	266
213	109	252
213	119	216
213	138	187
213	147	179
213	150	175
213	153	167
213	165	159
213	182	144
213	194	137
213	256	103
214	89	334
214	100	270
214	103	250
214	110	237
214	124	209
214	127	205
214	164	159
214	170	155
214	180	149
214	202	132
214	239	110
214	257	99
214	264	97
215	83	385
215	85	351
215	89	325
215	95	312
215	111	234
215	128	197
215	132	193
215	151	172
215	152	166
215	160	159
215	166	154
215	249	105
215	286	90
215	319	83
216	134	188
216	143	185
216	180	144
216	186	140
216	192	137
216	227	114
216	274	94
217	79	424
217	90	307
217	94	293
217	150	171
217	159	160
217	197	134
217	237	110
217	262	97
217	385	76
218	82	364
218	106	246
218	142	178
218	155	160
218	160	156
218	179	144
218	197	133
218	207	126
218	218	120
218	234	111
219	79	406
219	95	275
219	99	257
219	129	196
219	132	191
219	140	185
219	154	164
219	184	140
220	108	234
220	123	210
220	151	169
220	154	161
220	167	152
220	171	150
220	179	143
220	195	134
220	241	104
220	293	89
221	113	229
221	119	211
221	138	182
221	140	177
221	148	166
221	153	162
221	173	146
221	201	129
221	211	124
221	213	122
221	353	78
222	89	319
222	90	298
222	115	217
222	129	191
222	280	91
222	283	90
223	83	341
223	110	220
223	119	210
223	147	167
223	166	148
223	176	142
223	178	141
223	192	132
223	201	128
223	254	103
223	334	79
224	94	287
224	95	266
224	103	239
224	151	164
224	181	140
224	199	129
224	272	92
225	97	261
225	117	203
225	128	196
225	141	172
225	157	159
225	162	154
225	201	126
225	217	117
225	244	100
225	268	95
225	271	92
226	94	281
226	105	232
226	126	195
226	133	185
226	149	164
226	153	160
226	161	153
226	171	143
226	237	109
226	252	97
226	280	88
227	81	386
227	183	134
227	214	115
227	216	114
227	279	88
228	148	165
228	156	158
228	159	152
228	195	129
228	199	126
228	229	112
228	235	110
228	242	100
229	85	316
229	99	246
229	114	212
229	124	201
229	156	154
229	161	150
229	167	147
229	250	97
229	356	77
230	77	427
230	84	323
230	108	229
230	123	201
230	132	188
230	214	114
230	277	88
230	306	82
231	90	284
231	110	214
231	115	207
231	121	195
231	128	188
231	134	177
231	139	174
231	155	155
231	157	152
231	191	129
231	228	105
231	230	104
231	262	93
232	82	357
232	84	315
232	118	197
232	140	173
232	149	160
232	188	129
233	80	403
233	137	169
233	165	145
233	168	144
233	201	123
233	379	76
234	93	265
234	99	242
234	107	226
234	109	215
234	122	193
234	125	190
234	129	183
234	148	161
234	172	141
234	177	139
234	179	132
234	209	122
234	228	104
235	81	328
235	95	260
235	97	250
235	116	200
235	124	192
235	129	181
235	259	93
235	267	90
235	327	77
235	390	72
236	142	166
236	163	145
236	199	123
236	258	93
237	108	222
237	138	168
237	148	155
237	206	121
238	111	212
238	114	209
238	135	171
238	160	147
238	173	139
238	187	129
238	193	122
238	208	114
238	218	112
238	257	93
238	265	90
239	87	313
239	94	258
239	97	246
239	134	172
239	156	153
239	190	128
239	200	120
240	86	313
240	103	236
240	104	223
240	131	176
240	138	163
240	153	150
240	316	78
241	88	298
241	170	143
241	182	130
241	185	129
241	206	114
241	304	85
242	99	232
242	110	207
242	111	206
242	117	194
242	145	158
242	158	146
242	222	104
242	295	83
243	91	280
243	105	221
243	126	175
243	137	168
243	169	143
243	204	118
243	214	110
243	288	86
244	78	384
244	83	312
244	90	267
244	114	204
244	130	174
244	144	156
244	150	154
244	164	143
244	180	130
244	273	88
244	355	73
245	79	327
245	112	204
245	117	193
245	220	104
246	86	282
246	93	249
246	113	203
246	121	187
246	163	144
246	166	138
246	280	86
246	288	82
247	129	173
247	132	170
247	158	145
247	163	141
247	287	82
248	87	272
248	94	241
248	101	230
248	105	217
248	109	211
248	110	205
248	115	201
248	161	139
248	178	134
248	184	126
249	103	225
249	177	131
250	97	239
250	124	179
250	127	169
250	132	168
250	139	161
250	192	122
250	265	88
250	285	82
250	300	80
250	400	69
251	78	359
251	82	293
251	105	215
251	139	157
251	151	153
251	299	80
252	72	420
252	81	324
252	152	145
252	195	121
252	197	116
253	72	411
253	79	321
253	90	250
253	94	237
253	104	219
253	133	164
253	147	154
253	190	122
253	191	121
253	219	105
253	284	83
254	79	306
254	84	279
254	92	245
254	118	182
254	172	131
254	186	125
255	111	201
255	126	174
255	129	168
255	133	158
256	91	249
256	126	172
256	140	156
256	164	137
256	185	124
256	191	116
256	211	106
257	163	136
257	167	132
257	181	128
257	318	77
258	93	239
258	99	229
258	117	191
258	159	143
258	187	119
258	348	76
259	93	235
259	98	225
259	101	224
259	104	210
259	107	202
259	113	189
259	125	169
259	132	163
259	151	150
259	152	144
259	189	116
259	213	105
260	85	268
260	115	186
260	134	156
260	146	152
260	156	142
260	201	108
261	119	176
261	122	174
261	128	163
261	147	145
261	213	103
261	228	102
261	277	87
261	296	79
262	99	222
262	108	201
262	127	167
262	141	152
262	180	120
262	212	104
262	294	80
262	295	79
263	76	328
263	88	249
263	105	206
263	116	185
263	121	174
263	126	165
263	199	108
263	237	98
264	77	305
264	90	244
264	112	188
264	117	182
264	128	158
264	165	129
264	226	100
264	227	97
264	275	87
264	289	81
265	70	416
265	110	197
265	122	173
265	127	164
265	147	144
265	157	141
265	210	104
265	266	86
266	72	367
266	89	248
266	117	181
266	125	165
266	134	152
266	178	127
266	179	123
266	194	112
266	236	96
267	79	291
267	86	260
267	102	218
267	116	180
267	123	170
267	144	148
267	190	114
267	194	111
267	253	91
268	94	226
268	142	148
268	160	132
268	206	105
269	91	234
269	102	214
269	109	196
269	124	169
269	263	90
270	83	267
270	89	242
270	99	217
270	110	193
270	121	169
270	133	153
270	148	143
270	176	125
270	193	113
270	240	95
270	262	88
271	82	270
271	112	185
271	120	172
271	126	160
271	141	145
271	149	139
271	200	106
271	223	99
271	281	82
272	134	151
272	172	122
272	197	108
272	307	75
273	103	205
273	127	159
273	184	119
274	81	281
274	124	163
274	126	158
274	127	156
274	136	149
274	214	100
274	279	82
274	302	78
275	115	178
275	128	154
275	129	152
275	137	148
275	145	144
275	190	112
275	195	108
275	236	92
275	252	89
276	101	205
276	133	149
277	107	196
277	244	89
278	78	286
278	92	225
278	116	177
278	121	164
278	147	136
278	156	135
278	169	127
279	98	221
279	143	142
279	381	71
280	74	356
280	123	161
280	186	112
280	200	105
280	228	96
280	276	84
280	299	76
281	97	217
281	122	160
281	172	121
282	96	216
282	121	160
282	125	159
282	142	139
282	183	117
283	102	202
283	111	184
283	117	175
283	126	156
283	235	94
283	291	79
284	129	150
284	226	97
284	264	86
284	288	77
284	297	76
285	85	264
285	134	148
285	159	134
286	90	232
286	119	174
286	135	147
286	140	145
286	207	103
286	295	76
287	105	195
287	117	173
287	118	171
287	170	124
287	260	84
287	286	77
287	443	63
288	91	222
288	104	200
288	150	131
288	196	107
289	72	326
289	79	273
289	113	171
289	117	167
289	122	155
289	293	76
290	100	208
290	119	159
290	127	148
290	139	140
290	143	137
290	264	81
290	397	69
291	87	256
291	99	213
291	106	192
291	121	157
291	128	146
291	181	116
292	87	232
292	94	215
292	168	124
292	176	120
292	178	116
293	93	220
293	111	182
293	171	115
294	84	244
294	102	191
294	108	178
294	126	150
295	110	175
295	230	93
296	107	184
296	134	144
296	166	126
296	204	102
296	474	61
297	417	63
298	71	333
298	116	166
298	151	126
298	189	107
298	197	105
299	78	284
299	120	154
299	121	152
299	145	133
299	188	110
299	260	83
299	435	62
299	457	61
300	117	158
300	124	151
300	141	136
300	181	114
301	73	322
301	80	260
301	85	243
301	119	156
301	128	142
301	132	139
301	182	111
301	193	105
301	223	95
301	255	87
302	129	140
302	261	80
303	105	186
303	214	97
304	69	372
304	87	225
304	107	183
304	115	168
304	186	109
304	335	69
305	113	170
305	117	157
305	150	129
305	162	122
305	197	102
305	210	98
305	234	92
305	239	89
305	441	61
306	74	314
306	84	237
306	96	211
306	107	178
306	112	174
306	168	117
306	206	99
307	101	196
307	125	150
307	127	147
307	150	128
307	153	122
307	183	108
307	231	91
308	71	316
308	73	298
308	136	137
308	166	119
308	191	103
308	214	96
308	286	74
309	69	355
309	92	221
309	94	211
309	110	168
309	119	151
309	125	148
309	175	110
309	257	83
309	402	67
310	75	289
310	92	220
310	185	107
310	189	106
310	212	97
310	324	69
311	96	198
311	102	185
311	124	146
311	205	97
311	284	74
312	68	454
312	111	165
312	126	141
312	133	133
312	247	83
313	68	391
313	77	274
313	92	210
313	124	143
313	127	139
313	258	81
313	263	79
313	421	62
314	69	341
314	99	188
314	110	164
314	165	120
314	367	67
314	420	61
315	76	276
315	79	266
315	107	172
315	116	160
315	168	116
315	184	106
315	215	93
315	246	88
316	148	128
317	122	150
317	154	121
317	169	115
317	189	104
317	232	88
318	81	251
318	148	127
319	83	238
319	85	232
319	106	170
319	132	136
319	168	115
319	396	62
320	230	88
321	163	118
321	259	80
322	71	307
322	94	207
322	110	162
322	137	131
322	148	126
322	173	110
322	204	101
323	112	157
323	131	132
323	162	120
323	206	96
324	122	142
324	488	58
325	88	219
325	91	205
326	160	118
326	469	58
327	158	120
327	160	117
327	321	71
328	203	101
329	64	396
329	88	213
329	120	147
329	240	86
329	310	68
329	452	58
330	94	195
330	130	135
330	176	109
330	244	85
331	69	338
331	100	182
331	163	112
331	203	99
331	300	69
332	104	180
332	112	155
332	169	110
332	170	109
332	229	89
333	68	322
333	103	178
333	121	145
334	64	379
334	90	205
334	126	135
334	149	120
334	268	78
335	65	354
335	70	313
335	74	290
335	109	163
335	122	141
335	436	58
336	255	77
337	63	478
337	97	194
337	144	128
337	156	116
337	275	75
338	63	415
338	69	318
338	116	154
338	182	102
338	193	99
338	250	81
339	64	365
339	166	109
339	294	69
340	176	106
340	219	92
341	110	156
341	170	108
341	272	75
342	136	127
342	161	111
342	180	105
342	234	83
342	292	69
343	64	361
343	195	96
343	206	95
343	243	82
343	333	67
344	121	141
344	228	86
345	79	258
345	145	119
345	204	93
345	222	88
345	275	74
346	78	253
346	252	77
347	66	331
347	96	192
347	118	142
347	218	88
347	325	67
348	81	237
348	309	68
349	226	87
350	93	204
350	109	156
350	232	83
350	404	59
351	182	100
351	307	68
352	86	231
352	241	82
352	337	63
353	86	213
353	148	116
353	200	93
353	279	70
354	242	79
354	393	60
355	161	109
355	330	66
355	355	62
355	414	58
356	120	140
356	143	118
357	87	207
357	114	148
357	122	135
357	171	104
358	93	193
358	116	143
358	169	106
359	92	203
359	93	189
359	347	62
360	74	269
360	112	151
360	331	63
361	114	146
361	378	60
362	125	131
362	200	92
363	64	342
363	68	318
363	91	204
363	108	158
363	276	70
363	324	66
363	329	63
363	408	58
365	89	203
365	208	89
366	96	180
366	138	119
366	235	80
366	322	66
367	66	322
367	147	114
367	177	103
367	352	61
367	486	56
368	80	247
368	259	75
369	82	231
369	100	172
369	135	129
369	213	88
369	230	82
370	469	56
371	79	241
371	278	69
372	221	85
372	319	66
372	403	58
373	99	172
373	141	116
374	208	88
374	237	79
375	346	61
376	70	288
377	129	130
378	313	64
378	344	61
379	111	147
380	85	221
380	126	127
380	173	100
381	440	56
382	132	126
383	153	113
384	84	210
384	119	135
384	130	123
384	222	84
384	341	61
385	102	163
385	113	143
386	86	201
386	190	93
386	201	89
386	271	70
386	328	62
387	81	235
387	123	132
388	63	342
388	99	168
388	111	146
388	125	127
389	173	99
390	95	183
391	195	91
393	128	123
393	134	121
393	142	113
393	156	108
394	261	72
395	92	182
395	190	92
397	80	231
397	99	167
397	150	108
397	258	76
399	96	177
399	172	103
399	210	85
400	74	267
400	143	111
400	273	69
401	418	56
402	225	81
403	84	205
403	144	110
405	69	294
405	187	95
406	156	106
407	96	175
407	236	79
408	91	183
408	199	88
409	412	56
410	98	168
411	79	237
411	125	124
411	168	105
412	76	266
412	122	133
413	96	172
413	214	83
415	122	127
415	196	88
415	322	62
415	409	56
416	87	193
416	152	106
417	151	105
418	94	178
418	120	130
418	134	115
418	139	111
419	84	202
419	118	137
420	125	123
422	164	99
422	175	96
422	250	75
422	311	63
423	66	300
423	142	110
423	145	107
423	337	60
424	185	91
425	194	90
426	155	104
427	182	92
429	72	259
429	86	194
429	200	86
430	64	318
431	93	179
434	61	361
434	66	299
436	82	206
436	263	70
438	144	107
439	119	131
440	121	128
441	124	124
443	58	470
443	111	144
443	148	105
444	253	72
446	74	245
446	84	198
447	58	469
450	181	92
453	90	182
453	129	119
454	232	77
456	335	60
458	261	70
461	212	82
463	104	156
463	140	110
465	273	68
466	251	72
470	88	186
472	87	189
473	95	177
473	311	62
476	230	77
481	350	59
485	304	63
