59	438	288
59	443	287
60	422	281
61	390	342
61	400	295
61	431	276
61	435	258
63	378	327
63	381	293
63	395	276
63	404	265
63	416	256
63	450	244
64	387	277
64	408	253
65	376	274
65	385	263
65	427	249
65	434	244
66	346	330
66	360	311
66	363	277
66	377	260
66	389	251
66	432	241
66	454	228
66	494	227
67	358	318
67	369	261
67	423	237
67	451	226
68	331	338
68	358	258
68	371	251
68	374	250
68	471	217
69	343	310
69	350	259
69	371	248
69	378	242
69	391	235
69	409	227
70	323	364
70	340	302
70	370	257
70	428	224
71	309	386
71	313	322
71	334	280
71	365	250
72	307	326
72	327	276
72	351	255
72	352	245
72	398	218
72	440	206
73	317	276
73	328	258
73	373	238
73	433	213
73	437	211
73	439	205
74	300	304
74	338	256
74	340	247
74	356	235
74	417	212
74	421	204
74	466	197
75	322	269
75	376	219
75	399	215
76	324	254
76	333	248
76	345	241
76	348	234
76	402	203
77	293	387
77	318	270
77	319	267
77	322	246
77	388	209
77	497	186
78	304	303
78	400	208
78	419	191
79	289	396
79	296	267
79	326	235
79	380	204
80	279	302
80	316	250
80	346	219
80	374	211
80	394	203
80	505	176
81	251	379
81	314	242
81	384	196
81	450	182
82	245	397
82	269	295
82	294	252
82	313	244
82	341	230
83	307	243
83	324	227
83	363	202
83	388	190
83	440	187
83	519	167
84	273	273
84	479	172
84	483	166
85	246	317
85	292	260
85	339	217
85	424	170
86	244	355
86	310	240
86	320	228
86	321	222
86	348	203
86	383	186
87	226	372
87	235	325
87	271	258
87	305	231
88	227	346
88	343	209
88	352	202
89	227	331
89	329	211
90	217	391
90	234	326
90	293	240
90	319	214
90	445	166
90	447	154
91	222	328
91	229	313
91	250	271
91	263	263
91	268	257
91	318	210
91	347	193
91	441	164
92	215	345
92	236	307
92	276	248
92	289	238
92	341	201
92	398	177
92	443	163
93	206	384
93	272	242
93	279	238
93	307	219
93	322	202
93	345	194
93	470	145
93	504	144
94	245	281
94	258	255
94	291	226
94	310	211
94	311	210
94	321	201
94	360	181
94	401	172
94	422	170
94	430	166
94	437	162
94	468	143
95	216	316
95	237	274
95	261	241
95	287	216
95	339	194
95	433	153
95	457	143
96	223	310
96	243	268
96	275	224
96	311	209
96	387	168
96	397	164
96	408	159
96	495	140
97	201	341
97	233	307
97	320	194
97	340	191
97	348	189
97	365	178
97	385	175
98	233	292
98	234	281
98	249	245
98	310	210
98	319	200
98	321	192
98	339	187
98	355	182
98	381	167
98	402	158
98	422	147
98	514	133
99	232	282
99	243	263
99	279	221
99	285	208
99	313	203
99	332	190
99	334	183
99	478	132
100	215	316
100	222	296
100	228	289
100	244	252
100	264	222
100	273	216
100	350	180
100	417	154
101	195	329
101	215	292
101	241	263
101	252	230
101	297	204
101	306	195
101	319	191
101	377	175
101	407	153
101	418	148
102	191	335
102	209	316
102	214	298
102	221	284
102	237	273
102	245	251
102	246	250
102	261	228
102	273	213
102	294	207
102	304	199
102	319	184
102	342	180
102	379	156
102	400	147
102	480	131
103	176	418
103	178	388
103	207	313
103	208	294
103	237	244
103	247	240
103	297	201
103	318	190
103	335	176
103	349	175
103	372	170
103	373	167
103	394	151
103	432	136
103	464	131
104	174	419
104	183	342
104	214	287
104	216	283
104	221	261
104	243	235
104	256	227
104	262	214
104	331	180
104	368	166
104	373	155
104	390	154
104	394	146
105	181	387
105	184	331
105	204	295
105	215	282
105	242	237
105	250	222
105	314	193
105	320	181
105	338	175
105	343	170
105	476	123
105	499	121
106	170	411
106	174	398
106	175	372
106	196	298
106	223	258
106	231	241
106	259	220
106	283	203
106	333	170
106	456	129
106	516	119
107	171	396
107	178	357
107	250	219
107	262	210
107	274	208
107	285	194
107	295	193
107	318	188
107	410	136
108	163	417
108	183	317
108	215	276
108	217	270
108	220	261
108	225	252
108	367	165
108	380	145
108	481	118
109	166	413
109	167	369
109	178	326
109	180	323
109	192	302
109	213	258
109	218	257
109	226	251
109	231	237
109	237	235
109	240	223
109	261	216
109	275	196
109	307	189
109	329	167
109	343	161
109	350	157
109	376	150
109	394	138
109	463	123
110	165	401
110	172	346
110	195	300
110	210	261
110	213	256
110	221	254
110	229	233
110	246	214
110	259	206
110	274	204
110	276	194
110	309	180
110	370	154
110	372	146
110	440	134
110	449	132
110	462	128
111	158	399
111	161	377
111	174	336
111	177	326
111	186	292
111	196	288
111	214	253
111	228	246
111	287	193
111	299	180
111	343	160
111	349	158
111	370	149
111	388	137
111	433	131
112	155	438
112	178	315
112	198	270
112	200	267
112	206	263
112	223	234
112	235	231
112	325	173
112	356	156
112	370	148
112	436	129
112	448	117
112	483	114
113	153	420
113	156	398
113	213	254
113	229	225
113	258	201
113	287	187
113	295	185
113	312	176
113	319	175
113	346	155
113	357	147
113	380	138
113	434	127
113	441	124
113	493	110
114	166	346
114	196	274
114	204	254
114	207	253
114	227	228
114	233	222
114	266	194
114	311	179
114	323	171
114	330	165
114	345	158
114	371	146
114	395	131
114	423	127
114	442	116
115	150	436
115	155	372
115	167	335
115	180	287
115	189	278
115	211	245
115	217	239
115	233	219
115	284	189
115	297	176
115	320	168
115	338	156
115	356	148
115	366	145
115	379	141
115	455	111
116	149	392
116	207	251
116	225	226
116	305	170
116	332	164
116	365	139
116	472	109
117	155	370
117	161	353
117	171	311
117	183	277
117	186	271
117	195	261
117	208	244
117	231	214
117	244	212
117	252	208
117	264	194
117	273	188
117	292	184
117	300	171
117	324	162
117	336	154
117	353	152
117	354	147
117	387	136
117	449	110
118	144	413
118	156	359
118	162	322
118	193	262
118	210	231
118	224	221
118	297	175
118	319	163
118	323	157
118	344	151
118	364	140
118	469	106
118	504	103
119	147	410
119	149	388
119	163	311
119	173	298
119	194	248
119	204	247
119	216	222
119	271	190
119	353	150
119	372	133
119	424	120
120	151	380
120	154	351
120	160	347
120	202	236
120	226	220
120	250	207
120	251	204
120	261	195
120	284	177
120	289	174
120	322	158
120	410	130
120	463	105
121	145	395
121	147	370
121	151	346
121	167	293
121	178	275
121	192	248
121	229	217
121	250	200
121	290	171
121	302	168
121	347	149
121	371	134
121	399	130
121	413	123
121	418	119
121	476	100
122	144	389
122	146	384
122	149	368
122	152	335
122	172	289
122	176	265
122	185	255
122	198	239
122	207	229
122	221	218
122	228	209
122	241	200
122	286	176
122	325	156
122	330	152
122	403	128
122	425	117
122	431	114
123	142	391
123	146	367
123	150	364
123	157	329
123	171	292
123	184	253
123	193	243
123	263	191
123	271	189
123	300	163
123	319	153
123	322	151
123	470	99
124	138	418
124	139	402
124	147	356
124	155	328
124	157	322
124	166	298
124	181	256
124	224	212
124	251	197
124	257	195
124	281	181
124	358	142
124	363	139
124	385	123
124	425	113
125	135	417
125	145	364
125	146	361
125	148	355
125	160	311
125	170	284
125	194	237
125	230	203
125	264	186
125	282	177
125	288	170
125	304	158
125	343	145
125	432	111
125	445	109
125	479	96
126	133	405
126	137	390
126	149	333
126	151	329
126	154	327
126	159	320
126	163	291
126	167	279
126	171	269
126	199	233
126	262	189
126	279	183
126	282	176
126	296	169
126	355	131
127	138	379
127	140	362
127	153	316
127	154	301
127	188	248
127	261	190
127	268	182
127	275	178
127	285	175
127	290	165
127	311	157
127	312	151
127	342	148
127	378	123
127	412	111
127	424	107
127	454	103
127	473	95
128	134	394
128	140	360
128	144	349
128	145	334
128	163	271
128	176	254
128	193	235
128	209	227
128	242	190
128	261	185
128	266	180
128	452	103
129	131	393
129	135	383
129	136	374
129	188	244
129	191	243
129	197	222
129	213	213
129	216	209
129	229	208
129	265	182
129	349	141
129	362	125
129	401	120
129	442	105
129	453	101
130	132	382
130	149	307
130	184	241
130	205	221
130	207	220
130	211	217
130	257	186
130	261	179
130	295	156
130	308	150
130	318	145
130	335	139
130	434	100
131	146	333
131	161	278
131	171	268
131	175	252
131	183	248
131	218	204
131	230	200
131	256	189
131	259	177
131	262	173
131	278	170
131	288	163
131	361	126
131	395	119
132	129	391
132	137	366
132	147	322
132	165	269
132	179	239
132	188	229
132	202	218
132	214	211
132	252	184
132	316	146
132	329	138
132	344	132
132	357	124
132	408	114
132	455	99
133	130	380
133	137	364
133	138	355
133	139	344
133	140	338
133	145	333
133	159	286
133	166	258
133	175	248
133	210	216
133	213	210
133	236	196
133	252	179
133	285	167
133	306	155
133	328	141
133	342	133
133	453	94
134	125	392
134	130	377
134	133	372
134	135	348
134	140	336
134	144	309
134	165	260
134	184	230
134	212	205
134	229	196
134	246	186
134	249	180
134	257	174
134	281	165
134	388	114
134	400	110
134	430	106
134	437	96
134	478	90
135	126	381
135	131	369
135	135	342
135	141	325
135	152	294
135	153	279
135	172	250
135	197	216
135	211	203
135	224	202
135	235	195
135	238	194
135	277	162
135	312	145
135	320	141
135	328	134
135	384	112
135	464	92
135	497	89
136	132	358
136	151	299
136	167	255
136	176	239
136	204	209
136	221	199
136	247	185
136	270	169
136	271	168
136	305	149
136	315	139
136	343	125
136	374	121
136	380	115
136	418	108
136	429	104
136	472	89
137	130	354
137	138	334
137	139	315
137	163	262
137	173	244
137	187	228
137	231	194
137	237	186
137	242	179
137	262	169
137	267	164
137	284	153
137	294	148
137	311	147
137	355	123
137	407	101
137	422	98
138	129	367
138	171	245
138	180	235
138	181	230
138	188	223
138	192	220
138	199	215
138	215	201
138	238	184
138	239	182
138	281	161
138	304	146
138	329	133
138	368	120
138	423	95
138	492	87
139	134	335
139	148	302
139	172	244
139	186	226
139	196	218
139	203	204
139	208	201
139	286	150
139	302	146
139	322	133
139	350	119
139	377	109
140	125	368
140	135	324
140	141	309
140	145	306
140	149	291
140	158	274
140	168	244
140	176	236
140	178	235
140	199	211
140	207	199
140	215	195
140	218	194
140	229	191
140	234	188
140	237	180
140	252	168
140	267	163
140	271	156
140	295	147
140	395	106
140	465	90
141	124	401
141	126	357
141	133	333
141	148	292
141	152	286
141	155	268
141	174	237
141	183	227
141	255	167
141	319	131
141	413	99
141	451	92
142	137	312
142	142	299
142	145	297
142	149	281
142	153	269
142	174	236
142	185	221
142	188	218
142	194	211
142	213	193
142	228	187
142	247	175
142	281	151
142	297	146
142	304	137
142	331	127
142	384	103
142	409	98
142	436	90
142	459	87
143	130	330
143	146	292
143	165	248
143	166	245
143	179	228
143	189	216
143	198	206
143	212	195
143	264	159
143	266	157
143	274	154
143	356	118
143	406	101
144	116	398
144	140	302
144	190	212
144	195	206
144	201	205
144	205	203
144	206	201
144	222	192
144	227	185
144	232	178
144	238	172
144	253	166
144	320	130
144	383	104
144	398	101
144	426	94
144	468	86
145	117	382
145	125	367
145	142	293
145	151	274
145	169	241
145	170	239
145	217	190
145	222	182
145	246	168
145	286	147
145	305	136
145	326	124
145	399	98
145	446	88
146	118	371
146	137	304
146	145	279
146	148	273
146	186	214
146	205	202
146	209	193
146	224	181
146	232	174
146	244	166
146	251	162
146	332	122
146	361	115
146	423	92
146	462	84
147	113	405
147	138	288
147	142	281
147	146	268
147	156	265
147	157	259
147	159	253
147	170	235
147	177	223
147	184	222
147	185	217
147	196	202
147	211	189
147	217	186
147	250	162
147	315	132
147	340	116
147	367	109
147	446	86
148	112	409
148	122	344
148	125	329
148	142	275
148	151	266
148	152	257
148	174	229
148	196	199
148	203	196
148	212	187
148	277	152
148	284	143
148	294	142
148	314	129
148	333	118
148	380	106
148	400	95
149	134	320
149	150	258
149	156	256
149	168	231
149	177	221
149	182	214
149	191	210
149	205	190
149	214	183
149	227	175
149	246	163
149	274	153
149	288	142
149	354	109
149	381	104
149	385	101
149	391	99
149	412	93
150	116	374
150	126	325
150	134	310
150	136	307
150	157	251
150	167	231
150	178	219
150	181	215
150	201	197
150	202	196
150	218	178
150	240	170
150	265	157
150	272	151
150	302	130
150	313	129
150	322	126
150	332	119
150	372	106
150	416	91
151	117	358
151	127	314
151	155	250
151	178	216
151	187	206
151	191	201
151	237	170
151	240	165
151	281	144
151	292	141
151	300	136
151	328	122
151	348	114
151	390	99
151	432	85
151	471	83
152	118	347
152	153	252
152	165	234
152	169	228
152	172	222
152	177	219
152	190	205
152	199	197
152	203	192
152	211	186
152	224	172
152	267	151
152	277	150
152	283	138
152	307	129
152	361	103
152	408	92
153	113	381
153	120	341
153	135	296
153	163	232
153	183	207
153	189	201
153	246	161
153	257	157
153	265	152
153	293	136
153	367	101
153	399	95
154	112	385
154	122	320
154	125	305
154	132	289
154	134	286
154	140	269
154	152	249
154	166	228
154	170	225
154	173	218
154	181	209
154	182	208
154	188	205
154	191	200
154	197	194
154	201	188
154	207	185
154	217	177
154	238	168
154	245	160
154	255	155
154	280	146
154	316	119
154	359	108
154	360	104
154	422	89
154	450	83
155	119	330
155	139	281
155	159	236
155	162	235
155	168	223
155	200	191
155	203	186
155	207	183
155	213	182
155	222	176
155	229	168
155	254	154
155	276	141
155	278	139
155	290	132
155	313	124
155	334	116
155	347	113
155	376	98
156	111	414
156	117	353
156	129	290
156	139	277
156	149	259
156	150	255
156	162	234
156	171	218
156	178	209
156	180	208
156	194	197
156	195	196
156	197	193
156	198	190
156	201	184
156	211	179
156	217	176
156	227	170
156	250	154
156	260	149
156	300	129
156	311	120
156	384	92
156	415	91
156	447	80
157	110	409
157	115	372
157	116	348
157	137	280
157	156	241
157	163	226
157	172	216
157	183	205
157	191	196
157	192	195
157	197	191
157	205	182
157	209	180
157	241	160
157	258	150
157	275	146
157	338	106
157	435	84
158	109	399
158	112	352
158	137	275
158	141	268
158	155	241
158	157	237
158	159	233
158	176	209
158	185	203
158	188	201
158	193	194
158	199	186
158	222	172
158	247	157
158	256	148
158	263	144
158	283	135
158	289	134
158	299	127
158	330	114
158	408	88
158	455	78
159	104	406
159	108	405
159	120	317
159	147	263
159	161	228
159	168	217
159	178	208
159	180	207
159	183	201
159	188	196
159	191	192
159	192	191
159	203	182
159	206	180
159	325	114
159	358	104
159	362	101
159	368	99
160	137	262
160	141	261
160	146	255
160	153	240
160	164	224
160	173	213
160	187	199
160	190	194
160	194	190
160	210	175
160	224	169
160	288	134
160	296	125
160	306	124
160	345	100
160	371	94
161	119	306
161	124	302
161	136	264
161	152	237
161	155	236
161	182	206
161	185	200
161	186	198
161	188	192
161	200	183
161	215	172
161	221	168
161	226	165
161	234	160
161	247	154
161	258	145
161	270	138
161	343	105
161	399	87
161	409	85
162	101	426
162	116	329
162	118	327
162	141	258
162	160	227
162	166	219
162	173	209
162	176	208
162	178	204
162	182	199
162	185	198
162	196	188
162	213	172
162	219	170
162	229	164
162	230	160
162	245	158
162	254	148
162	278	134
162	280	133
162	288	131
162	291	126
162	323	116
162	348	98
163	110	385
163	112	344
163	123	291
163	148	245
163	184	198
163	198	183
163	239	159
163	243	158
163	245	157
163	252	152
163	276	132
163	280	131
163	303	119
163	360	95
163	423	83
164	106	364
164	112	328
164	155	231
164	162	223
164	164	220
164	167	214
164	171	211
164	178	200
164	181	199
164	190	189
164	206	176
164	210	173
164	220	167
164	236	154
164	269	140
164	317	116
164	319	112
164	334	111
164	347	99
164	365	92
165	99	414
165	104	382
165	107	353
165	125	289
165	128	279
165	145	246
165	152	235
165	158	230
165	160	222
165	168	213
165	179	199
165	186	194
165	202	177
165	250	151
165	285	128
165	301	124
165	306	117
165	431	81
166	126	282
166	135	261
166	144	255
166	159	224
166	170	212
166	173	207
166	188	190
166	201	181
166	206	175
166	213	170
166	249	149
166	257	147
166	334	110
166	397	91
167	131	263
167	144	247
167	154	233
167	162	220
167	163	218
167	172	206
167	183	196
167	187	193
167	197	185
167	200	177
167	209	173
167	217	168
167	218	166
167	227	164
167	246	151
167	255	146
167	265	143
167	275	136
167	307	115
167	322	108
167	347	97
168	101	380
168	103	376
168	113	323
168	116	308
168	130	265
168	138	255
168	147	245
168	150	230
168	154	228
168	161	216
168	167	212
168	169	207
168	170	206
168	185	191
168	195	182
168	202	176
168	211	169
168	213	166
168	223	161
168	231	157
168	234	156
168	239	152
168	272	131
168	281	129
168	297	124
168	325	107
168	375	90
168	385	88
169	108	343
169	112	320
169	128	266
169	136	250
169	149	232
169	155	224
169	160	220
169	175	203
169	177	197
169	193	184
169	194	182
169	196	178
169	205	170
169	221	162
169	235	154
169	256	138
169	294	124
169	299	121
169	308	111
169	393	82
169	410	81
170	109	332
170	119	289
170	144	244
170	150	229
170	154	226
170	166	207
170	181	195
170	185	189
170	190	185
170	199	174
170	222	161
170	248	149
170	255	139
170	284	122
170	311	109
170	339	99
170	369	89
170	380	86
171	99	390
171	107	347
171	114	319
171	133	262
171	151	224
171	158	223
171	160	214
171	165	213
171	175	198
171	179	196
171	183	190
171	191	184
171	193	183
171	212	166
171	215	164
171	226	158
171	242	151
171	253	148
171	267	136
171	302	114
171	445	80
172	119	288
172	121	279
172	140	241
172	148	238
172	159	217
172	180	193
172	186	186
172	189	182
172	210	166
172	220	162
172	230	153
172	241	150
172	275	130
172	285	119
172	295	114
172	372	87
173	147	233
173	156	215
173	167	206
173	168	204
173	170	203
173	175	197
173	176	196
173	181	191
173	182	190
173	193	178
173	204	170
173	219	161
173	233	150
173	246	142
173	259	136
173	283	122
173	325	104
173	332	97
173	336	94
173	364	87
173	380	84
174	94	421
174	101	356
174	102	347
174	127	258
174	129	256
174	146	231
174	147	230
174	165	207
174	170	202
174	171	199
174	180	192
174	192	175
174	202	171
174	225	154
174	231	152
174	241	146
174	243	142
174	271	135
174	280	124
174	408	77
175	103	336
175	143	237
175	155	221
175	172	197
175	179	190
175	188	181
175	189	180
175	195	174
175	196	173
175	204	168
175	205	167
175	210	165
175	217	158
175	275	123
175	290	117
175	292	113
175	300	112
175	339	92
175	372	85
176	114	310
176	150	221
176	152	220
176	157	214
176	159	211
176	165	205
176	166	204
176	168	201
176	170	198
176	189	179
176	203	170
176	222	155
176	232	149
176	242	144
176	250	139
176	260	134
176	263	133
176	324	103
176	369	85
176	407	78
176	416	75
176	433	74
177	102	342
177	133	251
177	141	236
177	154	219
177	161	207
177	174	192
177	182	183
177	183	182
177	191	178
177	194	173
177	197	171
177	237	148
177	239	145
177	305	103
177	326	100
177	334	96
177	350	90
177	356	89
177	359	86
177	374	82
178	117	282
178	131	252
178	137	248
178	139	239
178	145	229
178	155	212
178	162	205
178	165	204
178	190	175
178	202	166
178	209	164
178	210	163
178	212	162
178	213	159
178	222	154
178	238	143
178	269	129
179	129	255
179	137	241
179	140	233
179	143	228
179	144	227
179	146	226
179	150	218
179	158	209
179	164	203
179	170	195
179	179	183
179	188	180
179	198	168
179	205	165
179	212	159
179	214	158
179	221	155
179	263	126
179	290	115
179	325	101
179	331	97
179	380	81
180	100	353
180	120	277
180	164	200
180	173	190
180	175	189
180	185	180
180	188	179
180	207	164
180	230	151
180	243	139
180	256	137
180	296	109
180	312	97
180	327	94
180	340	90
180	356	87
180	396	78
181	111	291
181	121	259
181	123	253
181	127	252
181	148	219
181	156	211
181	158	208
181	160	207
181	172	192
181	176	187
181	195	171
181	197	167
181	203	165
181	208	160
181	217	152
181	251	135
181	261	130
181	270	123
181	280	118
181	303	105
181	384	80
181	407	75
182	132	244
182	138	235
182	140	226
182	160	203
182	162	202
182	169	191
182	181	180
182	189	176
182	193	173
182	198	166
182	201	164
182	205	160
182	210	159
182	211	156
182	241	142
182	242	136
182	259	129
182	315	95
182	348	88
182	377	80
183	101	349
183	108	314
183	115	272
183	129	243
183	134	239
183	139	232
183	143	222
183	153	216
183	161	202
183	165	197
183	190	174
183	193	168
183	222	151
183	224	148
183	254	133
183	258	127
183	341	87
183	392	78
184	92	388
184	109	303
184	140	225
184	151	215
184	155	209
184	158	204
184	166	195
184	167	194
184	178	184
184	185	178
184	189	174
184	218	151
184	223	150
184	225	147
184	232	144
184	234	142
184	241	139
184	287	112
184	293	111
184	310	99
184	326	93
184	335	89
184	369	81
184	434	69
185	99	367
185	117	268
185	120	257
185	127	249
185	132	240
185	135	234
185	139	231
185	148	213
185	154	211
185	163	197
185	165	196
185	172	187
185	181	177
185	191	168
185	226	146
185	238	137
185	276	121
185	381	79
185	394	77
186	103	317
186	104	295
186	114	282
186	126	244
186	147	215
186	156	206
186	157	204
186	163	195
186	179	182
186	187	173
186	204	157
186	214	155
186	222	148
186	255	127
186	271	119
186	275	114
186	356	84
186	384	78
186	393	74
187	136	232
187	139	223
187	148	212
187	157	202
187	168	188
187	177	183
187	185	173
187	187	169
187	192	165
187	207	156
187	214	153
187	229	140
187	262	120
187	268	117
187	336	86
188	112	287
188	117	254
188	134	237
188	143	221
188	144	219
188	153	209
188	156	204
188	163	194
188	171	185
188	181	176
188	183	174
188	190	168
188	202	162
188	215	152
188	245	132
188	254	124
188	381	75
188	421	73
188	423	69
189	110	287
189	113	283
189	131	238
189	133	236
189	138	231
189	141	222
189	153	203
189	160	201
189	165	192
189	174	181
189	180	179
189	188	168
189	203	161
189	219	149
189	232	138
189	325	92
189	327	91
189	353	83
189	366	81
189	421	72
190	92	364
190	114	279
190	127	239
190	131	237
190	132	230
190	149	210
190	171	184
190	177	177
190	196	161
190	223	147
190	235	137
190	283	107
190	317	90
190	373	78
190	382	74
190	389	73
190	406	72
191	91	432
191	93	346
191	112	282
191	115	268
191	123	246
191	130	238
191	150	207
191	153	202
191	184	169
191	191	165
191	202	156
191	215	148
191	217	145
191	224	141
191	280	113
191	295	98
191	345	84
192	87	434
192	115	261
192	119	250
192	124	238
192	134	227
192	145	212
192	149	209
192	156	198
192	165	189
192	170	183
192	192	162
192	211	149
192	249	129
192	288	101
192	348	83
192	357	82
192	370	80
193	87	395
193	107	270
193	121	246
193	122	239
193	124	237
193	132	225
193	138	222
193	153	201
193	162	193
193	170	182
193	180	175
193	209	150
193	215	147
193	221	142
193	247	125
193	285	104
193	360	81
193	368	80
193	369	77
193	421	68
194	105	284
194	114	262
194	120	244
194	132	224
194	139	219
194	147	209
194	152	200
194	161	189
194	168	186
194	171	181
194	181	174
194	182	171
194	190	166
194	212	146
194	219	143
194	242	131
194	277	108
194	286	103
194	306	97
194	312	89
194	326	87
194	378	73
194	411	69
195	85	418
195	110	261
195	119	248
195	143	216
195	147	206
195	155	197
195	160	191
195	167	187
195	174	180
195	182	169
195	195	160
195	199	158
195	216	144
195	234	133
195	255	121
195	357	78
196	84	432
196	95	328
196	118	252
196	129	233
196	131	227
196	143	213
196	151	204
196	152	199
196	158	193
196	176	179
196	180	174
196	184	167
196	191	163
196	203	153
196	204	150
196	226	137
196	233	134
196	237	129
196	252	119
196	262	114
196	305	93
196	322	86
197	93	321
197	116	260
197	127	234
197	130	231
197	140	217
197	144	209
197	149	205
197	155	196
197	187	162
197	193	159
197	200	156
197	250	124
197	274	110
197	293	100
197	349	81
197	356	80
197	358	77
197	365	76
197	439	67
198	86	416
198	94	310
198	121	238
198	128	232
198	137	214
198	139	213
198	149	204
198	151	203
198	152	198
198	168	181
198	179	171
198	215	145
198	224	138
198	234	130
198	240	128
198	339	85
198	400	69
199	84	396
199	90	367
199	116	250
199	117	245
199	128	226
199	133	221
199	140	210
199	154	195
199	173	180
199	177	174
199	197	157
199	230	136
199	241	125
199	250	118
200	87	365
200	111	251
200	115	246
200	122	234
200	136	217
200	137	213
200	143	208
200	150	202
200	154	194
200	160	189
200	163	183
200	176	176
200	195	157
200	201	150
200	203	149
200	209	147
200	217	139
200	234	128
200	359	74
201	82	414
201	108	259
201	111	250
201	117	243
201	118	241
201	133	219
201	145	201
201	155	193
201	159	190
201	176	172
201	209	143
201	222	136
201	224	134
201	226	132
201	276	109
201	354	76
201	414	68
201	429	66
202	105	280
202	107	257
202	141	208
202	144	203
202	151	198
202	160	188
202	169	175
202	174	171
202	186	166
202	203	147
202	213	142
202	220	136
202	239	127
202	247	121
202	303	94
202	334	82
202	347	80
202	425	67
203	94	303
203	95	294
203	136	211
203	145	200
203	165	178
203	178	170
203	196	156
203	199	154
203	211	140
203	220	135
203	231	128
203	242	124
203	256	112
203	267	111
203	398	68
204	84	382
204	88	349
204	91	311
204	95	292
204	99	289
204	103	282
204	121	235
204	124	228
204	132	218
204	134	216
204	141	207
204	154	192
204	161	187
204	171	174
204	184	165
204	268	108
204	276	107
204	277	101
204	301	91
204	328	83
204	372	72
205	97	285
205	103	273
205	119	238
205	120	235
205	126	226
205	161	186
205	162	183
205	182	162
205	188	159
205	218	138
205	231	125
205	261	108
205	295	90
205	320	87
205	357	73
206	119	235
206	126	223
206	132	214
206	148	199
206	151	195
206	160	184
206	180	166
206	191	156
206	194	153
206	213	136
206	220	134
206	235	124
206	246	116
206	288	93
206	369	71
207	106	268
207	110	249
207	136	209
207	141	204
207	143	200
207	147	195
207	157	183
207	193	152
207	195	151
207	223	133
207	230	130
207	250	115
207	270	106
207	285	96
207	306	88
207	315	87
207	335	77
207	461	64
208	85	373
208	130	222
208	139	207
208	144	199
208	151	193
208	168	174
208	229	124
208	276	96
209	99	283
209	111	247
209	124	227
209	129	213
209	164	177
209	172	168
209	188	155
209	199	144
209	206	141
210	82	397
210	104	272
210	109	255
210	123	221
210	129	212
210	133	210
210	149	190
210	171	173
210	187	159
210	198	150
210	205	143
210	218	130
210	255	113
210	263	105
210	307	87
210	416	65
211	80	385
211	86	349
211	98	267
211	121	230
211	125	219
211	143	198
211	190	152
211	200	141
211	210	136
211	245	116
211	252	114
211	253	108
211	272	103
211	348	75
211	367	70
211	418	64
212	95	288
212	108	253
212	120	231
212	121	224
212	136	205
212	153	188
212	169	168
212	209	140
212	228	126
212	242	122
212	267	101
212	333	76
213	114	245
213	116	241
213	117	231
213	144	196
213	160	181
213	197	148
213	216	129
213	229	122
213	244	118
213	262	106
213	320	86
213	345	74
214	78	386
214	85	348
214	97	273
214	116	232
214	136	201
214	141	195
214	148	193
214	155	185
214	161	180
214	168	171
214	179	164
214	248	111
214	269	100
214	330	81
215	86	332
215	93	281
215	109	248
215	110	244
215	119	226
215	132	208
215	158	180
215	184	160
215	197	141
215	207	136
215	436	63
216	110	237
216	117	227
216	148	189
216	154	187
216	156	180
216	158	178
216	166	176
216	178	160
216	189	154
216	205	134
216	222	123
216	232	118
216	340	74
216	388	69
217	78	364
217	80	360
217	92	290
217	105	255
217	106	244
217	113	233
217	166	172
217	183	158
217	202	139
217	237	116
217	256	104
217	287	93
218	90	315
218	91	304
218	120	223
218	125	214
218	134	204
218	169	166
218	172	165
218	182	158
218	219	127
218	235	115
218	247	106
218	270	95
218	277	93
218	318	85
218	328	81
218	329	77
218	343	73
219	89	307
219	112	232
219	123	218
219	130	211
219	135	201
219	153	180
219	161	175
219	213	131
219	221	126
219	261	100
219	394	66
220	131	204
220	140	197
220	163	172
220	182	157
220	204	135
220	213	130
220	214	128
220	393	65
221	75	415
221	77	375
221	80	331
221	82	322
221	85	303
221	104	244
221	107	238
221	127	208
221	157	176
221	172	164
221	173	161
221	209	128
221	219	123
221	226	118
221	294	88
221	306	80
222	81	320
222	103	256
222	142	192
222	150	186
222	151	182
222	175	158
222	190	151
222	276	88
222	299	87
223	78	339
223	97	257
223	136	198
223	138	192
223	142	190
223	155	179
223	190	147
223	197	140
223	220	122
223	242	110
223	253	105
223	264	98
223	316	77
224	74	394
224	88	295
224	119	219
224	134	199
224	147	186
224	154	174
224	164	169
224	167	166
224	181	150
224	273	92
224	295	84
225	115	226
225	125	213
225	153	179
225	172	163
225	188	147
225	200	137
225	218	122
225	225	121
226	120	209
226	160	171
226	163	165
226	177	157
226	182	147
226	192	142
226	255	103
226	379	66
227	89	280
227	93	269
227	116	216
227	159	168
227	166	163
227	200	136
227	241	108
227	348	72
228	134	196
228	139	190
228	142	189
228	148	184
228	178	154
228	193	140
228	211	124
228	261	97
228	338	74
229	102	249
229	105	242
229	112	223
229	143	186
229	170	161
229	180	152
229	190	143
229	194	138
229	304	83
230	111	232
230	172	160
230	174	156
230	184	146
230	222	117
230	260	96
230	331	75
230	354	69
230	373	68
231	75	358
231	82	303
231	86	301
231	133	199
231	138	186
231	150	179
231	151	173
231	218	116
231	232	113
231	235	105
232	95	266
232	108	235
232	110	227
232	137	194
232	142	185
232	163	162
232	252	98
233	107	237
233	126	203
233	147	177
233	158	167
233	166	158
233	191	138
233	203	129
233	215	122
233	254	95
233	329	76
234	91	274
234	92	262
234	117	212
234	123	203
234	137	191
234	143	182
234	172	157
234	187	144
234	201	134
234	205	127
234	227	110
234	268	92
234	290	86
234	385	65
234	405	61
235	82	299
235	94	253
235	107	224
235	119	210
235	127	201
235	134	190
235	194	131
235	204	126
235	212	121
235	226	112
235	314	77
235	329	75
235	352	68
235	353	67
236	78	322
236	103	231
236	115	215
236	163	158
236	166	156
236	176	151
236	222	110
236	232	105
236	246	102
236	294	83
237	76	347
237	83	297
237	85	284
237	111	222
237	136	187
237	175	154
237	186	144
237	307	78
237	319	75
237	330	72
238	84	293
238	96	244
238	130	191
238	137	185
238	155	170
238	161	163
238	180	145
238	233	104
238	377	66
239	91	267
239	126	198
239	150	170
239	191	131
239	201	126
239	203	125
239	221	115
240	95	248
240	102	242
240	142	179
240	146	178
240	174	155
240	190	136
240	199	124
240	216	113
240	309	77
241	75	325
241	81	319
241	144	176
241	182	142
241	195	129
241	378	65
242	128	193
242	132	190
242	163	156
242	176	150
242	254	90
242	328	71
242	329	70
243	76	318
243	81	290
243	102	236
243	124	200
243	135	184
243	147	170
243	150	168
243	155	165
243	171	154
243	177	147
243	204	123
243	380	62
244	69	379
244	77	307
244	86	272
244	89	270
244	112	218
244	126	193
244	157	163
244	167	155
244	176	144
244	244	102
244	278	87
245	107	220
245	112	215
245	121	202
245	167	151
245	186	140
245	203	118
245	213	113
245	287	86
246	71	352
246	105	222
246	113	212
246	181	142
246	194	130
246	248	95
247	67	397
247	82	283
247	89	268
247	91	248
247	130	188
247	147	169
247	182	139
247	221	110
247	270	84
247	316	75
247	410	59
248	76	309
248	85	282
248	93	242
248	98	232
248	141	176
248	148	164
248	158	159
248	173	146
248	178	143
248	230	107
248	239	99
248	363	66
249	128	188
249	159	158
249	166	153
249	169	150
249	177	140
249	182	137
249	190	134
249	305	78
249	311	74
250	69	354
250	71	347
250	73	346
250	80	306
250	84	265
250	89	253
250	114	200
250	176	137
250	186	132
250	225	103
250	239	94
250	356	65
251	66	399
251	70	343
251	79	303
251	110	207
251	134	182
251	162	152
251	166	151
251	194	126
251	221	108
251	236	98
252	125	192
252	129	184
252	138	181
252	143	175
252	151	163
252	172	144
252	187	130
252	205	116
253	109	217
253	124	196
253	137	176
253	145	168
253	171	146
253	174	142
253	269	87
253	365	63
254	81	288
254	89	251
254	95	240
254	107	208
254	154	162
254	178	136
254	184	134
254	292	78
254	353	66
255	88	254
255	132	176
255	160	154
255	185	132
255	231	102
255	248	90
255	259	87
255	378	62
256	136	175
256	282	82
256	287	77
257	104	222
257	209	111
258	82	278
258	97	234
258	112	198
258	167	150
258	171	144
258	180	133
258	219	107
258	285	81
259	72	334
259	76	306
259	82	275
259	104	209
259	108	205
259	159	154
259	169	148
259	204	113
259	206	111
259	220	102
260	97	222
260	100	216
260	131	181
260	152	161
260	160	146
260	168	143
260	170	141
260	191	128
260	218	107
260	341	66
261	92	243
261	117	194
261	130	177
261	141	168
261	179	134
261	233	99
261	253	89
261	309	74
261	329	69
262	75	308
262	76	303
262	90	235
262	110	198
262	124	190
262	159	153
262	174	135
262	189	125
262	297	74
262	354	65
263	71	342
263	138	174
263	144	160
263	170	139
263	219	103
263	233	94
264	81	261
264	85	260
264	86	255
264	122	190
264	125	184
264	135	172
264	156	155
264	184	126
264	200	116
265	64	378
265	83	252
265	149	158
265	153	155
265	154	154
265	182	131
265	185	125
265	189	121
265	195	120
265	199	116
265	204	111
265	217	110
265	363	63
265	364	62
266	89	241
266	120	188
266	169	139
266	173	138
266	190	119
267	65	351
267	72	327
267	75	306
267	96	232
267	118	187
267	129	174
267	144	158
267	218	98
267	235	91
268	66	340
268	68	333
268	115	191
268	120	184
268	172	134
268	185	121
268	202	112
268	209	105
268	244	90
268	285	77
268	396	60
268	417	58
269	79	288
269	98	213
269	106	206
269	140	171
269	181	131
270	94	220
270	107	203
270	142	165
270	158	144
270	168	139
270	177	130
270	178	129
270	203	111
270	256	88
270	361	62
271	64	353
271	68	322
271	72	305
271	86	244
271	134	171
271	156	149
271	164	143
271	171	133
271	175	128
271	258	87
271	259	84
272	73	289
272	87	233
272	133	170
272	141	163
272	152	155
272	154	150
272	167	136
272	177	126
272	200	111
272	272	82
272	416	58
273	91	224
273	126	177
273	199	114
273	253	88
274	163	138
274	174	128
274	198	116
275	80	250
275	138	168
275	153	151
275	156	142
275	229	95
275	288	76
275	382	59
276	118	182
276	123	174
276	137	165
276	148	154
276	199	106
276	412	58
277	90	230
277	129	172
277	139	162
277	183	120
277	249	85
277	337	65
277	371	61
278	75	275
278	105	195
278	142	159
278	164	136
278	214	104
279	70	320
279	76	264
279	101	202
279	138	162
279	150	153
279	151	148
279	192	114
280	69	301
280	89	232
280	90	225
280	98	206
280	135	165
280	145	154
280	150	150
280	154	146
280	159	141
280	181	124
280	208	105
280	212	98
280	229	91
281	68	308
281	90	222
281	94	213
281	131	169
281	172	125
281	196	112
281	263	83
281	278	76
281	313	73
281	401	58
282	62	402
282	139	158
282	154	144
282	190	114
283	74	280
283	92	220
283	114	187
283	120	181
283	133	167
283	152	146
283	164	135
283	190	111
284	65	332
284	70	292
284	110	194
284	253	84
284	276	78
285	74	278
285	124	171
285	132	168
285	153	144
285	181	123
285	186	118
286	66	313
286	82	244
286	91	216
286	151	146
286	178	124
286	226	96
286	298	72
286	322	69
286	353	63
287	117	182
287	129	166
287	170	127
287	204	101
287	221	94
288	62	377
288	71	283
288	81	249
288	98	203
288	149	147
288	164	130
288	171	124
288	187	113
289	64	326
289	68	295
289	84	233
289	94	210
289	96	209
289	170	126
290	60	410
290	64	317
290	87	223
290	134	162
290	149	143
290	159	133
290	167	127
290	182	119
290	243	85
290	390	58
291	65	308
291	90	221
291	91	215
291	115	186
291	144	152
291	176	119
292	87	222
292	133	162
292	142	153
292	143	152
292	158	136
292	352	63
292	385	58
293	62	330
293	66	301
293	84	227
293	103	197
293	202	105
293	346	62
294	67	290
294	94	207
294	172	122
294	240	90
294	257	83
294	272	76
294	330	65
295	70	283
295	116	177
295	151	138
295	224	92
296	104	194
296	111	179
296	135	156
296	142	146
296	155	135
296	179	114
296	185	109
296	202	102
297	65	303
297	106	188
297	320	66
297	334	64
297	366	59
298	65	300
298	72	272
298	73	263
298	98	198
298	123	169
298	124	166
298	133	159
298	154	132
298	292	75
299	107	184
299	126	165
299	213	97
299	288	73
299	345	63
300	59	395
300	69	274
300	97	205
300	117	172
300	125	165
300	149	141
300	198	101
300	215	94
300	233	88
301	122	170
301	142	142
301	170	124
301	219	93
302	82	236
302	136	151
302	231	90
303	64	312
303	66	295
303	85	223
303	91	212
303	92	207
303	96	194
303	323	65
304	77	257
304	92	201
304	105	190
304	110	178
304	135	154
304	169	122
304	296	69
305	104	193
305	130	161
305	135	151
305	147	140
305	370	58
305	387	57
306	59	370
306	61	335
306	81	238
306	84	219
306	120	171
306	168	117
306	228	90
306	284	75
306	285	74
307	64	295
307	114	175
307	152	134
307	359	59
308	61	315
308	90	214
308	150	139
308	212	96
309	76	259
309	83	233
309	100	193
309	121	165
309	166	125
309	224	89
310	59	357
310	60	354
310	107	179
310	131	150
310	178	112
310	181	109
310	299	68
310	314	66
311	103	192
311	157	131
311	286	73
311	369	58
311	418	56
312	88	218
312	89	207
312	126	159
312	197	100
312	380	57
313	79	242
313	113	172
313	151	134
313	223	91
313	261	77
314	59	337
314	125	160
314	160	124
314	192	105
315	58	380
315	90	204
315	158	129
315	170	116
315	321	65
316	60	310
316	66	288
316	78	242
316	124	161
316	146	140
316	216	92
316	317	65
316	407	56
317	63	304
317	158	128
317	290	69
318	58	378
318	72	258
318	110	175
318	148	132
318	156	128
318	162	119
318	178	110
318	362	58
319	88	212
319	103	181
319	204	99
320	59	312
320	77	244
320	79	239
320	118	163
320	345	61
321	87	208
321	102	178
321	108	176
321	151	126
321	200	99
322	56	376
322	65	283
322	85	213
322	97	187
322	111	172
322	128	153
322	142	140
323	143	137
323	183	106
323	293	68
324	61	299
324	66	278
324	117	161
324	139	136
324	150	126
324	174	110
324	180	107
324	271	73
325	113	170
325	147	132
325	158	125
325	191	100
325	208	93
325	280	72
326	82	215
326	108	173
327	63	285
327	64	284
327	67	267
327	122	157
327	137	142
327	159	118
328	57	347
328	64	276
328	85	207
328	110	171
328	113	169
328	132	146
328	187	102
329	81	214
329	131	147
329	145	132
329	210	92
330	95	199
330	103	177
330	118	158
330	135	141
331	62	287
331	80	229
331	97	181
331	128	147
332	63	278
332	69	258
332	74	231
332	91	196
332	93	189
332	106	175
332	107	173
333	72	255
333	80	228
333	116	167
333	128	144
333	154	125
333	176	108
333	368	57
334	60	295
334	66	260
334	70	242
334	79	229
334	109	172
334	134	143
334	193	98
334	254	80
334	313	64
334	389	56
336	79	228
336	109	171
336	127	144
336	151	122
336	206	97
336	269	73
337	83	213
337	114	168
337	189	100
337	207	94
337	267	74
337	303	66
338	65	262
338	108	168
339	86	198
339	107	170
339	111	166
339	173	112
340	106	172
340	124	148
340	161	116
340	244	83
340	312	65
341	89	197
341	144	130
341	183	102
341	252	79
341	285	71
342	65	259
342	95	184
342	97	180
342	110	160
342	366	57
343	59	306
343	150	124
343	202	94
343	225	87
343	238	84
343	280	69
344	101	179
344	143	132
344	191	99
344	242	79
345	84	210
345	109	160
345	381	56
346	64	261
346	67	247
346	76	221
346	142	128
347	54	333
347	57	329
347	104	168
347	155	118
348	93	187
348	99	177
348	116	153
348	221	90
348	271	71
349	73	236
349	82	210
349	90	193
349	222	85
349	283	68
350	66	249
350	75	218
350	164	110
350	261	73
350	456	55
351	60	282
351	94	181
351	132	136
351	136	130
351	323	63
352	71	229
352	75	217
352	131	142
352	424	55
353	60	281
353	68	244
353	108	159
353	125	146
353	153	121
353	175	105
354	71	228
354	103	172
354	135	130
354	160	114
354	177	102
354	186	98
354	203	91
354	270	71
355	86	197
355	119	150
355	252	75
356	61	273
356	100	170
356	132	134
357	63	265
357	83	209
357	130	138
357	144	122
358	61	272
358	130	135
358	199	94
359	63	264
359	73	226
359	82	209
359	99	170
359	116	150
359	175	104
359	329	60
360	410	55
361	78	212
361	123	146
361	224	83
362	58	315
362	63	260
362	96	180
362	115	150
362	154	116
363	88	190
363	245	78
364	68	234
364	72	222
364	95	177
365	125	143
365	131	134
365	181	101
365	218	88
365	365	57
366	68	233
366	93	183
366	150	120
366	212	88
367	306	64
368	129	139
369	113	158
370	110	153
370	121	149
370	263	72
371	119	146
371	157	113
373	197	97
374	93	182
374	95	176
374	128	139
374	135	128
374	142	124
374	171	105
374	226	81
374	299	64
375	136	125
376	63	259
376	64	255
376	113	151
376	251	74
376	287	66
377	92	182
377	218	86
378	80	200
378	151	119
378	175	103
379	58	287
379	115	145
380	94	180
380	262	72
381	54	327
381	242	76
382	141	124
382	217	86
383	119	143
384	88	183
385	64	251
385	84	190
385	133	133
385	193	95
385	236	77
385	248	75
386	127	131
387	64	250
387	116	143
387	183	95
387	197	91
388	61	266
389	63	258
389	107	156
390	77	205
390	150	115
391	82	196
391	193	94
391	209	89
392	66	239
393	93	181
393	110	152
394	149	118
395	170	105
396	96	166
396	121	135
397	92	173
397	154	110
397	208	90
398	74	218
399	198	89
400	216	82
400	313	61
400	325	60
401	52	391
401	72	217
401	211	87
403	68	228
403	111	150
403	142	119
403	194	91
404	83	189
404	89	179
404	110	147
404	247	74
405	143	116
406	62	258
407	170	101
407	212	83
409	60	275
410	97	164
411	60	274
411	77	202
411	226	78
411	292	64
412	103	153
412	180	99
413	62	256
413	73	213
413	102	156
413	280	66
416	82	193
416	91	172
417	129	125
418	210	83
419	167	107
419	175	99
421	108	145
422	138	118
422	172	98
423	76	206
424	64	245
426	99	157
426	157	105
426	176	96
427	257	72
428	120	131
429	60	270
433	103	151
433	138	117
435	190	90
437	113	141
437	126	129
438	114	135
439	175	97
440	100	155
440	144	111
441	78	197
441	91	169
442	87	176
442	122	128
443	74	208
443	105	147
443	137	118
443	152	107
443	171	98
447	88	174
447	139	116
447	156	105
449	81	189
451	197	87
452	128	124
453	127	123
454	93	165
457	97	158
457	106	145
457	139	113
467	116	132
468	124	126
480	121	127
481	129	121
