45	272	289
45	319	260
46	260	319
46	270	284
46	308	263
46	309	255
46	322	249
47	301	254
47	312	244
48	252	328
48	253	295
48	261	261
48	284	239
49	256	245
49	276	240
49	287	228
49	364	218
50	224	323
50	232	283
50	234	262
50	248	246
50	259	234
50	279	229
50	337	217
50	354	213
51	228	318
51	230	285
51	246	246
51	251	235
51	275	224
51	276	215
51	285	210
52	225	312
52	228	262
52	238	257
52	242	242
52	249	237
52	255	225
52	264	222
52	268	216
52	270	210
52	279	205
52	329	197
53	203	286
53	221	271
53	222	267
53	239	243
53	247	228
53	255	222
53	262	211
53	271	204
53	278	200
53	280	199
54	199	276
54	214	274
54	220	268
54	222	261
54	228	238
54	242	232
54	253	221
54	256	217
54	266	204
54	270	201
54	279	194
54	330	191
55	211	260
55	222	250
55	227	240
55	241	227
55	245	219
55	256	212
55	258	211
55	279	190
55	322	178
56	192	290
56	193	276
56	205	261
56	210	255
56	234	234
56	239	214
56	250	212
56	251	211
56	254	201
56	258	200
56	264	198
56	273	193
56	275	192
56	284	186
56	298	185
56	301	177
56	335	175
57	179	299
57	198	261
57	201	251
57	215	245
57	216	241
57	220	236
57	229	229
57	246	202
57	256	199
57	265	192
57	276	186
57	300	172
57	323	168
58	175	289
58	188	276
58	213	239
58	216	237
58	224	234
58	232	218
58	242	210
58	255	195
58	262	190
58	274	186
58	286	182
58	302	169
59	171	310
59	190	264
59	191	258
59	212	227
59	234	215
59	243	205
59	247	196
59	249	195
59	253	194
59	264	184
59	273	179
59	301	166
59	303	163
59	326	155
60	176	269
60	193	257
60	209	229
60	227	223
60	233	202
60	250	183
60	269	179
60	273	173
60	286	172
60	289	167
60	294	164
60	316	160
61	172	290
61	174	289
61	187	246
61	197	245
61	201	237
61	207	224
61	213	222
61	218	215
61	223	205
61	236	197
61	243	193
61	244	186
61	246	183
62	182	256
62	193	233
62	204	222
62	209	220
62	212	218
62	221	210
62	238	184
62	247	177
62	256	172
62	268	165
62	277	160
62	315	146
62	324	141
63	171	268
63	175	266
63	185	250
63	189	230
63	208	211
63	230	203
63	247	173
63	260	169
63	307	150
64	166	280
64	168	278
64	170	263
64	179	256
64	204	209
64	223	204
64	235	193
64	237	184
64	238	181
64	257	166
64	301	157
65	155	335
65	159	279
65	168	251
65	177	246
65	182	229
65	203	223
65	210	207
65	226	199
65	231	183
65	241	180
65	248	167
65	268	155
65	277	150
66	157	267
66	181	242
66	191	226
66	216	199
66	226	186
66	231	181
66	234	171
67	153	261
67	168	240
67	174	238
67	179	234
67	180	231
67	185	224
67	186	221
67	202	212
67	218	189
67	230	170
67	239	165
67	258	160
67	264	153
67	269	149
67	278	144
67	305	141
68	152	293
68	161	250
68	174	237
68	176	235
68	182	223
68	195	218
68	197	213
68	201	197
68	212	189
68	218	185
68	253	161
68	317	140
69	146	353
69	151	305
69	174	234
69	180	222
69	190	217
69	203	196
69	206	192
69	208	186
69	229	170
69	251	160
69	253	156
70	148	303
70	150	285
70	167	246
70	168	230
70	173	217
70	197	199
70	213	183
70	215	182
70	223	165
70	232	160
70	254	155
71	144	305
71	148	280
71	158	256
71	160	247
71	162	238
71	170	222
71	172	217
71	184	214
71	193	203
71	196	195
71	203	190
71	208	183
71	222	179
71	239	159
71	253	146
71	316	138
72	151	261
72	152	251
72	155	244
72	167	227
72	181	214
72	191	209
72	195	195
72	208	175
72	224	159
72	233	154
72	277	135
72	298	126
73	138	333
73	141	260
73	153	232
73	162	227
73	178	213
73	181	207
73	191	196
73	203	183
73	243	152
73	249	149
73	263	143
74	139	293
74	142	248
74	170	208
74	186	189
74	195	184
74	203	177
74	209	169
74	220	159
74	231	152
74	274	140
74	278	129
75	138	242
75	155	230
75	159	216
75	198	176
75	206	171
75	215	165
75	244	146
75	250	143
75	251	135
76	143	235
76	171	199
76	180	192
76	187	186
76	192	179
76	217	152
76	229	148
76	232	146
76	237	143
76	279	124
77	136	286
77	151	233
77	159	215
77	164	211
77	191	173
77	199	170
77	208	161
77	245	141
77	252	129
78	147	227
78	207	166
78	211	156
78	218	146
78	230	142
79	147	219
79	156	207
79	169	202
79	179	191
79	185	190
79	188	184
79	190	175
79	192	167
79	296	112
80	138	233
80	163	198
80	177	183
80	180	176
80	189	170
80	206	161
80	209	160
80	214	146
80	244	134
80	249	131
81	131	259
81	137	229
81	157	200
81	171	190
81	188	164
81	203	160
81	210	154
81	249	130
81	256	124
81	276	115
82	139	220
82	149	214
82	164	191
82	170	186
82	178	176
82	184	175
82	195	163
82	196	156
82	207	155
82	208	147
82	213	144
82	221	142
82	227	136
82	229	130
82	253	122
83	130	254
83	158	194
83	172	177
83	181	175
83	184	174
83	187	163
83	189	158
83	250	124
83	273	115
83	277	110
84	153	203
84	165	185
84	179	169
84	209	141
84	215	137
84	225	134
84	230	124
84	243	122
84	250	115
85	115	309
85	133	241
85	160	190
85	169	183
85	179	167
85	204	152
86	121	280
86	175	173
86	180	163
86	193	147
86	207	144
86	226	124
87	128	262
87	142	213
87	155	201
87	164	189
87	172	174
87	205	146
87	211	140
87	225	124
87	273	112
88	112	265
88	123	258
88	126	241
88	136	222
88	150	202
88	163	189
88	171	182
88	176	172
88	182	160
88	186	158
88	190	154
88	194	141
88	208	138
88	227	118
89	117	258
89	132	222
89	138	213
89	170	180
89	214	132
89	217	127
90	131	232
90	147	202
90	149	200
90	163	182
90	170	177
90	185	155
90	187	151
90	191	148
90	241	117
90	248	110
91	153	197
91	156	193
91	166	176
91	179	163
91	180	159
91	198	135
91	211	133
91	212	132
92	127	233
92	145	205
92	146	203
92	154	191
92	176	167
92	179	161
92	186	151
92	192	141
93	113	261
93	163	179
93	166	170
93	179	156
93	186	148
93	213	126
93	223	118
94	105	282
94	160	186
94	165	175
94	169	166
94	174	162
94	188	145
94	191	142
94	212	131
94	292	104
95	113	243
95	124	236
95	127	219
95	135	213
95	155	189
95	164	172
95	168	165
95	181	151
95	195	136
95	199	133
95	207	126
95	219	122
95	220	120
96	131	215
96	134	207
96	143	206
96	151	195
96	161	176
96	170	159
96	172	158
96	177	157
96	190	143
96	234	117
96	257	101
97	122	229
97	141	202
97	150	189
97	165	166
97	176	155
97	189	144
97	193	135
97	203	132
97	206	130
97	218	123
97	234	115
98	107	264
98	152	186
98	159	171
98	171	153
98	180	151
98	184	148
98	191	137
98	213	123
98	221	117
99	139	201
99	156	183
99	164	164
99	167	162
99	178	152
99	181	146
99	190	138
99	192	135
99	195	134
99	201	131
99	227	112
99	249	109
99	300	95
100	111	248
100	157	170
100	185	142
100	191	133
100	197	129
100	213	120
101	101	263
101	117	219
101	129	216
101	132	214
101	137	200
101	145	189
101	151	188
101	152	176
101	161	168
101	168	156
101	180	150
101	182	140
101	188	139
101	193	129
101	206	127
101	215	117
101	228	106
102	106	245
102	128	215
102	138	194
102	141	192
102	150	176
102	156	172
102	158	164
102	165	162
102	184	136
102	190	134
102	192	127
103	129	211
103	138	192
103	143	184
103	157	168
103	165	160
103	175	150
103	177	144
103	188	133
104	110	236
104	141	188
104	149	183
104	157	166
104	162	161
104	164	159
104	172	150
104	176	148
104	180	140
104	186	134
104	199	123
104	212	121
104	220	116
105	109	236
105	116	227
105	129	202
105	139	187
105	158	162
105	167	155
105	169	153
105	171	150
105	173	148
105	174	145
105	178	141
106	124	207
106	148	176
106	150	173
106	165	153
106	179	138
106	193	125
106	211	117
106	224	106
106	235	105
107	94	280
107	100	250
107	105	239
107	113	227
107	149	172
107	160	159
107	170	147
107	175	139
107	184	135
107	190	131
107	313	90
108	99	262
108	107	235
108	110	221
108	152	171
108	157	162
108	163	155
108	182	135
108	186	131
108	200	121
108	208	114
108	223	110
108	275	96
109	90	326
109	104	241
109	122	212
109	131	196
109	143	178
109	149	170
109	150	169
109	151	166
109	156	164
109	160	157
109	161	153
109	167	150
109	177	138
109	185	129
109	190	127
109	234	103
109	247	100
110	152	160
110	165	152
110	181	134
110	184	131
110	194	123
110	222	110
110	250	98
110	258	94
111	95	273
111	96	262
111	113	212
111	121	209
111	122	203
111	129	201
111	135	190
111	140	181
111	156	157
111	173	142
111	179	136
111	189	128
111	191	121
111	204	119
111	214	111
111	222	105
111	237	102
112	91	282
112	99	250
112	101	244
112	116	211
112	141	178
112	145	174
112	158	156
112	168	147
112	176	138
112	180	134
112	181	133
112	187	127
112	202	119
112	273	92
113	88	309
113	97	257
113	100	243
113	104	226
113	129	197
113	137	180
113	142	175
113	146	173
113	148	164
113	167	145
113	169	142
113	179	132
113	185	128
113	186	127
113	188	124
113	201	119
113	283	90
114	95	255
114	133	188
114	139	171
114	156	155
114	159	150
114	173	139
114	175	133
114	181	128
114	194	117
114	218	105
115	89	280
115	97	251
115	99	248
115	122	200
115	143	168
115	150	157
115	155	153
115	164	147
115	166	142
115	172	135
115	178	132
115	180	126
115	185	124
115	193	115
115	206	113
115	255	95
116	92	268
116	102	233
116	107	222
116	120	209
116	143	165
116	149	160
116	154	154
116	163	149
116	174	133
116	176	132
116	189	121
116	250	97
116	251	95
117	94	260
117	95	249
117	103	226
117	111	218
117	114	209
117	125	199
117	129	182
117	145	162
117	160	149
117	168	139
117	170	138
117	234	99
117	327	85
118	100	233
118	119	207
118	123	196
118	136	178
118	140	168
118	148	160
118	166	140
118	171	136
118	172	134
118	176	131
118	184	123
118	209	112
118	271	89
118	300	88
119	87	295
119	96	244
119	106	219
119	109	217
119	126	195
119	132	181
119	136	175
119	139	168
119	142	164
119	163	141
119	171	132
119	176	127
119	181	124
119	202	113
119	221	104
119	269	92
120	94	242
120	107	211
120	123	188
120	129	180
120	134	176
120	137	171
120	141	166
120	149	154
120	156	149
120	158	146
120	204	112
120	231	99
120	244	98
120	246	96
120	267	90
121	83	323
121	88	267
121	93	244
121	96	238
121	127	185
121	129	178
121	132	173
121	147	158
121	152	152
121	162	143
121	174	130
121	183	123
121	224	103
121	265	92
121	296	85
122	85	293
122	96	235
122	101	227
122	102	221
122	118	201
122	121	194
122	122	193
122	143	159
122	158	145
122	159	144
122	165	137
122	173	128
122	178	126
122	191	115
122	200	114
122	253	93
123	98	232
123	108	207
123	117	202
123	138	169
123	147	156
123	149	153
123	163	138
123	170	134
123	172	130
123	174	127
123	201	111
123	248	93
124	82	336
124	92	253
124	107	208
124	122	184
124	134	172
124	140	167
124	146	154
124	159	139
124	167	134
124	179	120
124	190	118
124	192	109
124	263	92
125	87	268
125	114	203
125	120	192
125	133	170
125	138	168
125	139	163
125	150	150
125	154	149
125	169	132
125	171	130
125	175	126
125	186	117
125	258	91
126	113	206
126	119	187
126	130	170
126	135	166
126	143	157
126	153	147
126	155	144
126	156	143
126	164	134
126	169	129
126	174	126
126	176	123
126	189	112
126	213	104
126	238	96
126	250	92
126	258	88
126	277	86
126	313	83
127	97	228
127	117	192
127	127	178
127	134	167
127	139	162
127	149	148
127	168	131
127	184	116
127	227	100
128	79	336
128	84	280
128	89	257
128	91	227
128	102	218
128	122	179
128	140	160
128	152	146
128	154	141
128	167	130
128	170	126
128	208	108
129	111	203
129	124	178
129	129	174
129	130	168
129	164	132
129	183	118
129	273	86
130	104	209
130	107	204
130	108	195
130	114	190
130	117	185
130	121	175
130	153	142
130	163	132
130	176	121
130	211	102
130	213	101
130	224	98
130	229	96
130	246	95
130	254	91
131	78	349
131	88	266
131	100	219
131	102	217
131	125	172
131	133	163
131	139	156
131	146	153
131	152	145
131	154	140
131	159	133
131	162	131
131	172	122
131	231	94
132	85	270
132	141	155
132	143	152
132	145	147
132	164	126
132	177	115
132	260	87
133	80	290
133	82	282
133	95	223
133	101	213
133	107	192
133	123	174
133	150	142
133	158	138
133	171	124
133	210	106
133	222	97
133	271	86
134	93	221
134	96	220
134	111	189
134	123	170
134	132	164
134	137	159
134	141	150
134	154	138
134	201	105
134	271	83
135	82	280
135	83	276
135	84	263
135	118	179
135	124	168
135	137	156
135	145	145
135	147	143
135	153	136
135	163	128
135	183	114
135	217	100
135	243	92
135	270	84
136	86	241
136	119	178
136	135	159
136	138	153
136	144	148
136	155	132
136	188	111
136	198	102
136	202	99
136	247	90
137	94	220
137	96	218
137	106	203
137	113	188
137	114	177
137	122	173
137	168	124
137	169	119
137	182	108
137	229	95
137	247	87
137	286	81
138	86	239
138	88	225
138	91	220
138	95	208
138	127	167
138	154	133
138	160	131
138	174	116
138	187	105
138	240	90
138	267	86
139	82	247
139	104	193
139	120	174
139	135	154
139	138	149
139	145	140
139	155	131
139	157	128
139	228	94
139	237	90
140	116	176
140	125	165
140	127	164
140	132	158
140	138	148
140	143	145
140	144	143
140	152	138
140	161	125
140	220	98
141	116	172
141	134	152
141	153	134
141	160	125
141	166	123
141	198	99
142	94	208
142	100	203
142	105	192
142	111	181
142	117	170
142	130	158
142	138	147
142	146	138
142	151	136
142	153	132
142	159	126
142	165	122
142	166	121
142	172	115
142	177	114
142	227	96
142	251	84
142	257	83
143	77	294
143	79	277
143	97	207
143	98	201
143	107	185
143	131	155
143	145	139
143	148	134
143	226	93
144	87	236
144	125	163
144	129	159
144	136	146
144	152	130
144	162	121
144	219	94
144	332	76
145	90	219
145	106	189
145	111	178
145	130	154
145	144	142
145	157	127
145	167	118
145	179	112
145	208	98
145	225	92
145	232	87
145	283	80
146	81	253
146	83	239
146	84	232
146	89	222
146	107	179
146	117	169
146	119	165
146	126	157
146	138	142
146	145	137
146	147	136
146	149	133
146	150	132
146	206	97
146	212	95
147	86	229
147	88	221
147	116	171
147	118	167
147	131	150
147	156	127
147	171	114
147	272	79
148	77	273
148	93	217
148	98	200
148	117	167
148	127	151
148	146	131
148	153	127
148	154	125
148	162	119
148	192	103
148	193	102
148	196	101
148	219	93
148	301	76
149	86	228
149	87	217
149	95	202
149	101	197
149	108	176
149	135	147
149	144	138
149	152	128
149	176	110
149	184	106
149	188	101
149	190	99
149	210	95
149	271	82
149	281	78
150	102	186
150	109	174
150	136	142
150	138	140
150	202	95
150	207	94
150	226	90
150	271	79
151	74	311
151	75	307
151	79	255
151	100	187
151	106	177
151	115	168
151	122	161
151	131	149
151	141	139
151	145	132
151	168	117
151	169	111
151	181	109
152	76	281
152	78	264
152	98	185
152	101	182
152	129	146
152	137	136
152	155	123
152	165	117
152	185	105
152	208	92
152	257	80
153	77	261
153	83	233
153	92	201
153	95	199
153	107	173
153	117	163
153	119	159
153	124	155
153	142	133
153	149	128
153	151	124
153	190	98
153	263	79
153	318	74
154	85	226
154	86	225
154	97	188
154	113	169
154	116	161
154	135	145
154	145	130
154	156	121
154	158	119
154	242	85
154	249	83
154	255	80
155	99	184
155	103	179
155	120	153
155	126	152
155	128	149
155	133	144
155	147	127
155	179	109
155	183	106
155	189	99
155	201	93
155	240	85
155	288	77
155	335	73
156	75	299
156	81	239
156	88	215
156	93	198
156	139	131
156	189	96
156	243	83
156	244	82
156	265	77
156	276	76
156	322	73
157	79	252
157	102	175
157	109	168
157	129	144
157	142	129
157	162	116
157	175	105
157	183	103
157	214	89
158	70	324
158	75	268
158	76	261
158	93	194
158	115	163
158	127	150
158	147	126
158	154	121
158	159	118
158	187	99
158	230	83
159	89	207
159	96	193
159	118	157
159	122	148
159	127	145
159	130	138
159	138	134
159	146	127
159	152	123
159	159	116
159	163	112
159	236	82
159	290	74
159	321	73
160	73	301
160	96	189
160	101	175
160	108	171
160	117	157
160	145	125
160	168	105
160	210	86
160	309	73
160	327	72
161	69	337
161	77	251
161	78	244
161	106	170
161	144	124
161	156	116
161	182	102
161	254	80
161	276	74
162	80	241
162	91	199
162	95	190
162	132	136
162	149	121
162	159	115
162	165	108
162	167	107
162	180	98
162	185	94
162	189	93
162	238	80
162	262	78
162	268	75
163	69	324
163	73	270
163	74	268
163	81	233
163	83	224
163	89	197
163	112	165
163	119	153
163	121	152
163	132	133
163	164	111
163	179	102
163	228	83
163	246	77
163	276	73
164	76	256
164	82	212
164	91	195
164	116	158
164	119	150
164	122	147
164	131	135
164	135	131
164	140	130
164	143	126
164	153	119
164	182	97
164	197	91
165	88	208
165	93	185
165	112	163
165	140	128
165	198	90
165	298	71
166	71	298
166	105	171
166	110	160
166	126	146
166	134	131
166	155	117
166	161	109
166	180	97
166	195	90
166	202	89
166	285	71
167	71	294
167	92	181
167	99	178
167	102	171
167	124	144
167	135	129
167	176	104
167	233	82
167	236	80
168	72	278
168	78	238
168	83	200
168	103	167
168	115	158
168	116	152
168	125	142
168	128	139
168	137	126
168	148	123
168	149	120
168	153	111
168	191	92
168	199	88
168	218	83
168	232	79
169	70	311
169	74	266
169	97	177
169	112	153
169	120	146
169	121	144
169	125	138
169	169	102
169	219	80
170	67	347
170	104	161
170	145	119
170	181	96
170	230	78
170	260	73
170	282	72
171	72	269
171	84	197
171	94	176
171	125	137
171	164	108
171	178	100
171	209	85
171	216	83
171	253	76
171	278	71
172	70	294
172	74	240
172	91	189
172	109	158
172	119	146
172	182	91
173	68	282
173	81	220
173	107	157
173	114	152
173	119	140
173	122	138
173	128	136
173	130	131
173	136	128
173	158	104
173	176	99
174	89	194
174	93	179
174	141	122
174	145	118
174	163	101
174	205	82
175	66	347
175	72	268
175	81	218
175	90	185
175	99	173
175	108	151
175	113	149
175	115	147
175	128	131
175	150	112
175	175	93
175	238	76
175	249	75
176	67	295
176	72	259
176	77	236
176	106	160
176	147	117
176	155	109
176	180	90
176	203	81
176	245	74
176	330	66
177	87	193
177	102	163
177	114	143
177	129	125
177	138	123
177	241	73
177	271	69
177	329	68
178	67	282
178	78	212
178	99	162
178	106	157
178	111	148
178	143	117
178	148	111
178	200	84
179	86	194
179	96	171
179	108	150
179	122	137
179	266	71
180	117	140
180	121	139
180	139	120
180	140	119
180	152	109
180	154	108
180	167	97
180	190	86
180	214	78
180	298	67
181	66	295
181	95	173
181	116	138
181	120	136
181	127	129
181	142	118
182	69	252
182	73	247
182	85	188
182	96	170
182	101	160
182	133	123
182	134	118
182	145	111
182	151	109
182	159	101
182	194	84
182	251	71
182	322	66
183	77	212
183	78	208
183	102	156
183	121	132
183	125	129
183	144	114
183	214	76
183	257	70
183	287	67
184	72	250
184	91	183
184	96	169
184	123	129
184	198	81
184	225	74
185	84	191
185	98	165
185	103	150
185	119	134
185	131	121
185	162	98
185	172	90
186	76	238
186	97	166
186	137	116
186	161	98
186	169	95
186	177	87
186	196	80
186	255	69
186	273	68
186	275	67
186	293	64
187	68	252
187	92	177
187	100	160
187	119	133
187	124	125
187	150	104
187	166	95
188	65	326
188	106	147
188	113	146
188	149	106
188	236	71
188	266	67
189	81	206
189	90	174
189	112	142
189	140	113
189	233	72
190	63	369
190	64	305
190	71	248
190	87	183
190	134	115
190	136	114
190	147	109
190	162	96
190	192	81
190	198	77
191	90	171
191	93	169
191	117	136
191	122	129
191	141	111
191	259	68
192	74	226
192	84	188
192	103	149
192	115	139
192	118	135
192	140	111
192	186	85
192	189	83
192	244	70
192	273	64
193	73	220
193	81	198
193	88	182
193	98	164
193	100	157
193	112	141
193	132	120
193	152	103
193	211	75
194	63	324
194	66	270
194	93	168
194	95	160
194	108	145
194	130	124
194	137	112
194	148	108
194	161	95
194	209	74
195	80	201
195	85	185
195	113	135
195	117	132
195	123	128
195	129	124
195	131	118
195	135	112
195	138	111
195	139	108
195	161	94
195	166	92
195	183	85
195	251	67
196	62	337
196	80	191
196	94	162
196	100	154
196	110	139
196	130	122
196	144	105
197	67	259
197	79	197
197	113	134
197	124	121
198	72	220
198	116	132
198	131	116
198	246	67
198	305	62
199	63	288
199	66	262
199	88	175
199	95	158
199	102	152
199	106	143
199	113	131
199	133	111
199	151	103
199	156	97
199	169	86
199	186	79
199	236	69
200	62	332
200	74	214
200	78	203
200	97	154
200	101	148
200	119	127
200	127	118
200	129	115
200	166	91
200	174	83
200	191	76
200	222	73
201	70	249
201	109	142
201	122	126
201	224	70
202	65	287
202	73	217
202	90	170
202	92	168
202	110	138
202	123	124
202	126	118
202	148	101
202	150	100
202	222	72
202	266	63
203	62	293
203	76	210
203	87	176
203	94	161
203	115	126
203	119	122
203	135	108
203	152	98
203	155	97
203	204	74
204	92	166
204	126	115
204	132	113
204	134	108
204	138	104
204	146	102
204	202	73
204	232	69
204	308	61
205	61	364
205	62	280
205	65	260
205	86	172
205	96	154
205	124	120
205	125	118
205	173	85
205	209	72
205	254	64
205	314	60
206	67	256
206	104	147
206	105	139
206	112	128
206	241	68
207	83	185
207	91	166
207	102	138
207	153	94
207	245	67
208	61	293
208	109	136
208	118	120
208	130	111
208	150	99
208	239	66
209	71	235
209	122	118
209	131	108
209	139	101
209	158	92
209	226	69
209	229	68
210	82	179
210	99	153
210	105	135
210	124	114
210	140	100
210	162	88
211	59	359
211	74	203
211	80	188
211	92	160
211	147	97
211	154	93
211	182	82
211	217	69
211	227	67
211	286	62
212	60	303
212	73	209
212	88	165
212	97	152
212	152	94
212	159	91
212	313	60
213	81	182
213	177	82
213	181	81
213	188	76
213	263	62
214	105	134
214	121	115
214	157	92
215	66	258
215	68	226
215	91	159
215	100	142
215	104	134
215	127	106
215	202	71
215	247	63
216	59	323
216	64	261
216	87	166
216	122	113
216	163	87
216	180	80
216	241	65
217	59	303
217	67	229
217	96	151
217	98	147
217	109	128
217	112	123
217	151	94
217	161	90
218	80	186
218	93	150
218	96	148
218	130	103
218	172	83
218	295	60
219	79	185
219	87	162
219	125	111
219	143	99
219	145	98
219	156	91
219	177	80
219	192	75
220	63	270
220	101	141
220	161	87
220	165	85
220	226	67
220	275	59
221	58	347
221	61	268
221	94	147
221	114	122
221	117	119
221	150	90
221	157	88
221	166	84
221	220	66
222	66	249
222	77	197
222	84	177
222	92	151
222	100	140
222	143	95
222	155	87
222	172	80
222	176	78
222	195	74
223	58	340
223	60	291
223	107	129
223	190	73
224	65	247
224	85	170
224	100	139
224	109	126
224	165	83
225	76	191
225	95	143
225	104	131
225	110	125
225	138	98
225	140	96
226	105	130
226	109	124
226	128	104
226	137	101
226	145	93
226	258	60
226	304	58
227	57	325
227	99	134
227	119	113
227	124	110
227	162	84
227	177	77
227	293	57
228	59	287
228	71	220
228	75	194
228	77	186
228	90	156
228	160	84
228	181	75
228	318	56
229	87	160
229	108	124
230	56	364
230	73	207
230	84	170
230	125	108
230	136	97
230	160	83
230	244	64
231	69	217
231	86	169
231	108	122
231	127	104
231	144	93
231	155	84
231	188	74
231	199	70
232	58	306
232	129	103
232	137	91
232	154	84
232	160	81
232	190	71
232	231	63
233	79	175
233	83	163
233	102	129
233	114	116
233	150	89
233	174	76
233	256	59
234	62	263
234	74	193
234	108	120
234	173	76
234	180	72
234	236	62
234	282	57
235	66	235
235	69	215
235	91	149
235	130	99
235	149	89
235	172	77
236	64	259
236	66	233
236	84	160
236	89	153
236	98	141
236	122	108
236	213	69
236	237	61
237	65	244
237	111	117
237	118	109
237	179	74
237	199	68
237	286	56
238	63	262
238	64	237
238	117	108
239	77	179
239	115	114
239	135	96
239	153	80
239	239	60
240	60	274
240	85	156
240	158	77
240	209	65
241	56	317
241	58	299
241	61	254
241	75	188
241	94	141
241	206	67
241	265	57
242	56	297
242	92	148
242	186	71
243	71	198
243	72	194
243	80	173
243	125	106
243	138	89
243	144	84
243	187	68
244	78	176
244	84	157
244	129	98
244	169	74
245	70	205
245	134	90
245	181	71
245	212	63
245	281	56
246	58	278
246	77	177
246	131	97
247	62	238
247	68	214
247	76	176
247	98	138
247	122	106
247	180	71
248	67	219
248	73	187
248	83	160
249	61	242
249	68	205
249	87	150
249	97	134
249	105	128
249	118	106
249	155	77
249	176	73
250	79	167
250	126	105
250	154	78
250	160	74
251	59	271
251	60	245
251	92	144
251	94	135
251	118	105
251	127	98
251	175	73
251	199	66
252	54	319
252	55	316
252	57	287
252	78	175
252	140	84
252	177	71
252	292	55
253	56	281
253	59	255
253	69	202
253	90	141
253	145	81
253	190	65
254	128	94
254	246	57
255	124	99
255	127	93
255	226	60
255	272	55
256	58	265
256	69	200
256	74	177
256	89	143
256	99	123
256	141	83
256	202	64
257	53	344
257	80	165
257	84	151
257	221	62
258	66	206
258	147	80
258	172	72
259	91	139
259	150	77
259	241	57
260	68	200
260	93	137
260	108	111
260	116	109
260	156	75
260	209	63
260	229	58
261	71	189
261	76	166
261	80	161
262	62	226
262	67	203
262	70	188
262	117	103
263	141	82
263	148	79
263	218	61
264	88	147
264	123	99
264	126	94
264	137	89
264	138	84
264	159	72
265	137	83
266	52	363
266	93	132
266	102	120
266	139	82
266	142	80
267	121	99
267	205	63
268	63	214
268	69	196
268	88	139
268	99	121
268	124	92
268	207	60
269	53	317
269	79	160
269	98	125
269	146	78
269	170	67
269	240	57
269	296	52
270	54	310
270	202	62
271	68	189
271	73	178
271	104	116
271	131	90
271	219	59
271	257	54
272	77	160
272	108	109
272	116	105
272	134	84
273	54	304
273	109	108
273	264	53
274	54	284
274	91	136
274	93	127
274	97	126
274	117	100
274	139	81
274	155	73
274	185	65
274	213	59
274	228	58
275	62	212
276	55	279
276	70	178
276	84	144
276	252	54
277	61	215
277	80	153
277	118	96
277	140	80
278	114	101
278	132	86
279	51	363
279	60	240
279	102	118
279	113	105
279	123	92
279	138	81
279	150	73
279	193	62
280	55	268
280	57	261
280	69	188
280	79	159
280	81	150
280	87	143
280	91	134
281	56	255
281	66	202
281	67	201
281	77	157
281	98	117
281	137	82
282	53	314
282	133	84
282	140	79
282	277	52
283	55	258
283	58	232
283	73	172
283	92	127
283	106	111
283	107	108
283	156	72
283	169	65
284	52	306
284	79	156
284	135	82
284	249	56
285	54	268
285	57	245
285	64	205
285	66	199
285	83	147
285	86	141
285	107	105
285	124	90
285	222	57
286	72	175
286	131	83
286	245	53
287	69	182
287	70	176
287	71	172
287	85	138
287	88	132
287	113	101
287	116	96
287	136	80
287	143	78
287	147	77
288	101	114
289	51	331
289	67	183
289	80	151
289	152	70
290	72	168
290	114	98
290	228	56
291	52	302
291	66	186
292	71	171
292	88	131
292	122	95
292	137	77
292	239	54
293	111	100
294	57	239
294	69	172
294	83	145
294	212	59
295	80	150
295	81	149
295	83	144
295	124	86
296	61	213
296	68	175
296	85	135
296	97	119
296	134	78
296	329	50
297	79	152
297	102	110
297	114	94
297	146	74
298	84	139
298	142	73
298	157	69
298	174	64
298	186	60
299	57	234
299	63	201
299	76	160
299	78	153
299	151	70
300	53	270
300	54	256
300	83	143
300	106	106
300	156	67
300	290	50
301	83	139
301	111	98
301	130	84
302	49	395
302	62	205
302	71	163
302	92	120
302	103	107
302	113	94
302	136	77
302	139	74
302	166	65
303	52	296
303	56	250
303	65	189
303	70	171
303	87	132
303	151	68
304	61	208
304	78	152
304	80	147
304	149	71
305	51	294
305	54	254
305	72	160
305	131	81
306	50	325
306	77	151
306	99	110
306	136	75
306	165	66
307	49	381
307	59	225
307	84	136
307	179	60
308	64	189
308	130	79
309	56	228
309	63	197
309	73	159
309	76	157
309	78	148
309	82	145
309	95	118
309	116	89
309	146	70
309	226	56
310	208	56
311	49	350
311	58	215
311	108	98
311	268	51
312	53	264
312	70	170
312	82	140
312	122	88
312	313	49
313	129	85
313	131	77
313	271	50
314	80	145
315	52	259
315	53	245
315	135	76
315	141	72
316	60	204
316	66	180
316	174	63
316	216	55
317	55	232
317	70	163
317	81	142
317	120	84
317	127	83
317	239	51
318	160	66
319	69	166
319	103	104
320	71	160
320	169	61
320	182	58
321	68	169
321	85	129
321	98	115
321	132	75
321	261	50
323	126	79
324	78	147
325	66	178
325	93	118
325	94	117
325	147	66
326	62	197
326	112	91
327	157	65
328	67	175
328	76	150
328	132	73
328	196	55
329	49	334
329	57	226
329	64	184
329	80	141
329	91	120
329	102	106
329	106	100
329	111	94
329	124	83
330	104	102
332	48	351
332	54	240
332	55	226
332	84	130
332	123	82
332	170	60
333	59	210
333	75	150
333	98	110
333	99	109
334	116	86
335	77	148
335	122	81
335	127	75
335	172	59
335	313	48
336	78	145
337	96	113
338	165	60
339	50	299
339	51	272
339	158	62
339	221	52
340	81	136
340	297	49
341	54	239
342	246	50
343	128	73
343	186	56
343	281	49
344	61	196
345	54	235
346	268	49
347	58	211
348	294	48
350	63	187
350	178	56
351	51	268
351	52	254
352	57	211
352	119	82
352	125	76
353	80	138
353	111	91
354	143	69
356	50	268
356	51	254
356	105	100
356	123	79
357	59	206
357	103	102
357	156	62
358	59	202
359	46	359
360	47	357
361	115	86
364	95	113
368	53	233
368	66	173
368	288	48
369	164	59
370	64	183
373	153	63
373	245	50
377	57	209
379	55	219
380	48	308
