60	370	457
60	379	431
60	397	429
61	355	436
61	384	413
61	403	404
61	421	402
62	334	466
62	342	416
62	357	394
62	375	392
65	312	417
65	362	364
65	417	359
66	349	372
67	287	458
67	298	430
67	305	397
67	320	375
68	283	416
68	305	392
68	315	383
68	365	351
69	312	365
69	442	321
70	278	425
70	295	376
70	325	345
70	369	323
70	399	316
70	430	313
71	261	413
71	324	340
71	376	319
72	290	362
72	305	345
72	350	323
72	399	313
72	402	306
72	406	300
73	245	441
73	273	373
73	279	372
73	281	364
73	297	359
73	319	327
73	325	321
73	338	315
73	368	310
74	239	421
74	242	407
74	257	385
74	304	328
74	316	318
74	329	312
74	350	304
74	390	299
74	465	293
75	412	279
76	383	298
77	232	415
77	235	401
77	286	362
77	324	311
78	223	448
78	231	395
78	264	381
78	333	306
79	226	430
79	254	371
79	285	335
79	302	308
79	373	295
80	227	397
80	263	354
80	283	312
80	298	295
80	345	284
81	218	406
81	239	368
81	275	350
81	280	323
81	315	288
81	320	285
81	380	281
82	222	400
82	223	382
82	230	377
82	251	357
82	258	342
82	261	320
82	276	303
82	334	283
82	412	247
83	219	400
83	226	376
83	241	351
83	256	335
83	282	299
83	293	296
83	324	264
83	350	256
83	385	253
84	221	393
84	245	340
84	248	338
84	274	302
84	279	295
84	289	280
84	404	244
84	423	241
85	207	394
85	225	349
85	240	327
85	270	309
85	305	269
85	330	258
86	212	370
86	267	288
86	328	248
86	369	236
86	387	234
86	415	232
87	189	441
87	192	422
87	215	364
87	224	337
87	259	307
88	197	394
88	199	388
88	215	346
88	236	335
88	265	295
88	267	279
88	338	241
89	237	315
89	246	295
89	342	229
90	179	441
90	182	422
90	190	415
90	202	364
90	236	324
90	258	294
90	300	259
90	326	251
90	328	230
91	190	388
91	224	333
91	230	305
91	255	290
91	265	275
91	368	223
92	187	398
92	205	346
92	221	314
92	281	264
92	306	253
93	170	462
93	172	430
93	180	401
93	185	397
93	188	382
93	240	285
93	243	283
93	304	243
93	309	238
93	335	219
94	178	419
94	192	364
94	246	281
94	251	272
94	260	270
94	304	229
94	363	211
95	179	411
95	180	387
95	227	304
95	243	274
95	255	260
95	323	216
95	352	213
95	451	202
96	163	451
96	166	424
96	179	400
96	196	359
96	207	343
96	210	342
96	211	314
96	257	258
96	302	239
96	307	227
96	318	224
96	322	213
97	188	368
97	190	364
97	200	353
97	201	342
97	261	246
97	283	242
97	304	225
97	457	196
98	166	411
98	170	395
98	175	393
98	178	385
98	198	350
98	199	334
98	220	310
98	234	300
98	235	289
98	241	284
98	249	266
98	256	251
98	274	240
98	282	238
98	294	230
98	320	209
99	162	449
99	175	386
99	184	373
99	186	353
99	200	326
99	221	309
99	260	249
99	267	240
99	274	239
99	296	216
99	329	202
100	178	378
100	180	373
100	181	370
100	216	308
100	226	306
100	227	292
100	231	273
100	236	265
100	262	237
100	279	234
100	286	217
100	298	209
100	331	199
101	169	407
101	172	388
101	173	371
101	178	358
101	196	349
101	199	321
101	222	290
101	227	267
101	269	233
101	280	224
101	322	201
101	376	196
101	404	187
102	153	432
102	170	383
102	215	293
102	245	264
102	260	242
102	310	207
103	165	376
103	192	321
103	206	303
103	208	296
103	219	287
103	223	280
103	233	253
103	248	240
103	298	208
103	301	198
103	369	190
103	376	188
103	379	184
103	483	180
104	170	360
104	188	347
104	225	267
104	267	219
104	292	211
104	377	186
105	180	348
105	184	326
105	211	285
105	217	267
105	272	214
105	273	212
105	292	209
105	311	190
105	389	183
106	150	413
106	176	357
106	198	314
106	211	274
106	218	265
106	236	244
106	244	240
106	297	202
106	313	187
107	148	427
107	162	377
107	174	352
107	182	326
107	195	307
107	209	287
107	225	255
107	242	241
107	304	188
107	430	171
108	143	432
108	178	339
108	189	306
108	206	302
108	212	269
108	247	235
108	250	226
108	278	211
108	285	201
108	330	179
108	343	177
109	141	462
109	154	403
109	156	368
109	166	352
109	197	298
109	205	290
109	221	261
109	222	258
109	230	251
109	233	244
109	244	231
109	251	224
109	271	213
109	324	178
109	330	176
109	351	172
109	389	169
109	482	166
110	148	388
110	165	354
110	202	295
110	207	276
110	262	223
110	273	205
110	281	198
110	315	183
110	325	176
110	401	166
111	138	440
111	153	372
111	166	337
111	188	317
111	191	302
111	200	284
111	215	255
111	236	237
111	269	214
111	272	209
111	275	197
111	287	189
111	301	183
111	306	177
111	312	175
112	163	359
112	166	331
112	168	326
112	180	325
112	186	311
112	197	276
112	220	244
112	223	238
112	244	227
112	283	194
113	142	410
113	153	368
113	158	363
113	177	323
113	193	287
113	207	259
113	209	257
113	230	231
113	256	217
113	258	201
113	341	166
113	437	159
114	133	451
114	146	387
114	175	308
114	187	306
114	201	270
114	203	253
114	214	247
114	219	244
114	221	233
114	236	225
114	243	213
114	253	208
114	262	199
114	285	190
114	364	161
115	131	462
115	139	386
115	159	340
115	163	334
115	186	302
115	191	290
115	194	278
115	198	272
115	215	243
115	218	240
115	230	230
115	242	216
115	294	187
115	334	166
115	343	162
115	376	158
116	141	370
116	153	361
116	165	330
116	181	285
116	192	279
116	199	265
116	209	239
116	220	233
116	221	230
116	227	219
116	247	208
116	277	196
116	306	172
116	319	165
116	330	163
116	361	160
117	130	433
117	134	395
117	155	345
117	169	322
117	191	278
117	193	275
117	198	255
117	254	204
117	255	202
117	273	192
117	280	182
117	299	180
117	339	162
117	427	153
118	136	378
118	165	328
118	172	318
118	174	304
118	177	293
118	218	234
118	259	194
118	261	193
118	293	168
118	331	162
118	354	155
119	129	403
119	140	373
119	153	360
119	157	339
119	180	288
119	204	241
119	247	201
119	259	187
119	260	186
119	320	160
119	366	152
120	139	376
120	141	367
120	148	357
120	172	310
120	181	283
120	184	282
120	188	258
120	213	229
120	218	227
120	232	216
120	237	213
120	291	175
120	319	164
120	478	149
121	132	370
121	147	337
121	158	320
121	166	308
121	187	274
121	223	216
121	244	192
121	265	185
121	287	166
121	363	150
121	424	149
122	125	507
122	143	348
122	153	336
122	154	334
122	159	304
122	166	290
122	191	255
122	196	238
122	233	211
122	234	206
122	235	204
122	270	180
122	278	173
122	279	169
122	290	163
123	120	433
123	127	378
123	149	325
123	164	300
123	166	287
123	227	213
123	238	199
123	245	188
123	257	187
123	270	175
123	299	161
124	186	264
124	202	224
124	218	221
124	219	211
124	220	204
124	268	184
124	271	174
124	332	159
124	390	149
124	468	143
125	121	400
125	128	359
125	133	356
125	155	303
125	167	282
125	178	279
125	191	239
125	194	238
125	234	201
125	241	193
125	247	186
125	260	185
126	115	484
126	139	353
126	146	325
126	151	313
126	179	274
126	182	266
126	215	219
126	220	201
126	233	195
126	240	190
126	281	168
126	301	153
127	123	367
127	134	337
127	145	314
127	153	310
127	156	295
127	172	270
127	173	260
127	225	200
127	254	178
127	256	176
127	267	172
127	280	165
127	281	161
127	434	143
128	166	283
128	181	243
128	190	241
128	198	235
128	207	219
128	211	212
128	219	206
128	236	190
128	388	140
129	112	449
129	117	444
129	122	393
129	137	334
129	139	327
129	151	292
129	159	288
129	160	279
129	176	257
129	232	192
129	243	185
129	251	176
129	273	166
129	339	149
130	118	398
130	142	314
130	159	275
130	195	232
130	200	225
130	206	223
130	210	213
130	214	206
130	227	191
130	260	174
130	276	165
131	111	416
131	146	300
131	149	299
131	154	289
131	163	272
131	177	247
131	188	237
131	211	199
131	230	188
131	237	187
131	240	179
131	299	156
131	305	150
131	323	147
131	366	146
131	396	136
131	432	135
132	118	365
132	126	361
132	127	339
132	150	297
132	168	258
132	179	242
132	185	228
132	202	217
132	210	211
132	219	191
132	227	188
132	230	184
132	248	176
132	285	158
132	338	142
132	358	140
132	360	138
133	106	475
133	155	279
133	187	226
133	199	224
133	216	195
133	254	175
133	291	153
133	315	147
133	337	143
133	350	139
133	372	135
134	117	391
134	133	317
134	139	303
134	146	290
134	154	286
134	163	260
134	164	255
134	170	249
134	178	238
134	184	232
134	190	225
134	194	224
134	200	204
134	211	197
134	219	190
134	256	170
134	260	163
134	271	157
135	110	429
135	112	400
135	181	233
135	204	202
135	232	182
135	242	174
135	253	172
135	306	144
135	374	134
135	421	132
135	447	131
136	106	414
136	116	392
136	122	350
136	132	329
136	144	297
136	151	285
136	175	246
136	178	236
136	183	226
136	198	206
136	200	201
136	211	194
136	230	178
136	234	177
136	241	174
136	243	171
136	299	150
136	343	135
136	380	131
136	440	129
136	477	128
137	103	432
137	122	337
137	150	283
137	159	265
137	175	242
137	184	224
137	196	223
137	206	200
137	224	187
137	236	175
137	254	169
137	320	140
137	355	132
138	114	390
138	117	385
138	121	352
138	127	332
138	137	308
138	150	275
138	157	258
138	164	244
138	175	238
138	194	212
138	217	191
138	226	182
138	234	175
138	262	161
138	282	147
139	117	345
139	128	315
139	137	302
139	143	296
139	146	280
139	182	230
139	186	220
139	195	201
139	206	194
139	210	188
139	262	155
139	443	128
140	98	464
140	104	418
140	107	398
140	137	297
140	142	295
140	156	264
140	160	252
140	179	229
140	209	193
140	213	187
140	222	184
140	223	178
140	251	167
140	256	161
140	289	143
140	328	136
140	363	128
141	105	395
141	116	358
141	123	323
141	177	235
141	191	199
141	198	198
141	202	192
141	205	190
141	216	184
141	219	181
141	231	175
141	232	170
141	236	169
142	98	430
142	105	387
142	111	381
142	133	314
142	136	295
142	149	279
142	168	229
142	182	216
142	216	181
142	227	174
142	245	162
143	117	341
143	144	283
143	146	269
143	159	251
143	166	236
143	252	158
143	305	137
143	347	129
143	356	128
144	95	450
144	103	408
144	128	303
144	146	264
144	153	250
144	179	215
144	188	211
144	197	192
144	202	187
144	208	185
144	215	181
144	218	177
144	231	173
144	294	135
145	116	341
145	178	224
145	180	213
145	181	212
145	184	203
145	196	198
145	206	185
145	215	177
145	226	170
145	274	143
145	288	142
145	367	123
145	474	122
146	92	456
146	109	378
146	115	364
146	143	291
146	149	258
146	172	216
146	195	197
146	210	178
146	221	171
146	232	165
146	414	121
146	440	120
147	97	430
147	103	373
147	110	342
147	119	332
147	121	312
147	131	300
147	191	197
147	212	175
147	218	172
147	223	168
147	246	161
147	270	145
147	302	131
147	430	117
147	456	116
148	95	411
148	142	288
148	144	272
148	146	258
148	157	235
148	165	225
148	171	222
148	175	213
148	180	210
148	183	202
148	188	194
148	199	187
148	201	185
148	204	178
148	215	171
148	226	165
148	232	162
148	245	154
148	287	137
149	90	448
149	100	400
149	116	320
149	125	299
149	135	275
149	169	223
149	174	212
149	178	203
149	184	200
149	185	199
149	188	190
149	193	188
149	199	183
149	232	161
149	251	151
149	298	132
149	342	130
149	355	123
150	91	428
150	97	385
150	144	258
150	208	174
150	217	168
150	219	167
150	241	160
150	243	155
150	287	135
150	356	122
151	101	370
151	107	351
151	108	339
151	122	305
151	154	247
151	170	218
151	173	209
151	183	200
151	195	186
151	200	177
151	206	176
151	211	170
151	222	164
151	223	163
151	368	119
152	119	310
152	130	280
152	151	246
152	161	222
152	165	218
152	170	213
152	199	178
152	210	171
152	237	155
152	275	141
152	278	140
152	297	131
152	303	130
152	306	126
152	364	121
152	386	117
152	447	112
153	101	360
153	104	353
153	107	345
153	110	333
153	114	317
153	121	305
153	123	296
153	177	207
153	178	199
153	183	191
153	194	184
153	206	170
153	215	169
153	217	163
153	226	162
153	231	160
153	250	153
153	258	148
153	259	145
153	264	143
153	277	138
153	285	137
153	339	123
154	88	435
154	89	425
154	90	420
154	91	418
154	94	394
154	95	382
154	98	379
154	103	352
154	124	294
154	125	288
154	135	264
154	148	248
154	150	240
154	153	237
154	154	231
154	158	228
154	164	219
154	172	212
154	176	204
154	181	196
154	193	185
154	195	180
154	244	151
154	251	145
154	269	142
154	371	117
154	393	113
155	90	410
155	105	348
155	119	307
155	120	302
155	144	257
155	163	218
155	167	209
155	172	208
155	174	205
155	177	196
155	182	194
155	186	188
155	191	185
155	198	177
155	222	161
155	230	159
155	233	154
155	283	131
155	291	130
155	365	120
156	121	300
156	134	265
156	138	258
156	148	238
156	170	206
156	188	186
156	198	173
156	202	169
156	208	168
156	209	166
156	213	162
156	266	142
156	281	135
156	303	126
156	325	122
156	367	119
157	99	357
157	118	309
157	143	253
157	163	214
157	172	205
157	174	201
157	181	194
157	182	193
157	189	183
157	192	181
157	307	125
157	379	112
157	421	109
157	454	108
158	100	355
158	101	349
158	109	332
158	114	315
158	120	295
158	133	261
158	141	249
158	143	246
158	154	224
158	159	219
158	173	203
158	176	198
158	180	191
158	185	183
158	191	182
158	196	176
158	206	167
158	217	160
158	241	150
158	251	142
158	262	135
158	287	129
158	294	126
158	314	124
158	333	120
159	110	328
159	139	257
159	153	236
159	166	211
159	167	205
159	172	197
159	183	190
159	195	175
159	197	173
159	199	172
159	208	166
159	229	158
159	231	150
159	242	143
159	390	110
160	106	325
160	112	319
160	118	300
160	128	269
160	134	260
160	139	246
160	142	243
160	152	227
160	170	202
160	179	195
160	183	187
160	184	186
160	188	180
160	193	174
160	204	167
160	230	156
160	281	128
161	105	339
161	116	312
161	117	309
161	120	287
161	146	235
161	159	218
161	164	211
161	171	201
161	178	191
161	184	184
161	191	179
161	201	168
161	202	166
161	205	164
161	212	161
161	213	159
161	216	157
161	227	149
161	261	139
161	269	133
161	280	128
161	359	119
161	361	118
161	374	115
162	93	377
162	145	240
162	159	212
162	169	200
162	177	192
162	183	185
162	187	179
162	191	175
162	198	172
162	200	169
162	265	130
162	296	121
162	302	119
162	354	116
162	413	109
162	428	105
163	100	344
163	101	336
163	113	318
163	156	220
163	179	189
163	181	184
163	195	172
163	223	155
163	233	147
163	260	138
163	321	116
163	343	111
163	356	109
163	419	106
164	82	452
164	86	440
164	88	418
164	89	385
164	95	365
164	96	362
164	98	355
164	99	353
164	103	334
164	117	308
164	127	277
164	137	256
164	145	238
164	146	233
164	165	204
164	169	197
164	173	194
164	174	189
164	197	167
164	208	160
164	226	152
164	246	140
164	259	136
164	375	106
164	431	103
165	88	408
165	107	316
165	123	284
165	139	243
165	144	240
165	164	206
165	165	202
165	180	185
165	186	179
165	190	174
165	194	169
165	195	166
165	201	165
165	206	159
165	232	147
165	236	146
165	255	138
165	287	123
165	305	116
166	83	418
166	105	324
166	116	300
166	124	280
166	131	263
166	132	262
166	138	254
166	149	226
166	156	218
166	160	211
166	162	203
166	172	193
166	177	186
166	180	183
166	181	181
166	182	180
166	186	176
166	192	173
166	238	141
167	87	387
167	93	360
167	117	288
167	120	284
167	126	278
167	127	271
167	129	268
167	144	230
167	148	226
167	160	207
167	167	197
167	173	190
167	180	182
167	187	174
167	218	149
167	231	147
167	235	142
167	243	137
167	262	134
167	265	128
168	97	351
168	103	331
168	126	272
168	129	266
168	130	265
168	131	261
168	138	251
168	143	232
168	156	213
168	159	209
168	165	201
168	166	198
168	172	191
168	179	182
168	183	176
168	186	175
168	189	173
168	200	163
168	229	146
168	259	134
168	290	120
168	437	100
169	80	435
169	103	319
169	132	259
169	147	221
169	152	217
169	157	208
169	168	195
169	170	190
169	174	188
169	175	186
169	178	182
169	193	167
169	204	160
169	206	157
169	217	150
169	233	145
169	264	129
169	278	121
169	311	111
169	356	105
170	91	362
170	104	318
170	115	288
170	135	247
170	136	244
170	160	204
170	163	198
170	179	181
170	188	171
170	200	160
170	203	158
170	215	152
170	226	145
170	236	141
170	276	127
170	375	102
171	84	399
171	88	381
171	90	379
171	96	338
171	107	306
171	113	305
171	125	278
171	150	220
171	169	193
171	172	187
171	179	180
171	182	175
171	184	172
171	185	171
171	191	168
171	195	163
171	199	161
171	207	156
171	211	155
171	236	138
171	255	134
171	310	115
171	354	110
171	431	98
172	102	324
172	118	283
172	124	273
172	134	251
172	148	220
172	151	214
172	157	207
172	166	195
172	170	187
172	175	182
172	181	175
172	191	165
172	202	158
172	230	144
172	255	129
172	261	123
172	283	116
172	314	108
172	359	102
173	85	387
173	104	317
173	114	299
173	119	275
173	131	248
173	134	239
173	139	230
173	144	227
173	150	219
173	152	209
173	157	205
173	163	196
173	169	188
173	172	186
173	173	184
173	175	181
173	176	180
173	178	178
173	180	176
173	204	157
173	214	149
173	219	145
173	220	144
173	231	136
173	245	132
173	256	125
174	94	340
174	112	297
174	128	254
174	137	236
174	147	220
174	148	218
174	149	215
174	150	213
174	154	207
174	158	203
174	160	201
174	165	192
174	168	188
174	172	182
174	186	170
174	193	163
174	198	158
174	204	156
174	206	154
174	211	153
174	217	147
174	226	138
174	302	112
174	385	101
175	100	326
175	104	315
175	111	286
175	157	202
175	167	188
175	179	175
175	182	173
175	186	169
175	201	157
175	244	130
175	264	120
175	281	116
175	286	113
175	291	112
176	85	385
176	89	362
176	101	316
176	122	260
176	132	240
176	137	233
176	141	227
176	148	217
176	149	212
176	160	198
176	163	192
176	168	187
176	171	185
176	177	175
176	179	173
176	186	166
176	189	164
176	197	159
176	211	146
176	248	129
176	252	127
177	110	299
177	127	253
177	157	198
177	163	191
177	171	181
177	174	177
177	182	170
177	183	168
177	186	165
177	189	162
177	194	161
177	195	158
177	200	155
177	218	145
177	247	129
177	312	110
178	120	268
178	122	255
178	130	237
178	135	233
178	143	218
178	145	216
178	148	212
178	154	201
178	159	195
178	165	188
178	167	187
178	169	183
178	170	181
178	173	179
178	180	171
178	197	156
178	199	154
178	220	141
178	236	135
178	261	121
178	294	109
178	322	107
178	408	96
179	77	433
179	135	228
179	140	224
179	148	209
179	161	194
179	162	190
179	164	187
179	166	186
179	167	184
179	169	182
179	196	156
179	207	153
179	208	150
179	252	126
179	256	123
179	301	108
179	370	97
180	86	373
180	92	337
180	120	257
180	136	226
180	146	215
180	176	176
180	177	172
180	182	169
180	187	164
180	188	161
180	209	147
180	230	137
180	271	119
180	285	113
180	338	102
181	79	410
181	104	312
181	110	287
181	112	275
181	151	204
181	164	186
181	168	181
181	175	175
181	183	166
181	188	158
181	194	157
181	198	154
181	199	151
181	217	141
181	300	106
181	311	104
181	356	98
182	111	285
182	116	273
182	140	222
182	145	213
182	157	196
182	166	181
182	168	179
182	170	178
182	172	177
182	175	172
182	177	169
182	202	148
182	213	141
182	223	136
182	239	129
182	251	124
182	259	120
182	262	117
182	263	116
182	318	102
182	350	101
182	379	96
183	98	334
183	105	292
183	110	282
183	129	249
183	133	227
183	139	220
183	146	208
183	149	204
183	156	199
183	160	192
183	161	191
183	172	174
183	175	171
183	178	168
183	182	164
183	193	157
183	211	142
183	407	91
184	85	368
184	89	351
184	97	312
184	129	243
184	140	216
184	141	214
184	143	210
184	154	195
184	158	189
184	164	184
184	165	183
184	169	178
184	190	157
184	193	155
184	201	150
184	272	114
184	289	107
184	311	102
184	366	96
185	88	349
185	89	344
185	108	288
185	109	287
185	126	248
185	137	222
185	144	208
185	152	201
185	156	193
185	181	166
185	184	160
185	187	158
185	195	153
185	196	152
185	222	140
185	224	134
185	250	122
185	266	113
185	339	100
185	372	95
185	402	90
186	101	307
186	117	267
186	150	199
186	152	195
186	161	186
186	166	178
186	176	170
186	177	167
186	191	156
186	193	152
186	196	150
186	200	149
186	204	145
186	213	139
186	273	110
187	90	343
187	95	332
187	98	311
187	102	297
187	108	284
187	118	265
187	123	250
187	127	238
187	131	232
187	138	215
187	149	200
187	154	192
187	162	184
187	163	182
187	164	180
187	171	175
187	172	172
187	174	170
187	176	168
187	177	164
187	183	163
187	188	157
187	189	156
187	191	153
187	229	133
187	243	123
187	269	112
187	437	88
188	81	370
188	87	343
188	129	233
188	136	221
188	140	211
188	142	208
188	146	202
188	156	190
188	159	184
188	161	183
188	166	175
188	173	171
188	210	141
188	218	137
188	236	123
188	283	108
188	296	106
188	300	102
188	382	94
189	102	290
189	107	280
189	131	229
189	134	225
189	143	206
189	147	200
189	148	198
189	158	187
189	165	178
189	171	170
189	182	163
189	186	158
189	220	132
189	231	125
189	416	87
190	83	368
190	91	332
190	100	308
190	125	246
190	126	243
190	129	232
190	151	197
190	153	191
190	154	189
190	158	185
190	185	159
190	199	148
190	202	144
190	206	142
190	211	140
190	246	120
190	254	116
191	85	345
191	111	269
191	117	261
191	118	258
191	126	241
191	151	195
191	153	190
191	170	170
191	172	168
191	179	161
191	203	143
191	204	141
191	215	136
191	251	117
191	276	106
191	302	99
192	78	394
192	80	371
192	82	364
192	120	245
192	131	228
192	133	220
192	145	199
192	156	184
192	168	171
192	175	165
192	176	163
192	179	160
192	182	157
192	185	156
192	189	152
192	225	129
192	234	122
192	270	110
192	275	109
192	295	100
192	333	94
193	100	294
193	108	272
193	110	267
193	114	255
193	121	243
193	126	232
193	128	227
193	131	222
193	140	208
193	142	203
193	153	186
193	163	176
193	173	166
193	178	162
193	192	149
193	211	139
193	361	92
193	402	89
194	84	351
194	96	314
194	103	285
194	106	273
194	111	261
194	116	251
194	134	216
194	135	215
194	137	210
194	149	194
194	158	183
194	159	181
194	162	177
194	175	164
194	194	148
194	225	127
194	284	102
195	79	377
195	91	327
195	98	293
195	108	269
195	110	264
195	157	183
195	164	174
195	167	172
195	170	168
195	185	151
195	197	144
195	202	138
195	213	131
195	234	120
195	236	119
195	262	110
195	263	108
195	288	101
196	125	233
196	140	207
196	148	191
196	153	185
196	165	172
196	166	170
196	178	160
196	181	153
196	196	147
197	90	325
197	95	320
197	122	232
197	124	227
197	139	204
197	147	191
197	152	188
197	159	176
197	164	172
197	165	171
197	168	167
197	170	164
197	173	163
197	191	146
197	194	144
197	195	143
197	206	137
197	208	135
197	229	124
197	256	111
197	283	102
197	352	92
198	76	381
198	95	309
198	96	295
198	131	215
198	133	210
198	146	194
198	148	189
198	157	182
198	158	180
198	164	171
198	165	169
198	171	163
198	172	162
198	175	159
198	180	157
198	226	124
198	238	116
198	266	105
199	74	452
199	88	324
199	136	206
199	138	201
199	141	197
199	145	196
199	153	182
199	157	179
199	162	173
199	167	167
199	177	157
199	205	137
199	209	133
199	245	113
200	74	422
200	95	301
200	103	271
200	105	266
200	113	248
200	121	235
200	139	199
200	155	181
200	164	170
200	173	158
200	177	155
200	188	148
200	200	140
200	206	136
200	231	121
200	388	85
200	408	82
201	101	282
201	119	247
201	122	231
201	145	190
201	147	188
201	152	184
201	162	172
201	172	160
201	192	143
201	201	138
201	206	134
201	222	125
201	298	94
201	349	93
202	81	349
202	86	326
202	107	262
202	136	202
202	146	188
202	154	178
202	158	174
202	161	172
202	165	168
202	170	159
202	180	152
202	198	139
202	205	133
202	224	124
202	245	112
202	258	107
202	431	81
203	99	285
203	159	170
203	162	169
203	168	164
203	172	157
203	195	142
203	203	136
203	213	128
203	269	101
203	282	97
204	70	435
204	72	400
204	73	389
204	93	302
204	98	289
204	99	284
204	119	236
204	127	224
204	161	168
204	164	165
204	186	150
204	234	118
204	407	83
205	79	351
205	92	319
205	99	282
205	105	263
205	111	259
205	130	220
205	135	203
205	136	201
205	138	197
205	141	194
205	166	163
205	176	154
205	181	150
205	193	140
205	199	137
205	225	119
205	292	95
206	71	430
206	125	225
206	126	219
206	127	213
206	133	207
206	139	195
206	142	190
206	153	180
206	156	177
206	162	164
206	175	155
206	178	153
206	189	145
206	196	138
207	91	319
207	121	231
207	148	183
207	161	166
207	182	147
207	192	140
207	217	125
207	236	115
207	255	109
207	258	104
207	281	96
207	351	92
207	362	83
207	417	79
208	72	390
208	77	365
208	91	306
208	96	284
208	102	273
208	111	253
208	137	197
208	140	194
208	142	189
208	143	187
208	149	179
208	150	178
208	154	174
208	156	173
208	158	169
208	174	156
208	211	131
208	213	124
208	228	116
208	254	105
208	285	93
209	122	222
209	127	212
209	135	200
209	168	159
209	186	145
209	206	131
209	211	124
209	244	114
209	301	92
210	88	320
210	117	232
210	132	205
210	178	146
210	195	133
210	219	123
210	353	85
211	92	294
211	141	184
211	146	180
211	148	178
211	160	167
211	171	157
211	194	135
211	202	130
211	239	109
211	276	95
211	342	87
211	391	82
211	393	81
212	71	390
212	82	344
212	89	315
212	126	214
212	136	198
212	140	190
212	142	182
212	147	179
212	158	166
212	166	158
212	170	157
212	189	141
212	192	134
212	209	125
212	221	122
212	231	112
212	303	90
212	412	77
213	73	380
213	83	339
213	92	287
213	111	244
213	120	224
213	138	194
213	140	189
213	143	181
213	151	175
213	161	164
213	167	155
213	170	152
213	175	150
213	206	128
213	245	104
213	332	87
214	85	319
214	103	269
214	108	255
214	109	249
214	121	218
214	123	213
214	129	207
214	149	174
214	155	169
214	182	145
214	184	143
214	191	135
214	217	122
214	221	121
214	228	115
214	296	91
215	73	373
215	74	362
215	100	279
215	130	201
215	132	196
215	147	176
215	157	165
215	166	153
215	186	138
215	200	131
215	215	118
215	227	117
215	268	96
215	281	94
215	331	89
216	66	430
216	95	273
216	103	259
216	110	242
216	139	190
216	151	172
216	159	163
216	165	159
216	167	152
216	168	151
216	176	146
216	248	101
216	295	89
216	315	88
217	70	407
217	98	269
217	108	247
217	110	239
217	120	219
217	135	194
217	137	189
217	155	166
217	172	150
217	180	143
217	244	107
217	257	99
218	96	272
218	97	267
218	104	254
218	105	249
218	119	222
218	129	202
218	135	193
218	136	188
218	138	187
218	147	175
218	152	171
218	155	164
218	161	159
218	181	142
218	189	136
218	209	124
218	266	98
218	387	80
218	401	77
219	69	401
219	126	212
219	137	187
219	140	186
219	143	177
219	159	158
219	213	117
219	234	110
219	339	85
219	370	78
220	114	235
220	117	219
220	174	145
220	259	96
220	271	92
220	293	88
220	397	75
221	70	381
221	71	370
221	73	367
221	79	347
221	107	248
221	130	197
221	155	159
221	185	137
221	197	131
221	199	126
221	251	97
221	348	83
222	107	247
222	108	244
222	112	233
222	116	230
222	126	208
222	128	203
222	157	157
222	183	140
222	195	130
222	202	125
222	207	123
223	90	302
223	106	240
223	125	209
223	126	206
223	145	174
223	150	168
223	188	131
223	234	108
223	242	104
224	77	358
224	93	268
224	101	250
224	125	203
224	141	181
224	149	169
224	202	124
224	267	95
224	284	88
224	300	86
225	67	393
225	91	300
225	100	258
225	123	207
225	143	173
225	145	172
225	160	156
225	194	128
225	227	115
225	256	96
225	347	83
226	78	351
226	126	198
226	159	156
226	164	152
226	167	148
226	179	137
226	209	121
226	343	83
226	386	75
227	80	337
227	86	293
227	115	226
227	121	206
227	130	196
227	133	189
227	135	181
227	149	165
227	167	145
227	184	132
227	208	120
227	240	103
227	286	85
227	355	76
228	111	235
228	113	221
228	129	196
228	130	191
228	177	143
228	222	116
228	241	100
228	278	86
228	376	75
228	393	73
229	112	229
229	156	158
229	159	154
229	209	113
229	225	107
230	70	371
230	84	307
230	152	164
230	201	118
230	268	90
230	335	80
231	71	357
231	82	323
231	95	262
231	120	207
231	140	180
231	148	167
231	176	140
231	182	133
231	196	126
231	230	106
231	246	98
232	68	381
232	81	317
232	110	236
232	148	163
232	174	138
232	183	131
232	187	128
232	198	122
232	217	109
232	242	98
233	85	291
233	128	190
233	135	177
233	140	173
233	144	170
233	150	161
233	156	151
233	193	126
233	223	107
233	250	92
233	266	90
233	338	77
234	66	380
234	77	349
234	91	275
234	129	188
234	145	165
234	151	157
234	212	109
234	259	90
234	275	88
235	99	257
235	112	225
235	130	187
235	134	185
235	228	103
235	300	81
236	104	242
236	107	228
236	110	219
236	119	216
236	127	194
236	144	167
236	162	146
236	172	144
236	181	135
236	194	125
236	215	108
236	288	82
236	406	71
237	68	365
237	87	282
237	92	270
237	97	258
237	105	229
237	108	226
237	111	217
237	116	211
237	168	144
237	234	100
237	240	97
237	261	87
238	121	203
238	128	189
238	138	174
238	188	125
238	247	94
238	253	88
239	78	338
239	124	191
239	185	126
239	226	102
239	365	72
240	77	346
240	80	307
240	123	198
240	132	181
240	155	155
240	161	150
240	177	137
240	192	120
240	244	95
240	293	79
241	78	325
241	87	276
241	98	251
241	119	205
241	130	183
241	171	134
241	242	95
242	76	337
242	105	227
242	107	224
242	146	159
242	153	149
242	174	133
242	177	131
242	205	112
242	245	93
242	264	85
242	367	71
243	66	371
243	111	213
243	122	195
243	163	143
243	326	77
243	336	72
244	75	355
244	80	301
244	106	223
244	188	122
244	210	111
244	213	106
244	223	105
244	242	94
245	67	364
245	72	352
245	74	350
245	96	244
245	135	175
245	136	168
245	151	150
245	157	145
245	159	144
245	198	113
245	275	83
245	284	81
246	92	259
246	97	242
246	119	197
246	134	180
246	141	166
246	166	136
246	180	127
246	211	104
246	227	98
246	245	91
246	263	84
246	323	76
246	377	69
247	79	319
247	115	210
247	126	190
247	127	183
247	128	181
247	132	175
247	181	124
247	279	82
247	316	76
248	109	217
248	113	204
249	76	314
249	108	214
249	122	187
249	140	164
249	152	149
249	155	148
249	173	133
249	244	89
249	258	84
249	272	82
249	366	69
250	64	370
250	77	309
250	117	203
250	127	180
250	142	161
250	155	143
250	170	135
250	201	109
250	222	103
250	225	98
250	268	81
250	299	78
251	74	343
251	91	266
251	96	240
251	103	228
251	139	161
251	165	137
251	214	100
252	71	356
252	153	148
252	238	94
252	325	74
252	373	68
253	115	198
253	131	178
253	162	141
253	176	131
253	178	129
253	189	118
253	256	83
253	281	79
253	311	74
253	327	71
254	110	209
254	113	200
254	154	143
254	162	136
254	236	91
254	242	88
254	279	80
254	307	75
254	308	74
254	358	70
255	73	322
255	77	308
255	86	289
255	108	210
255	136	165
255	189	115
255	249	85
255	271	79
255	309	73
255	369	67
256	61	378
256	65	359
256	79	307
256	87	275
256	129	172
256	177	128
256	228	93
257	182	123
257	291	78
257	293	77
258	67	351
258	72	333
258	76	310
258	119	192
258	135	164
258	166	130
258	180	126
258	259	81
258	284	77
258	291	76
259	247	84
260	112	202
260	125	184
260	133	167
260	145	147
260	159	141
260	192	111
260	193	110
260	202	106
260	222	97
260	388	65
261	71	333
261	83	280
261	162	131
261	169	128
261	179	127
261	188	121
261	215	97
261	245	86
261	303	74
262	90	252
262	151	142
262	172	126
262	200	104
262	234	91
262	256	82
262	284	75
262	358	65
263	72	326
263	99	225
263	110	201
263	153	139
263	178	123
263	180	120
263	214	97
264	62	374
264	63	363
264	76	305
264	105	211
264	120	191
264	135	163
264	155	137
264	220	95
264	250	82
265	58	399
265	89	259
265	124	185
265	126	178
265	181	118
265	189	110
266	136	159
266	143	153
266	181	117
266	199	105
266	217	95
266	331	70
267	67	348
267	131	166
267	142	155
267	172	121
267	203	100
267	285	74
267	300	71
267	326	70
268	90	248
268	119	182
268	134	160
268	267	78
269	114	197
269	115	195
269	142	145
269	160	136
269	240	86
269	254	81
270	70	343
270	159	129
270	167	124
270	192	106
270	243	85
270	268	77
271	351	67
272	125	173
272	128	170
272	139	155
272	184	111
272	186	110
272	206	98
272	213	96
272	322	68
273	73	320
273	94	246
273	113	197
273	152	138
273	219	93
273	385	62
274	78	287
274	80	283
274	96	229
274	130	162
274	146	142
274	191	106
274	257	78
274	322	66
275	58	379
275	97	227
275	154	137
275	177	120
275	215	95
275	231	90
275	281	72
275	355	62
276	87	271
276	132	160
276	139	153
276	152	134
276	320	67
277	71	312
277	99	223
277	116	193
277	169	121
277	173	119
277	182	111
277	189	107
277	194	102
277	204	97
277	224	88
277	246	83
278	112	196
278	134	155
278	156	131
278	236	87
278	294	70
278	324	65
279	63	348
279	75	295
279	109	206
279	115	192
279	120	178
279	127	166
279	203	97
279	223	88
280	93	233
280	115	186
280	135	149
280	213	94
280	237	84
280	243	82
280	248	80
280	271	73
280	343	64
281	125	171
281	133	157
281	137	147
281	149	135
281	159	128
281	179	112
281	199	99
282	68	320
282	92	247
282	124	176
282	148	136
282	161	126
283	85	278
283	112	193
283	116	180
283	131	158
283	172	114
283	183	108
283	217	90
283	266	76
284	103	206
284	131	153
285	58	369
285	98	216
286	92	235
286	124	169
286	134	152
286	156	124
286	231	86
286	266	74
287	57	399
287	105	202
287	182	108
287	261	77
287	293	68
287	341	62
287	388	59
288	84	276
288	117	179
288	145	142
288	165	119
288	175	110
288	202	96
288	220	88
289	57	379
289	112	191
289	113	188
289	123	177
289	155	132
289	212	94
289	233	84
289	255	79
289	296	67
290	96	224
290	128	163
290	141	139
290	242	83
290	373	60
291	111	191
291	149	132
291	190	101
291	260	74
292	72	298
292	92	231
292	149	127
292	161	122
292	242	81
292	257	76
292	280	69
293	79	283
293	81	277
293	122	176
293	126	160
293	166	114
293	211	92
293	222	86
293	247	80
293	259	74
293	363	59
294	88	251
294	120	177
294	173	112
294	218	89
295	63	339
295	77	286
295	132	147
295	207	92
296	119	178
296	130	155
296	170	113
297	94	228
297	95	223
297	147	134
297	152	123
297	197	98
297	217	89
297	320	66
297	338	60
298	115	176
298	125	166
298	169	110
298	179	106
298	274	72
299	66	335
299	85	271
299	97	217
299	128	151
299	215	88
300	56	423
300	71	304
300	102	203
301	64	338
301	108	201
301	131	150
301	134	145
301	157	119
301	196	98
302	81	272
302	94	227
302	119	169
302	121	168
302	142	135
302	198	95
302	238	80
302	307	64
302	337	61
303	67	326
303	78	268
303	90	238
303	107	193
303	147	132
303	269	70
303	370	57
304	56	378
304	69	310
304	88	240
304	121	163
304	127	157
304	136	139
304	164	114
304	177	108
304	218	86
305	256	78
305	257	73
305	268	70
306	71	293
306	108	191
306	114	179
306	243	79
306	287	68
307	89	229
307	112	177
307	146	125
307	165	113
307	243	77
308	102	202
308	118	172
308	123	158
308	138	137
308	192	98
309	57	362
309	96	222
309	105	198
309	110	184
309	117	175
309	140	132
309	149	124
309	183	100
310	283	68
310	309	62
311	96	218
311	117	168
311	129	145
311	144	130
311	241	77
311	255	73
312	60	338
312	68	318
312	75	284
312	77	274
312	85	249
312	104	194
312	121	158
312	149	121
312	176	109
312	275	69
313	95	216
313	144	127
313	192	96
313	240	77
314	154	118
314	168	110
314	205	94
314	226	83
314	247	76
314	293	64
315	100	205
315	126	156
315	135	139
315	181	105
315	279	66
315	403	54
316	56	374
316	58	356
316	83	251
316	131	143
317	95	208
317	161	117
317	174	105
317	278	66
318	92	222
318	107	187
318	111	178
318	147	123
319	93	219
319	102	197
319	116	170
319	118	161
319	157	114
319	364	55
320	96	206
320	114	170
320	163	112
321	57	358
321	85	248
321	101	197
321	216	87
321	323	61
321	378	54
322	70	308
322	76	277
322	77	261
322	91	228
322	109	181
322	125	147
322	181	99
323	67	307
323	85	240
323	88	238
323	252	75
323	253	72
323	264	69
324	135	135
324	168	108
324	239	78
325	353	55
326	63	319
326	113	174
326	133	142
326	142	131
326	198	94
326	288	64
326	315	61
327	70	299
327	118	156
327	137	131
327	144	125
327	242	75
328	82	246
328	102	195
328	105	182
328	170	105
328	321	60
329	55	412
329	68	291
329	134	138
329	159	112
329	209	89
330	55	404
330	78	251
330	88	221
330	332	58
331	86	228
331	111	170
331	157	113
331	227	81
331	308	59
331	348	57
331	397	52
332	55	403
332	110	173
332	113	166
332	136	134
333	64	315
333	89	219
334	101	196
334	189	97
334	205	93
334	288	63
335	84	241
335	85	227
335	136	130
335	166	111
335	177	102
335	200	90
335	225	79
335	263	68
335	274	65
336	97	205
336	124	144
336	150	120
336	182	97
337	56	368
337	110	170
338	197	95
338	216	85
338	324	57
339	72	269
339	98	203
339	166	109
339	175	104
339	213	85
340	58	352
340	121	154
340	141	124
341	80	240
341	102	189
341	160	109
341	162	108
341	168	104
341	206	87
341	240	76
342	57	352
342	100	195
342	210	84
342	332	55
343	110	169
343	124	143
343	164	106
344	100	194
344	189	93
344	195	90
344	243	73
344	254	70
345	67	306
345	92	216
345	95	198
345	99	193
345	107	173
345	126	139
345	134	131
345	145	121
345	171	103
345	208	86
345	238	74
346	64	305
346	156	111
347	90	209
347	120	146
347	143	123
347	180	99
347	295	62
348	98	193
348	133	135
349	86	224
349	113	164
349	130	134
349	143	120
349	147	116
349	188	96
349	219	81
349	296	60
350	101	191
350	150	115
351	73	267
351	303	58
352	61	314
352	186	95
352	226	77
353	233	76
353	418	50
354	91	206
354	146	116
354	158	110
354	264	66
355	86	216
355	218	82
356	55	375
356	75	258
356	112	162
357	105	180
357	117	157
357	155	112
357	208	85
358	100	186
358	117	153
358	123	140
359	58	344
359	73	264
359	82	234
359	114	157
359	198	87
359	211	82
360	72	262
360	82	229
360	95	197
360	237	73
361	56	364
361	190	91
361	208	84
362	111	166
362	169	103
362	239	72
362	250	69
363	116	148
363	178	98
363	323	54
363	371	50
364	103	174
364	138	125
365	82	226
366	129	131
367	109	162
367	396	49
368	106	165
368	111	158
368	123	138
368	167	101
369	207	84
369	257	68
370	98	189
370	182	96
370	197	87
370	228	75
370	289	60
371	79	238
371	97	193
371	132	127
371	152	110
371	158	106
372	76	243
373	59	326
373	90	205
374	85	222
374	150	113
374	297	58
375	210	83
376	102	172
376	137	121
377	55	369
377	67	283
377	143	119
378	97	183
378	239	71
379	188	92
379	389	49
380	77	238
380	184	94
381	105	165
381	319	53
382	113	149
383	56	363
383	74	251
383	91	202
383	136	124
383	318	53
384	71	256
384	131	127
384	347	50
385	84	219
385	88	211
385	402	48
386	108	159
387	122	145
387	198	85
389	64	292
389	165	104
389	314	55
391	90	203
391	94	190
391	142	120
391	183	91
393	287	59
394	56	361
394	70	272
394	115	145
394	128	133
394	148	111
394	341	50
395	77	235
395	100	174
395	112	149
395	147	112
395	169	99
395	236	74
396	63	304
397	91	197
397	95	185
397	265	64
398	67	277
398	142	115
398	199	84
399	118	141
400	62	308
400	80	231
400	137	119
401	97	182
401	205	83
401	218	77
403	58	331
403	88	209
403	156	104
403	162	100
403	189	90
404	193	89
405	173	97
405	303	55
405	404	47
406	65	285
407	150	108
408	55	368
409	57	351
409	97	179
411	180	96
412	82	223
412	219	76
413	77	233
413	136	119
413	254	66
414	110	151
414	114	148
414	153	107
414	180	91
414	242	70
415	95	183
415	348	49
416	398	47
417	170	97
417	262	64
418	144	113
419	167	97
420	61	306
420	76	240
420	102	167
420	149	108
420	191	89
423	120	137
424	68	267
424	117	141
424	196	84
425	73	246
425	89	205
425	91	193
425	337	50
426	293	57
427	92	191
427	106	164
427	190	89
428	123	133
430	166	96
433	69	263
433	139	117
433	392	47
434	154	104
435	78	229
435	93	188
436	188	90
437	96	179
437	151	106
438	81	220
438	135	119
439	202	81
440	141	115
440	144	112
444	159	99
445	92	189
447	74	242
447	153	104
451	128	127
452	214	77
454	144	110
455	199	82
460	82	216
462	89	201
474	93	185
475	102	164
484	95	180
