55	352	390
55	353	388
55	385	364
55	407	349
56	363	353
56	378	324
56	400	309
59	298	394
59	300	369
59	302	348
59	303	346
59	322	320
59	325	311
59	336	293
59	358	278
59	385	271
60	312	309
60	313	307
60	338	280
60	366	263
61	315	294
61	351	261
62	274	399
62	276	374
62	278	353
62	326	272
63	288	314
63	289	312
63	298	300
63	328	259
63	356	242
64	262	363
64	269	338
64	270	336
64	277	334
64	279	324
64	288	312
64	294	299
64	295	296
64	303	283
64	330	257
64	343	242
64	344	240
65	279	299
65	280	297
65	287	295
65	312	263
65	325	253
65	346	238
66	252	346
66	274	320
66	285	284
66	292	275
66	325	239
66	337	236
66	357	233
67	238	394
67	262	307
67	285	275
67	292	270
67	299	262
67	305	259
67	306	250
67	340	233
67	362	228
68	232	380
68	250	351
68	252	340
68	265	305
68	269	300
68	307	249
68	308	241
68	315	232
68	329	231
68	339	225
68	340	223
68	372	215
69	241	351
69	246	319
69	253	312
69	271	290
69	276	260
69	283	255
69	303	245
69	323	223
70	235	365
70	239	313
70	251	296
70	263	293
70	271	259
70	288	253
70	294	252
70	308	227
70	317	221
70	353	214
71	222	351
71	228	324
71	231	316
71	234	312
71	266	263
71	297	245
71	303	226
72	219	367
72	220	351
72	245	294
72	254	291
72	255	270
72	257	268
72	273	252
72	280	238
72	312	219
72	332	210
72	378	201
73	225	342
73	241	275
73	250	269
73	252	267
73	259	251
73	275	237
73	292	228
73	324	210
73	329	208
73	361	200
73	366	199
74	215	363
74	228	309
74	233	295
74	254	255
74	264	247
74	289	222
74	294	218
74	321	211
74	328	203
74	336	202
75	199	361
75	202	353
75	219	344
75	220	304
75	228	294
75	243	263
75	250	254
75	262	241
75	281	225
75	305	208
75	306	206
76	201	336
76	208	328
76	212	320
76	215	312
76	218	300
76	268	231
76	278	229
77	211	307
77	214	299
77	220	281
77	224	262
77	245	255
77	254	249
77	259	240
77	287	214
77	303	205
77	314	203
77	369	185
78	195	325
78	207	299
78	211	280
78	243	238
78	300	204
78	317	194
78	355	184
78	389	182
79	192	314
79	195	306
79	205	304
79	231	259
79	242	242
79	281	220
79	295	211
79	306	199
79	317	188
79	325	187
80	211	257
80	252	222
80	274	218
80	293	205
80	330	185
80	367	179
81	179	353
81	182	345
81	198	275
81	244	230
81	269	216
81	286	215
81	297	191
81	306	190
82	220	256
82	252	221
82	273	214
82	280	206
82	285	193
82	306	184
82	337	181
83	208	250
83	230	227
83	232	226
83	233	224
83	362	179
83	369	170
84	170	370
84	179	315
84	180	300
84	189	289
84	196	273
84	202	264
84	227	242
84	252	205
84	275	203
84	305	184
84	312	175
84	313	173
85	168	374
85	169	346
85	184	278
85	214	242
85	221	240
85	226	226
85	297	190
85	355	166
86	181	287
86	185	273
86	192	271
86	194	249
86	211	248
86	213	234
86	214	232
86	220	226
86	238	220
86	281	190
86	341	168
86	375	163
87	172	336
87	189	270
87	206	237
87	243	212
87	275	190
87	301	178
87	317	168
88	203	236
88	247	204
88	265	202
88	284	187
88	294	184
88	322	167
89	207	224
89	245	194
89	263	190
89	264	188
89	281	172
89	300	170
89	316	168
90	159	355
90	165	337
90	169	303
90	172	295
90	181	268
90	187	254
90	196	245
90	226	210
90	298	166
90	343	162
90	370	159
91	167	298
91	168	289
91	189	251
91	193	249
91	198	236
91	217	205
91	252	186
92	156	363
92	157	335
92	184	263
92	185	243
92	195	237
92	213	212
92	226	202
92	273	177
92	279	174
92	289	165
92	305	155
93	156	327
93	159	289
93	163	275
93	172	253
93	185	238
93	189	229
93	204	225
93	211	222
93	246	181
93	282	171
93	283	169
93	375	150
94	197	217
94	198	213
94	267	172
95	154	339
95	178	242
95	184	240
95	185	234
95	210	205
95	230	199
95	290	163
95	291	161
96	151	311
96	159	270
96	184	219
96	188	215
96	207	204
96	237	197
96	269	166
96	310	153
97	153	285
97	165	269
97	167	255
97	174	247
97	181	241
97	183	234
97	204	212
97	229	194
97	259	178
97	281	158
97	310	149
98	144	359
98	160	257
98	168	250
98	176	238
98	177	228
98	195	207
98	219	202
98	253	178
98	258	173
98	295	156
98	309	149
99	148	336
99	172	247
99	181	225
99	191	214
99	211	198
99	222	197
99	226	184
99	274	159
99	275	157
99	353	142
100	144	316
100	167	233
100	187	206
100	201	194
100	217	191
100	229	181
100	245	177
100	259	160
100	288	153
101	141	384
101	151	278
101	162	253
101	165	247
101	176	215
101	222	185
101	248	168
101	276	154
102	147	312
102	152	257
102	160	249
102	166	231
102	170	227
102	194	198
102	246	167
102	259	158
102	294	146
103	143	327
103	157	239
103	166	217
103	185	206
103	231	179
103	236	169
103	267	153
103	280	148
103	283	143
104	138	336
104	155	244
104	177	211
104	198	196
104	213	187
104	227	183
104	233	177
104	234	175
104	252	160
104	253	153
104	353	138
105	136	375
105	137	364
105	140	328
105	145	299
105	146	252
105	150	246
105	155	230
105	188	205
105	199	195
105	217	183
105	218	178
105	314	135
106	143	299
106	145	266
106	171	213
106	189	200
106	210	186
106	248	162
106	263	151
107	132	405
107	133	376
107	161	227
107	162	218
107	165	208
107	179	196
107	195	193
107	203	185
107	224	175
107	247	154
107	267	139
107	319	132
108	142	295
108	153	240
108	163	217
108	200	187
108	203	181
108	245	166
108	249	150
109	139	252
109	148	233
109	156	226
109	157	224
109	159	219
109	161	213
109	184	192
109	221	173
109	236	168
109	244	159
109	247	152
109	287	137
110	135	343
110	142	238
110	151	216
110	156	214
110	176	201
110	217	174
110	233	156
110	248	147
110	287	132
110	331	130
111	130	352
111	139	239
111	148	217
111	176	198
111	185	187
111	208	166
111	232	157
111	266	141
111	285	134
112	128	399
112	177	197
112	195	185
112	196	180
112	238	153
112	244	147
112	259	143
112	292	129
112	362	122
113	126	382
113	127	353
113	133	272
113	138	271
113	201	170
113	215	158
113	238	149
113	247	142
114	135	234
114	157	206
114	163	199
114	173	192
114	190	180
114	196	176
114	202	167
114	233	151
114	255	133
115	170	195
115	173	189
115	181	183
115	193	177
115	202	164
115	239	141
116	138	230
116	147	208
116	161	203
116	162	194
116	179	182
116	187	179
116	199	175
116	260	130
117	126	332
117	127	292
117	167	190
117	181	181
117	195	176
117	226	150
117	236	141
117	244	138
117	275	126
117	364	118
118	129	254
118	140	220
118	149	198
118	160	193
118	168	187
118	172	180
118	176	178
118	186	168
118	231	147
118	274	126
119	136	224
119	138	220
119	145	202
119	168	184
119	198	161
119	218	156
119	226	147
119	235	143
119	240	138
119	280	123
120	125	288
120	132	252
120	133	225
120	138	219
120	144	212
120	147	197
120	160	187
120	166	186
120	175	176
120	196	166
120	223	152
120	231	144
120	235	136
120	259	127
120	279	123
121	119	367
121	126	267
121	128	251
121	130	231
121	131	229
121	166	181
121	174	178
121	180	169
121	187	167
121	192	163
121	210	146
121	245	129
122	123	274
122	127	248
122	144	210
122	151	196
122	168	177
122	173	175
122	182	165
122	312	117
123	124	273
123	197	160
123	361	114
124	142	216
124	157	187
124	164	181
124	175	174
124	190	164
124	204	152
124	324	115
124	332	114
125	114	374
125	125	249
125	126	235
125	136	211
125	154	193
125	192	162
125	195	157
125	240	133
125	243	131
125	262	120
126	116	309
126	130	228
126	132	223
126	137	208
126	142	207
126	150	187
126	151	185
126	164	178
126	174	164
126	184	160
126	187	154
126	216	136
126	218	135
126	235	125
126	237	124
126	280	116
127	120	297
127	127	233
127	131	221
127	159	180
127	178	161
127	202	152
127	212	144
127	225	132
127	267	117
128	120	277
128	121	258
128	130	220
128	132	206
128	155	179
128	163	172
128	164	170
128	174	160
128	178	158
128	184	156
128	188	148
128	200	142
128	223	132
128	242	121
129	118	284
129	126	234
129	129	223
129	134	201
129	152	177
129	199	147
129	326	111
130	124	248
130	126	222
130	161	171
130	166	167
130	173	163
130	179	157
130	180	155
130	193	145
130	317	115
130	329	110
131	124	235
131	149	186
131	165	162
131	167	161
131	186	150
131	190	147
131	208	141
131	209	136
132	115	278
132	120	247
132	127	216
132	147	186
132	157	173
132	173	159
132	185	154
132	225	124
132	241	121
133	111	406
133	112	284
133	118	251
133	123	220
133	129	212
133	138	189
133	143	188
133	149	181
133	151	168
133	152	166
133	159	165
133	165	156
133	171	155
133	189	143
133	196	141
133	213	133
133	215	130
133	221	128
133	233	123
133	246	119
133	266	115
134	108	323
134	120	221
134	130	197
134	208	137
134	209	134
134	274	110
135	117	236
135	128	201
135	131	194
135	132	192
135	147	180
135	150	172
135	164	160
135	178	144
135	234	119
135	323	107
135	385	106
136	129	198
136	130	196
136	145	183
136	146	180
136	149	179
136	173	152
136	207	137
136	248	117
136	294	107
137	108	288
137	122	217
137	144	179
137	145	177
137	172	151
137	183	141
137	243	115
137	245	114
138	103	330
138	142	182
138	148	175
138	161	160
138	175	148
138	192	140
138	244	113
139	116	276
139	144	174
139	145	172
139	148	169
139	159	155
139	207	129
139	217	128
139	219	123
139	271	110
139	286	109
140	113	250
140	115	249
140	120	208
140	145	171
140	146	169
140	157	160
140	176	142
140	178	141
140	194	133
140	216	128
140	226	119
141	105	305
141	111	253
141	156	165
141	167	146
141	171	145
141	175	144
141	186	135
141	199	130
141	266	111
141	274	108
141	359	106
142	108	254
142	116	233
142	118	230
142	121	206
142	124	200
142	129	197
142	154	161
142	160	154
142	164	149
142	197	131
142	222	117
142	291	103
143	105	269
143	115	223
143	141	178
143	144	171
143	152	163
143	156	160
143	157	158
143	162	150
143	163	148
143	200	125
143	225	116
143	255	110
144	112	246
144	114	235
144	140	173
144	150	168
144	164	146
144	175	141
144	188	132
144	227	114
145	139	185
145	140	170
145	154	158
145	160	153
145	168	145
145	182	140
146	102	310
146	110	244
146	115	215
146	134	176
146	150	165
146	169	143
146	171	142
146	197	125
146	214	122
146	358	100
147	119	214
147	121	189
147	140	167
147	144	164
147	145	162
147	154	155
147	169	142
147	170	140
147	174	135
147	341	102
147	347	99
148	102	292
148	103	272
148	108	241
148	111	235
148	114	213
148	118	212
148	138	171
148	143	166
148	150	155
148	160	148
148	161	146
148	163	145
148	164	143
148	194	131
148	218	120
149	111	221
149	120	199
149	148	157
149	154	152
149	155	150
149	157	149
149	186	133
149	191	130
149	200	123
149	211	121
149	254	112
149	271	107
149	279	105
150	100	322
150	101	284
150	110	227
150	135	174
150	157	147
150	175	134
150	205	121
150	209	118
150	239	112
150	314	100
151	97	293
151	120	196
151	131	178
151	169	141
151	178	128
151	197	122
152	106	236
152	111	219
152	117	203
152	131	169
152	132	167
152	137	165
152	145	157
152	151	154
152	152	153
152	167	140
152	169	139
152	170	137
152	195	127
152	224	114
152	234	113
153	110	217
153	117	192
153	129	173
153	130	171
153	141	157
153	172	132
153	235	112
153	283	103
153	292	101
154	95	293
154	99	267
154	103	248
154	113	210
154	115	192
154	158	145
154	162	144
154	163	143
154	275	104
155	108	211
155	113	207
155	126	184
155	132	166
155	148	152
155	149	150
155	153	147
155	169	134
155	175	130
155	193	123
155	209	115
155	257	106
155	281	101
155	303	99
155	352	98
156	128	179
156	144	154
156	155	144
156	156	142
156	165	139
156	167	138
156	176	126
156	178	125
156	213	113
156	293	96
157	91	323
157	122	186
157	128	178
157	151	149
157	170	130
157	172	129
157	197	118
157	251	108
157	260	105
158	98	260
158	106	219
158	109	196
158	139	161
158	162	141
158	195	122
158	205	114
158	320	93
159	113	193
159	125	180
159	126	178
159	137	161
159	139	160
159	166	135
159	214	112
159	309	95
159	310	93
160	92	281
160	99	252
160	102	235
160	106	212
160	115	191
160	129	171
160	135	160
160	140	158
160	141	155
160	143	154
160	144	151
160	147	147
160	153	144
160	156	139
160	167	133
160	175	125
160	193	119
160	218	110
160	230	107
160	245	103
161	108	198
161	114	185
161	125	176
161	139	157
161	144	150
161	156	137
161	164	136
161	165	135
161	173	127
161	212	109
161	244	102
162	94	260
162	103	228
162	112	189
162	119	178
162	126	172
162	131	167
162	138	158
162	139	152
162	146	149
162	167	131
162	171	125
162	187	123
162	195	116
162	278	97
163	101	240
163	107	197
163	144	147
163	149	145
163	164	130
163	225	108
164	100	249
164	118	179
164	129	164
164	134	162
164	136	157
164	139	149
164	153	139
164	155	138
164	162	134
164	253	99
165	88	295
165	97	246
165	174	122
165	175	121
165	203	112
165	249	99
165	291	92
165	380	89
166	90	290
166	103	210
166	107	195
166	120	173
166	123	165
166	125	163
166	149	143
166	165	128
166	167	127
166	226	107
166	235	103
167	121	165
167	129	160
167	130	156
167	134	153
167	148	143
167	150	142
167	160	135
167	168	126
167	187	120
167	198	115
167	202	111
167	227	105
168	102	225
168	127	160
168	128	158
168	135	151
168	137	150
168	142	148
168	156	135
168	183	119
168	192	114
168	201	112
169	96	231
169	116	176
169	137	148
169	142	146
169	148	142
169	149	140
169	206	108
169	229	103
169	257	97
169	265	96
170	91	274
170	97	229
170	98	226
170	111	192
170	119	171
170	147	139
170	159	133
170	173	119
170	175	118
170	201	109
170	203	108
170	237	99
170	274	92
171	86	279
171	104	199
171	107	188
171	115	169
171	131	155
171	150	138
171	154	137
171	155	135
171	157	134
171	226	105
171	251	97
172	94	254
172	140	146
172	163	130
172	168	123
172	183	117
172	196	113
172	263	93
173	88	258
173	100	206
173	110	184
173	142	145
173	144	144
173	149	136
173	154	135
173	160	132
173	167	125
173	190	116
173	212	107
174	98	207
174	125	162
174	129	156
174	133	154
174	138	147
174	143	141
174	147	138
174	158	132
174	170	120
174	172	118
174	195	112
174	197	111
174	210	104
174	242	96
175	93	231
175	96	208
175	101	194
175	113	179
175	135	145
175	136	143
175	141	141
175	152	131
175	153	130
175	166	127
175	176	117
175	179	114
175	207	104
175	214	102
175	298	87
176	79	353
176	82	293
176	91	247
176	99	198
176	106	182
176	126	160
176	133	149
176	134	147
176	145	140
176	150	131
176	152	130
176	157	129
176	353	83
177	97	201
177	104	193
177	114	176
177	119	162
177	130	152
177	148	135
177	161	123
177	187	113
178	92	237
178	95	210
178	117	166
178	129	149
178	136	142
178	146	136
178	190	111
178	198	110
178	205	107
179	87	277
179	94	222
179	108	174
179	114	164
179	123	155
179	127	149
179	136	140
179	144	137
179	177	114
179	229	97
179	293	85
180	77	336
180	99	191
180	111	173
180	134	144
180	145	136
180	167	118
181	83	280
181	87	274
181	117	159
181	122	156
181	126	150
181	140	138
181	147	132
181	151	126
181	156	124
181	164	120
181	165	119
181	196	109
181	204	104
182	92	224
182	93	215
182	95	206
182	126	149
182	191	110
182	260	89
182	310	82
183	86	255
183	104	183
183	108	168
183	121	153
183	124	149
183	126	148
183	132	147
183	133	140
183	135	139
183	140	137
183	143	136
183	146	134
184	100	183
184	150	130
184	202	107
184	204	101
184	239	92
185	91	218
185	104	181
185	111	163
185	114	162
185	139	138
185	225	95
185	268	87
186	80	296
186	83	243
186	119	153
186	121	152
186	128	144
186	130	143
186	163	117
186	165	116
186	181	113
186	184	110
186	188	109
186	243	91
187	85	238
187	86	231
187	118	153
187	120	152
187	127	144
187	148	131
187	162	121
187	201	104
187	215	99
187	271	85
188	91	211
188	96	199
188	99	181
188	107	179
188	115	161
188	117	157
188	122	148
188	125	144
188	131	139
188	134	135
188	142	132
188	174	111
188	194	104
188	210	99
188	222	94
188	286	82
189	77	291
189	81	253
189	94	208
189	103	180
189	106	168
189	112	161
189	155	124
189	163	116
189	165	115
189	230	93
189	250	88
190	79	254
190	85	236
190	88	213
190	113	157
190	121	151
190	159	122
190	186	109
190	215	96
191	98	182
191	115	156
191	162	118
191	169	112
191	188	107
191	197	102
191	309	78
192	80	247
192	88	206
192	106	166
192	116	152
192	119	148
192	126	143
192	149	130
192	161	120
192	192	104
192	225	93
192	254	86
192	283	83
193	78	256
193	86	210
193	90	203
193	115	152
193	122	146
193	124	145
193	133	138
193	154	125
193	208	100
193	241	89
193	290	81
194	97	181
194	100	172
194	110	163
194	129	142
194	151	123
194	154	120
194	166	114
194	204	100
194	216	95
194	219	93
194	233	89
195	75	268
195	140	133
195	149	127
195	153	119
195	167	112
195	178	109
195	214	94
196	74	317
196	89	195
196	103	167
196	109	162
196	117	150
196	126	140
196	150	125
196	199	101
196	211	97
197	74	287
197	76	261
197	78	252
197	91	192
197	97	179
197	109	156
197	113	155
197	122	145
197	147	128
197	163	115
197	185	105
197	203	96
197	218	91
198	74	273
198	82	224
198	120	145
198	122	144
198	123	141
198	130	138
198	141	126
198	146	125
198	156	117
198	177	107
198	280	79
198	380	72
199	91	185
199	117	148
199	137	131
199	157	115
199	183	106
199	231	90
199	317	74
199	353	72
200	73	267
200	81	233
200	95	184
200	103	165
200	107	162
200	111	153
200	115	149
200	116	148
200	127	138
200	194	99
200	230	89
200	259	84
200	302	75
201	76	253
201	81	230
201	85	209
201	86	203
201	99	170
201	115	148
201	124	139
201	126	138
201	134	132
201	165	112
201	189	104
201	251	83
202	69	316
202	74	266
202	78	236
202	104	162
202	110	151
202	118	144
202	132	136
202	136	128
202	147	123
202	167	110
202	204	95
202	229	87
202	275	81
202	289	77
203	74	257
203	113	149
203	207	94
203	230	86
203	346	71
204	98	168
204	101	160
204	117	144
204	120	141
204	122	140
204	164	109
204	183	101
205	71	259
205	86	197
205	92	177
205	109	152
205	115	144
205	124	135
205	135	130
206	104	155
206	145	124
206	215	88
207	70	291
207	71	252
207	75	237
207	80	224
207	85	201
207	130	134
207	152	121
207	267	78
207	361	68
208	67	317
208	70	271
208	79	218
208	89	187
208	94	171
208	138	123
208	156	113
208	201	94
209	108	154
209	109	148
209	114	145
209	118	140
209	120	139
209	180	106
209	209	92
209	289	74
210	67	273
210	96	168
210	105	152
210	113	145
210	123	138
210	170	108
210	171	105
210	196	95
210	270	77
211	81	208
211	102	159
211	149	119
211	261	82
211	333	69
212	65	314
212	99	163
212	108	148
212	109	147
212	125	134
212	132	132
212	152	116
212	204	91
212	243	84
212	318	70
213	152	114
213	195	93
214	62	316
214	70	267
214	71	242
214	75	227
214	78	204
214	99	156
214	111	144
214	112	142
214	126	133
214	137	126
214	141	122
214	146	119
214	150	115
214	255	82
214	261	77
214	312	71
214	373	67
215	73	236
215	74	223
215	113	141
215	122	138
215	136	126
215	161	112
215	213	90
215	234	82
215	280	75
216	65	282
216	68	255
216	86	189
216	117	139
216	118	138
216	142	119
216	148	117
216	156	112
216	178	102
216	220	87
216	317	70
217	64	303
217	88	185
217	90	180
217	95	169
217	110	143
217	163	110
217	185	96
217	278	74
217	302	71
218	69	247
218	92	167
218	100	154
218	131	130
218	134	128
218	147	117
218	238	81
218	255	80
219	74	218
219	85	200
219	107	149
219	117	138
219	184	96
220	71	236
220	84	193
220	103	149
220	112	140
220	121	134
220	129	126
220	168	105
220	319	68
221	60	341
221	65	261
221	73	227
221	88	182
221	96	157
221	101	153
221	103	148
221	108	146
221	119	137
221	124	128
221	126	127
221	131	125
221	153	111
222	62	299
222	66	254
222	73	225
222	79	189
222	84	178
222	105	147
222	108	144
222	123	133
222	137	120
222	159	110
222	187	95
222	260	76
222	312	68
222	381	63
223	94	164
223	111	139
223	123	129
223	163	108
223	174	99
223	213	88
224	86	175
224	87	172
224	106	146
224	109	143
224	121	131
224	148	113
224	149	111
224	236	80
224	273	72
225	63	285
225	72	228
225	73	222
225	75	206
225	77	200
225	82	187
225	102	148
225	117	137
225	125	127
225	140	115
225	146	113
225	217	86
225	230	85
226	72	218
226	95	161
226	104	145
226	108	141
226	111	136
226	125	123
226	136	122
226	163	107
226	167	105
226	194	93
226	233	82
226	368	64
227	62	288
227	63	270
227	69	246
227	74	212
227	101	150
227	103	145
227	208	90
227	209	87
227	290	69
228	65	251
228	73	217
228	79	186
228	99	151
228	105	144
228	124	127
228	136	120
228	139	114
228	144	112
228	208	88
228	247	77
229	61	290
229	72	213
229	77	188
229	83	182
229	92	162
229	181	98
229	191	92
229	230	83
229	245	79
229	263	75
229	269	74
229	332	65
229	337	64
230	60	289
230	71	220
230	90	171
230	119	132
230	173	104
230	322	65
231	66	240
231	74	206
231	88	166
231	92	158
231	94	153
231	101	144
231	104	143
231	127	121
231	134	119
231	173	101
231	228	80
231	264	74
231	399	61
232	61	277
232	67	233
232	75	197
232	82	174
232	94	152
232	99	148
232	106	142
232	109	137
232	170	102
232	187	92
232	198	91
232	214	86
232	222	85
232	269	72
233	62	271
233	81	184
233	105	141
233	107	139
233	148	108
233	165	103
233	176	98
234	93	157
234	116	130
234	135	116
234	183	96
234	248	75
235	57	302
235	59	299
235	84	170
235	100	147
235	113	134
235	122	125
235	273	71
235	293	68
236	58	295
236	60	276
236	61	273
236	63	256
236	73	201
236	90	162
236	119	128
236	137	113
236	160	105
236	344	62
237	70	229
237	78	178
237	102	140
237	116	127
237	142	112
237	155	106
237	271	71
237	283	70
238	94	151
238	97	147
238	99	145
238	107	135
238	181	94
238	254	74
239	75	193
239	88	163
239	90	155
239	96	144
239	125	120
239	167	97
239	244	76
239	288	68
240	59	278
240	68	220
240	73	193
240	75	183
240	87	167
240	92	153
240	110	130
240	120	126
240	127	116
240	132	114
240	155	102
240	247	74
241	58	284
241	61	264
241	82	169
241	99	139
241	122	121
241	142	111
241	181	93
242	55	327
242	62	257
242	81	175
242	92	148
242	267	72
242	283	67
242	312	63
243	89	155
243	115	123
243	120	121
243	141	111
243	157	100
243	162	98
243	199	90
243	219	80
243	261	72
244	65	245
244	87	160
244	145	105
244	339	61
245	60	266
245	66	235
245	71	205
245	83	168
245	84	164
245	85	158
245	94	144
245	98	142
245	114	129
245	300	64
246	63	246
246	100	138
246	107	134
246	119	120
246	177	94
247	57	270
247	59	268
247	63	235
247	71	201
247	273	68
248	58	263
248	61	255
248	64	228
248	88	150
248	105	131
248	366	59
249	55	319
249	85	157
249	93	147
249	103	136
249	114	125
249	130	114
249	153	102
249	176	95
249	255	72
250	60	257
250	66	227
250	73	188
250	109	129
250	125	117
250	199	85
251	55	294
251	66	215
251	69	214
251	70	211
251	79	165
251	83	157
251	92	147
251	118	120
251	186	87
252	61	249
252	81	161
252	106	129
252	111	127
252	170	94
252	189	86
252	238	74
252	337	62
252	409	57
253	61	244
253	62	238
253	91	146
253	92	145
253	113	124
253	123	119
253	139	111
253	328	62
254	52	335
254	56	268
254	71	197
254	76	170
254	93	143
254	142	108
254	296	64
255	57	261
255	63	226
255	71	195
255	88	148
255	103	132
255	152	104
255	182	92
255	235	75
256	70	188
256	91	142
256	113	119
256	135	111
256	245	73
256	342	60
257	58	254
257	60	247
257	77	166
257	83	154
257	95	139
257	102	135
257	106	127
257	173	93
258	59	249
258	101	137
258	132	111
258	158	99
258	175	92
258	178	88
258	255	70
258	258	69
258	305	62
258	310	61
259	60	242
259	67	210
259	69	200
259	86	145
259	97	136
259	100	135
259	264	68
259	267	67
260	60	241
260	68	207
260	75	174
260	84	153
260	112	124
260	149	102
260	155	100
260	337	58
261	61	235
261	80	163
261	100	131
261	131	108
261	141	102
261	322	59
262	53	301
262	59	247
262	83	153
262	118	117
262	165	95
262	168	91
262	284	64
262	366	56
263	50	352
263	60	240
263	72	179
263	77	163
263	81	154
263	85	151
263	94	135
263	117	117
263	151	100
264	52	318
264	57	252
264	58	250
264	79	158
264	132	107
264	257	68
265	58	245
265	59	243
265	80	157
265	86	142
265	97	130
265	106	124
265	121	111
265	140	103
265	204	82
265	283	66
266	61	228
266	105	124
266	107	123
266	164	97
267	71	176
267	73	172
267	89	137
267	102	125
267	345	57
268	54	283
268	60	233
268	77	162
268	187	85
268	282	65
268	396	55
269	56	264
269	75	163
269	83	149
269	139	101
269	156	95
269	229	75
269	333	58
270	52	314
270	59	238
270	120	112
270	124	108
270	166	90
270	248	69
271	66	212
271	84	142
271	100	124
271	110	120
271	299	62
272	58	241
272	78	158
272	160	94
272	181	85
272	218	76
273	48	334
273	57	248
273	70	187
273	129	104
273	184	84
273	265	66
274	53	269
274	85	139
274	96	131
274	119	114
274	156	93
275	48	332
275	51	293
275	64	198
275	69	183
275	79	155
275	103	122
275	294	61
275	339	55
276	72	174
276	90	132
276	97	129
276	110	117
276	404	53
277	62	224
277	68	194
277	69	177
277	74	170
277	82	152
277	105	119
277	150	97
277	321	58
277	338	56
277	394	53
278	54	259
278	108	118
278	138	102
278	163	91
278	188	83
278	213	75
278	236	72
278	306	59
279	57	237
279	71	173
279	191	82
279	359	54
280	46	359
280	52	288
280	77	159
280	79	148
280	87	137
280	99	127
280	118	112
280	124	107
280	162	91
280	258	67
281	52	267
281	71	169
282	73	167
282	76	155
282	79	146
282	84	141
282	90	129
282	139	100
282	154	94
282	211	78
282	316	58
283	56	243
283	76	153
283	85	137
283	104	117
283	225	72
283	314	58
283	337	56
284	61	206
284	93	124
284	111	114
284	264	66
284	285	61
284	329	57
284	335	55
285	47	312
285	55	248
285	60	222
285	65	182
285	76	151
285	169	89
285	248	68
285	266	65
285	344	54
286	57	236
286	71	167
286	147	94
287	54	250
287	58	235
287	70	169
287	75	157
287	137	100
287	211	77
287	232	69
287	302	58
288	50	281
288	66	176
288	68	172
288	74	162
288	88	129
288	160	90
289	51	270
289	82	141
289	117	110
290	52	263
290	92	127
290	117	109
290	124	106
290	175	88
290	249	66
291	48	294
291	190	82
291	211	74
292	61	199
292	70	165
292	73	161
292	82	140
292	112	109
292	206	80
292	317	57
292	323	55
293	58	228
293	73	158
293	90	127
293	101	116
293	388	53
294	47	298
294	62	190
294	82	138
294	109	115
294	290	60
295	59	219
295	80	139
295	84	137
295	157	92
295	201	77
295	282	61
296	64	183
296	126	105
296	136	100
296	267	64
296	333	54
297	53	251
297	139	99
297	191	78
297	221	71
298	49	277
298	52	255
298	54	244
298	58	215
298	85	132
298	156	91
299	48	290
299	50	266
299	125	101
299	206	73
299	257	64
299	286	60
299	402	51
300	209	72
300	321	56
300	355	53
300	392	51
301	46	306
301	57	227
301	74	148
301	181	81
301	269	61
301	319	55
302	65	177
302	196	77
302	229	69
302	294	59
302	357	52
303	44	351
303	46	293
303	68	167
303	118	107
303	129	100
303	170	88
304	47	282
304	49	265
304	60	194
304	70	162
304	71	153
304	178	86
304	203	76
304	246	67
304	286	58
305	58	214
305	110	110
305	133	97
305	164	87
306	66	170
306	68	166
306	86	128
306	218	71
307	54	235
307	61	188
307	81	138
307	171	86
308	45	304
308	83	131
308	118	104
308	154	89
308	332	53
309	56	210
309	123	102
309	236	66
309	256	64
310	64	171
310	204	74
311	57	205
311	248	63
312	47	273
312	54	234
312	62	184
312	144	92
312	204	72
312	228	67
313	46	284
313	49	255
313	65	165
313	93	121
313	109	111
313	171	85
313	172	82
313	207	71
314	107	111
314	227	69
314	246	64
314	265	60
315	63	178
315	75	141
315	121	103
315	131	98
315	187	77
316	44	335
316	82	136
316	152	89
316	296	56
317	54	224
317	70	158
317	102	113
317	116	107
317	160	88
317	346	52
318	72	146
318	111	109
318	213	70
318	217	69
318	337	52
319	53	240
319	60	191
319	61	179
320	48	271
320	308	55
321	47	269
321	55	209
321	200	74
321	237	65
322	53	229
322	62	173
322	81	131
322	142	93
322	234	65
323	101	113
323	232	65
323	246	62
324	49	250
324	59	190
324	69	157
324	78	138
324	109	107
324	225	66
324	285	58
325	56	206
325	316	53
326	45	299
326	80	133
326	265	59
327	59	186
327	68	154
327	242	63
328	58	198
328	84	125
328	125	99
328	215	69
329	43	391
329	49	248
329	154	88
330	199	72
330	275	58
331	46	279
331	47	267
331	202	71
332	167	84
332	304	54
333	182	77
333	224	67
334	107	108
334	263	60
335	60	185
335	67	161
335	216	68
335	350	50
336	56	194
336	244	61
336	283	57
337	89	120
337	92	117
337	118	102
337	223	65
338	275	57
338	291	56
338	396	49
339	47	264
340	59	183
341	54	205
341	144	90
341	213	68
341	235	63
341	262	60
342	285	56
342	309	53
343	134	94
343	250	60
344	51	233
344	55	204
344	60	177
344	78	133
345	71	147
345	270	57
346	155	86
346	262	59
346	269	57
348	93	116
348	200	71
348	221	67
348	370	49
349	47	262
349	66	158
349	280	56
349	288	54
350	126	98
350	145	89
351	241	62
352	53	223
352	55	200
352	334	50
353	57	191
353	109	105
353	231	62
353	298	53
354	194	76
355	51	228
355	100	110
355	218	65
355	249	59
357	54	198
358	63	166
358	349	49
359	86	122
359	159	83
359	267	56
359	293	53
360	50	234
360	69	151
361	193	74
361	198	70
362	57	187
362	110	104
363	248	60
365	210	68
366	61	173
367	50	227
369	82	130
369	131	94
369	172	78
369	214	67
371	400	48
372	152	85
375	333	49
376	189	74
377	206	67
377	361	48
379	52	202
379	193	70
379	202	68
380	61	170
380	245	59
381	240	61
384	142	92
389	285	53
391	263	58
393	122	98
393	244	59
395	219	64
395	317	50
398	149	85
401	156	82
408	170	76
412	233	61
416	277	54
419	185	71
419	194	69
424	223	63
430	256	57
