58	399	509
58	403	492
58	407	486
58	415	478
58	425	471
58	439	463
58	462	454
58	503	444
59	421	450
59	437	443
59	491	421
62	409	446
62	446	429
63	405	425
63	421	418
64	440	367
65	476	341
66	367	483
66	371	466
66	383	452
66	393	428
66	493	329
67	338	433
67	383	408
67	418	372
68	353	421
68	373	380
68	398	362
68	430	349
68	456	338
69	288	469
69	435	331
69	509	306
70	285	460
70	318	431
71	313	419
71	322	407
71	340	389
71	346	377
71	356	368
71	398	345
71	405	333
71	503	304
72	279	446
72	290	443
72	297	435
72	314	400
72	332	382
72	341	379
72	351	365
72	400	330
72	434	319
72	499	291
73	271	469
73	344	368
73	376	355
73	441	299
73	447	296
73	476	292
74	255	500
74	259	477
74	279	422
74	296	402
74	329	397
74	335	372
74	381	344
74	385	330
74	438	296
75	372	330
75	380	327
75	422	316
76	330	378
77	248	448
77	320	369
77	389	323
78	232	479
78	282	420
78	315	383
78	334	345
78	352	327
78	384	320
78	402	313
78	428	281
79	279	411
79	424	270
80	278	429
80	307	370
80	377	307
80	392	294
80	419	287
80	468	263
81	271	401
81	273	397
81	291	386
81	348	321
81	356	320
81	372	304
81	382	291
81	436	258
82	220	457
82	270	380
82	284	354
82	328	338
82	347	320
82	390	273
82	398	270
82	404	267
82	496	256
82	533	253
83	253	428
83	267	400
83	273	373
83	307	343
83	333	323
83	348	314
83	352	293
83	412	258
83	438	250
83	493	245
84	216	436
84	266	399
84	290	335
84	314	325
84	340	311
84	344	304
84	384	265
84	416	255
84	523	240
85	222	414
85	249	378
85	262	374
85	264	370
85	281	368
85	370	270
85	408	260
85	482	234
86	242	399
86	303	322
86	330	314
86	360	270
87	208	454
87	210	426
87	276	347
87	290	326
87	294	320
87	324	314
87	328	309
87	348	297
87	395	243
87	438	233
88	252	354
88	275	326
88	318	300
88	374	263
88	394	253
88	415	234
88	500	221
89	212	412
89	218	393
89	245	382
89	300	304
89	353	282
89	371	248
89	412	231
89	459	222
90	212	402
90	244	352
90	280	307
90	296	294
90	355	265
90	368	246
90	392	233
90	436	223
90	443	221
90	456	219
90	485	215
91	218	380
91	237	374
91	265	340
91	327	279
91	343	260
91	420	222
91	433	220
92	198	454
92	200	426
92	211	412
92	213	394
92	267	311
92	321	290
92	375	239
93	200	417
93	211	408
93	219	372
93	228	356
93	247	345
93	299	285
93	323	270
93	369	245
93	477	215
94	197	433
94	243	343
94	264	330
94	273	307
94	321	275
94	335	252
94	397	218
94	454	216
95	202	416
95	205	412
95	210	393
95	227	366
95	250	330
95	257	321
95	263	309
95	312	284
95	331	268
95	371	225
95	462	209
96	202	393
96	208	380
96	247	338
96	251	319
96	286	305
96	301	277
96	305	275
96	350	246
96	411	217
96	439	210
96	478	198
97	188	482
97	192	438
97	208	371
97	218	360
97	242	319
97	285	286
97	301	273
97	309	270
97	335	242
97	397	210
97	455	199
98	201	410
98	234	328
98	261	295
98	274	286
98	290	273
98	332	261
98	352	234
98	371	215
98	388	210
98	428	207
98	440	199
98	489	193
99	185	444
99	213	370
99	218	347
99	282	282
99	305	265
99	415	207
99	426	206
99	437	197
99	477	193
99	501	191
100	185	435
100	195	412
100	202	389
100	228	338
100	244	304
100	260	291
100	298	272
100	301	263
100	379	213
100	394	204
100	469	193
101	184	491
101	195	403
101	212	370
101	219	339
101	276	271
101	292	258
101	331	247
101	420	195
101	446	194
101	455	192
102	212	360
102	324	252
102	394	200
102	404	197
102	411	195
102	432	193
103	176	524
103	179	437
103	193	406
103	218	338
103	234	315
103	305	255
103	333	229
103	347	217
103	378	202
103	395	197
103	457	184
104	179	428
104	213	352
104	229	333
104	264	281
104	275	274
104	292	248
104	313	246
104	365	211
104	417	189
104	434	185
105	173	486
105	219	330
105	228	314
105	254	284
105	326	227
105	375	201
105	401	191
105	431	188
106	188	394
106	198	375
106	225	326
106	246	293
106	270	277
106	286	255
106	312	240
106	383	196
106	456	179
107	172	533
107	182	402
107	190	392
107	201	372
107	229	306
107	246	287
107	292	239
107	333	226
107	398	190
107	433	180
108	169	471
108	182	393
108	194	381
108	196	361
108	207	343
108	208	338
108	218	327
108	240	286
108	256	269
108	283	256
108	324	219
108	328	212
108	392	192
108	461	176
109	190	370
109	229	296
109	244	280
109	250	279
109	272	253
109	288	240
109	312	237
109	326	218
109	332	211
109	368	208
109	369	199
109	376	196
109	394	188
109	427	185
109	438	177
110	168	472
110	180	415
110	196	348
110	218	314
110	271	256
110	348	210
110	455	176
111	177	425
111	303	237
111	305	227
111	347	206
111	383	191
111	392	188
111	400	186
111	415	185
111	432	177
112	163	464
112	176	393
112	195	348
112	197	340
112	209	320
112	219	306
112	233	289
112	241	274
112	252	264
112	274	244
112	288	230
112	336	205
112	351	195
112	369	193
112	376	192
112	413	176
112	481	175
113	185	374
113	208	336
113	228	299
113	240	279
113	265	256
113	268	248
113	273	241
113	277	240
113	281	239
113	302	227
113	320	214
113	335	205
113	466	168
114	157	513
114	163	431
114	183	380
114	206	317
114	219	296
114	239	276
114	243	265
114	313	206
114	347	196
114	364	191
114	388	185
114	399	181
114	443	169
115	158	498
115	164	420
115	219	293
115	264	262
115	275	232
115	288	221
115	315	205
115	378	182
115	385	177
115	392	176
115	413	173
115	423	172
116	190	359
116	196	330
116	217	310
116	231	287
116	236	286
116	246	261
116	252	251
116	292	219
116	355	194
116	364	188
116	365	181
116	438	164
117	205	311
117	235	273
117	241	261
117	341	198
117	346	195
117	352	190
117	415	165
118	151	506
118	177	386
118	184	360
118	230	283
118	232	279
118	235	270
118	263	241
118	267	238
118	373	180
118	380	178
118	387	176
118	443	161
119	157	461
119	158	420
119	172	392
119	174	390
119	182	360
119	194	331
119	237	266
119	240	265
119	256	248
119	301	207
119	314	196
119	354	183
119	358	181
119	371	178
119	376	173
119	420	162
120	151	473
120	167	401
120	170	398
120	185	339
120	199	322
120	226	287
120	229	275
120	232	263
120	237	256
120	248	246
120	290	219
120	308	205
120	332	188
120	372	172
121	146	540
121	196	329
121	205	300
121	226	266
121	264	230
121	269	223
121	348	187
121	351	182
121	410	167
122	164	400
122	196	308
122	217	296
122	253	240
122	258	233
122	313	196
122	333	180
122	395	161
123	148	496
123	160	406
123	162	405
123	165	386
123	172	362
123	176	360
123	183	342
123	189	328
123	212	294
123	337	178
123	368	176
124	146	527
124	160	398
124	161	395
124	165	385
124	181	343
124	206	290
124	368	173
124	370	170
125	145	503
125	148	451
125	156	418
125	160	389
125	227	256
125	238	246
125	276	217
125	290	205
125	295	198
125	329	180
125	344	172
125	360	167
125	391	165
125	457	155
126	156	410
126	170	367
126	214	277
126	216	266
126	259	223
126	286	207
126	334	178
126	348	170
126	434	156
126	446	152
127	158	387
127	189	326
127	192	324
127	205	291
127	215	275
127	227	253
127	243	244
127	248	233
127	318	187
127	321	179
127	351	167
127	367	162
127	423	153
128	142	516
128	144	496
128	150	430
128	155	395
128	174	356
128	181	332
128	185	330
128	203	306
128	243	241
128	275	220
128	280	210
128	282	202
128	309	189
128	314	182
128	355	165
128	371	159
129	136	538
129	164	376
129	170	365
129	172	340
129	180	326
129	213	271
129	273	217
130	134	569
130	140	511
130	146	462
130	149	435
130	153	415
130	195	314
130	198	300
130	208	273
130	236	245
130	238	243
130	258	226
130	271	207
130	285	198
130	321	177
130	332	171
130	378	154
130	469	147
131	138	478
131	152	421
131	153	400
131	188	308
131	202	291
131	203	275
131	221	262
131	268	212
131	303	190
131	395	152
132	149	433
132	158	386
132	193	299
132	209	271
132	223	255
132	233	244
132	240	235
132	244	233
132	257	222
132	289	194
132	311	187
132	339	166
132	396	150
133	164	365
133	188	295
133	213	260
133	218	255
133	233	243
133	272	202
133	302	181
133	313	179
133	332	169
133	343	164
133	374	158
134	130	558
134	132	538
134	153	393
134	162	365
134	186	321
134	204	268
134	209	263
134	231	246
134	232	243
134	238	229
134	252	220
134	263	217
134	312	178
134	320	173
135	133	490
135	142	462
135	149	426
135	159	365
135	164	352
135	171	346
135	172	325
135	261	207
135	311	177
135	325	170
135	352	163
135	366	153
135	406	146
136	128	553
136	143	449
136	144	402
136	156	358
136	160	356
136	179	321
136	193	285
136	223	253
136	231	229
136	315	174
136	333	168
136	447	141
137	220	239
137	222	237
137	256	217
137	305	180
137	313	172
137	424	142
138	195	276
138	211	247
138	234	225
138	274	195
138	281	192
138	290	189
138	292	181
138	322	169
138	380	152
138	393	150
139	143	436
139	171	335
139	182	316
139	188	287
139	223	235
139	308	175
139	330	167
140	149	383
140	155	365
140	172	313
140	179	298
140	204	260
140	214	243
140	238	221
140	256	209
140	330	163
140	348	155
140	403	141
140	470	136
141	139	391
141	167	340
141	170	318
141	188	286
141	196	264
141	227	231
141	261	199
141	303	173
141	319	169
141	337	162
141	358	152
141	444	136
142	130	474
142	148	375
142	156	343
142	168	322
142	187	284
142	207	259
142	301	171
142	341	156
142	371	144
142	421	137
143	128	550
143	171	310
143	178	295
143	222	229
143	239	220
143	264	195
143	271	192
143	282	189
143	310	168
144	145	370
144	195	268
144	211	239
144	229	225
144	262	198
144	287	177
144	339	160
145	128	474
145	154	363
145	163	338
145	178	289
145	198	262
145	202	258
145	225	225
145	236	222
145	272	190
145	312	163
145	325	159
145	402	141
145	430	134
146	138	422
146	192	280
146	200	255
146	214	235
146	223	228
146	310	166
147	132	442
147	146	361
147	163	316
147	170	310
147	194	268
147	209	250
147	212	238
147	243	213
147	273	185
147	319	158
147	448	130
148	138	410
148	154	336
148	184	283
148	271	188
148	296	167
148	342	154
149	117	553
149	131	472
149	136	414
149	159	329
149	177	300
149	183	287
149	190	270
149	216	234
149	218	231
149	228	216
149	239	212
149	247	204
149	290	175
149	306	163
149	383	143
150	122	459
150	143	355
150	162	313
150	173	298
150	207	241
150	209	239
150	217	226
150	219	224
150	262	190
150	270	184
150	315	159
150	344	147
151	119	493
151	131	440
151	133	408
151	157	331
151	172	301
151	180	283
151	188	276
151	192	260
151	208	234
151	292	173
151	293	166
151	307	159
151	329	152
151	355	145
151	379	143
151	471	125
152	128	442
152	138	391
152	181	270
152	223	220
152	241	208
152	258	196
152	301	165
152	331	151
152	391	135
153	123	426
153	133	371
153	142	352
153	147	349
153	204	247
153	211	232
153	212	230
153	374	137
153	378	134
154	125	421
154	131	375
154	140	356
154	175	296
154	202	247
154	208	231
154	247	202
154	254	198
154	258	186
154	265	185
154	271	180
154	290	171
154	294	165
154	304	158
154	315	155
154	324	150
154	418	131
155	168	301
155	180	272
155	190	262
155	197	241
155	199	239
155	282	176
155	354	146
156	160	313
156	165	312
156	171	280
156	188	249
156	211	227
156	219	216
156	237	202
156	250	196
156	288	174
156	347	139
157	148	343
157	157	316
157	169	296
157	183	263
157	193	248
157	200	237
157	208	226
157	268	179
157	280	171
157	305	157
157	333	143
157	395	131
158	127	394
158	137	368
158	140	350
158	156	315
158	167	294
158	181	262
158	191	245
158	255	188
158	267	176
158	277	173
158	293	164
158	372	137
158	393	133
159	138	354
159	140	341
159	148	333
159	203	233
159	244	198
159	258	185
159	266	181
159	356	133
160	117	431
160	138	345
160	146	334
160	156	308
160	216	218
160	221	215
160	247	194
160	258	184
160	262	183
160	284	168
160	313	154
160	330	142
160	454	121
161	155	311
161	161	306
161	199	231
161	205	228
161	213	219
161	219	215
161	224	211
161	266	176
161	291	166
161	322	149
161	393	130
162	128	389
162	150	317
162	166	299
162	171	272
162	176	268
162	183	253
162	188	241
162	208	225
162	212	222
162	223	213
162	244	191
162	264	178
162	274	174
162	280	170
162	282	167
162	374	128
162	386	127
162	413	125
163	135	362
163	155	298
163	162	292
163	167	282
163	179	261
163	186	249
163	197	236
163	202	227
163	208	224
163	209	222
163	219	214
163	228	204
163	253	189
163	255	181
163	273	171
163	280	163
163	290	159
163	300	158
164	115	480
164	143	337
164	146	318
164	160	296
164	177	257
164	191	237
164	198	232
164	200	230
164	211	221
164	226	208
164	234	201
164	251	182
164	258	178
164	299	155
164	310	150
164	477	116
165	130	384
165	144	322
165	151	311
165	189	240
165	210	218
165	232	197
165	240	192
165	249	190
165	254	179
165	266	173
165	276	169
166	120	418
166	135	337
166	207	225
166	216	210
166	221	207
166	230	198
166	243	189
166	258	177
166	274	167
166	278	166
166	296	155
166	306	152
166	313	146
166	323	143
166	333	139
166	347	137
167	117	398
167	129	373
167	133	341
167	168	280
167	179	251
167	205	218
167	219	207
167	257	176
167	384	123
168	169	269
168	178	253
168	186	241
168	194	228
168	196	226
168	208	217
168	219	206
168	246	186
168	264	170
168	277	165
168	302	152
168	311	147
168	336	135
169	109	474
169	119	395
169	128	385
169	139	335
169	152	310
169	185	236
169	208	216
169	209	214
169	222	203
169	233	193
169	259	173
169	269	167
169	284	162
169	310	144
169	402	119
170	102	541
170	149	316
170	155	296
170	168	277
170	172	267
170	177	249
170	182	245
170	192	232
170	200	222
170	211	213
170	226	200
170	230	196
170	248	182
170	251	174
170	267	166
170	282	158
170	327	142
171	123	387
171	139	322
171	161	275
171	168	269
171	188	234
171	189	232
171	195	227
171	215	210
171	224	200
171	236	189
171	240	184
171	246	182
171	254	171
171	298	152
172	101	526
172	102	510
172	114	422
172	121	381
172	131	355
172	150	314
172	172	259
172	183	243
172	195	226
172	230	190
172	235	189
172	243	181
172	263	170
172	278	158
172	283	155
172	350	131
172	383	125
172	432	113
173	119	385
173	129	359
173	134	327
173	141	313
173	149	306
173	156	291
173	157	288
173	163	267
173	219	200
173	224	199
173	227	196
173	249	178
173	265	169
173	266	168
174	111	439
174	113	393
174	119	376
174	123	367
174	129	350
174	157	287
174	159	276
174	179	240
174	196	218
174	214	211
174	218	202
174	245	178
174	282	155
174	291	153
175	143	302
175	168	260
175	185	228
175	234	188
175	262	164
175	276	163
175	285	152
175	306	145
175	356	128
176	136	322
176	151	292
176	170	256
176	179	238
176	230	188
176	248	174
176	256	167
176	277	161
176	286	151
176	479	109
177	135	318
177	155	288
177	170	246
177	215	202
177	219	198
177	237	184
177	245	177
177	246	174
177	280	154
177	288	148
177	334	138
177	373	121
177	379	117
178	103	471
178	110	420
178	122	368
178	128	338
178	182	234
178	184	231
178	191	222
178	193	220
178	224	192
178	235	183
178	240	181
178	251	170
178	299	146
178	316	137
178	333	134
178	341	133
179	112	393
179	122	367
179	163	259
179	175	239
179	182	230
179	190	221
179	196	217
179	211	205
179	213	202
179	240	178
179	249	170
179	266	163
179	282	150
180	101	449
180	130	337
180	147	285
180	152	284
180	167	252
180	185	227
180	188	221
180	196	216
180	200	215
180	205	214
180	206	209
180	221	193
180	253	167
180	262	161
180	271	160
180	280	151
180	297	142
180	333	131
180	339	126
180	356	123
181	103	422
181	109	410
181	122	363
181	123	345
181	136	310
181	174	244
181	178	234
181	248	172
181	313	135
182	96	516
182	152	278
182	165	253
182	169	242
182	184	227
182	220	192
182	232	182
182	241	177
182	256	163
182	356	120
183	100	439
183	127	342
183	131	334
183	170	238
183	187	220
183	189	217
183	205	206
183	209	199
183	231	181
183	290	143
184	95	541
184	154	277
184	157	269
184	178	227
184	192	214
184	193	212
184	198	209
184	220	191
184	235	179
184	279	153
184	303	141
185	107	407
185	119	367
185	120	360
185	123	339
185	131	328
185	141	295
185	173	234
185	175	231
185	177	227
185	181	224
185	182	222
185	196	209
185	208	205
185	248	168
185	265	157
186	104	399
186	114	373
186	158	267
186	167	244
186	181	223
186	185	219
186	196	208
186	221	185
186	259	158
186	298	138
187	98	436
187	124	331
187	133	324
187	135	305
187	170	234
187	180	224
187	182	220
187	185	218
187	199	205
187	210	195
187	262	155
188	101	416
188	134	315
188	153	275
188	158	261
188	159	260
188	164	250
188	167	242
188	169	234
188	188	215
188	203	202
188	224	181
188	275	149
188	347	124
188	377	118
188	389	116
189	95	453
189	111	367
189	121	341
189	137	301
189	142	290
189	160	254
189	166	246
189	175	227
189	199	203
189	201	202
189	231	173
189	238	172
189	255	166
189	288	145
190	132	321
190	172	230
190	188	213
190	196	206
190	206	198
190	220	183
190	242	170
190	253	166
190	324	134
190	338	125
191	99	413
191	109	387
191	133	312
191	153	274
191	166	242
191	170	232
191	173	228
191	185	216
191	194	209
191	204	198
191	270	148
191	340	124
192	131	313
192	137	300
192	145	272
192	157	255
192	160	252
192	167	237
192	170	231
192	189	210
192	195	204
192	217	189
192	222	180
192	253	163
192	283	142
192	300	133
193	91	510
193	119	354
193	120	348
193	138	292
193	175	225
193	178	221
193	181	218
193	296	138
193	363	113
194	95	433
194	148	268
194	150	265
194	157	246
194	166	234
194	175	223
194	182	215
194	194	204
194	279	145
194	350	122
195	90	535
195	133	301
195	138	284
195	192	204
195	218	184
195	261	155
195	317	132
196	102	392
196	120	327
196	131	304
196	166	232
196	180	216
196	182	212
196	201	194
196	217	188
196	239	171
196	273	147
196	337	129
196	339	123
196	348	122
196	373	111
197	106	391
197	125	320
197	130	300
197	136	292
197	156	251
197	169	227
197	170	226
197	175	221
197	190	204
197	195	200
197	198	198
197	209	192
197	226	172
197	246	162
197	306	132
197	323	127
198	98	420
198	167	229
198	183	211
198	187	205
198	235	168
198	239	163
198	281	144
198	360	118
199	90	457
199	96	410
199	103	378
199	117	363
199	155	246
199	162	238
199	174	225
199	177	215
199	263	153
199	269	148
199	279	144
199	302	132
199	354	117
199	403	105
200	90	447
200	117	357
200	152	260
200	157	238
200	166	226
200	170	225
200	172	222
200	199	193
200	209	191
200	214	184
200	225	176
200	258	149
200	281	140
200	315	129
201	94	437
201	102	373
201	112	347
201	126	311
201	131	292
201	140	275
201	153	259
201	161	234
201	175	215
201	179	214
201	182	208
201	188	202
201	194	199
201	212	181
201	214	178
201	221	176
201	377	106
202	137	285
202	149	254
202	160	234
202	162	231
202	164	227
202	169	222
202	171	219
202	173	215
202	177	212
202	202	189
202	235	167
202	313	129
202	332	126
203	98	397
203	104	364
203	114	346
203	145	267
203	168	222
203	178	211
203	181	207
203	210	187
203	217	174
203	248	159
203	300	132
203	307	126
203	334	121
203	413	103
204	87	495
204	91	424
204	118	334
204	138	278
204	166	222
204	176	211
204	178	208
204	185	202
204	203	188
204	226	170
204	266	142
204	281	138
204	299	132
204	316	123
204	336	118
204	355	115
205	101	381
205	114	338
205	152	253
205	155	238
205	171	218
205	175	211
205	184	203
205	208	185
205	239	157
205	330	120
205	336	115
206	86	553
206	112	339
206	145	262
206	150	246
206	169	218
206	171	215
206	183	205
206	190	195
206	194	194
206	202	187
206	205	186
206	290	136
206	347	113
207	93	413
207	110	348
207	136	277
207	147	254
207	160	231
207	168	221
207	175	210
207	281	136
207	353	109
208	89	440
208	108	356
208	135	276
208	160	229
208	163	226
208	174	211
208	180	205
208	188	198
208	193	191
208	233	168
208	289	131
209	89	430
209	117	320
209	120	316
209	132	288
209	161	228
209	164	224
209	170	215
209	177	207
209	201	189
209	247	150
209	264	144
209	369	105
210	136	268
210	152	241
210	161	227
210	298	128
210	309	125
211	113	336
211	124	306
211	129	301
211	148	246
211	155	231
211	163	223
211	175	208
211	198	189
211	230	159
211	397	98
211	437	92
212	100	387
212	145	254
212	160	227
212	166	219
212	225	164
212	321	117
213	87	433
213	106	352
213	129	280
213	139	263
213	158	227
213	173	210
213	192	192
213	195	186
213	204	181
213	212	179
213	222	166
214	84	484
214	90	407
214	94	384
214	109	342
214	171	208
214	179	205
214	206	180
214	262	144
214	276	140
214	341	114
214	427	92
215	84	474
215	115	331
215	118	318
215	166	215
215	182	200
215	186	194
215	216	175
215	238	152
215	261	148
215	269	141
216	83	573
216	96	375
216	122	306
216	136	264
216	143	257
216	147	242
216	152	233
216	190	189
216	213	173
216	291	126
216	304	125
217	101	374
217	105	342
217	112	336
217	118	314
217	123	292
217	146	242
217	153	231
217	178	205
217	209	177
217	261	145
217	365	108
217	397	97
218	89	405
218	134	276
218	148	234
218	157	222
218	167	211
218	173	206
218	200	180
218	218	168
218	240	150
218	254	148
218	279	131
218	316	120
218	327	114
218	351	110
218	385	100
219	101	358
219	111	332
219	126	290
219	129	277
219	133	271
219	166	211
219	175	204
219	177	201
219	231	158
219	252	149
219	265	139
220	82	535
220	95	383
220	151	230
220	155	223
220	160	218
220	164	211
220	217	172
220	219	166
220	280	130
221	103	349
221	121	293
221	134	261
221	140	254
221	142	248
221	169	207
221	175	200
221	180	197
221	226	161
221	258	143
222	89	400
222	100	359
222	112	327
222	115	316
222	122	291
222	133	261
222	157	218
222	199	183
222	224	162
222	240	149
222	248	143
222	263	139
222	287	124
222	343	111
223	118	296
223	146	234
223	188	192
223	210	175
223	211	167
223	220	162
223	246	148
223	306	121
223	317	117
224	93	386
224	160	214
224	174	201
224	183	193
224	186	187
224	206	176
224	208	170
224	231	152
224	258	142
224	262	140
224	264	138
224	288	123
224	345	108
224	366	103
225	84	428
225	108	336
225	111	314
225	121	288
225	131	271
225	136	260
225	189	183
225	202	175
225	266	136
225	273	132
225	311	117
226	90	388
226	116	301
226	124	285
226	126	283
226	127	273
226	135	256
226	140	247
226	145	244
226	151	225
226	171	203
226	271	132
226	368	97
226	426	94
227	81	469
227	91	387
227	96	374
227	108	332
227	110	326
227	112	308
227	140	246
227	150	233
227	173	199
227	195	182
227	217	163
227	227	160
227	228	155
227	286	127
227	323	114
227	365	105
227	407	90
228	101	356
228	105	328
228	133	253
228	144	241
228	157	215
228	182	192
228	203	171
228	206	170
228	239	145
228	257	135
229	87	419
229	102	351
229	109	326
229	146	227
229	200	176
229	230	150
229	309	116
230	126	273
230	131	264
230	139	251
230	145	237
230	177	195
230	209	169
230	455	86
231	80	512
231	83	452
231	95	382
231	97	362
231	123	286
231	149	223
231	153	216
231	164	208
231	180	186
231	250	142
231	254	141
231	298	117
231	330	110
232	88	394
232	92	371
232	98	361
232	104	334
232	127	265
232	158	212
232	213	163
232	267	134
233	79	520
233	87	394
233	93	364
233	135	250
233	156	212
233	183	182
233	240	144
233	315	111
233	445	86
233	478	84
234	160	210
234	177	187
234	288	119
234	345	107
235	81	439
235	94	358
235	101	353
235	114	297
235	124	272
235	138	242
235	142	231
235	176	195
235	190	176
235	218	161
235	221	152
235	235	147
235	399	89
236	111	300
236	119	292
236	141	239
236	151	220
236	171	201
236	231	147
236	275	127
236	340	109
236	344	104
236	368	96
237	96	352
237	99	345
237	100	341
237	109	319
237	120	273
237	129	262
237	149	220
237	162	208
237	166	200
237	169	194
237	187	178
237	248	137
237	407	87
238	133	249
238	162	201
238	182	181
238	191	173
238	238	145
238	312	112
238	330	107
238	367	93
239	116	295
239	126	269
239	136	243
239	155	209
239	229	145
239	261	131
240	78	484
240	80	470
240	90	370
240	107	322
240	114	291
240	125	261
240	130	259
240	165	200
240	192	172
240	197	171
240	239	140
240	257	129
240	353	96
241	83	434
241	102	331
241	105	326
241	110	299
241	114	285
241	139	229
241	158	205
241	177	186
241	226	149
241	270	123
242	116	281
242	139	227
242	191	172
242	204	165
242	267	127
242	305	110
242	350	101
243	77	507
243	78	463
243	106	325
243	108	320
243	157	205
243	203	167
243	213	155
244	84	424
244	98	334
244	108	303
244	142	223
244	146	216
244	155	204
244	201	169
244	217	152
244	228	145
244	322	104
244	375	92
244	403	87
245	133	241
245	170	190
245	394	89
245	399	86
246	76	535
246	97	345
246	101	328
246	128	254
246	166	199
246	212	158
246	231	142
246	246	132
246	339	103
246	444	82
247	85	406
247	137	227
247	176	183
247	185	174
247	283	121
247	304	112
247	316	109
248	89	389
248	113	289
248	117	280
248	183	174
248	209	162
248	211	152
248	362	92
248	416	85
249	81	423
249	88	373
249	91	357
249	95	355
249	107	303
249	127	253
249	167	189
249	285	119
249	345	101
250	102	321
250	126	249
250	152	207
250	175	185
250	180	181
250	190	165
250	202	157
250	206	155
251	131	239
251	141	226
251	219	148
251	241	135
251	274	118
251	288	117
251	352	97
251	368	90
251	391	89
251	503	80
252	124	246
252	173	185
252	179	181
252	186	170
252	201	162
252	219	145
252	237	134
252	277	116
252	382	87
253	79	426
253	122	262
253	137	220
253	148	212
253	412	84
253	435	81
254	136	230
254	228	142
254	374	89
255	94	339
255	118	264
255	140	216
255	144	209
255	158	200
255	171	179
255	263	121
255	320	105
256	86	381
256	118	258
256	149	205
256	159	199
256	163	191
256	191	164
256	196	163
256	234	140
256	254	131
256	315	106
256	402	84
256	425	81
257	76	485
257	93	339
257	163	189
257	174	175
257	232	137
257	280	114
257	300	112
257	332	101
258	77	452
258	88	357
258	100	312
258	105	310
258	106	307
258	109	298
258	133	233
258	151	203
258	152	200
258	184	169
258	196	155
258	323	102
258	338	95
259	84	394
259	112	290
259	134	228
259	160	191
259	189	162
259	229	140
259	364	90
259	385	86
260	82	392
260	130	235
260	155	196
260	168	182
260	181	173
260	188	164
260	191	158
260	197	154
260	202	153
260	207	151
260	216	148
260	223	140
260	397	85
261	76	450
261	87	362
261	92	350
261	113	288
261	160	187
261	246	126
261	356	92
261	365	88
262	104	304
262	108	285
262	114	266
262	129	243
262	180	174
262	188	160
262	204	148
262	229	138
262	275	117
262	281	111
262	295	110
262	311	109
263	103	297
263	123	249
263	127	236
263	173	178
263	178	170
264	96	323
264	112	271
264	136	225
264	147	202
264	153	196
264	167	181
264	210	146
264	237	129
264	312	104
264	328	101
264	417	80
265	88	350
265	102	310
265	110	281
265	116	261
265	126	237
265	130	222
265	175	172
265	349	93
265	462	78
266	94	336
266	97	315
266	168	180
266	182	165
266	212	143
266	265	118
266	270	114
266	351	90
267	75	527
267	92	333
267	377	85
268	81	393
268	85	385
268	124	240
268	226	136
268	287	107
268	387	84
269	111	269
269	124	234
269	152	199
269	172	176
269	190	156
269	411	83
270	76	441
270	90	340
270	95	324
270	149	200
270	152	198
270	248	124
270	261	123
270	404	82
271	84	373
271	173	175
271	377	84
272	80	415
272	81	376
272	151	199
272	175	170
272	231	135
272	337	97
273	158	182
273	215	142
273	369	86
274	84	368
274	102	307
274	142	215
274	143	200
274	181	158
274	285	110
274	360	86
274	366	85
275	74	466
275	75	453
275	108	280
275	120	242
275	222	138
275	239	124
275	310	103
276	80	385
276	87	358
276	109	273
276	178	165
276	197	146
276	217	134
276	450	78
277	79	407
277	87	345
277	118	257
277	135	217
277	137	209
277	150	198
277	188	155
277	279	107
277	333	92
278	122	237
278	178	164
278	203	144
278	209	143
279	77	416
279	85	349
279	94	316
279	103	291
279	128	232
279	142	200
279	146	199
279	149	193
279	177	162
279	248	121
279	317	102
279	415	81
279	437	76
279	492	74
280	74	449
280	78	388
280	114	264
280	150	192
280	167	180
280	187	156
280	410	81
281	101	309
281	195	154
281	230	126
281	298	105
282	77	407
282	100	302
282	143	193
282	166	176
282	175	162
282	187	148
282	215	140
283	108	279
283	116	247
283	133	215
283	151	184
283	173	173
283	180	155
283	263	119
283	323	98
284	92	323
284	102	285
284	112	265
284	146	189
284	159	175
284	171	170
284	172	166
284	182	151
284	188	147
284	198	144
284	214	139
284	221	129
284	398	81
285	76	414
285	80	384
285	125	233
285	140	205
285	195	146
285	346	87
286	93	322
286	105	273
286	171	167
286	179	153
286	195	141
286	273	108
286	423	78
286	483	73
287	75	430
287	91	328
287	114	260
287	127	227
287	214	135
287	258	119
287	405	80
288	120	234
288	144	189
288	158	174
288	176	160
288	288	101
288	322	99
289	75	424
289	113	249
289	166	165
289	271	113
290	70	529
290	72	443
290	79	363
290	129	225
290	141	200
290	159	173
290	210	132
290	249	120
290	463	73
291	96	307
291	136	204
291	332	94
291	338	90
292	152	183
292	208	139
292	265	117
293	70	508
293	99	286
293	111	265
293	128	224
293	143	192
293	314	98
293	326	95
293	355	83
294	94	310
294	236	124
295	92	320
295	125	223
295	130	216
295	135	212
295	164	168
296	128	218
296	181	151
296	229	126
297	112	257
297	176	159
297	182	148
297	256	117
297	278	106
297	280	101
298	90	329
298	103	273
298	105	272
298	194	145
299	98	301
299	102	276
299	120	225
299	123	224
299	140	197
299	179	151
299	193	145
300	89	335
300	106	261
300	118	242
300	132	207
300	169	158
300	188	139
300	432	73
301	91	325
301	126	210
301	140	196
301	157	181
301	179	148
301	187	147
301	207	133
301	266	105
302	135	193
302	169	157
302	195	138
303	87	329
303	96	295
303	114	237
303	149	186
303	154	178
303	178	151
303	204	137
303	234	125
303	383	79
303	421	76
304	100	285
304	158	173
304	164	166
304	254	113
306	69	507
306	96	287
306	185	141
306	206	133
306	209	130
306	279	104
306	322	96
307	91	321
307	93	302
307	173	151
307	229	120
307	373	81
307	390	76
308	112	248
308	178	148
308	180	142
308	205	135
309	68	528
309	234	116
309	345	87
310	89	317
310	142	189
310	197	137
310	207	131
311	108	250
311	125	219
312	100	284
312	106	260
312	156	171
312	167	153
313	70	431
313	89	307
313	95	300
313	103	264
313	172	150
313	214	128
313	261	112
313	302	92
313	323	89
313	329	85
314	91	306
314	118	225
314	160	163
314	185	140
314	247	111
314	265	109
314	433	71
315	148	178
315	151	172
315	156	168
315	212	124
316	111	240
316	134	201
316	170	151
316	299	97
317	77	351
317	92	303
317	171	147
317	226	122
317	286	98
318	134	190
318	349	82
319	69	503
319	130	209
319	181	140
320	90	303
320	179	142
320	185	138
320	199	131
320	270	104
321	132	199
321	267	99
322	101	261
322	134	188
322	165	160
322	211	128
322	426	72
323	110	248
323	121	216
323	420	71
324	104	258
324	129	209
324	187	136
325	85	325
325	128	200
325	144	185
325	161	162
325	189	132
325	251	109
325	334	82
325	518	69
326	167	148
326	203	130
326	208	126
326	219	118
326	310	87
327	83	324
327	100	276
327	138	183
328	68	472
328	156	164
328	172	142
328	184	139
328	286	95
328	368	76
328	389	74
329	68	451
329	80	345
329	135	187
329	150	168
329	161	158
329	388	74
330	80	334
330	105	249
330	126	209
330	133	198
330	161	155
330	182	138
330	516	66
331	92	284
331	126	207
331	171	142
331	277	98
331	293	94
331	413	72
332	198	131
332	235	113
333	95	272
333	140	176
333	199	130
333	326	84
334	99	259
334	116	224
334	211	121
334	234	114
334	244	105
334	320	83
334	379	75
335	116	213
335	129	192
335	187	134
335	195	131
336	69	408
336	102	249
336	194	131
336	201	128
336	296	91
337	97	267
337	149	172
337	159	160
338	126	193
338	178	135
338	264	102
338	467	66
339	68	424
339	110	225
339	185	134
339	197	129
339	403	73
340	86	312
340	168	142
340	213	117
340	236	111
340	319	84
341	88	304
341	90	299
341	386	73
342	205	127
342	490	65
343	76	346
343	119	202
343	147	175
343	412	72
344	87	303
345	86	300
345	95	268
345	126	190
345	150	163
345	176	138
345	451	66
346	65	515
346	66	471
346	87	296
346	163	153
346	302	90
347	96	260
347	113	214
347	285	90
347	301	85
348	183	134
349	142	168
349	226	115
349	261	98
349	277	93
349	353	75
349	360	74
350	112	221
350	170	141
350	173	140
350	404	70
351	161	146
351	220	111
351	385	71
352	107	226
352	123	198
353	78	330
353	190	131
353	238	109
354	76	331
355	68	396
355	160	151
355	232	105
355	288	89
356	171	139
356	185	129
356	217	112
357	195	126
357	224	108
358	202	123
358	428	66
359	82	310
359	133	186
359	166	139
359	384	71
360	93	264
360	152	155
360	171	134
360	178	131
360	194	128
360	252	96
360	284	87
361	79	314
361	100	245
361	190	128
361	236	102
361	292	85
362	131	187
362	145	166
362	209	121
363	69	380
363	99	252
363	108	217
363	155	153
363	169	138
363	195	124
363	268	93
363	344	75
363	351	74
364	152	153
364	273	90
365	382	70
366	102	235
366	140	168
366	149	164
366	155	152
367	131	176
367	163	139
367	415	66
368	253	94
369	66	430
369	97	245
369	112	214
369	114	211
369	118	201
369	168	134
369	186	128
369	187	125
369	223	109
369	237	100
370	129	183
371	96	247
371	100	235
371	182	130
371	185	125
371	217	110
372	212	114
373	235	103
374	90	264
374	143	162
374	160	148
374	275	87
374	363	73
374	384	69
375	80	302
375	299	82
375	374	70
376	154	147
376	220	108
377	149	161
378	264	90
379	118	197
380	86	284
380	125	192
380	144	155
380	160	145
380	210	118
381	194	122
381	226	106
381	233	101
382	97	238
382	109	207
382	115	205
382	408	65
382	513	61
383	88	273
383	116	200
383	126	181
383	163	137
383	177	129
383	183	128
383	287	85
384	108	216
384	160	139
385	91	255
385	101	229
385	181	126
386	115	201
386	190	123
386	206	110
387	154	144
387	202	115
387	287	84
388	67	399
388	135	168
388	166	131
388	187	121
388	297	82
389	77	308
389	132	170
389	178	123
390	99	229
391	153	149
391	313	81
392	157	139
394	94	248
394	146	154
394	258	92
395	106	209
395	118	195
395	154	140
395	155	139
396	80	291
396	98	230
396	112	202
396	226	101
397	125	186
397	245	97
397	250	95
397	327	80
398	70	346
398	223	101
399	92	248
399	143	160
399	174	127
399	271	88
400	68	360
400	102	225
400	185	117
400	255	92
400	332	78
400	398	65
401	115	195
401	151	153
401	464	61
402	62	485
402	235	95
403	78	296
403	97	237
403	219	101
403	260	91
404	99	228
404	140	162
404	249	92
404	299	80
404	356	73
405	102	221
405	233	98
405	327	75
406	68	359
407	105	217
407	152	151
408	103	213
408	159	138
408	160	137
409	77	299
409	453	61
410	81	279
410	82	275
410	112	194
410	181	121
411	125	178
412	76	303
412	97	230
413	98	228
413	108	201
413	135	167
413	160	131
413	260	90
414	95	230
414	122	193
416	249	90
416	258	87
417	78	295
417	85	265
417	137	157
417	216	104
417	281	85
418	132	162
419	341	73
419	358	71
420	144	147
421	79	286
422	91	253
422	118	189
422	146	143
422	147	142
423	90	249
423	109	198
423	245	91
424	228	95
424	249	89
425	212	101
426	105	205
426	159	136
426	198	111
426	334	74
427	68	354
427	92	234
427	114	187
427	119	179
428	174	119
428	293	83
429	63	404
429	79	281
430	68	346
430	75	299
430	130	173
430	358	69
431	98	223
432	102	217
433	154	136
433	210	105
433	265	84
434	62	441
434	243	91
434	388	66
435	77	297
435	145	145
436	84	256
436	85	252
436	161	128
438	77	288
439	128	167
439	140	152
439	181	113
439	395	64
440	62	433
440	111	191
441	140	151
441	152	139
441	171	127
442	471	59
443	72	311
443	82	270
443	142	148
444	76	287
445	94	226
445	220	96
445	241	90
448	108	196
448	407	63
449	80	279
449	340	72
450	109	192
450	270	82
450	464	60
451	83	254
451	175	116
451	182	112
452	120	173
452	144	142
452	171	125
452	322	73
453	61	490
453	131	158
456	160	130
457	79	273
457	82	263
457	129	164
457	143	143
458	62	419
458	247	88
459	171	124
460	70	316
461	105	200
461	202	106
462	68	330
462	72	303
462	88	251
462	93	233
462	145	141
462	182	110
463	433	61
464	73	298
464	75	290
464	103	210
464	255	85
465	93	224
465	339	72
466	75	283
466	85	244
467	167	124
468	68	329
468	150	137
470	77	272
470	195	106
471	139	146
472	99	215
473	235	91
474	239	89
475	213	99
476	73	291
476	110	190
476	117	186
476	138	147
476	321	72
477	134	152
478	95	219
479	74	287
480	147	138
481	140	145
482	62	409
482	534	56
484	164	122
485	143	142
485	147	135
487	119	169
487	532	56
488	105	194
489	118	184
489	216	98
489	290	76
490	70	306
491	80	252
492	116	175
493	61	438
494	113	184
494	289	78
495	75	276
495	192	109
495	310	73
496	68	321
496	140	142
496	154	129
497	76	271
498	284	80
499	371	65
500	99	212
501	67	333
501	102	198
504	142	139
505	125	168
505	127	157
505	530	56
510	233	89
511	61	424
512	66	335
512	70	301
512	120	168
512	132	154
513	82	243
513	147	134
515	135	146
523	133	148
523	196	101
524	67	331
524	96	208
524	128	154
525	74	271
525	172	120
527	75	266
527	302	73
529	115	182
530	62	394
530	98	203
531	72	286
531	226	95
534	110	182
535	60	475
535	439	60
536	125	160
537	283	76
540	114	175
541	60	457
542	424	61
543	423	61
544	229	89
546	225	90
550	60	440
552	70	295
552	151	129
553	285	75
556	106	184
559	120	163
561	309	71
562	327	69
563	166	118
563	250	84
564	102	191
565	101	195
569	62	385
569	95	209
569	249	85
570	241	86
570	280	76
574	100	194
580	60	433
585	73	271
585	296	73
587	78	248
587	102	190
587	292	73
588	75	258
589	300	72
590	111	176
591	63	360
591	98	197
594	271	77
602	61	407
608	69	300
611	68	308
622	237	87
625	73	269
646	231	87
