34	85	122
36	73	91
39	64	69
42	61	86
43	60	88
43	61	81
44	49	69
44	58	62
46	56	50
49	53	67
50	48	69
50	80	47
52	44	79
54	54	50
55	65	47
57	41	96
62	53	66
64	50	58
64	74	46
64	105	45
65	76	44
65	85	43
66	38	98
66	48	46
69	45	63
69	71	45
69	80	43
70	72	43
71	43	67
73	42	84
73	78	41
74	40	84
74	41	69
74	46	46
75	57	43
76	91	39
79	41	67
81	71	41
81	83	39
82	36	79
82	38	75
82	45	62
84	66	42
85	65	38
85	95	34
89	44	63
89	85	36
90	43	62
90	63	41
93	70	37
93	88	34
97	61	39
97	78	36
101	63	37
101	72	33
101	102	29
105	59	39
109	77	32
109	95	29
117	70	32
