47	224	241
48	192	268
48	213	245
49	222	236
49	230	223
50	173	286
50	176	273
50	185	245
50	196	239
50	224	206
51	180	241
51	201	222
51	208	216
51	214	199
52	191	232
52	196	218
53	160	294
53	165	263
53	173	250
53	212	188
53	230	168
54	156	280
54	166	260
54	169	247
54	175	237
54	184	209
54	195	203
54	210	181
54	225	177
55	162	272
55	163	252
55	174	228
55	179	205
55	200	186
55	205	177
55	213	163
55	228	157
56	155	304
56	157	260
56	162	239
56	165	226
56	182	198
56	185	192
56	195	182
56	208	170
57	153	268
57	164	227
57	172	214
57	177	194
57	191	186
57	203	166
57	211	152
58	149	254
58	159	225
58	163	215
58	167	210
58	183	181
58	193	171
58	230	144
59	136	301
59	142	277
59	150	239
59	162	216
59	170	203
59	173	192
59	182	184
60	132	287
60	155	213
60	158	200
60	165	199
60	168	188
60	189	178
60	196	161
60	220	142
60	236	141
61	140	266
61	143	254
61	148	228
61	178	177
61	180	173
61	184	160
62	138	244
62	156	189
62	177	175
62	181	170
63	125	287
63	130	279
63	131	277
63	135	265
63	146	223
63	149	202
63	155	192
63	170	182
63	176	172
63	200	143
63	213	142
64	122	307
64	136	233
64	143	230
64	145	220
64	182	159
64	188	142
64	236	138
65	122	285
65	134	259
65	135	236
65	147	191
65	153	181
65	160	171
65	187	154
65	203	140
65	219	139
65	228	138
66	118	284
66	125	272
66	128	264
66	141	223
66	143	207
66	181	160
66	211	138
66	226	132
67	117	292
67	124	253
67	131	235
67	133	225
67	134	223
67	139	215
67	142	209
67	173	160
67	200	139
67	201	138
68	123	272
68	132	220
68	144	183
68	157	163
68	186	154
68	202	129
68	209	127
69	115	266
69	125	247
69	130	222
69	132	212
69	133	207
69	168	158
69	181	156
69	228	119
69	232	117
70	122	256
70	126	241
70	127	220
70	168	153
70	182	142
70	189	135
71	107	312
71	118	261
71	123	235
71	138	204
71	140	193
71	142	181
71	182	136
71	192	131
71	199	129
71	213	117
71	234	116
72	107	290
72	113	250
72	121	212
72	128	200
72	130	199
72	138	198
72	141	187
72	152	175
72	165	154
72	171	150
72	178	135
72	202	125
73	103	289
73	146	176
73	165	145
73	183	132
73	188	122
74	120	227
74	139	176
74	140	171
74	149	167
74	150	164
74	151	163
74	158	156
74	160	153
74	174	140
75	118	204
75	125	192
75	132	182
75	151	157
75	161	152
75	168	142
75	206	118
75	213	116
76	106	233
76	115	220
76	134	175
76	150	163
76	186	118
76	226	113
76	236	106
77	99	271
77	105	245
77	123	200
77	129	180
77	136	168
77	157	143
77	164	140
77	175	139
78	100	254
78	105	238
78	129	174
78	139	167
78	150	160
78	155	153
78	165	139
78	181	127
78	188	112
78	217	106
79	98	257
79	103	225
79	105	220
79	115	216
79	120	203
79	127	190
79	128	186
79	173	127
79	203	107
80	98	248
80	122	195
80	155	139
80	185	126
80	201	109
81	91	279
81	97	246
81	106	209
81	115	196
81	123	188
81	133	161
81	147	158
81	160	137
81	165	134
81	178	119
82	95	247
82	102	229
82	112	208
82	116	188
82	123	183
82	125	181
82	144	150
82	167	129
82	196	106
83	99	229
83	110	200
83	125	180
83	142	148
83	168	126
83	179	117
83	240	99
84	84	276
84	97	232
84	103	201
84	111	187
84	115	185
84	119	183
84	129	162
84	154	137
84	156	125
84	166	118
84	201	102
85	90	267
85	96	229
85	100	225
85	102	213
85	113	180
85	114	176
85	121	164
85	128	154
85	185	116
85	190	103
86	90	242
86	92	231
86	97	222
86	100	210
86	136	153
86	141	151
86	151	142
86	179	111
86	181	105
86	197	101
86	199	100
86	207	96
87	89	255
87	107	188
87	108	179
87	140	152
87	148	138
87	167	112
87	186	103
88	83	267
88	86	262
88	97	210
88	98	208
88	115	172
88	125	146
88	135	139
88	220	94
89	85	257
89	87	234
89	89	223
89	91	218
89	96	215
89	183	103
89	194	100
90	84	246
90	94	217
90	112	166
90	136	136
90	156	117
90	164	114
90	171	102
91	96	204
91	101	192
91	102	181
91	111	168
91	143	131
91	219	91
92	85	230
92	88	227
92	92	215
92	93	212
92	95	198
92	142	129
92	177	99
92	215	94
93	81	255
93	93	194
93	123	156
93	133	128
93	143	121
93	158	113
93	164	106
93	183	96
94	83	230
94	89	199
94	99	173
94	106	170
94	107	159
94	124	148
94	140	123
94	155	119
94	161	107
94	169	103
94	236	90
95	82	222
95	98	190
95	115	155
95	135	127
95	158	107
95	202	93
96	75	250
96	81	244
96	96	193
96	98	172
96	113	151
96	127	138
96	147	119
96	151	113
96	171	100
96	194	94
97	77	243
97	87	213
97	94	177
97	100	170
97	104	151
97	129	135
97	133	127
97	152	111
97	166	105
97	187	95
97	191	92
97	207	90
97	208	89
98	87	205
98	161	105
98	182	94
99	88	200
99	120	142
99	134	114
99	148	105
99	174	95
99	193	91
99	197	89
100	71	303
100	102	167
100	142	112
100	223	85
101	84	203
101	92	196
101	124	129
101	154	102
101	163	98
101	173	97
101	180	92
102	79	210
102	87	189
102	93	178
102	95	175
102	112	133
102	132	118
102	141	109
102	160	98
102	220	84
102	224	83
103	73	229
103	75	218
103	83	200
103	93	174
103	124	128
103	130	126
103	139	104
103	153	100
103	158	99
103	171	95
103	179	91
104	81	207
104	87	184
104	114	132
104	121	121
104	170	94
104	181	87
104	210	84
104	222	81
105	68	249
105	78	216
105	84	188
105	92	167
105	106	143
105	110	139
105	138	111
105	163	96
105	165	94
105	221	81
106	106	139
106	120	128
106	136	105
106	170	93
107	80	204
107	88	182
107	90	175
107	100	155
107	130	117
107	152	103
107	155	96
107	217	81
108	65	269
108	71	248
108	96	154
108	119	122
108	125	117
108	126	111
108	146	103
108	148	102
108	178	90
108	191	86
108	208	83
109	67	240
109	79	207
109	81	196
109	82	194
109	89	179
109	115	129
109	161	93
110	76	210
110	77	200
110	85	182
110	95	156
110	118	121
110	136	101
110	141	95
110	155	91
110	173	90
110	183	85
110	200	80
110	233	76
111	73	208
111	76	206
111	81	190
111	88	174
111	90	170
111	108	130
111	114	121
111	168	89
112	64	261
112	121	117
112	123	116
112	125	115
112	130	107
112	147	92
112	163	89
112	174	88
113	61	290
113	72	239
113	76	196
113	82	178
113	99	143
113	104	136
113	135	101
113	175	84
114	61	255
114	63	244
114	71	215
114	93	152
114	95	148
114	105	122
114	138	100
115	60	296
115	69	227
115	78	191
115	80	189
115	88	171
115	92	156
115	124	115
115	128	106
115	153	90
115	165	83
115	181	81
115	195	80
115	201	79
115	219	77
116	72	212
116	84	170
116	91	159
116	102	142
116	119	112
116	127	110
116	137	98
116	145	92
116	162	88
116	164	87
116	223	72
117	68	236
117	74	206
117	79	186
117	80	184
117	102	133
117	104	132
117	116	113
117	124	108
117	126	100
117	153	89
117	161	87
117	171	80
117	207	78
117	208	76
118	65	233
118	83	172
118	115	115
118	162	84
118	192	77
118	202	76
118	216	75
119	88	167
119	96	146
119	103	130
119	112	114
119	113	104
119	134	97
119	138	96
119	139	94
120	71	210
120	75	202
120	85	164
120	97	138
120	107	120
121	58	302
121	68	207
121	74	186
121	90	160
121	121	103
121	131	99
121	142	89
121	153	82
121	179	78
121	188	75
122	61	234
122	71	197
122	83	170
122	84	166
122	85	159
122	93	138
122	107	114
122	128	96
122	145	88
122	174	77
123	59	292
123	68	202
123	90	146
123	96	133
123	121	99
123	123	98
123	140	89
123	142	88
123	186	75
123	190	72
124	74	181
124	89	153
124	118	95
124	128	91
124	150	83
124	180	74
125	79	176
125	85	155
125	99	132
125	104	129
125	105	120
125	110	110
125	115	100
125	149	86
126	57	253
126	59	242
126	63	223
126	99	127
126	109	110
126	124	92
126	136	88
126	165	77
127	56	290
127	95	136
127	96	127
127	101	120
127	110	106
127	111	103
127	113	102
127	155	80
128	63	216
128	83	154
128	117	99
128	141	85
128	150	81
128	152	80
128	163	78
128	223	68
129	67	207
129	75	175
129	81	169
129	106	115
129	125	90
129	136	87
129	140	86
129	157	77
129	218	66
130	60	237
130	69	187
130	83	149
130	104	114
130	114	100
130	122	92
130	132	88
130	147	82
130	156	78
130	173	75
130	198	68
130	213	67
131	67	202
131	81	164
131	90	145
131	94	123
131	96	122
131	117	97
131	119	94
131	142	84
131	149	81
131	163	74
132	88	142
132	104	109
132	128	89
132	137	86
132	139	85
132	179	72
132	186	66
133	54	296
133	64	213
133	66	211
133	78	168
133	92	130
133	108	107
133	117	96
133	148	80
133	159	73
134	57	232
134	61	223
134	103	104
134	105	103
134	129	84
134	138	80
134	140	79
134	169	72
134	192	63
135	63	211
135	78	163
135	84	143
135	89	141
135	92	129
135	98	119
135	99	115
135	110	98
135	116	97
135	156	77
135	179	71
136	75	165
136	91	137
136	102	105
136	108	99
136	127	89
136	156	74
136	177	69
137	54	292
137	91	129
137	109	98
137	116	95
137	118	94
137	119	90
137	121	89
137	137	80
137	175	71
137	180	66
138	53	270
138	59	219
138	60	216
138	106	100
138	111	97
138	114	96
138	118	90
138	125	85
138	127	84
139	58	226
139	63	197
139	67	185
139	72	182
139	81	147
139	98	114
139	115	94
139	152	74
139	161	71
140	56	242
140	90	139
140	95	118
140	115	93
140	126	81
140	159	71
140	190	63
141	72	179
141	74	169
141	76	159
141	86	139
141	87	135
141	90	130
141	91	123
141	101	97
141	108	96
141	109	95
141	111	93
141	119	88
141	151	76
141	176	70
142	74	166
142	93	119
142	96	116
142	112	85
143	52	298
143	61	210
143	65	186
143	68	182
143	80	145
143	87	131
143	139	79
143	140	78
143	145	75
143	151	71
143	174	69
144	52	288
144	84	142
144	107	90
144	109	89
144	212	60
145	52	278
145	61	201
145	65	179
145	73	169
145	75	163
145	94	117
145	139	77
145	141	76
145	171	70
145	188	61
146	51	299
146	54	269
146	64	187
146	71	171
146	120	81
146	122	80
146	130	78
146	135	75
146	144	71
146	146	70
146	175	64
147	67	174
147	92	121
147	93	113
147	96	108
147	98	103
147	105	94
147	130	77
147	190	59
148	51	272
148	56	228
148	71	165
148	73	164
148	74	160
148	85	135
148	116	82
148	138	74
149	53	251
149	63	188
149	75	151
149	77	150
149	79	147
149	84	138
149	89	113
149	94	109
149	141	72
149	143	71
149	165	69
149	186	57
149	196	56
150	50	299
150	62	195
150	82	141
150	94	107
150	122	79
150	131	76
150	133	75
150	185	59
151	50	273
151	59	209
151	66	178
151	67	169
151	82	138
151	85	128
151	96	103
151	167	63
152	73	158
152	83	129
152	88	119
152	93	112
152	139	72
152	160	68
152	165	62
153	53	238
153	60	202
153	129	75
153	134	74
153	137	72
154	64	186
154	79	142
154	87	125
154	97	99
154	102	92
154	104	91
154	141	71
155	59	202
155	81	129
155	86	119
155	110	86
155	113	80
155	115	79
155	116	77
155	118	76
155	149	68
155	162	63
156	49	276
156	98	96
156	138	68
156	142	67
157	51	241
157	74	154
157	99	94
157	109	84
157	111	83
158	56	215
158	65	175
158	78	135
158	92	97
158	107	84
158	128	75
158	158	65
158	214	55
159	53	233
159	66	164
159	91	112
159	103	85
159	134	69
159	165	58
159	178	55
160	48	301
160	54	222
160	60	196
160	62	190
160	69	157
160	120	75
160	125	73
160	133	71
161	48	275
161	50	261
161	56	201
161	72	144
161	120	73
162	53	232
162	61	195
162	147	64
162	162	59
162	175	56
163	62	180
163	63	174
164	55	209
164	59	182
164	67	157
164	80	132
164	84	113
164	89	103
164	143	65
164	216	53
165	48	254
165	138	67
165	141	66
165	143	63
166	47	278
166	52	237
166	58	192
166	73	142
166	100	87
166	107	78
166	138	65
167	53	218
167	79	128
167	83	120
167	122	68
167	124	67
167	166	56
167	196	51
168	46	287
168	63	170
168	66	163
168	120	69
168	194	53
169	64	162
169	65	156
169	116	71
170	47	257
170	50	239
170	77	127
170	95	96
170	114	74
170	151	60
171	46	263
171	54	202
171	87	112
171	97	91
172	76	136
172	90	101
172	96	93
172	104	84
172	109	76
172	139	62
172	143	59
172	169	55
172	170	54
173	51	227
173	74	134
173	83	116
173	134	65
173	138	61
173	164	57
174	57	183
174	61	174
174	95	94
174	98	88
175	66	152
175	88	105
175	225	47
176	72	141
176	82	112
176	112	72
177	56	187
177	58	180
177	63	165
177	70	141
177	109	74
177	116	65
177	130	63
178	47	243
178	61	171
178	76	131
179	206	49
180	45	326
180	50	217
180	90	97
180	92	96
181	45	285
181	79	119
181	85	111
181	86	104
181	150	58
181	183	52
182	46	246
182	77	118
182	176	53
183	45	278
183	53	198
183	65	147
184	45	261
184	64	160
184	68	140
184	180	52
185	49	227
185	55	184
185	71	127
185	75	125
185	99	81
185	161	56
186	112	71
187	62	157
187	177	51
187	235	45
188	54	192
188	58	165
188	66	140
188	87	102
188	94	92
188	158	57
188	169	54
189	84	104
189	174	53
190	80	116
190	89	101
190	113	69
190	174	52
190	205	49
191	70	132
192	61	162
192	62	153
192	65	146
192	126	62
192	140	60
192	150	55
193	64	139
193	145	57
194	45	239
194	142	57
194	168	53
194	169	52
195	44	317
195	48	223
195	53	185
195	57	176
195	206	47
196	44	276
196	75	119
196	170	51
196	198	50
197	52	203
197	80	112
197	123	61
198	54	182
198	56	166
198	60	157
198	89	98
198	102	80
198	104	75
198	114	65
199	187	49
199	250	44
200	55	176
200	63	152
201	57	163
201	69	124
201	83	104
201	105	72
201	157	54
201	164	52
201	222	46
202	46	226
202	60	154
202	63	150
202	75	114
202	91	90
203	87	97
203	101	79
204	49	200
204	67	133
204	68	131
204	78	113
204	85	99
204	89	95
204	92	89
204	98	85
204	160	53
205	44	268
205	47	223
205	78	102
205	82	101
205	141	59
205	142	56
206	44	254
206	45	229
206	61	151
206	88	91
206	89	90
206	137	60
207	48	216
207	52	181
207	63	148
207	99	79
207	101	76
207	108	67
207	161	51
207	216	45
208	63	143
209	70	123
209	96	83
209	152	54
209	205	48
210	94	88
210	132	59
211	63	140
211	95	87
211	154	52
212	59	156
212	66	138
212	73	116
213	55	170
213	63	139
213	86	92
213	93	83
214	149	53
215	55	166
215	57	159
215	190	47
215	206	46
216	61	148
217	181	50
218	53	175
218	73	111
218	83	96
218	97	81
218	117	64
218	137	56
219	43	300
219	44	227
219	171	49
219	183	48
219	270	42
220	43	259
220	59	155
220	90	89
220	136	58
221	47	222
221	68	124
222	86	88
222	97	78
223	57	158
223	81	99
223	164	50
224	62	147
224	66	133
225	44	226
225	129	57
225	205	46
227	76	102
227	78	101
227	107	67
227	171	48
227	249	44
228	67	132
230	43	237
230	61	145
230	200	45
230	244	42
231	60	152
231	62	140
231	96	79
231	99	76
231	242	42
232	48	208
232	160	51
233	85	91
233	93	81
233	104	71
234	67	124
234	70	121
235	53	172
235	56	159
235	66	129
235	200	44
236	60	148
236	80	93
236	91	83
236	158	50
237	91	81
237	101	75
238	49	196
238	54	169
238	72	111
238	116	64
238	241	42
241	46	206
241	71	112
241	238	43
242	96	78
242	155	49
244	49	187
245	75	103
245	128	57
245	139	54
248	60	146
250	60	145
250	184	45
252	52	172
253	103	71
253	139	53
253	224	43
253	228	42
254	83	90
254	102	71
255	65	129
256	79	93
256	90	83
257	90	81
259	70	113
260	54	164
261	59	153
261	217	43
261	225	42
261	287	41
262	269	41
267	215	43
268	59	146
271	64	130
271	152	49
272	73	103
274	82	90
274	101	71
275	212	43
277	69	121
278	68	119
279	181	45
280	243	41
290	72	104
292	62	135
296	67	119
