-41370	-29816	-27856
-41351	-29726	-28247
-41343	-30302	-27399
-41281	-30170	-28047
-41263	-30240	-28262
-41220	-30447	-27479
-41196	-31049	-28279
-41181	-29800	-28441
-41141	-29668	-28508
-41134	-29967	-28323
-41114	-30308	-28330
-41110	-29560	-28946
-41082	-31292	-27339
-41067	-30776	-28340
-41062	-29837	-28641
-41034	-30092	-28914
-41026	-31123	-28473
-40999	-31609	-28016
-40969	-30384	-28855
-40967	-30901	-28931
-40955	-30261	-29047
-40953	-31894	-28294
-40936	-31476	-28664
-40936	-29493	-29108
-40888	-31070	-29064
-40876	-31278	-28781
-40817	-31204	-29046
-40797	-30975	-29125
-40779	-29566	-29600
-40770	-31461	-28668
-40768	-30348	-29422
-40758	-32422	-28066
-40747	-31287	-28713
-40735	-29457	-29675
-40724	-31746	-28946
-40718	-31144	-29258
-40718	-30529	-29509
-40712	-30375	-29617
-40706	-31493	-29461
-40698	-32273	-28579
-40681	-31974	-28683
-40679	-31979	-29004
-40645	-31915	-29079
-40631	-32286	-28271
-40624	-30267	-29701
-40620	-32468	-27616
-40588	-32248	-28581
-40573	-32206	-28805
-40564	-31426	-29499
-40557	-31076	-29718
-40555	-31953	-29320
-40551	-30667	-29792
-40542	-30449	-29811
-40528	-32439	-28863
-40520	-32593	-28207
-40466	-31101	-29542
-40455	-30191	-30068
-40451	-30967	-30147
-40446	-32070	-29010
-40444	-31879	-29646
-40424	-32094	-29013
-40407	-32037	-29202
-40406	-30241	-30200
-40401	-32303	-29068
-40387	-31150	-29912
-40387	-29473	-30261
-40373	-31995	-29468
-40367	-32239	-29143
-40363	-30993	-30295
-40342	-32033	-29648
-40322	-32472	-29201
-40314	-31921	-29733
-40314	-31246	-29941
-40308	-31512	-29807
-40296	-31668	-30248
-40294	-32594	-28650
-40271	-30800	-30492
-40265	-32227	-29590
-40250	-31946	-30104
-40249	-32827	-28708
-40243	-32413	-29384
-40223	-32432	-29647
-40220	-32460	-29648
-40194	-32719	-29241
-40189	-30678	-30540
-40178	-32788	-29251
-40166	-32203	-29710
-40158	-31949	-29986
-40154	-31601	-30286
-40147	-30426	-30832
-40138	-32091	-29795
-40127	-31956	-29923
-40126	-31572	-30444
-40121	-32586	-29649
-40120	-31838	-30310
-40109	-32255	-29843
-40107	-30804	-30505
-40101	-32800	-28773
-40099	-32058	-29987
-40093	-32324	-29853
-40072	-32892	-29506
-40053	-32602	-29743
-40034	-31575	-30326
-40034	-31379	-30641
-40028	-31645	-30507
-40025	-32761	-29647
-40024	-31726	-30446
-40018	-31992	-30312
-40012	-32201	-30206
-39996	-29937	-30880
-39978	-31771	-30348
-39970	-32051	-30303
-39969	-32298	-30169
-39962	-32901	-28935
-39956	-30794	-30660
-39954	-32455	-29754
-39951	-32756	-29745
-39942	-32784	-29712
-39938	-30903	-30917
-39935	-32434	-30169
-39934	-32938	-29056
-39926	-32466	-29948
-39915	-30489	-31025
-39904	-31271	-30847
-39898	-32975	-29171
-39886	-32740	-30026
-39870	-32134	-30244
-39865	-31312	-30996
-39861	-32661	-30065
-39852	-32062	-30331
-39849	-31993	-30451
-39840	-30444	-31240
-39831	-32988	-28863
-39830	-33011	-29445
-39827	-32231	-30207
-39821	-30899	-31009
-39811	-32060	-30509
-39805	-31651	-30583
-39787	-32716	-30146
-39784	-32894	-30028
-39775	-32926	-29807
-39766	-31621	-30613
-39762	-32423	-30206
-39759	-32604	-30231
-39758	-31333	-30909
-39756	-31339	-30845
-39741	-32351	-30746
-39734	-32525	-30270
-39731	-33185	-28769
-39731	-33113	-29454
-39728	-31591	-30790
-39725	-31619	-30791
-39723	-31245	-31034
-39716	-30070	-31580
-39714	-32837	-30289
-39708	-32939	-29499
-39705	-32164	-30764
-39699	-32430	-30630
-39692	-32433	-30417
-39689	-30556	-31123
-39688	-32944	-29483
-39665	-32919	-29960
-39663	-33172	-29557
-39658	-32033	-30905
-39647	-30466	-31284
-39639	-32505	-30748
-39632	-31115	-31066
-39626	-31381	-30932
-39612	-32991	-30291
-39608	-33064	-30090
-39603	-31023	-31389
-39600	-31051	-31390
-39598	-31483	-30996
-39597	-33246	-29435
-39597	-31289	-31255
-39594	-31453	-31179
-39590	-32587	-30419
-39582	-32825	-30305
-39575	-32056	-30970
-39563	-33073	-29962
-39554	-33105	-29741
-39525	-31784	-31283
-39516	-31816	-31062
-39512	-32588	-30366
-39510	-32232	-30809
-39507	-32493	-30764
-39507	-30547	-31665
-39505	-32123	-31021
-39489	-32650	-30581
-39488	-33184	-29457
-39484	-32690	-30430
-39483	-32718	-30352
-39480	-32979	-30307
-39473	-30915	-31595
-39468	-29618	-31722
-39467	-32272	-30800
-39462	-33136	-30124
-39461	-32538	-30666
-39455	-32384	-30774
-39447	-31199	-31302
-39444	-32755	-30546
-39440	-32758	-30343
-39434	-33024	-30209
-39418	-31334	-31455
-39414	-32757	-30481
-39414	-31970	-31064
-39395	-31695	-31464
-39395	-30018	-31813
-39391	-32168	-30974
-39388	-32518	-30696
-39387	-33243	-30024
-39386	-31858	-31149
-39380	-31764	-31297
-39377	-31852	-31281
-39367	-32207	-30830
-39365	-32426	-30802
-39363	-32056	-31059
-39359	-32692	-30668
-39353	-32538	-30776
-39349	-31954	-31345
-39348	-32279	-30822
-39347	-32730	-30685
-39346	-32132	-31227
-39346	-32001	-31321
-39338	-32912	-30345
-39338	-32762	-30464
-39337	-32164	-31006
-39334	-32797	-30444
-39332	-33178	-30211
-39331	-30848	-31633
-39327	-30977	-31657
-39320	-32381	-30886
-39319	-32618	-30770
-39319	-32487	-30864
-39313	-33346	-28924
-39311	-32751	-30659
-39307	-32033	-31229
-39293	-33331	-29714
-39281	-32317	-30936
-39268	-32829	-30515
-39267	-33350	-29724
-39263	-32216	-30944
-39263	-31760	-31389
-39253	-31628	-31502
-39247	-32108	-31347
-39247	-31894	-31368
-39245	-30202	-31709
-39244	-32155	-31323
-39240	-30719	-31914
-39235	-32318	-31008
-39234	-30984	-31531
-39230	-30954	-31714
-39229	-32899	-30385
-39226	-32312	-31140
-39220	-32594	-30890
-39219	-31996	-31432
-39217	-32641	-30866
-39216	-32667	-30689
-39208	-32804	-30551
-39207	-32719	-30699
-39206	-32012	-31352
-39199	-32798	-30683
-39198	-32414	-31204
-39198	-32200	-31225
-39192	-32482	-30975
-39180	-33205	-30242
-39179	-32498	-30895
-39173	-29919	-32059
-39171	-32900	-30747
-39171	-32686	-30768
-39170	-32302	-31289
-39167	-31284	-31665
-39148	-32032	-31478
-39145	-33530	-29618
-39143	-32788	-30832
-39143	-31341	-31587
-39141	-31624	-31556
-39131	-32997	-30478
-39113	-33154	-30295
-39113	-31726	-31620
-39103	-33250	-30142
-39102	-32088	-31361
-39102	-31938	-31480
-39099	-32338	-31335
-39096	-32905	-30480
-39096	-32354	-31227
-39094	-31428	-32031
-39085	-33042	-30380
-39082	-31638	-31692
-39081	-33181	-30362
-39080	-32583	-30904
-39078	-33359	-30244
-39075	-32424	-31023
-39072	-32824	-30878
-39069	-33391	-30023
-39069	-32840	-30770
-39068	-32456	-31291
-39058	-32615	-30956
-39053	-33069	-30447
-39045	-33504	-29690
-39041	-32942	-30834
-39035	-32816	-30962
-39026	-32143	-31437
-39020	-32515	-31282
-39020	-32409	-31303
-38998	-32175	-31366
-38997	-32492	-31337
-38996	-30673	-32058
-38993	-32895	-30846
-38991	-33586	-29060
-38983	-33196	-30382
-38982	-31633	-31762
-38977	-32593	-31138
-38977	-31582	-31770
-38971	-31659	-31658
-38970	-32978	-30880
-38954	-32985	-30584
-38952	-32193	-31385
-38951	-33223	-30449
-38949	-31408	-32045
-38943	-31888	-31890
-38933	-32970	-30964
-38930	-30764	-32074
-38929	-33043	-30763
-38924	-32039	-31558
-38916	-32374	-31433
-38915	-31776	-31975
-38909	-29977	-32149
-38905	-33082	-30479
-38903	-32804	-30978
-38902	-33529	-30306
-38899	-29813	-32242
-38897	-29873	-32327
-38896	-32035	-31643
-38894	-30827	-32060
-38893	-33105	-30514
-38891	-33711	-29651
-38889	-29985	-32194
-38888	-32262	-31518
-38883	-32122	-31521
-38866	-30715	-32145
-38865	-30534	-32254
-38847	-32635	-31225
-38843	-30041	-32357
-38842	-32073	-31551
-38832	-32070	-31941
-38826	-33037	-30941
-38822	-30898	-32183
-38821	-32713	-30986
-38819	-31300	-32251
-38813	-33158	-30637
-38805	-32669	-31103
-38804	-32697	-31025
-38801	-32958	-30980
-38799	-32588	-31237
-38794	-30432	-32495
-38784	-31533	-32013
-38783	-33115	-30797
-38782	-32080	-31596
-38778	-33155	-30646
-38776	-32363	-31447
-38773	-33256	-30367
-38764	-33575	-29856
-38761	-32737	-31016
-38753	-31682	-32053
-38749	-33082	-30841
-38749	-32849	-30990
-38746	-32426	-31553
-38738	-33220	-30762
-38726	-32168	-31596
-38708	-33222	-30697
-38702	-32663	-31281
-38695	-32553	-31367
-38689	-32160	-31680
-38677	-32443	-31369
-38674	-32517	-31449
-38671	-33410	-30369
-38671	-30377	-32531
-38668	-32709	-31358
-38667	-32441	-31452
-38660	-31159	-32353
-38659	-32891	-31018
-38659	-32741	-31137
-38653	-33157	-30884
-38647	-33003	-30992
-38642	-32744	-31038
-38640	-32597	-31443
-38640	-32466	-31537
-38638	-31763	-32332
-38632	-32730	-31332
-38630	-32767	-31073
-38614	-32846	-31102
-38611	-32249	-31875
-38605	-33216	-30875
-38605	-32095	-31936
-38602	-32296	-31609
-38598	-30706	-32503
-38592	-33337	-30571
-38585	-32103	-31981
-38578	-32581	-31479
-38577	-31983	-32021
-38575	-32782	-31152
-38567	-32894	-31019
-38566	-31848	-32149
-38563	-32699	-31500
-38558	-32589	-31524
-38557	-32154	-31927
-38557	-31991	-32066
-38552	-32119	-31944
-38551	-31277	-32510
-38550	-32469	-31564
-38541	-32573	-31563
-38538	-32620	-31539
-38537	-33272	-30758
-38535	-32801	-31564
-38530	-32477	-31609
-38530	-30490	-32585
-38520	-30326	-32678
-38518	-30386	-32763
-38513	-32461	-31648
-38510	-33132	-30905
-38508	-32356	-31672
-38505	-33352	-30462
-38492	-32879	-31420
-38484	-33762	-29776
-38482	-33020	-30990
-38477	-33055	-31112
-38467	-32272	-31681
-38460	-33355	-30399
-38452	-33386	-30453
-38452	-31415	-32620
-38439	-33168	-30951
-38439	-32325	-31840
-38434	-33133	-30968
-38434	-32485	-31596
-38426	-33182	-30926
-38411	-33056	-31036
-38403	-30354	-32790
-38400	-33100	-31012
-38396	-32553	-31577
-38396	-32403	-31696
-38393	-33579	-30195
-38393	-32803	-31551
-38391	-33064	-31081
-38390	-32819	-31443
-38383	-30362	-32835
-38380	-33174	-30992
-38379	-32594	-31629
-38375	-32396	-31836
-38373	-33832	-29891
-38369	-32392	-31891
-38362	-34014	-29236
-38362	-32921	-31507
-38356	-32162	-31955
-38356	-30939	-32896
-38352	-33080	-31172
-38350	-33624	-30165
-38341	-32494	-31955
-38336	-32170	-32e3
-38335	-31569	-32359
-38322	-33428	-30540
-38314	-32980	-31498
-38309	-33210	-31038
-38304	-33175	-31055
-38291	-32957	-31553
-38289	-33218	-31083
-38282	-32120	-32048
-38277	-31861	-32094
-38273	-32550	-31838
-38267	-33851	-29374
-38265	-33296	-30752
-38256	-33234	-31046
-38255	-32606	-31591
-38254	-32008	-32133
-38246	-33307	-30973
-38246	-33036	-31381
-38245	-32018	-32231
-38239	-33534	-30333
-38237	-32353	-32106
-38233	-32648	-31568
-38213	-31484	-32556
-38209	-32241	-32191
-38204	-32101	-32194
-38201	-30028	-32946
-38194	-33087	-31198
-38193	-33526	-30399
-38184	-33644	-30081
-38177	-32587	-31737
-38169	-30837	-33010
-38162	-32684	-31614
-38157	-32656	-31624
-38154	-33837	-29638
-38153	-32049	-32614
-38145	-33393	-31055
-38142	-32692	-31659
-38135	-33780	-29947
-38126	-32535	-32157
-38124	-31181	-32778
-38122	-33562	-30445
-38117	-33527	-30462
-38102	-33570	-30490
-38094	-31630	-32711
-38087	-33647	-30603
-38083	-33775	-29963
-38072	-33267	-31092
-38072	-32440	-32209
-38067	-32405	-32226
-38058	-33512	-31022
-38047	-32147	-32269
-38043	-33547	-31057
-38040	-32891	-31769
-38013	-34032	-29407
-38e3	-33766	-30570
-37998	-31154	-32987
-37989	-30403	-33099
-37985	-33801	-30605
-37950	-33814	-29945
-37935	-33849	-29980
-37933	-33107	-31194
-37932	-32228	-32548
-37905	-33593	-30607
-37903	-31360	-32712
-37903	-31292	-32821
-37899	-32560	-32152
-37898	-32568	-32010
-37882	-33055	-31614
-37879	-32568	-32197
-37878	-32133	-32600
-37878	-30313	-33267
-37871	-33864	-30429
-37871	-32448	-32237
-37856	-33899	-30464
-37851	-32456	-32282
-37846	-33226	-31161
-37846	-32584	-32160
-37845	-31742	-32726
-37837	-33059	-31210
-37831	-33261	-31196
-37826	-31474	-32838
-37813	-34118	-29977
-37809	-32929	-31651
-37807	-32723	-32073
-37798	-34153	-30012
-37798	-32745	-31813
-37796	-33411	-31226
-37795	-33174	-31581
-37780	-33209	-31616
-37771	-31655	-32823
-37766	-31396	-32869
-37762	-32085	-32613
-37756	-31371	-33057
-37753	-30418	-33121
-37746	-31880	-32836
-37741	-30349	-33424
-37737	-32581	-32218
-37731	-30584	-33224
-37723	-33285	-31263
-37710	-33067	-31761
-37709	-33530	-31193
-37694	-33565	-31228
-37688	-32230	-32307
-37686	-31601	-32844
-37684	-32782	-31797
-37677	-32747	-31944
-37675	-31179	-33099
-37640	-30421	-33270
-37635	-33088	-31654
-37633	-32683	-32192
-37608	-30448	-33337
-37601	-30476	-33430
-37598	-34061	-30245
-37580	-31340	-33088
-37565	-33292	-31289
-37557	-29799	-33456
-37556	-33611	-30778
-37552	-33074	-31787
-37544	-30909	-33161
-37539	-33240	-31403
-37535	-33815	-30571
-37525	-31445	-32936
-37522	-33882	-30600
-37508	-31069	-33168
-37507	-33917	-30635
-37507	-31949	-32772
-37499	-31499	-32958
-37494	-33473	-31461
-37487	-31957	-32817
-37476	-31196	-33089
-37436	-33727	-31009
-37433	-31862	-32869
-37426	-30627	-33169
-37421	-32397	-32331
-37421	-32305	-32384
-37418	-31578	-33103
-37414	-30374	-33544
-37408	-29314	-33587
-37406	-32348	-32412
-37400	-32554	-32295
-37391	-32064	-32646
-37388	-32095	-32927
-37385	-30979	-33319
-37368	-31089	-33232
-37368	-29871	-33600
-37341	-32793	-32145
-37337	-31386	-33145
-37331	-32215	-32768
-37328	-32333	-32455
-37320	-32796	-31971
-37320	-32445	-32322
-37316	-32250	-32803
-37307	-33825	-30868
-37304	-32701	-32311
-37289	-32736	-32346
-37284	-32701	-32363
-37282	-32271	-32507
-37263	-33580	-31196
-37249	-34079	-30416
-37246	-31090	-33354
-37231	-31125	-33389
-37218	-33057	-31923
-37218	-30506	-33402
-37204	-31611	-32932
-37204	-29771	-33656
-37203	-33092	-31958
-37198	-33065	-31968
-37198	-30877	-33433
-37197	-31757	-33037
-37193	-32309	-32527
-37183	-33100	-32003
-37164	-31158	-33253
-37150	-31284	-33259
-37146	-32396	-32715
-37144	-32615	-32384
-37138	-29828	-33649
-37123	-29850	-33801
-37114	-34335	-28354
-37113	-31189	-33267
-37102	-32862	-32081
-37098	-31224	-33302
-37098	-29122	-33852
-37095	-34168	-29568
-37095	-32429	-32737
-37089	-31862	-33036
-37084	-34350	-28913
-37057	-34170	-29736
-37057	-32734	-32351
-37042	-32769	-32386
-37036	-30802	-33508
-37035	-30814	-33640
-37034	-31399	-33133
-37031	-33570	-31255
-37030	-32514	-32648
-37028	-32775	-32178
-37027	-31194	-33410
-37025	-31049	-33440
-37016	-33218	-31693
-37015	-33207	-31720
-37010	-33512	-31437
-37010	-31304	-33323
-37006	-34118	-30156
-37003	-33e3	-32191
-37e3	-33242	-31755
-36993	-34185	-30185
-36983	-33008	-32236
-36978	-34220	-30220
-36962	-31649	-33126
-36958	-32036	-32976
-36941	-30913	-33451
-36934	-31537	-33211
-36929	-33563	-31332
-36919	-31572	-33246
-36914	-33598	-31367
-36909	-33571	-31377
-36907	-29817	-33841
-36904	-32054	-33035
-36894	-33606	-31412
-36890	-31428	-33286
-36889	-32089	-33070
-36889	-31770	-33269
-36875	-31463	-33321
-36874	-31805	-33304
-36866	-32107	-32950
-36866	-29653	-33893
-36854	-32558	-32458
-36840	-31092	-33524
-36839	-32593	-32493
-36836	-32305	-32973
-36819	-31910	-33152
-36819	-30004	-33648
-36813	-33368	-31490
-36811	-29777	-33883
-36805	-28717	-33926
-36804	-30039	-33683
-36790	-28815	-33964
-36778	-34128	-30453
-36771	-33258	-31736
-36768	-30508	-33664
-36768	-30384	-33684
-36764	-30596	-33696
-36759	-33273	-31542
-36755	-34445	-29448
-36755	-31404	-33358
-36753	-33317	-31873
-36753	-30606	-33702
-36752	-31486	-33306
-36752	-29198	-33947
-36747	-33174	-31996
-36746	-30239	-33742
-36740	-31439	-33393
-36735	-34402	-29477
-36727	-33724	-31102
-36720	-34382	-30001
-36720	-29715	-33955
-36714	-33506	-31600
-36704	-33881	-30718
-36689	-30235	-33777
-36688	-33845	-30799
-36687	-30463	-33829
-36678	-31017	-33599
-36669	-29180	-34019
-36668	-32268	-33004
-36666	-32015	-33183
-36662	-31554	-33448
-36661	-33530	-31608
-36653	-31984	-33238
-36650	-32158	-33006
-36641	-32519	-32573
-36639	-32501	-32726
-36628	-30591	-33731
-36616	-33794	-31217
-36613	-30626	-33766
-36613	-29408	-34134
-36605	-33976	-30562
-36595	-29744	-33923
-36592	-32825	-32430
-36592	-32626	-32533
-36580	-32371	-32795
-36562	-32385	-32795
-36562	-30140	-33855
-36561	-31787	-33337
-36559	-30137	-33856
-36541	-33031	-32012
-36540	-31555	-33570
-36525	-31590	-33605
-36523	-33225	-31960
-36519	-32699	-32467
-36516	-32020	-33395
-36508	-30652	-33691
-36504	-32734	-32502
-36496	-30302	-33852
-36493	-30687	-33726
-36490	-32979	-32432
-36489	-32777	-32530
-36463	-30043	-33936
-36458	-30316	-33929
-36445	-32194	-33117
-36439	-31627	-33416
-36429	-34146	-30624
-36426	-33022	-32067
-36424	-31662	-33451
-36420	-33613	-31221
-36418	-33098	-32107
-36417	-30315	-34017
-36406	-30811	-33787
-36403	-33133	-32142
-36400	-33866	-30917
-36392	-29587	-34068
-36385	-33901	-30952
-36380	-33874	-30962
-36377	-34461	-28341
-36376	-30951	-33704
-36368	-32078	-33186
-36367	-33856	-31019
-36366	-32767	-32637
-36365	-33909	-30997
-36364	-32422	-32851
-36361	-30986	-33739
-36356	-31823	-33448
-36351	-33654	-31409
-36347	-34476	-28900
-36319	-31734	-33504
-36311	-31132	-33790
-36306	-33873	-31074
-36304	-31769	-33539
-36303	-33331	-31839
-36269	-31337	-33626
-36265	-34010	-31021
-36263	-29056	-34232
-36237	-33071	-32223
-36237	-29662	-34068
-36225	-30456	-33885
-36218	-32125	-33151
-36210	-30491	-33920
-36203	-33041	-32375
-36202	-32360	-32939
-36198	-34027	-30687
-36197	-32247	-33005
-36197	-28913	-34359
-36186	-30110	-34117
-36156	-31368	-33607
-36149	-31209	-33765
-36135	-30902	-33817
-36132	-33833	-31193
-36131	-29649	-34270
-36122	-33563	-31511
-36109	-31214	-33628
-36101	-34402	-29932
-36101	-30422	-33951
-36098	-30504	-33899
-36090	-31311	-33724
-36084	-29866	-34168
-36082	-33444	-31651
-36081	-31842	-33507
-36077	-33273	-32046
-36076	-33738	-31395
-36067	-33516	-31781
-36066	-31877	-33542
-36064	-33191	-32166
-36064	-31447	-33686
-36052	-34580	-28699
-36052	-30916	-33820
-36049	-33234	-32194
-36039	-3e4	-34157
-36037	-34467	-29117
-36030	-32566	-32787
-36024	-30035	-34192
-36018	-31166	-33795
-36012	-34199	-30485
-36010	-28811	-34473
-36006	-34486	-28796
-36003	-31201	-33830
-36002	-32268	-33172
-35978	-34026	-31012
-35977	-32084	-33351
-35976	-32584	-32685
-35953	-33799	-31244
-35948	-33577	-31632
-35937	-30958	-33909
-35934	-30990	-33837
-35922	-31056	-33947
-35914	-32279	-32998
-35911	-32511	-32850
-35911	-31552	-33717
-35907	-31091	-33982
-35904	-32281	-33010
-35897	-34508	-29112
-35891	-32440	-32963
-35878	-29803	-34229
-35873	-32572	-32758
-35866	-32056	-33367
-35862	-33586	-31601
-35860	-29446	-34275
-35854	-32427	-33061
-35845	-31943	-33405
-35839	-32462	-33096
-35836	-33827	-31356
-35827	-29625	-34321
-35826	-28261	-34505
-35818	-30179	-34091
-35816	-33835	-31401
-35813	-33400	-31954
-35812	-29660	-34356
-35810	-34166	-30555
-35803	-30214	-34126
-35791	-34378	-30419
-35774	-33537	-31751
-35761	-32822	-32482
-35742	-30818	-34025
-35741	-33072	-32196
-35735	-32516	-32966
-35727	-33756	-31566
-35727	-30853	-34060
-35722	-34430	-29649
-35708	-30535	-34129
-35685	-32735	-32729
-35684	-31101	-33947
-35682	-31623	-33630
-35682	-30671	-34091
-35681	-33847	-31375
-35672	-32580	-32786
-35669	-32209	-33401
-35665	-30752	-34097
-35658	-28634	-34497
-35657	-32623	-32814
-35652	-32751	-32692
-35646	-34030	-30952
-35642	-32695	-32944
-35639	-32370	-33329
-35639	-31668	-33600
-35636	-30390	-34200
-35624	-31703	-33635
-35622	-29859	-34224
-35621	-30425	-34235
-35607	-29894	-34259
-35603	-31245	-33829
-35582	-31836	-33650
-35574	-33076	-32250
-35559	-31569	-33870
-35556	-33051	-32556
-35553	-32726	-32941
-35548	-34560	-29676
-35547	-29370	-34540
-35544	-28194	-34583
-35537	-34735	-27470
-35532	-32055	-33413
-35529	-30776	-34122
-35527	-31941	-33498
-35511	-33199	-32310
-35500	-29587	-34438
-35498	-29825	-34290
-35496	-29885	-34375
-35495	-29907	-34238
-35488	-34091	-30709
-35473	-33975	-31165
-35458	-31641	-33716
-35451	-30294	-34282
-35437	-33112	-32407
-35436	-30329	-34317
-35427	-30860	-34100
-35425	-30430	-34244
-35415	-30569	-34134
-35400	-30604	-34169
-35366	-34673	-28664
-35366	-34099	-30643
-35364	-30184	-34388
-35361	-32015	-33584
-35360	-34449	-30114
-35346	-34107	-30688
-35338	-31748	-33804
-35331	-34179	-30818
-35325	-33362	-32131
-35317	-30401	-34286
-35315	-34706	-28686
-35311	-32234	-33347
-35308	-30955	-34056
-35290	-33409	-31795
-35287	-27982	-34643
-35282	-33485	-31835
-35275	-33481	-31925
-35274	-30406	-34292
-35267	-33557	-31965
-35264	-33232	-32350
-35258	-29248	-34553
-35257	-28439	-34566
-35247	-31805	-33706
-35243	-29346	-34591
-35230	-30473	-34216
-35219	-32066	-33548
-35216	-33291	-32341
-35215	-30508	-34251
-35198	-34059	-31151
-35197	-33855	-31332
-35192	-32552	-33091
-35189	-32227	-33476
-35160	-34634	-29099
-35143	-30363	-34322
-35139	-30732	-34157
-35139	-30221	-34364
-35130	-31263	-33941
-35124	-30256	-34399
-35117	-31927	-33738
-35116	-32665	-32968
-35114	-32877	-32649
-35109	-33252	-32369
-35100	-31856	-33807
-35098	-31426	-33951
-35081	-31784	-33822
-35080	-29642	-34428
-35073	-32342	-33350
-35065	-29677	-34463
-35052	-30111	-34470
-35034	-32247	-33495
-35030	-31441	-33916
-35023	-33701	-31590
-35022	-30991	-34102
-35020	-27688	-34672
-35012	-28831	-34620
-35004	-33320	-32231
-35e3	-30648	-34168
-34997	-28866	-34655
-34984	-33907	-31357
-34974	-34716	-28582
-34967	-29064	-34678
-34953	-34281	-30443
-34952	-29099	-34713
-34941	-34577	-29247
-34941	-31070	-34247
-34935	-33721	-31710
-34933	-34289	-30488
-34929	-34580	-29607
-34909	-31442	-33875
-34908	-30132	-34414
-34894	-33429	-32050
-34879	-32035	-33741
-34875	-31461	-33935
-34872	-32621	-32970
-34867	-30015	-34552
-34857	-32693	-33100
-34856	-34205	-30905
-34852	-32408	-33213
-34824	-30263	-34439
-34822	-29833	-34583
-34819	-34644	-28995
-34807	-33056	-32485
-34805	-32732	-32917
-34792	-31549	-33919
-34790	-31119	-34063
-34779	-32944	-32570
-34764	-33016	-32700
-34761	-29587	-34727
-34753	-33788	-31420
-34741	-34469	-30045
-34738	-33860	-31550
-34720	-31249	-34181
-34716	-30650	-34356
-34715	-33826	-31640
-34714	-30945	-34337
-34703	-32886	-32919
-34687	-33594	-31926
-34684	-31106	-34265
-34658	-32101	-33604
-34652	-33076	-32504
-34641	-28179	-34766
-34637	-31569	-33938
-34626	-28214	-34801
-34606	-32711	-33104
-34603	-28562	-34748
-34591	-29733	-34639
-34588	-28597	-34783
-34582	-31495	-33940
-34576	-29768	-34674
-34571	-31728	-33853
-34570	-30418	-34393
-34569	-31298	-33997
-34564	-30147	-34464
-34550	-32206	-33603
-34531	-34790	-28637
-34514	-29958	-34633
-34508	-33560	-31977
-34498	-34651	-29302
-34494	-34005	-31574
-34490	-33450	-31979
-34475	-33522	-32109
-34472	-33197	-32494
-34469	-28716	-34838
-34463	-31285	-34199
-34457	-29840	-34643
-34428	-28552	-34890
-34424	-33256	-32485
-34416	-31748	-33872
-34413	-34279	-30960
-34390	-28935	-34873
-34376	-34718	-29050
-34345	-33740	-31680
-34343	-34579	-29715
-34329	-32385	-33537
-34319	-32517	-33178
-34261	-32712	-33012
-34217	-30361	-34474
-34216	-34525	-29725
-34200	-30719	-34345
-34188	-34627	-29789
-34187	-30522	-34402
-34185	-30817	-34383
-34184	-28740	-34889
-34172	-30594	-34532
-34143	-29306	-34779
-34126	-30276	-34546
-34098	-28064	-34984
-34093	-29385	-34799
-34090	-29386	-34757
-34081	-30509	-34604
-34054	-29474	-34758
-34049	-33734	-31843
-34043	-34065	-30997
-34034	-30972	-34277
-34022	-29930	-34668
-33986	-29078	-34978
-33974	-32729	-32969
-33932	-31707	-33980
-33922	-33806	-31690
-33896	-33054	-32527
-33879	-30647	-34452
-33877	-31812	-33828
-33875	-34025	-31505
-33844	-31305	-34130
-33828	-28053	-34999
-33819	-29477	-34787
-33818	-31497	-34102
-33813	-28088	-35034
-33777	-30731	-34430
-33755	-29624	-34692
-33748	-30022	-34656
-33714	-30055	-34718
-33700	-32537	-33109
-33689	-29481	-34819
-33618	-27718	-35062
-33615	-28426	-35124
-33597	-31676	-34036
-33594	-30154	-34612
-33579	-28465	-35023
-33569	-34647	-29720
-33517	-30615	-34455
-33511	-30817	-34441
-33475	-29104	-34851
-33468	-29660	-34753
-33430	-33754	-31774
-33412	-33501	-32289
-33401	-28755	-34982
-33372	-30691	-34617
-33358	-29305	-34826
-33343	-29403	-34864
-33337	-32496	-33415
-33277	-29260	-34991
-33271	-28590	-35073
-33268	-29814	-34761
-33239	-34890	-28217
-33234	-34735	-28797
-33098	-27600	-35129
-33080	-29820	-34728
-33070	-31320	-34186
-33020	-32890	-32909
-32962	-30877	-34532
-32962	-29937	-34729
-32960	-29507	-34873
-32956	-34336	-30497
-32906	-28608	-35136
-32900	-27938	-35219
-32811	-28106	-35198
-32796	-34964	-28272
-32744	-34697	-29124
-32719	-31997	-33792
-32636	-29279	-34892
-32570	-29849	-34747
-32532	-28933	-35014
-32524	-28607	-35180
-32496	-28794	-35052
-32254	-27204	-35297
-32253	-30096	-34629
-32227	-29010	-35020
-32084	-29502	-34912
-32030	-27640	-35259
-31916	-27490	-35276
-31911	-27758	-35328
-31878	-27873	-35258
-31825	-29522	-34770
-31751	-29053	-35063
-31615	-27385	-35330
-31586	-27002	-35369
-31530	-29232	-34997
-31380	-28401	-35208
-30412	-27284	-35377
