-27075	-24660	-18729
-26974	-25420	-19714
-26969	-25971	-19610
-26921	-25047	-20094
-26903	-25651	-19695
-26901	-25624	-20131
-26883	-26228	-19732
-26851	-25998	-20304
-26708	-26158	-20285
-26686	-26289	-20165
-26677	-26106	-20366
-26670	-26303	-19863
-26659	-26316	-19820
-26646	-26522	-20301
-26634	-25361	-20701
-26624	-26653	-20181
-26615	-26470	-20382
-26608	-26667	-19879
-26591	-25071	-20768
-26542	-25449	-20698
-26486	-26595	-20507
-26476	-26512	-20820
-26438	-26657	-20398
-26433	-26597	-20432
-26425	-25812	-20837
-26388	-27031	-20571
-26360	-25674	-21488
-26311	-26525	-21060
-26306	-26052	-21071
-26265	-26549	-21046
-26245	-27191	-20552
-26223	-27322	-20432
-26212	-26176	-21426
-26205	-25587	-21559
-26203	-26913	-21062
-26198	-25678	-21574
-26189	-26415	-21210
-26177	-25254	-21610
-26170	-26949	-20812
-26159	-26910	-21219
-26150	-26540	-21442
-26145	-26480	-21476
-26136	-26042	-21590
-26131	-25982	-21624
-26123	-27307	-20678
-26109	-26374	-21662
-26047	-26738	-21678
-26028	-26843	-21615
-26022	-25167	-21681
-26020	-26975	-20727
-26014	-26345	-21763
-26005	-27001	-20868
-25999	-27410	-20520
-25975	-26470	-21995
-25974	-26949	-20949
-25957	-27074	-21596
-25931	-25415	-22144
-25911	-26215	-22021
-25893	-26819	-21622
-25881	-25658	-22022
-25878	-26816	-21652
-25869	-25779	-22160
-25834	-26813	-21809
-25819	-26022	-22038
-25803	-27323	-21112
-25796	-26263	-22004
-25778	-26867	-21605
-25746	-26506	-21882
-25728	-27110	-21483
-25717	-27042	-21779
-25703	-26746	-22205
-25691	-27305	-21540
-25689	-26248	-22353
-25687	-27535	-21114
-25685	-27350	-21806
-25682	-27513	-21743
-25672	-26694	-22286
-25671	-26852	-21954
-25668	-27015	-21891
-25658	-26196	-22434
-25632	-26977	-22186
-25631	-27654	-21455
-25618	-26479	-22334
-25574	-27668	-21679
-25568	-26722	-22212
-25528	-27762	-21259
-25523	-27074	-21878
-25506	-27143	-21815
-25476	-27638	-21824
-25472	-27425	-21937
-25461	-27438	-21894
-25457	-27040	-22085
-25438	-27826	-21715
-25424	-27156	-22265
-25420	-26862	-22482
-25419	-27052	-22317
-25414	-28002	-21840
-25410	-27789	-21953
-25405	-26431	-22856
-25401	-27157	-22279
-25396	-27291	-22101
-25391	-25933	-23004
-25379	-27737	-22034
-25375	-26566	-22720
-25371	-26783	-22645
-25370	-27105	-22360
-25362	-27520	-22281
-25361	-26068	-22868
-25357	-27416	-22333
-25348	-26784	-22659
-25343	-26918	-22481
-25321	-27304	-22448
-25312	-26866	-22562
-25290	-27542	-22289
-25263	-26938	-22581
-25249	-27571	-22269
-25238	-27385	-22465
-25204	-27667	-22587
-25196	-26767	-22880
-25190	-27169	-22735
-25163	-27917	-21891
-25124	-27266	-22894
-25113	-27729	-22305
-25110	-26768	-23042
-25089	-26344	-23078
-25083	-27864	-22169
-25078	-27826	-22393
-25062	-27630	-22910
-25055	-27827	-22407
-25050	-26469	-23310
-25048	-27132	-23058
-25036	-25971	-23458
-25025	-28053	-22504
-24974	-28194	-22216
-24968	-26306	-23387
-24954	-27785	-22846
-24946	-27413	-23066
-24903	-27810	-22628
-24901	-27412	-23226
-24889	-28211	-22540
-24887	-27614	-23145
-24882	-25594	-23534
-24880	-27811	-22642
-24867	-26049	-23432
-24849	-27705	-23041
-24818	-27943	-22882
-24785	-25886	-23509
-24766	-26830	-23251
-24765	-27570	-23262
-24751	-28272	-21985
-24741	-27860	-22977
-24732	-26410	-23316
-24722	-25695	-23539
-24713	-26457	-23631
-24704	-27194	-23267
-24700	-28413	-21697
-24698	-28128	-22720
-24674	-27689	-23276
-24670	-28091	-22958
-24657	-27725	-23198
-24652	-28104	-22737
-24651	-26821	-23647
-24631	-26294	-23708
-24621	-27316	-23656
-24610	-28227	-22453
-24605	-28018	-23013
-24603	-27920	-23257
-24590	-27554	-23497
-24569	-26658	-23724
-24564	-28268	-22317
-24534	-28249	-22994
-24501	-25950	-23847
-24495	-28075	-23193
-24480	-28267	-22343
-24446	-28179	-23046
-24438	-26896	-23778
-24426	-28404	-22930
-24404	-26242	-23822
-24397	-25598	-24129
-24387	-27630	-23398
-24373	-28031	-23310
-24359	-28233	-23229
-24356	-26733	-23855
-24349	-27232	-23721
-24337	-26071	-24121
-24312	-27655	-23315
-24310	-28337	-23082
-24288	-28465	-22375
-24281	-27567	-23650
-24269	-26406	-24050
-24267	-27069	-23798
-24255	-25908	-24198
-24250	-26650	-24021
-24217	-27606	-23407
-24216	-27051	-23799
-24208	-27569	-23590
-24202	-28492	-23018
-24198	-28015	-23545
-24198	-27653	-23722
-24196	-26834	-23860
-24190	-28518	-22395
-24189	-28297	-23127
-24188	-27014	-24037
-24179	-28532	-22868
-24173	-26161	-24273
-24149	-28119	-23398
-24136	-27307	-23852
-24130	-27988	-23651
-24122	-28126	-23426
-24112	-26699	-24081
-24093	-26384	-24093
-24090	-27808	-23658
-24086	-27705	-23772
-24080	-28249	-23142
-24072	-28532	-22908
-24069	-27753	-23806
-24054	-28676	-22431
-24054	-27144	-23929
-24053	-28455	-23163
-24052	-27172	-24073
-24033	-27553	-23825
-24026	-26738	-24109
-24023	-27637	-23957
-24022	-28143	-23587
-24019	-28039	-23639
-23981	-27800	-23663
-23978	-27860	-23708
-23975	-27089	-24168
-23967	-28201	-23575
-23955	-28620	-22956
-23954	-27966	-23694
-23948	-27686	-24079
-23943	-28270	-23169
-23913	-28135	-23592
-23900	-27900	-23711
-23897	-27796	-23763
-23897	-27711	-23861
-23896	-28302	-23393
-23892	-28237	-23479
-23889	-28028	-23698
-23887	-27255	-24255
-23886	-28301	-23623
-23878	-28315	-23172
-23869	-25439	-24680
-23868	-26043	-24421
-23845	-27958	-23699
-23842	-28018	-23744
-23829	-28131	-23692
-23825	-28066	-23778
-23821	-27851	-23805
-23820	-28357	-23435
-23820	-27084	-24554
-23792	-28185	-23810
-23775	-28352	-23611
-23760	-28460	-23429
-23753	-28186	-23734
-23733	-27781	-23857
-23721	-28286	-23628
-23709	-28499	-23009
-23707	-28687	-23540
-23701	-27783	-23989
-23689	-27974	-23963
-23678	-27591	-24279
-23669	-28448	-23564
-23668	-27913	-24008
-23664	-27992	-24191
-23646	-28090	-23872
-23645	-28341	-23670
-23623	-26179	-24562
-23616	-28075	-23944
-23616	-27955	-24295
-23607	-27231	-24438
-23602	-28356	-24207
-23601	-25959	-24645
-23590	-27195	-24607
-23585	-28444	-23664
-23578	-28425	-23801
-23542	-27749	-24315
-23531	-26933	-24631
-23530	-28780	-23159
-23528	-28480	-23549
-23508	-25891	-24784
-23480	-28113	-24331
-23470	-28580	-23737
-23462	-28881	-22408
-23459	-26269	-24714
-23447	-27332	-24443
-23427	-27885	-24388
-23421	-28429	-23758
-23417	-27590	-24462
-23403	-28409	-24036
-23400	-25411	-24980
-23396	-28123	-24229
-23372	-28268	-24267
-23369	-27506	-24484
-23367	-26076	-24731
-23360	-27714	-24687
-23340	-28784	-22872
-23334	-28738	-23773
-23319	-27895	-24647
-23296	-25841	-24793
-23291	-28043	-24424
-23283	-28908	-23097
-23281	-28365	-24153
-23248	-26882	-24926
-23216	-26065	-25084
-23193	-28412	-24010
-23186	-28138	-24315
-23183	-28198	-24360
-23173	-28520	-24089
-23173	-27903	-24434
-23169	-26939	-25004
-23155	-28531	-23782
-23155	-25547	-25121
-23130	-27825	-24740
-23126	-28028	-24429
-23120	-27530	-24814
-23116	-28027	-24659
-23112	-28429	-24341
-23107	-27303	-25020
-23106	-28841	-23231
-23102	-28134	-24415
-23054	-28820	-23499
-23033	-27097	-25040
-23025	-27619	-24862
-23006	-28599	-23818
-23001	-27437	-24928
-22994	-28289	-24351
-22991	-25637	-25273
-22990	-28186	-24465
-22989	-26276	-25328
-22986	-28630	-23778
-22971	-27461	-25056
-22963	-27983	-24878
-22955	-28609	-23786
-22955	-27809	-24975
-22951	-26822	-25278
-22938	-28776	-23587
-22937	-28413	-24576
-22879	-28728	-23840
-22874	-28964	-22900
-22871	-28605	-23886
-22857	-28562	-23963
-22853	-26434	-25364
-22850	-28788	-23814
-22833	-28445	-24254
-22811	-28614	-24013
-22788	-27512	-25059
-22762	-28536	-24145
-22756	-28991	-23594
-22749	-28717	-23899
-22742	-28943	-23750
-22717	-28004	-24819
-22689	-28570	-24130
-22688	-28511	-24285
-22686	-25519	-25421
-22675	-28772	-24049
-22658	-28429	-24489
-22652	-27670	-25095
-22635	-28138	-24665
-22632	-28077	-24700
-22621	-28586	-24128
-22621	-28340	-24584
-22605	-28056	-24869
-22588	-25131	-25507
-22568	-27967	-24964
-22548	-27328	-25186
-22528	-28469	-24379
-22520	-26248	-25628
-22491	-27452	-25411
-22473	-28056	-25012
-22461	-26895	-25412
-22460	-28122	-24900
-22441	-26282	-25439
-22406	-27691	-25036
-22399	-27259	-25428
-22397	-28674	-24216
-22395	-28845	-23877
-22392	-29002	-23453
-22388	-28295	-24637
-22384	-26406	-25664
-22347	-28706	-24205
-22342	-28352	-24608
-22288	-27722	-25200
-22280	-28450	-24573
-22273	-28681	-24345
-22237	-26983	-25500
-22227	-28077	-24953
-22227	-26108	-25677
-22224	-28154	-24721
-22171	-24785	-25730
-22157	-27983	-25020
-22150	-27588	-25205
-22133	-25331	-25680
-22103	-28570	-24421
-22098	-28665	-24580
-22049	-28138	-24956
-22045	-28292	-24960
-22035	-24943	-25766
-21996	-27765	-25336
-21991	-29017	-23217
-21981	-26912	-25572
-21967	-26060	-25887
-21911	-28895	-23918
-21889	-26719	-25589
-21834	-27489	-25408
-21830	-29106	-22730
-21802	-27298	-25489
-21728	-26476	-25643
-21727	-26443	-25661
-21666	-29080	-23701
-21640	-27022	-25561
-21637	-29150	-22447
-21634	-28308	-25016
-21614	-28715	-24621
-21608	-28804	-23937
-21578	-27386	-25577
-21565	-27851	-25038
-21564	-26566	-25795
-21548	-26829	-25578
-21491	-29064	-23936
-21472	-26373	-25812
-21464	-25981	-25903
-21409	-24617	-26079
-21355	-26586	-25885
-21285	-26773	-25604
-21263	-26393	-25902
-21101	-26117	-25974
-20856	-25574	-25984
-20826	-25017	-25985
-20764	-25381	-26001
-20701	-25005	-26135
-20541	-24581	-26309
-20394	-25158	-26145
-20392	-25524	-26225
-20200	-24691	-26298
-20138	-25055	-26314
