-22653	-14566	-19423
-22607	-14931	-18827
-22582	-14413	-19542
-22555	-14821	-19447
-22525	-14986	-19706
-22497	-14430	-19758
-22396	-15289	-18572
-22340	-14752	-19860
-22290	-14188	-20330
-22279	-15525	-18548
-22268	-15269	-20017
-22232	-15372	-19551
-22216	-15599	-19475
-22207	-14854	-20266
-22162	-15360	-20230
-22148	-15052	-20592
-22137	-14842	-20945
-22126	-16179	-19163
-22080	-15704	-19739
-22073	-15783	-20181
-22055	-15186	-20454
-22048	-15265	-20896
-22023	-16151	-19306
-22013	-15689	-20560
-21981	-16505	-19240
-21959	-15863	-19693
-21923	-15985	-19320
-21894	-16016	-19370
-21856	-14795	-21178
-21853	-15973	-19999
-21829	-16165	-20455
-21822	-16533	-19527
-21820	-16241	-20391
-21798	-15620	-20973
-21777	-16784	-18543
-21770	-16863	-18985
-21764	-16396	-19950
-21740	-16588	-20406
-21739	-15878	-20665
-21733	-16915	-17716
-21709	-16043	-20924
-21672	-17099	-18916
-21611	-16203	-21054
-21606	-16946	-19964
-21588	-16604	-21185
-21571	-16948	-19781
-21560	-15389	-21262
-21557	-14977	-21299
-21546	-14809	-21411
-21536	-16934	-20643
-21521	-17200	-18731
-21511	-16416	-21358
-21496	-17085	-19087
-21481	-15819	-21741
-21465	-17416	-17205
-21454	-17278	-20152
-21431	-17430	-16950
-21418	-16850	-20779
-21416	-16717	-21218
-21404	-15631	-21914
-21395	-17404	-17884
-21391	-16199	-21933
-21387	-16210	-21403
-21375	-17454	-17846
-21364	-16611	-21534
-21343	-17775	-19104
-21312	-16941	-20992
-21311	-16984	-20750
-21306	-17827	-17835
-21287	-16423	-21707
-21282	-16955	-21043
-21272	-17333	-20593
-21216	-17865	-18476
-21190	-17677	-20102
-21168	-14834	-22170
-21159	-17e3	-21529
-21131	-17703	-19659
-21130	-18183	-17763
-21125	-17236	-20624
-21125	-17019	-21337
-21100	-15985	-22278
-21094	-16474	-21855
-21084	-17768	-20315
-21083	-16564	-21767
-21069	-17997	-19206
-21069	-17708	-20576
-21060	-18171	-18442
-21055	-17224	-21303
-21034	-17983	-20068
-21022	-15991	-21935
-20997	-18421	-17511
-20996	-16209	-22052
-20990	-16698	-21629
-20987	-18052	-20085
-20979	-17719	-20438
-20974	-16323	-21966
-20973	-17568	-20812
-20966	-17552	-21360
-20942	-18087	-18578
-20935	-17007	-21878
-20923	-18251	-18321
-20907	-18459	-18152
-20907	-16537	-22109
-20897	-18063	-19947
-20897	-17774	-21317
-20886	-16980	-21960
-20872	-18270	-18398
-20862	-17314	-21712
-20861	-18256	-19238
-20841	-18306	-19200
-20835	-16375	-22303
-20834	-16123	-22409
-20827	-18051	-20626
-20798	-16624	-22245
-20771	-18294	-19879
-20758	-17538	-21486
-20751	-17617	-21928
-20751	-16401	-22444
-20745	-18106	-21505
-20719	-16894	-22088
-20649	-18473	-18423
-20644	-16793	-22223
-20641	-17243	-22096
-20638	-17321	-22061
-20638	-15646	-22756
-20633	-18681	-18254
-20631	-18614	-19234
-20631	-17400	-22503
-20630	-18324	-19818
-20614	-18459	-19285
-20567	-18528	-19302
-20558	-17668	-22076
-20541	-18652	-19875
-20534	-15870	-22530
-20504	-18704	-18606
-20497	-18516	-19981
-20484	-18167	-20429
-20480	-17832	-21814
-20465	-16258	-22762
-20461	-15413	-22793
-20455	-18169	-20105
-20454	-17892	-21850
-20450	-17827	-21882
-20440	-17697	-21993
-20429	-18358	-20948
-20429	-16467	-22655
-20421	-19011	-19116
-20415	-18544	-20081
-20395	-16603	-22759
-20391	-16812	-22631
-20369	-17020	-22589
-20365	-18220	-21907
-20356	-18546	-19920
-20335	-18362	-20604
-20334	-17675	-22425
-20325	-18810	-20421
-20325	-18582	-20722
-20318	-18855	-19900
-20298	-17317	-22630
-20267	-18874	-19977
-20261	-18407	-20942
-20247	-16712	-22973
-20237	-18598	-20535
-20222	-18654	-21205
-20219	-18227	-21257
-20209	-18084	-22242
-20205	-18365	-21297
-20202	-17138	-22655
-20195	-19298	-18282
-20179	-18425	-21333
-20171	-18445	-21583
-20166	-18897	-20458
-20126	-17036	-22790
-20110	-17189	-22733
-20104	-17678	-22310
-20095	-18744	-20577
-20083	-18293	-21806
-20059	-18208	-21908
-20044	-17338	-22540
-20039	-18745	-20688
-20025	-18288	-22194
-20010	-17721	-22441
-20009	-19062	-19864
-20001	-18163	-22241
-20001	-17445	-22607
-19995	-18652	-21818
-19985	-16332	-23059
-19978	-17145	-23004
-19957	-18800	-21567
-19957	-16375	-23088
-19953	-17805	-22274
-19948	-18916	-20503
-19947	-18294	-21851
-19938	-17325	-22742
-19924	-17404	-22725
-19910	-17423	-22763
-19905	-19286	-19638
-19887	-18150	-22453
-19884	-19102	-20322
-19879	-15721	-23093
-19849	-18495	-22429
-19817	-17649	-22559
-19804	-17253	-22836
-19802	-19130	-20422
-19801	-17802	-22502
-19793	-18803	-21679
-19786	-19338	-20253
-19774	-19544	-18112
-19774	-17802	-22576
-19758	-18840	-21325
-19751	-19149	-20499
-19750	-15134	-23106
-19733	-18920	-21491
-19727	-19172	-20422
-19726	-14822	-23165
-19720	-19185	-21301
-19716	-18566	-21835
-19716	-16765	-23090
-19679	-19573	-18804
-19679	-17511	-22818
-19669	-17758	-22773
-19654	-18689	-22150
-19647	-18646	-22290
-19641	-17856	-22794
-19638	-18842	-22093
-19625	-18009	-22737
-19620	-19407	-18973
-19620	-18499	-22314
-19609	-15485	-23121
-19603	-19429	-19736
-19602	-19562	-18910
-19574	-19028	-21912
-19559	-18158	-22544
-19547	-18102	-22615
-19540	-16499	-23121
-19521	-15697	-23383
-19517	-14852	-23414
-19493	-17965	-23008
-19487	-18454	-22585
-19467	-19263	-20463
-19465	-16279	-23472
-19462	-17065	-23203
-19446	-17229	-23126
-19440	-19208	-21263
-19430	-18538	-22418
-19425	-16459	-23210
-19423	-18160	-22598
-19415	-18058	-22886
-19397	-19610	-18998
-19390	-19252	-20569
-19361	-17255	-23022
-19356	-18186	-22638
-19345	-19032	-21797
-19315	-19665	-19877
-19300	-18327	-22688
-19294	-19051	-21874
-19291	-18116	-22869
-19289	-18622	-22580
-19284	-19471	-20262
-19281	-17986	-22980
-19278	-18535	-22646
-19263	-19668	-19713
-19244	-19734	-19383
-19234	-19393	-21066
-19227	-19122	-21507
-19209	-19884	-19570
-19185	-19468	-20327
-19182	-16475	-23411
-19177	-17651	-23177
-19167	-19239	-21319
-19166	-16628	-23354
-19145	-19077	-21596
-19137	-19097	-21846
-19130	-18644	-22860
-19107	-19474	-19984
-19081	-18719	-22121
-19069	-19572	-20731
-19069	-18664	-22199
-19063	-19727	-20181
-19053	-18817	-22142
-19043	-19100	-21519
-19025	-18860	-22171
-19005	-19397	-20951
-18998	-19126	-21392
-18997	-19574	-21229
-18996	-19707	-20403
-18994	-19167	-21578
-18994	-15585	-23558
-18991	-18940	-22457
-18956	-19962	-18732
-18955	-20095	-17906
-18951	-16984	-23322
-18944	-19710	-20239
-18930	-19627	-20564
-18929	-19907	-19532
-18915	-19435	-21592
-18913	-18946	-22114
-18902	-17192	-23354
-18897	-17061	-23385
-18894	-17847	-23116
-18879	-19951	-18838
-18876	-16291	-23469
-18851	-18968	-22003
-18790	-19892	-20206
-18784	-18258	-22867
-18770	-17905	-23099
-18768	-19633	-21002
-18761	-18436	-22862
-18717	-19597	-21191
-18710	-19120	-22077
-18703	-19077	-22217
-18697	-17295	-23415
-18650	-19650	-20526
-18649	-19616	-21060
-18636	-18367	-23081
-18622	-18732	-22459
-18620	-18520	-23024
-18588	-17674	-23154
-18578	-19335	-22199
-18574	-19871	-20494
-18571	-19416	-21674
-18569	-20081	-19999
-18521	-15159	-23701
-18510	-19915	-20168
-18489	-19376	-21996
-18483	-15504	-23677
-18468	-17299	-23300
-18457	-20273	-18803
-18425	-18714	-22745
-18420	-19486	-21771
-18414	-19486	-21774
-18412	-17881	-23389
-18391	-17111	-23473
-18363	-20226	-19360
-18361	-18900	-22564
-18345	-19053	-22507
-18334	-17974	-23267
-18290	-19824	-20993
-18285	-20232	-19017
-18271	-19760	-21077
-18171	-19546	-21606
-18166	-19896	-20250
-18138	-20315	-19329
-18094	-17386	-23395
-18084	-19969	-20354
-18073	-19922	-20676
-18068	-20132	-20181
-18062	-18859	-22610
-18057	-18132	-23123
-18047	-18379	-23078
-18022	-16903	-23475
-18002	-18186	-23165
-17980	-18394	-23123
-17978	-19205	-22266
-17866	-20240	-19653
-17840	-18689	-22794
-17809	-19668	-21260
-17789	-19875	-21175
-17784	-19446	-21881
-17770	-19811	-21259
-17765	-15646	-23694
-17727	-15991	-23670
-17693	-18799	-22934
-17680	-20008	-20589
-17589	-20557	-18331
-17565	-19724	-21443
-17401	-19751	-21583
-17388	-20170	-20199
-17280	-16466	-23698
-17193	-20472	-19340
-17185	-17674	-23468
-17177	-19600	-21851
-17159	-19352	-22212
-17116	-19345	-22251
-17008	-20063	-20845
-16958	-20617	-18006
-16914	-20215	-20334
