-44579	-28537	-29712
-44541	-29776	-30696
-44516	-30691	-31228
-44476	-30875	-31647
-44466	-31253	-30775
-44445	-31201	-31304
-44441	-31630	-30736
-44441	-31210	-31974
-44436	-31040	-32023
-44408	-31374	-32230
-44405	-31385	-31723
-44404	-31454	-31709
-44401	-31768	-31349
-44370	-31720	-32050
-44349	-30993	-32733
-44331	-31181	-32403
-44326	-30463	-33030
-44317	-31033	-32441
-44306	-31558	-32364
-44299	-31595	-32089
-44296	-31909	-31729
-44291	-31250	-32598
-44274	-31972	-32050
-44271	-32286	-31690
-44265	-31811	-32769
-44255	-30973	-33106
-44241	-32376	-30857
-44230	-32539	-32095
-44226	-32557	-31147
-44223	-31013	-32814
-44182	-31266	-33219
-44177	-31771	-33038
-44176	-32937	-31237
-44176	-32544	-32238
-44171	-31791	-33142
-44139	-32117	-32858
-44136	-32519	-32468
-44136	-32431	-32498
-44091	-32485	-32775
-44087	-32914	-32207
-44059	-32525	-32483
-44043	-31767	-33308
-44040	-32081	-32948
-44032	-30732	-33533
-44019	-32971	-31594
-44015	-32989	-30646
-44008	-32495	-32634
-43992	-32062	-33084
-43980	-32680	-32383
-43978	-30801	-33586
-43957	-32790	-32410
-43949	-31747	-33681
-43941	-32842	-32435
-43939	-33109	-31845
-43927	-32314	-33024
-43925	-32951	-31967
-43924	-32628	-32664
-43916	-33162	-31287
-43904	-33184	-30254
-43899	-32259	-33469
-43898	-32988	-32272
-43896	-32573	-33109
-43879	-33335	-32213
-43876	-33346	-31706
-43865	-32870	-32746
-43848	-31855	-33642
-43842	-32625	-33094
-43837	-33077	-32770
-43834	-31662	-33965
-43832	-33474	-31921
-43830	-33205	-33073
-43824	-33589	-30649
-43815	-31762	-33790
-43812	-33391	-33145
-43811	-31132	-34262
-43809	-32039	-33926
-43805	-32420	-33273
-43790	-32112	-33507
-43786	-31509	-34223
-43779	-33403	-32796
-43758	-32526	-33193
-43754	-31835	-34015
-43753	-32716	-33347
-43738	-33646	-31085
-43736	-33895	-31016
-43735	-32456	-33423
-43722	-32237	-33659
-43715	-33062	-33167
-43713	-34023	-31046
-43713	-33494	-31816
-43707	-33820	-31454
-43705	-32270	-33563
-43704	-33543	-31825
-43700	-33972	-31257
-43696	-33220	-33182
-43685	-33701	-31840
-43677	-34025	-30699
-43670	-32653	-34051
-43666	-33712	-32372
-43659	-31538	-34348
-43651	-33910	-32041
-43639	-33802	-32347
-43639	-31692	-34109
-43638	-32979	-33767
-43636	-31008	-34645
-43615	-33912	-31694
-43610	-33430	-32460
-43601	-33823	-32644
-43593	-31718	-34329
-43590	-33347	-33684
-43586	-33837	-32132
-43563	-34306	-30218
-43558	-33387	-33392
-43555	-32510	-34145
-43543	-33409	-33083
-43539	-33545	-33407
-43531	-33854	-32911
-43528	-33865	-32404
-43527	-34058	-30936
-43525	-31807	-34278
-43523	-32836	-33861
-43511	-33603	-33101
-43506	-32850	-34005
-43501	-34193	-31213
-43500	-34084	-31759
-43500	-32306	-34158
-43500	-32193	-34198
-43477	-31663	-34495
-43476	-33625	-32934
-43475	-33204	-33778
-43472	-34118	-31651
-43472	-31203	-34625
-43471	-33633	-33210
-43467	-33025	-33823
-43463	-33902	-32248
-43461	-33654	-33162
-43460	-34114	-31868
-43457	-34035	-32509
-43456	-33362	-33793
-43452	-32674	-34075
-43442	-31624	-34664
-43438	-33971	-32754
-43433	-32832	-34090
-43429	-33371	-33643
-43427	-32486	-34311
-43425	-34449	-32195
-43424	-33402	-33501
-43416	-32572	-34374
-43411	-34061	-32729
-43404	-33775	-33021
-43404	-31956	-34608
-43399	-32461	-34427
-43397	-33850	-33181
-43389	-33044	-33829
-43379	-33779	-33183
-43375	-34208	-32615
-43370	-33179	-34072
-43367	-34189	-32944
-43365	-30655	-34683
-43364	-33994	-33234
-43361	-32807	-34247
-43356	-34524	-30550
-43353	-34314	-32231
-43350	-32901	-34191
-43347	-34415	-32639
-43336	-33939	-33679
-43333	-32466	-34684
-43319	-34488	-32091
-43315	-34455	-32347
-43314	-32624	-34699
-43301	-33102	-34140
-43297	-32364	-34983
-43292	-32770	-34299
-43291	-32650	-34378
-43271	-33745	-33712
-43271	-33284	-33985
-43263	-34054	-33216
-43262	-33373	-33887
-43260	-33216	-34049
-43252	-34538	-32143
-43252	-33442	-34e3
-43249	-34546	-31367
-43249	-33589	-33749
-43245	-33113	-34171
-43236	-32548	-34949
-43234	-33318	-34332
-43233	-33736	-34271
-43230	-33747	-33764
-43221	-33796	-33773
-43220	-33160	-34454
-43211	-32788	-34629
-43210	-33206	-34568
-43203	-34405	-32734
-43202	-34619	-31817
-43199	-34834	-32166
-43195	-34082	-34091
-43190	-31816	-35041
-43190	-30531	-35066
-43189	-34111	-33073
-43184	-34563	-32749
-43172	-33552	-34388
-43171	-34203	-33340
-43147	-34381	-33238
-43147	-32658	-34662
-43143	-34442	-33176
-43140	-34506	-32812
-43133	-32712	-34879
-43129	-34702	-32341
-43127	-34331	-33555
-43123	-34862	-32925
-43118	-32635	-34925
-43112	-31740	-35291
-43103	-32948	-34717
-43100	-34205	-33595
-43086	-32018	-35135
-43081	-35001	-31488
-43079	-33058	-34679
-43068	-34139	-33984
-43059	-33767	-34159
-43049	-34422	-33549
-43037	-33582	-34338
-43026	-34920	-31845
-43022	-34493	-33293
-43021	-34241	-33578
-43008	-35016	-31019
-43008	-34719	-33019
-43008	-31942	-35385
-43e3	-34564	-33477
-42999	-33150	-34811
-42995	-34181	-33744
-42985	-33458	-34651
-42979	-34985	-31513
-42977	-35183	-32152
-42971	-34980	-32560
-42968	-33195	-34666
-42947	-33801	-34202
-42944	-32946	-34824
-42935	-34703	-33068
-42931	-35284	-30660
-42927	-35096	-32755
-42922	-34343	-33659
-42919	-32052	-35098
-42917	-34235	-33723
-42916	-34763	-33054
-42902	-33834	-34577
-42893	-34393	-33552
-42890	-34669	-33375
-42886	-35098	-32807
-42884	-30474	-35399
-42879	-34581	-33543
-42875	-34642	-33481
-42872	-32859	-34992
-42871	-33277	-34931
-42870	-34693	-33491
-42856	-33580	-34624
-42855	-35386	-31459
-42854	-32304	-35038
-42849	-33540	-34712
-42847	-34617	-33597
-42844	-34913	-33141
-42842	-33868	-34155
-42837	-30450	-35521
-42833	-34437	-34181
-42833	-33623	-34751
-42824	-33853	-34261
-42815	-32558	-35028
-42810	-33907	-34478
-42802	-33880	-34535
-42797	-34332	-34211
-42796	-35212	-32288
-42795	-34780	-33732
-42791	-35218	-32042
-42787	-34602	-33750
-42782	-35104	-32990
-42781	-34622	-33854
-42778	-34520	-34016
-42773	-32436	-35301
-42764	-34226	-34355
-42761	-34923	-33e3
-42760	-31679	-35449
-42759	-34678	-34031
-42745	-34520	-34153
-42745	-33742	-34806
-42740	-35243	-31553
-42727	-34718	-33739
-42725	-34933	-33036
-42723	-33940	-34360
-42712	-35257	-32294
-42705	-35392	-31590
-42704	-31803	-35460
-42697	-33308	-34819
-42693	-33130	-34934
-42687	-32860	-34947
-42683	-30831	-35872
-42681	-35061	-33251
-42679	-32972	-35056
-42679	-32773	-35068
-42670	-35396	-30857
-42670	-32600	-35231
-42668	-35385	-32509
-42667	-34903	-33373
-42660	-32931	-35083
-42658	-32429	-35396
-42658	-31350	-35750
-42656	-34952	-33292
-42654	-34745	-33984
-42654	-33894	-34693
-42653	-33971	-34627
-42649	-31628	-35643
-42644	-34879	-33740
-42643	-32671	-35367
-42640	-34940	-33678
-42639	-34985	-33547
-42636	-31786	-35529
-42627	-34037	-34396
-42625	-35173	-33538
-42621	-32934	-35148
-42621	-32883	-35157
-42620	-35684	-31656
-42618	-35298	-33112
-42615	-34317	-34447
-42612	-34915	-33794
-42605	-33017	-35187
-42604	-32623	-35441
-42602	-34893	-33796
-42593	-35213	-33246
-42584	-34574	-34231
-42570	-35597	-32259
-42562	-32760	-35319
-42556	-34206	-34485
-42555	-33130	-34997
-42554	-35250	-33384
-42554	-31552	-35844
-42552	-34900	-33947
-42549	-34054	-34591
-42546	-34920	-34051
-42545	-31830	-35737
-42536	-33038	-35163
-42529	-34078	-34707
-42525	-33649	-34839
-42519	-34212	-34463
-42517	-33344	-34856
-42510	-34818	-34350
-42507	-33133	-35015
-42506	-32271	-35444
-42497	-33479	-34870
-42497	-32075	-35499
-42496	-32787	-35233
-42488	-34238	-34557
-42480	-33372	-34954
-42471	-33978	-34841
-42461	-33530	-34969
-42458	-32962	-35413
-42455	-35454	-32353
-42452	-34993	-33705
-42451	-35332	-33025
-42448	-33155	-35150
-42447	-35770	-31335
-42444	-33270	-35253
-42443	-35177	-33483
-42443	-30795	-35929
-42436	-34588	-34389
-42435	-30568	-35936
-42433	-34321	-34392
-42431	-32349	-35493
-42420	-34176	-34564
-42419	-35372	-32733
-42412	-32230	-35505
-42393	-32277	-35593
-42390	-35471	-33735
-42382	-32378	-35524
-42373	-35208	-33750
-42372	-31556	-35789
-42370	-34325	-34533
-42367	-35191	-33993
-42367	-34941	-34032
-42363	-31369	-35867
-42358	-35511	-33443
-42356	-34167	-34655
-42351	-32414	-35471
-42337	-34126	-34682
-42331	-35089	-34292
-42330	-35646	-31703
-42326	-35787	-32013
-42323	-35642	-32222
-42318	-33732	-34859
-42311	-30675	-36016
-42309	-34509	-34499
-42308	-34266	-34601
-42307	-34343	-34535
-42306	-31289	-35908
-42301	-33472	-35143
-42299	-34472	-34502
-42298	-34078	-34756
-42297	-31567	-35801
-42295	-35591	-32970
-42292	-35602	-32463
-42288	-35662	-32414
-42286	-33979	-34796
-42279	-33534	-34914
-42270	-33675	-34986
-42269	-34689	-34355
-42259	-31913	-35621
-42258	-32995	-35349
-42256	-30821	-35925
-42253	-35795	-31526
-42241	-34447	-34506
-42240	-35961	-31561
-42238	-32437	-35539
-42230	-33849	-34846
-42226	-33964	-34949
-42224	-31356	-35954
-42222	-33025	-35336
-42222	-31946	-35690
-42220	-32003	-35645
-42217	-35557	-33414
-42216	-35630	-33222
-42216	-32661	-35420
-42211	-34007	-34861
-42210	-32699	-35477
-42209	-35765	-32518
-42208	-35475	-33680
-42203	-33141	-35258
-42199	-32202	-35645
-42197	-33179	-35315
-42194	-35317	-33802
-42194	-33747	-35145
-42194	-33688	-35164
-42190	-34441	-34607
-42184	-35670	-32930
-42177	-33425	-35179
-42142	-34610	-34465
-42128	-35807	-32162
-42126	-35984	-31659
-42125	-34350	-34749
-42121	-34462	-34583
-42120	-34743	-34444
-42118	-36025	-30762
-42118	-32148	-35784
-42112	-33334	-35321
-42109	-33356	-35210
-42099	-35715	-32527
-42097	-35676	-33112
-42097	-33006	-35466
-42090	-34960	-34297
-42088	-35782	-33196
-42083	-34808	-34403
-42079	-31004	-36041
-42070	-33472	-35192
-42064	-35114	-34096
-42052	-35680	-33495
-42051	-35904	-32811
-42051	-34120	-34788
-42050	-33346	-35289
-42047	-34272	-34752
-42047	-32649	-35501
-42047	-30445	-36276
-42044	-33968	-34894
-42037	-33826	-35127
-42034	-33848	-35016
-42032	-34860	-34431
-42032	-34278	-34803
-42029	-35400	-33753
-42029	-34011	-34806
-42028	-35012	-34395
-42025	-34126	-34909
-42023	-35743	-33286
-42019	-32246	-35731
-42018	-34120	-34925
-42017	-36015	-31967
-42017	-33588	-35300
-42014	-31578	-35953
-42011	-31600	-35842
-42010	-35906	-32863
-42006	-35216	-33919
-42005	-34732	-34653
-42003	-35880	-33032
-42001	-34303	-34785
-41994	-35501	-33547
-41994	-32765	-35609
-41984	-35205	-34092
-41982	-33909	-34962
-41971	-35920	-32740
-41966	-32595	-35640
-41963	-35461	-33788
-41963	-34881	-34407
-41961	-31801	-35797
-41960	-31661	-35816
-41957	-32873	-35533
-41956	-33291	-35472
-41949	-35303	-33910
-41946	-34621	-34691
-41946	-31516	-35960
-41945	-36111	-30441
-41931	-35244	-33984
-41927	-35358	-34065
-41925	-36088	-31380
-41923	-36159	-30828
-41922	-36259	-30592
-41918	-33637	-35292
-41918	-30829	-36053
-41915	-36026	-32098
-41906	-32257	-35702
-41895	-30892	-36132
-41886	-33714	-35252
-41886	-31170	-36025
-41885	-36094	-32288
-41885	-35385	-34038
-41880	-34336	-34857
-41873	-36261	-30528
-41873	-31863	-35959
-41870	-31885	-35848
-41863	-36385	-31196
-41848	-34060	-35072
-41844	-34813	-34515
-41839	-36054	-32857
-41836	-36065	-32350
-41835	-36165	-32114
-41835	-32209	-35779
-41833	-30937	-36097
-41829	-36200	-31646
-41824	-31215	-35990
-41823	-31317	-36009
-41813	-34563	-34821
-41812	-35506	-33631
-41811	-35551	-33500
-41809	-33220	-35563
-41807	-35665	-33581
-41806	-35442	-33795
-41801	-35891	-32973
-41799	-30182	-36340
-41797	-33520	-35345
-41796	-33938	-35284
-41796	-31015	-36382
-41794	-32829	-35634
-41794	-31963	-35816
-41792	-32957	-35578
-41790	-35864	-33065
-41788	-31952	-35894
-41786	-34131	-35021
-41784	-35481	-33747
-41783	-34997	-34481
-41783	-34418	-35122
-41783	-32419	-35761
-41779	-32210	-35788
-41776	-35404	-33930
-41774	-32697	-35654
-41773	-33115	-35593
-41772	-32520	-35692
-41771	-35778	-33498
-41765	-34737	-34557
-41760	-35792	-33616
-41760	-32170	-35948
-41756	-35140	-34184
-41754	-33303	-35398
-41753	-35124	-34188
-41751	-33378	-35374
-41748	-36242	-31290
-41748	-34477	-34841
-41735	-33461	-35413
-41734	-33649	-35295
-41728	-34501	-34957
-41726	-35816	-33337
-41726	-29971	-36493
-41725	-35099	-34304
-41724	-35466	-33900
-41721	-36268	-32113
-41720	-35038	-34483
-41718	-35486	-34004
-41717	-30249	-36386
-41715	-36065	-32521
-41712	-35477	-34037
-41710	-36409	-30638
-41708	-36217	-32324
-41708	-31341	-35963
-41701	-34644	-34660
-41693	-35946	-32907
-41692	-31222	-36103
-41687	-31709	-35969
-41682	-35384	-34303
-41678	-36449	-30346
-41673	-31142	-36165
-41672	-31244	-36184
-41665	-35084	-34457
-41660	-36322	-31241
-41659	-35104	-34561
-41659	-33610	-35464
-41649	-32307	-35935
-41648	-35841	-33290
-41644	-31462	-36238
-41637	-32967	-35597
-41635	-36081	-32450
-41634	-34834	-34763
-41620	-32375	-35862
-41619	-32857	-35600
-41616	-36018	-33287
-41611	-32653	-35755
-41610	-33663	-35380
-41609	-36289	-31570
-41608	-35154	-34342
-41601	-36388	-31526
-41601	-34422	-35067
-41600	-32841	-35645
-41600	-31872	-36004
-41598	-35735	-33811
-41585	-36390	-31400
-41585	-33957	-35257
-41581	-32801	-35774
-41577	-36057	-33187
-41577	-35411	-34126
-41572	-34850	-34621
-41572	-34009	-35200
-41569	-35902	-33645
-41569	-34748	-34783
-41561	-32957	-35627
-41560	-30230	-36393
-41555	-34590	-34905
-41555	-33812	-35558
-41547	-36153	-32391
-41545	-32328	-35909
-41544	-29975	-36438
-41541	-33078	-35661
-41540	-36412	-30675
-41539	-35971	-33312
-41539	-35757	-33946
-41535	-36303	-32003
-41535	-34155	-35186
-41533	-33169	-35691
-41524	-31665	-36070
-41519	-36105	-32394
-41512	-31907	-36012
-41511	-35810	-33787
-41505	-36529	-31416
-41503	-35655	-34245
-41500	-33895	-35393
-41497	-34501	-35006
-41485	-35139	-34421
-41476	-32033	-35987
-41471	-36255	-32275
-41467	-34917	-34574
-41465	-36111	-32647
-41463	-36217	-32874
-41462	-31466	-36183
-41460	-36228	-32367
-41458	-36103	-33077
-41450	-34310	-35192
-41447	-34902	-34591
-41445	-34627	-34882
-41438	-32379	-35807
-41433	-36068	-33240
-41425	-32370	-35951
-41420	-29734	-36503
-41419	-34274	-35206
-41415	-36393	-31437
-41412	-34656	-35012
-41408	-32527	-35826
-41404	-33908	-35297
-41403	-35935	-33376
-41394	-31447	-36312
-41390	-34076	-35219
-41385	-32975	-35721
-41378	-35907	-33379
-41374	-35445	-34411
-41373	-33816	-35503
-41352	-32528	-35835
-41347	-33015	-35701
-41346	-33433	-35640
-41343	-32394	-36056
-41332	-32866	-35836
-41328	-30233	-36560
-41324	-30403	-36423
-41322	-34014	-35226
-41320	-34885	-34833
-41315	-36646	-30849
-41314	-34772	-34840
-41307	-33549	-35622
-41306	-36355	-32204
-41303	-36366	-31697
-41295	-34960	-34645
-41293	-32887	-35828
-41293	-30545	-36544
-41292	-35671	-33949
-41290	-30567	-36433
-41288	-35206	-34671
-41286	-36382	-32589
-41281	-36092	-33453
-41274	-36395	-31912
-41271	-31574	-36095
-41270	-31676	-36114
-41269	-36242	-33065
-41269	-33895	-35442
-41249	-36132	-33161
-41242	-31894	-36168
-41239	-36266	-32947
-41221	-31173	-36364
-41208	-32058	-36178
-41201	-35966	-33706
-41200	-36481	-32822
-41197	-36492	-32315
-41197	-34692	-34862
-41197	-29796	-36644
-41192	-35449	-34356
-41192	-33175	-35647
-41189	-33089	-35922
-41187	-32350	-36073
-41183	-30688	-36429
-41181	-36107	-33296
-41177	-35298	-34606
-41172	-33513	-35648
-41158	-33947	-35310
-41156	-35771	-34045
-41146	-31184	-36376
-41143	-35817	-33813
-41139	-35511	-34329
-41134	-33275	-35674
-41125	-33553	-35567
-41124	-36531	-31702
-41119	-34711	-35069
-41116	-36064	-33542
-41114	-36655	-32370
-41111	-36672	-30472
-41108	-36178	-33132
-41108	-31530	-36196
-41092	-34279	-35269
-41091	-31640	-36281
-41087	-33899	-35387
-41086	-34166	-35276
-41082	-36695	-32078
-41082	-32541	-35980
-41073	-30973	-36529
-41071	-36836	-30603
-41060	-34600	-35107
-41053	-29400	-36645
-41052	-32689	-35999
-41048	-32705	-35990
-41040	-34925	-34782
-41039	-31137	-36539
-41036	-35869	-33789
-41036	-33975	-35296
-41021	-36749	-31206
-41017	-36281	-33121
-41009	-36268	-33255
-40999	-35752	-34052
-40997	-36418	-32867
-40983	-35173	-34717
-40979	-33552	-35577
-40974	-35775	-33990
-40971	-33783	-35618
-40969	-34086	-35298
-40968	-34504	-35237
-40967	-31765	-36359
-40962	-34849	-35032
-40956	-36153	-33346
-40955	-31934	-36201
-40949	-33140	-35751
-40949	-29602	-36739
-40947	-35435	-34464
-40943	-36021	-33855
-40941	-32826	-35986
-40932	-36358	-33569
-40930	-35175	-34748
-40930	-34850	-35057
-40930	-33298	-35766
-40919	-35626	-34305
-40911	-36592	-32415
-40903	-33172	-35806
-40900	-34163	-35336
-40898	-36916	-31673
-40898	-35803	-33921
-40892	-32429	-36092
-40890	-35648	-34379
-40884	-36055	-33825
-40875	-33754	-35671
-40863	-35826	-34102
-40848	-33628	-35711
-40846	-31972	-36272
-40845	-36442	-33080
-40842	-29054	-36797
-40832	-35465	-34420
-40832	-34966	-34885
-40819	-34199	-35389
-40815	-33149	-35849
-40815	-32212	-36215
-40808	-33369	-35732
-40808	-30712	-36543
-40806	-35400	-34716
-40806	-32490	-36108
-40804	-36531	-32931
-40789	-33787	-35563
-40788	-35719	-34151
-40788	-33841	-35451
-40779	-36195	-33680
-40773	-35083	-34977
-40773	-30189	-36634
-40772	-30291	-36653
-40770	-36367	-33444
-40770	-33945	-35578
-40769	-34133	-35491
-40768	-32552	-36038
-40767	-36502	-33038
-40758	-36517	-33056
-40751	-32946	-36013
-40750	-36362	-33514
-40745	-36753	-31784
-40740	-30650	-36550
-40738	-36407	-33152
-40737	-36926	-30865
-40734	-34243	-35468
-40730	-35737	-34183
-40726	-36557	-32764
-40723	-30025	-36794
-40719	-31502	-36423
-40717	-30747	-36558
-40715	-34401	-35483
-40710	-30336	-36618
-40706	-33287	-35783
-40691	-31704	-36461
-40690	-36241	-33697
-40687	-36645	-32423
-40681	-35830	-34047
-40679	-36632	-32557
-40675	-33354	-35763
-40668	-32492	-36108
-40667	-36782	-32169
-40663	-30061	-36699
-40660	-33817	-35643
-40660	-31818	-36282
-40655	-32859	-36027
-40653	-35883	-33888
-40653	-35736	-34362
-40651	-32650	-36054
-40646	-33137	-35920
-40645	-33555	-35859
-40639	-30151	-36670
-40637	-35545	-34625
-40637	-31569	-36469
-40633	-32216	-36160
-40630	-36669	-33030
-40626	-32304	-36148
-40624	-32029	-36238
-40618	-30349	-36580
-40613	-36385	-33157
-40607	-33901	-35679
-40600	-33315	-35932
-40598	-34705	-35116
-40597	-36453	-33123
-40594	-36567	-33329
-40594	-36459	-33351
-40591	-33593	-35825
-40579	-34863	-35131
-40578	-34794	-35152
-40578	-32672	-36065
-40569	-32485	-36143
-40565	-36630	-33120
-40561	-34881	-35007
-40559	-30263	-36793
-40558	-35119	-34827
-40554	-31304	-36538
-40548	-35741	-34128
-40545	-36767	-32866
-40541	-36086	-33875
-40536	-33009	-35985
-40536	-28817	-36807
-40533	-33940	-35613
-40524	-31874	-36326
-40521	-30861	-36759
-40517	-36198	-34010
-40515	-36806	-32382
-40511	-33610	-35755
-40505	-36348	-33622
-40497	-31774	-36383
-40485	-32016	-36325
-40474	-36895	-32233
-40473	-32128	-36246
-40471	-36906	-31726
-40471	-35740	-34307
-40468	-28558	-36980
-40464	-32676	-36050
-40456	-36958	-30516
-40452	-29715	-36851
-40447	-34593	-35241
-40441	-36404	-33440
-40432	-36962	-30500
-40432	-33211	-36079
-40426	-35199	-34777
-40424	-36998	-30224
-40418	-33319	-35877
-40409	-34939	-35061
-40407	-32596	-36091
-40405	-34219	-35601
-40397	-34402	-35261
-40389	-31306	-36533
-40388	-37090	-30715
-40372	-31308	-36483
-40368	-34517	-35283
-40367	-34565	-35421
-40361	-31508	-36571
-40360	-33979	-35674
-40351	-34257	-35567
-40348	-36329	-33629
-40348	-35123	-35027
-40348	-30587	-36811
-40343	-33330	-35889
-40335	-36202	-33955
-40331	-36939	-31278
-40325	-32663	-36137
-40315	-35945	-34122
-40307	-36255	-33796
-40306	-31964	-36476
-40305	-33676	-35709
-40305	-32246	-36173
-40304	-32348	-36192
-40303	-32020	-36270
-40300	-35171	-34938
-40299	-37067	-31685
-40296	-33673	-35727
-40292	-36770	-32812
-40292	-36598	-33432
-40291	-37103	-31409
-40291	-35277	-35022
-40285	-36909	-31807
-40285	-35164	-35029
-40281	-33411	-35943
-40266	-30913	-36629
-40256	-36668	-33111
-40253	-36866	-32400
-40249	-35759	-34297
-40243	-33757	-35763
-40241	-37016	-32012
-40234	-32592	-36296
-40229	-36179	-34046
-40228	-28987	-36992
-40225	-36818	-32403
-40223	-29474	-36858
-40216	-31032	-36585
-40215	-37120	-29987
-40210	-35283	-34765
-40198	-32056	-36358
-40190	-36728	-33124
-40188	-28937	-36997
-40184	-32948	-36143
-40179	-36407	-33770
-40178	-33983	-35619
-40177	-36968	-32284
-40164	-35633	-34586
-40158	-36768	-32832
-40155	-35739	-34670
-40146	-33294	-35963
-40146	-29478	-36861
-40143	-35889	-34282
-40131	-34372	-35543
-40130	-36607	-33307
-40122	-36452	-33765
-40118	-36757	-32919
-40110	-36602	-33377
-40103	-33994	-35631
-40102	-31151	-36628
-40097	-32192	-36373
-40094	-36505	-33606
-40089	-37040	-32225
-40088	-35754	-34406
-40082	-36827	-32598
-40078	-29219	-37034
-40077	-29341	-36946
-40073	-36842	-32616
-40064	-31749	-36594
-40053	-30079	-36937
-40046	-29861	-36987
-40044	-36286	-33971
-40041	-36882	-32324
-40032	-36931	-32467
-40010	-35332	-34787
-40007	-33564	-35885
-39999	-37113	-31506
-39996	-35983	-34227
-39995	-34834	-35191
-39987	-32175	-36423
-39986	-32329	-36360
-39985	-32254	-36374
-39982	-35825	-34349
-39982	-34677	-35201
-39966	-36781	-33132
-39966	-30147	-36951
-39965	-34787	-35286
-39962	-36541	-33569
-39958	-36626	-33590
-39957	-29443	-37007
-39954	-36807	-33192
-39951	-37196	-30895
-39948	-32675	-36180
-39944	-35393	-34822
-39934	-31826	-36618
-39930	-36679	-33431
-39928	-37190	-31185
-39927	-35133	-35106
-39925	-37201	-30678
-39922	-36474	-33620
-39904	-32396	-36406
-39899	-37041	-32322
-39898	-36942	-32750
-39890	-36787	-33208
-39877	-37284	-30950
-39871	-37162	-31602
-39862	-36290	-33916
-39860	-37092	-32426
-39850	-28895	-37065
-39839	-37202	-31310
-39828	-37132	-32134
-39820	-36977	-32592
-39803	-30841	-36917
-39799	-37220	-31108
-39798	-36715	-33394
-39798	-29598	-37051
-39792	-36816	-33067
-39780	-36966	-32679
-39770	-36768	-33235
-39767	-34228	-35627
-39762	-36613	-33693
-39762	-35397	-34767
-39761	-34266	-35684
-39725	-37308	-31163
-39722	-31935	-36536
-39719	-37186	-31815
-39706	-36495	-33731
-39694	-32490	-36360
-39687	-37226	-31523
-39686	-31563	-36682
-39684	-37189	-31598
-39652	-37229	-31306
-39645	-36150	-34106
-39637	-33458	-36026
-39632	-36905	-32871
-39630	-30567	-36969
-39628	-36990	-32892
-39624	-36750	-33329
-39620	-37055	-32483
-39611	-32657	-36224
-39607	-36923	-32992
-39604	-37347	-30486
-39596	-37383	-30210
-39596	-30967	-36772
-39560	-37475	-30701
-39560	-37151	-32510
-39555	-36160	-34118
-39546	-36874	-32996
-39543	-36903	-33008
-39522	-37245	-31208
-39514	-36332	-33804
-39504	-28413	-37109
-39501	-33608	-35935
-39485	-33252	-36062
-39477	-32714	-36453
-39476	-32914	-36145
-39470	-29728	-37203
-39468	-37079	-32696
-39460	-36257	-34031
-39458	-30904	-36783
-39456	-32817	-36170
-39451	-33304	-36036
-39432	-36977	-32995
-39426	-35649	-34716
-39412	-37251	-32195
-39405	-34821	-35283
-39357	-37088	-32555
-39357	-34536	-35479
-39354	-32841	-36236
-39349	-31851	-36566
-39344	-37412	-31813
-39341	-33176	-36101
-39330	-37153	-32818
-39326	-31028	-36875
-39303	-34598	-35298
-39303	-31064	-36729
-39283	-31138	-36728
-39278	-36261	-33976
-39259	-37188	-32196
-39252	-37340	-31999
-39245	-33916	-35804
-39244	-37185	-32457
-39237	-33378	-36195
-39233	-33728	-35821
-39229	-36914	-33040
-39229	-32451	-36517
-39228	-36179	-34100
-39228	-35223	-35050
-39225	-34522	-35548
-39222	-37252	-32292
-39216	-37238	-32298
-39213	-37267	-32310
-39191	-32797	-36337
-39184	-36711	-33665
-39178	-36584	-33753
-39176	-30288	-37001
-39130	-32830	-36253
-39122	-36466	-33791
-39120	-37210	-32604
-39089	-29934	-37066
-39081	-34990	-35113
-39080	-36791	-33360
-39069	-35073	-35232
-39031	-35813	-34427
-39029	-31275	-36764
-39023	-37437	-31684
-39011	-37587	-31296
-39002	-36715	-33610
-39e3	-37517	-32120
-38992	-37362	-32578
-38974	-36768	-33451
-38962	-36845	-33056
-38870	-30051	-37011
-38869	-36498	-33889
-38867	-37041	-33170
-38859	-37611	-31509
-38851	-36603	-33735
-38846	-31952	-36564
-38824	-37614	-31292
-38821	-34792	-35343
-38818	-27974	-37246
-38792	-32342	-36539
-38755	-36267	-34061
-38740	-30884	-36941
-38722	-31418	-36811
-38707	-37130	-32974
-38701	-28582	-37316
-38694	-37630	-31194
-38693	-37200	-32657
-38656	-37548	-31554
-38639	-37700	-30692
-38591	-37783	-30081
-38590	-37548	-31876
-38537	-37405	-32472
-38536	-37638	-30988
-38525	-37134	-32919
-38521	-32417	-36519
-38507	-35986	-34172
-38500	-31548	-36683
-38497	-37187	-32760
-38462	-32146	-36649
-38428	-28635	-37300
-38404	-37810	-30077
-38390	-36739	-33511
-38369	-37339	-32734
-38366	-37728	-30437
-38337	-31504	-36784
-38324	-37776	-30784
-38292	-37816	-30492
-38289	-31872	-36701
-38233	-37580	-31861
-38222	-36673	-33773
-38195	-37498	-32221
-38190	-29026	-37239
-38171	-36238	-34121
-38073	-37669	-31665
-38037	-37567	-31964
-37913	-37158	-32820
-37897	-37766	-30837
-37821	-37896	-30461
-37784	-33032	-36213
-37783	-37814	-30821
-37713	-30192	-37012
-37556	-37897	-29542
-37467	-37672	-31450
-37366	-37966	-30087
-37363	-38010	-29606
-37310	-27288	-37367
-36828	-38071	-28771
-36433	-38021	-29116
