-36419	-31279	-26076
-36417	-30648	-26434
-36391	-30921	-27397
-36317	-31038	-26654
-36313	-31189	-27589
-36281	-31618	-27311
-36264	-32085	-27552
-36236	-32106	-27159
-36184	-31245	-28028
-36165	-31501	-28266
-36152	-32337	-27589
-36135	-32141	-27991
-36044	-32974	-27078
-36042	-32632	-27694
-36029	-32430	-27790
-36015	-32462	-28109
-36007	-32552	-27818
-35990	-31423	-28492
-35974	-31582	-28282
-35969	-32454	-28447
-35967	-31006	-28669
-35966	-31904	-28609
-35959	-31696	-28722
-35957	-31906	-28701
-35945	-32661	-28220
-35937	-32534	-28931
-35935	-32392	-29026
-35924	-32707	-28415
-35914	-32934	-28450
-35874	-32204	-29120
-35861	-33173	-27205
-35850	-33500	-27613
-35835	-32956	-28325
-35816	-32865	-28452
-35809	-32657	-28565
-35808	-32590	-29370
-35771	-33129	-27887
-35764	-32697	-28761
-35764	-32501	-29391
-35753	-32769	-28975
-35749	-33251	-27915
-35745	-32260	-29559
-35738	-32973	-27958
-35725	-31471	-29678
-35719	-32821	-29067
-35708	-33022	-28943
-35702	-32610	-29793
-35700	-33152	-28597
-35694	-32698	-29336
-35687	-33360	-28317
-35686	-32769	-29583
-35678	-33719	-27584
-35656	-33633	-28547
-35654	-33093	-28646
-35622	-33391	-28987
-35602	-32981	-29196
-35592	-32905	-29898
-35590	-31969	-29977
-35589	-33950	-27281
-35588	-33404	-28634
-35583	-33302	-29360
-35577	-33655	-28422
-35564	-34013	-27554
-35533	-32788	-29922
-35532	-32363	-29965
-35529	-32575	-30087
-35524	-33053	-30018
-35515	-34121	-27999
-35509	-33419	-28617
-35505	-33570	-29552
-35480	-32964	-30039
-35478	-33699	-28739
-35476	-31364	-30180
-35474	-31706	-30330
-35461	-33481	-29573
-35460	-33619	-29181
-35445	-33075	-29893
-35440	-33948	-29075
-35439	-32924	-30237
-35436	-33643	-29594
-35416	-33801	-29249
-35386	-33100	-30354
-35385	-34081	-29371
-35375	-33216	-29697
-35359	-34127	-28206
-35357	-33665	-29469
-35351	-33165	-29871
-35342	-33430	-29967
-35338	-32338	-30370
-35331	-32555	-30356
-35330	-33492	-29778
-35329	-34399	-28052
-35322	-33751	-29560
-35314	-33822	-29807
-35308	-33368	-30546
-35295	-32471	-30602
-35289	-33885	-30080
-35281	-31598	-30616
-35273	-32288	-30669
-35254	-34029	-29443
-35244	-32474	-30685
-35229	-34634	-27940
-35220	-33958	-30122
-35213	-34282	-29007
-35200	-34116	-29777
-35195	-33396	-30176
-35191	-34520	-29131
-35189	-34532	-28011
-35189	-34245	-29162
-35189	-31605	-30928
-35154	-32823	-30835
-35145	-34865	-28370
-35130	-34089	-30009
-35120	-32307	-31008
-35117	-33187	-30697
-35108	-33584	-30159
-35101	-33532	-30491
-35094	-32770	-30874
-35093	-34182	-30162
-35089	-33804	-30572
-35085	-33591	-30737
-35067	-33977	-30461
-35061	-34209	-30075
-35060	-34301	-29346
-35042	-34581	-29009
-35038	-34344	-29971
-35029	-34748	-29325
-35027	-34473	-29356
-35022	-33881	-30487
-35016	-34383	-29979
-34997	-32310	-31144
-34987	-34739	-29772
-34983	-34477	-30267
-34983	-32721	-30896
-34983	-32333	-30923
-34979	-34099	-30677
-34971	-35049	-28678
-34969	-33232	-30804
-34967	-34148	-30540
-34955	-34229	-30498
-34947	-33126	-30873
-34940	-34979	-29022
-34939	-34388	-30288
-34939	-33548	-30973
-34927	-34946	-29408
-34926	-33842	-30690
-34920	-33017	-31085
-34917	-33799	-30693
-34916	-33769	-30866
-34914	-34404	-30537
-34911	-34559	-30111
-34901	-33013	-31253
-34887	-35235	-29019
-34877	-34497	-30690
-34877	-32741	-31319
-34876	-33404	-31166
-34866	-31933	-31376
-34860	-35263	-28142
-34860	-34976	-29293
-34854	-34611	-30173
-34848	-34110	-30882
-34848	-33722	-30909
-34843	-31516	-31553
-34841	-33146	-31296
-34825	-34967	-29966
-34824	-32997	-31316
-34818	-33415	-31098
-34813	-32189	-31373
-34811	-33819	-31116
-34804	-34021	-30903
-34803	-32617	-31538
-34795	-34366	-30879
-34795	-33978	-30906
-34787	-34641	-30058
-34767	-33036	-31424
-34760	-34700	-30458
-34755	-34655	-30490
-34754	-34996	-29716
-34751	-34277	-30900
-34744	-34859	-30248
-34738	-35237	-28947
-34719	-35005	-29153
-34707	-34956	-30455
-34698	-35204	-29487
-34698	-32538	-31545
-34695	-34840	-30563
-34694	-34978	-30171
-34688	-34011	-30912
-34672	-34986	-30305
-34668	-34546	-30791
-34666	-35218	-29919
-34666	-32643	-31453
-34665	-33434	-31437
-34663	-34867	-30476
-34662	-33821	-31044
-34643	-32226	-31630
-34638	-34879	-30671
-34635	-34345	-30904
-34635	-32208	-31734
-34628	-34917	-30478
-34622	-33030	-31534
-34621	-34375	-30857
-34620	-33529	-31466
-34617	-33997	-31267
-34610	-34279	-31104
-34602	-33241	-31654
-34600	-31950	-31864
-34599	-32613	-31711
-34597	-33345	-31533
-34594	-35300	-29763
-34587	-35418	-28951
-34585	-35135	-30668
-34584	-35257	-29765
-34576	-34579	-30687
-34574	-32928	-31710
-34570	-35263	-29918
-34560	-35238	-30342
-34557	-34022	-31117
-34556	-34360	-30887
-34544	-33601	-31530
-34544	-31744	-31954
-34539	-35480	-29907
-34532	-34878	-30681
-34515	-34395	-31280
-34513	-32662	-31792
-34510	-33264	-31535
-34490	-32245	-31969
-34484	-34425	-31020
-34479	-34290	-31309
-34479	-33902	-31336
-34478	-35277	-30188
-34472	-34577	-30826
-34472	-33326	-31723
-34470	-33503	-31725
-34466	-35570	-28295
-34466	-33729	-31406
-34462	-35721	-29230
-34458	-34579	-30871
-34457	-32844	-31855
-34457	-32456	-31882
-34454	-35146	-30873
-34454	-34758	-30900
-34452	-33894	-31494
-34442	-33999	-31543
-34436	-34402	-31226
-34435	-34201	-31330
-34426	-34158	-31333
-34419	-35032	-30894
-34413	-32755	-31876
-34410	-35057	-30894
-34408	-35491	-30112
-34398	-33216	-31851
-34394	-34845	-31018
-34382	-34457	-31327
-34373	-35377	-30133
-34373	-35214	-30706
-34365	-35321	-30329
-34363	-34484	-31069
-34363	-33623	-31635
-34353	-33311	-31880
-34339	-34077	-31335
-34335	-33740	-31611
-34335	-33023	-32068
-34332	-34545	-31034
-34320	-32554	-32078
-34305	-35148	-30801
-34305	-34413	-31431
-34305	-34025	-31458
-34301	-34667	-31041
-34300	-34496	-31173
-34296	-33626	-31847
-34293	-34001	-31471
-34291	-34074	-31593
-34291	-33651	-31632
-34289	-34572	-31221
-34288	-35562	-29652
-34280	-34622	-31168
-34269	-32628	-32139
-34268	-34857	-31035
-34263	-34856	-31223
-34263	-34468	-31250
-34261	-34324	-31452
-34257	-34966	-31035
-34251	-33709	-31893
-34248	-34177	-31694
-34245	-34483	-31242
-34241	-32035	-32212
-34238	-34330	-31590
-34231	-33885	-31706
-34226	-34565	-31457
-34219	-34767	-31244
-34216	-35323	-30257
-34213	-33919	-31824
-34210	-34724	-31247
-34203	-34381	-31524
-34202	-35937	-28622
-34198	-35136	-30932
-34194	-35362	-30265
-34183	-34592	-31644
-34180	-33964	-31701
-34179	-35420	-30464
-34163	-35579	-30254
-34163	-34910	-31061
-34160	-34175	-31821
-34148	-35707	-29504
-34141	-33444	-31962
-34137	-32890	-32210
-34123	-34686	-31402
-34121	-35287	-30676
-34121	-32425	-32396
-34110	-32819	-32242
-34095	-34086	-31835
-34086	-35820	-29577
-34086	-34913	-31051
-34083	-34074	-31921
-34082	-33152	-32264
-34080	-36028	-28089
-34070	-34942	-31399
-34062	-35049	-31022
-34059	-32735	-32441
-34057	-34930	-31484
-34050	-34290	-31665
-34034	-34594	-31572
-34032	-35590	-30459
-34028	-33622	-31976
-34028	-33234	-32003
-34027	-35859	-28848
-34024	-35218	-30833
-34017	-34290	-31799
-34016	-35885	-29215
-34012	-34091	-31874
-33997	-35672	-29860
-33997	-35476	-30480
-33992	-34302	-31994
-33990	-35298	-30881
-33989	-33674	-32051
-33988	-35501	-30480
-33987	-35102	-31145
-33981	-34850	-31569
-33979	-35122	-31041
-33973	-34957	-31192
-33969	-33885	-32171
-33959	-34347	-31871
-33955	-35184	-30902
-33946	-35209	-30902
-33939	-34558	-31991
-33935	-35781	-30262
-33934	-32805	-32294
-33931	-34665	-31614
-33924	-34089	-32001
-33922	-34266	-32003
-33920	-34008	-32061
-33911	-33965	-32064
-33906	-33801	-32189
-33905	-32991	-32310
-33903	-35193	-31059
-33898	-35010	-31315
-33895	-36037	-28559
-33895	-34864	-31625
-33879	-35499	-30600
-33877	-35299	-30877
-33860	-35307	-30947
-33857	-35617	-30294
-33856	-34718	-31737
-33850	-35128	-31060
-33847	-35295	-31032
-33847	-33517	-32222
-33841	-33712	-32203
-33838	-33118	-32611
-33835	-35410	-30621
-33833	-36146	-28961
-33818	-35015	-31369
-33816	-34568	-31767
-33814	-35933	-29606
-33813	-33974	-32175
-33806	-34256	-32012
-33805	-35003	-31454
-33805	-32361	-32809
-33801	-35640	-30271
-33793	-34244	-32097
-33793	-33243	-32347
-33791	-34162	-32139
-33788	-35556	-30806
-33786	-35783	-30190
-33784	-33433	-32240
-33777	-33481	-32231
-33776	-33881	-32324
-33775	-33034	-32629
-33774	-34063	-32260
-33771	-33599	-32378
-33761	-35036	-31230
-33754	-35818	-30324
-33753	-35442	-30827
-33752	-32617	-32806
-33745	-34764	-31749
-33744	-35467	-30827
-33729	-35318	-31152
-33729	-34923	-31539
-33725	-35082	-31166
-33720	-33675	-32414
-33718	-33515	-32435
-33715	-33511	-32539
-33709	-35748	-30461
-33694	-35204	-31173
-33689	-35950	-30208
-33688	-34188	-32255
-33687	-35026	-31574
-33685	-35229	-31173
-33685	-34184	-32359
-33675	-35997	-29654
-33672	-34347	-32045
-33667	-35456	-30883
-33665	-33771	-32432
-33659	-34426	-32007
-33652	-34912	-31595
-33651	-36197	-28882
-33651	-35020	-31670
-33648	-35386	-30985
-33635	-36253	-27951
-33635	-35374	-31070
-33613	-33890	-32426
-33606	-35094	-31407
-33603	-35261	-31379
-33600	-34921	-31752
-33600	-33872	-32489
-33595	-34738	-32008
-33593	-35082	-31492
-33593	-33143	-32590
-33589	-32927	-32723
-33584	-32744	-32979
-33579	-35740	-30550
-33575	-34728	-32053
-33574	-35027	-31570
-33573	-36362	-28353
-33558	-34629	-32174
-33557	-35606	-30618
-33554	-36149	-28998
-33553	-34446	-32430
-33540	-33399	-32587
-33534	-36004	-29985
-33532	-35893	-30448
-33531	-33e3	-32976
-33517	-35397	-31190
-33514	-35046	-31585
-33500	-36027	-29118
-33497	-33898	-32605
-33485	-35284	-31499
-33479	-35665	-30555
-33479	-35646	-30563
-33475	-35105	-31612
-33473	-35308	-31211
-33466	-33301	-32782
-33458	-34764	-31923
-33457	-36245	-29308
-33450	-35170	-31520
-33444	-34154	-32602
-33441	-35195	-31520
-33439	-35629	-30738
-33416	-34472	-32345
-33411	-33397	-32800
-33409	-33896	-32732
-33396	-35459	-30955
-33396	-34790	-31762
-33391	-35340	-31417
-33389	-35612	-30889
-33383	-35447	-31040
-33368	-36097	-29591
-33361	-34955	-31726
-33360	-34784	-31858
-33357	-35627	-30766
-33354	-32305	-33097
-33332	-35102	-31763
-33328	-35930	-30421
-33315	-33954	-32621
-33310	-35576	-30982
-33304	-35411	-31133
-33304	-34502	-32196
-33293	-36412	-27751
-33292	-33537	-32798
-33290	-35970	-30332
-33290	-34810	-32185
-33289	-34816	-31774
-33287	-35731	-30943
-33267	-34474	-32273
-33265	-35470	-31160
-33262	-35119	-31555
-33262	-34210	-32618
-33254	-36442	-29356
-33231	-35732	-30678
-33230	-34571	-32480
-33229	-35621	-31141
-33229	-35464	-31256
-33229	-35274	-31558
-33229	-32093	-33178
-33227	-33683	-32763
-33221	-33266	-33129
-33220	-33107	-33150
-33214	-34730	-32270
-33213	-36211	-29655
-33210	-35953	-30541
-33208	-35753	-30818
-33206	-34837	-31893
-33190	-33780	-32970
-33189	-35157	-31703
-33187	-35172	-31678
-33166	-35864	-30562
-33159	-35981	-30537
-33142	-34812	-32114
-33131	-35994	-30141
-33131	-34890	-32016
-33129	-31899	-33367
-33115	-35892	-30558
-33113	-34212	-32546
-33110	-35179	-31578
-33104	-36076	-29945
-33100	-35348	-31270
-33098	-35655	-31020
-33092	-35490	-31171
-33088	-35068	-32110
-33084	-35896	-30768
-33080	-35175	-31733
-33080	-32608	-33171
-33076	-32155	-33364
-33060	-36375	-29939
-33059	-33053	-33182
-33057	-32191	-33348
-33054	-33369	-33020
-33050	-35198	-31593
-33041	-33782	-32898
-33029	-34225	-32584
-33028	-35224	-31856
-33024	-34042	-32840
-33016	-34638	-32300
-33010	-35917	-30749
-33005	-35228	-31856
-32986	-34932	-32278
-32985	-35430	-31603
-32984	-35517	-31418
-32984	-35135	-31877
-32974	-32553	-33377
-32966	-35919	-30888
-32960	-34356	-32638
-32953	-35907	-30973
-32950	-36582	-27556
-32947	-32745	-33233
-32942	-34843	-32299
-32935	-36024	-29960
-32926	-35192	-31949
-32909	-35818	-30994
-32891	-35464	-31555
-32888	-36450	-29100
-32884	-34900	-32371
-32880	-35537	-31188
-32877	-35638	-31226
-32869	-33072	-33172
-32868	-35254	-31771
-32860	-35939	-31311
-32859	-36041	-30292
-32853	-32854	-33235
-32850	-36071	-30294
-32838	-32909	-33242
-32834	-36465	-28511
-32832	-36059	-30317
-32831	-35983	-30465
-32830	-32437	-33412
-32827	-34483	-32509
-32825	-33361	-33066
-32825	-32983	-33193
-32818	-32346	-33481
-32810	-36054	-30469
-32805	-35592	-31327
-32804	-36416	-29533
-32800	-36604	-28118
-32800	-33110	-33232
-32795	-35383	-31713
-32789	-35218	-31864
-32778	-33985	-33050
-32776	-35297	-31826
-32772	-34070	-32722
-32765	-33494	-33109
-32764	-36136	-30251
-32753	-35091	-32135
-32747	-34926	-32286
-32747	-33251	-33385
-32740	-34350	-32673
-32735	-34167	-32929
-32729	-36053	-30497
-32719	-34326	-32719
-32714	-35271	-31987
-32712	-33750	-33106
-32705	-32225	-33493
-32685	-36158	-30126
-32684	-36487	-29073
-32683	-36047	-30589
-32682	-36376	-29536
-32682	-35353	-31744
-32677	-32393	-33549
-32664	-34999	-32305
-32650	-35635	-31666
-32647	-34900	-32426
-32646	-34408	-32562
-32638	-36150	-30332
-32625	-31763	-33559
-32624	-34208	-32795
-32624	-32649	-33546
-32609	-34505	-32769
-32606	-35546	-31687
-32604	-35980	-30905
-32602	-31153	-33627
-32598	-33253	-33313
-32598	-32942	-33408
-32597	-36801	-28166
-32593	-34664	-32559
-32590	-36186	-30329
-32586	-34169	-32857
-32585	-35155	-32001
-32580	-35989	-30709
-32575	-35300	-31816
-32569	-36433	-29813
-32569	-35703	-31499
-32568	-33926	-33133
-32568	-32129	-33618
-32564	-35376	-31864
-32561	-35025	-32421
-32552	-31630	-33736
-32545	-35184	-32211
-32538	-32802	-33438
-32533	-34425	-32854
-32521	-33404	-33209
-32505	-33486	-33291
-32498	-36831	-27482
-32492	-31900	-33621
-32487	-36322	-30057
-32487	-34135	-33020
-32484	-35527	-31890
-32481	-36684	-29121
-32480	-36608	-29269
-32475	-32651	-33474
-32465	-33952	-33087
-32462	-35344	-31957
-32458	-33376	-33474
-32455	-36321	-30499
-32444	-34666	-32487
-32437	-35967	-31060
-32435	-32766	-33542
-32434	-32483	-33702
-32430	-36605	-29715
-32429	-35691	-31674
-32428	-34784	-32664
-32419	-33617	-33156
-32409	-36696	-28217
-32403	-36849	-28592
-32402	-33823	-33150
-32402	-32591	-33579
-32401	-36738	-29055
-32394	-35625	-31725
-32384	-36112	-30765
-32383	-36036	-30913
-32379	-35081	-32437
-32378	-36562	-29822
-32356	-35855	-31334
-32355	-34496	-32781
-32348	-33920	-33168
-32337	-36344	-30619
-32335	-36144	-30896
-32335	-33503	-33182
-32323	-34372	-33009
-32309	-33378	-33402
-32301	-33493	-33381
-32293	-36255	-30640
-32291	-34810	-32579
-32279	-34051	-33222
-32276	-35600	-31815
-32272	-34913	-32440
-32265	-32598	-33629
-32245	-35216	-32042
-32228	-32695	-33836
-32217	-35770	-31712
-32213	-35270	-32004
-32206	-36893	-28265
-32179	-36613	-29192
-32169	-34595	-32916
-32153	-34754	-32706
-32152	-36049	-31192
-32149	-35230	-32501
-32131	-33789	-33269
-32126	-33007	-33518
-32125	-33032	-33695
-32121	-35231	-32076
-32113	-33081	-33521
-32112	-36368	-30251
-32107	-36923	-27581
-32105	-36585	-29821
-32103	-36771	-28966
-32100	-33888	-33259
-32095	-33705	-33515
-32081	-35840	-31458
-32077	-35798	-31541
-32062	-36415	-30038
-32053	-36835	-29362
-32053	-35583	-32027
-32046	-33581	-33554
-32035	-36185	-30697
-32032	-35872	-31589
-32029	-36635	-29754
-32028	-31762	-34051
-32012	-31921	-33841
-31998	-32435	-33871
-31995	-35905	-31415
-31987	-34651	-32932
-31986	-33441	-33584
-31976	-32723	-33718
-31975	-32018	-34048
-31961	-36225	-30715
-31960	-36416	-30105
-31955	-36902	-29040
-31949	-32311	-33910
-31946	-33707	-33443
-31940	-36128	-31230
-31937	-35638	-31728
-31936	-34125	-33248
-31930	-36615	-30270
-31919	-31498	-34120
-31916	-35609	-31942
-31914	-35498	-32405
-31899	-34380	-33074
-31886	-36526	-30291
-31872	-34439	-33046
-31868	-35843	-31644
-31867	-34256	-33302
-31856	-36932	-28356
-31834	-37054	-28384
-31824	-33206	-33610
-31820	-35951	-31627
-31811	-33849	-33458
-31810	-35610	-31988
-31809	-36767	-29614
-31808	-36691	-29762
-31801	-34861	-32573
-31789	-33e3	-33713
-31774	-35526	-32234
-31768	-36549	-30411
-31766	-36349	-30688
-31766	-32107	-33942
-31736	-35089	-32558
-31731	-35632	-31863
-31711	-36377	-30433
-31704	-32876	-33798
-31694	-36175	-31020
-31663	-36485	-30416
-31651	-36543	-30571
-31640	-32860	-33903
-31636	-36047	-31313
-31633	-33440	-33611
-31632	-34524	-33206
-31627	-36343	-30963
-31626	-35635	-31809
-31616	-31967	-34131
-31612	-33233	-33720
-31605	-36888	-29810
-31598	-35689	-32026
-31594	-32525	-33972
-31592	-35958	-31334
-31587	-33258	-33638
-31586	-32640	-33951
-31583	-36254	-30984
-31581	-36688	-30202
-31579	-32113	-33985
-31562	-33296	-33720
-31559	-33149	-33777
-31545	-36111	-31232
-31541	-34876	-32678
-31531	-32596	-33972
-31519	-35711	-31901
-31507	-31703	-34200
-31498	-33610	-33518
-31497	-35238	-32409
-31492	-35055	-32665
-31485	-36922	-28641
-31484	-35788	-31819
-31481	-36927	-28974
-31476	-34733	-32807
-31463	-36077	-31381
-31461	-36235	-31187
-31454	-34115	-33359
-31450	-32885	-33846
-31438	-33227	-33731
-31429	-33074	-33828
-31418	-33207	-33818
-31395	-34730	-32825
-31391	-35903	-31713
-31384	-31101	-34361
-31380	-33824	-33525
-31371	-36333	-31022
-31348	-32349	-33982
-31347	-35814	-31734
-31340	-33510	-33562
-31327	-32092	-34220
-31322	-34660	-32843
-31314	-33264	-33811
-31309	-37078	-27342
-31299	-33869	-33522
-31292	-33081	-33878
-31291	-34088	-33374
-31289	-37109	-27910
-31262	-35506	-32313
-31257	-35323	-32569
-31256	-36756	-30067
-31250	-33749	-33576
-31229	-37e3	-28944
-31222	-32223	-34042
-31218	-31828	-34289
-31210	-37131	-27785
-31198	-33880	-33541
-31167	-32318	-34065
-31160	-34998	-32729
-31159	-36490	-30625
-31157	-32388	-34108
-31141	-37070	-28297
-31138	-36779	-30187
-31128	-34874	-32957
-31126	-35938	-31798
-31125	-34727	-33014
-31113	-33756	-33626
-31103	-34544	-33081
-31094	-36690	-30208
-31070	-32706	-33934
-31057	-33349	-33782
-31018	-33421	-33647
-31012	-32040	-34423
-30986	-37056	-28530
-30953	-36484	-30760
-30947	-32998	-33956
-30943	-36566	-30307
-30936	-32554	-34062
-30935	-32735	-34023
-30930	-34230	-33338
-30928	-33126	-33856
-30914	-33112	-33903
-30912	-33622	-33761
-30907	-36829	-29999
-30878	-34024	-33530
-30863	-32177	-34190
-30851	-34083	-33502
-30844	-33024	-33910
-30838	-32734	-34025
-30830	-37070	-29322
-30813	-36900	-29834
-30807	-31690	-34445
-30804	-32485	-34107
-30800	-31346	-34480
-30796	-36022	-31635
-30741	-36563	-30798
-30738	-35755	-31948
-30737	-32051	-34250
-30733	-34297	-33509
-30728	-35343	-32444
-30721	-32597	-34112
-30717	-36044	-31510
-30695	-32221	-34176
-30691	-36976	-29326
-30665	-33699	-33658
-30658	-32911	-34014
-30624	-34033	-33578
-30575	-32696	-34026
-30553	-33254	-33867
-30550	-31452	-34529
-30545	-33369	-33846
-30544	-34376	-33342
-30538	-37109	-28978
-30538	-32793	-34233
-30517	-33070	-33916
-30486	-32865	-34016
-30468	-34552	-33178
-30451	-32382	-34270
-30429	-32529	-34302
-30423	-33179	-33918
-30401	-31454	-34457
-30389	-32795	-34161
-30358	-35096	-32872
-30345	-31102	-34551
-30342	-33468	-33792
-30315	-31720	-34433
-30281	-33599	-33840
-30278	-33452	-33897
-30272	-33057	-34018
-30169	-33188	-33966
-30135	-32939	-34048
-30074	-33070	-34096
-30037	-33325	-33922
-30019	-30033	-34734
-29989	-30575	-34735
-29988	-33201	-33961
-29981	-32260	-34303
-29911	-33199	-33982
-29904	-32623	-34369
-29903	-31925	-34513
-29895	-33745	-33844
-29795	-32359	-34438
-29698	-31575	-34535
-29654	-33038	-34143
-29637	-31404	-34608
-29628	-30717	-34699
-29588	-31830	-34694
-29439	-31832	-34622
-29383	-31480	-34716
-29106	-29985	-34813
-29057	-30411	-34899
-28993	-30861	-34804
-28990	-31877	-34592
-28663	-30989	-34736
-28005	-30653	-34840
