-748	51	-180	-242
-738	-595	-22	71
-738	-480	-211	76
-733	130	-360	-350
-710	-195	-363	-605
-705.8229558672597	-480.0737519408405	-79.8369167609674	-66.7553619832101
-705	-480	-81	-65
-702.5724489401954	-58.17337963330965	-427.2066352196258	-534.3692748633371
-696	-438	-219	-18
-665	-409	-274	145
-652	-121	-450	-87
-651.8984411372794	-123.23493714781101	-449.44394676427623	-89.63899725473198
-651.49394909185	-122.95921639959359	-451.9008033121882	-85.00276573803119
-648	-588	-427	191
-640	-503	16	-187
-631	-241	-206	-161
-624	-198	-445	50
-618.5665855258156	-356.01419927027405	-534.2413856743835	-180.52519064434125
-618.4610896414889	-356.8975574906825	-535.4960764828171	-185.01744036189535
-618	-166	-433	-413
-617.7219430485762	-167.8894472361809	-434.9059583632448	-414.0660445082556
-613.7766917301553	-425.22368704205076	-344.70039824310584	-196.39200177213016
-609.2173913043478	-573.1739130434783	-109.47826086956525	-256.4347826086956
-609.0392857142857	-572.9357142857142	-109.49285714285716	-256.34285714285716
-600	-401	-21	-558
-596.8271057833323	-79.50023911241472	-681.0843748007397	-227.502534591596
-593	-548	-142	-542
-590.2594409394667	-217.4102505625332	-273.38223108846404	-340.5255122367679
-576	-261	-208	-254
-572.9561602862998	-264.62439112649304	-226.25495249758794	-260.2676856328602
-566.481358559559	-439.40061837436474	-426.4685393530972	-13.97083254489565
-566.001312335958	-439.32414698162734	-427.3871391076116	-22.711942257217856
-560.3590941665755	-310.25671227772375	-230.68248217994633	-279.4669844752855
-560	-108	-447	-289
-557.2388039385762	-455.1046310047384	-217.01423871201962	-167.69479217539208
-555.8527200138944	-245.96230436677274	-400.5306708744601	-260.8410597306931
-555.7292800789435	-400.23893624326377	-386.7509997731046	-30.945686160096905
-555.2754580421957	-400.61488211623566	-386.79478672336234	-30.97526835993031
-554.5420254265279	-512.300889469755	-196.9071070104684	-28.680108134901502
-545.070448008543	-467.15662439992866	-367.09753413781493	108.4483056642735
-537.1760236631112	-370.11216408384814	-397.11339362377794	-211.19958242120194
-535.8229558672597	-431.0737519408405	-263.83691676096737	-29.755361983210086
-535	-431	-265	-28
-535	-371	-398	-213
-534.0738906925988	-287.33125341635764	-327.77682805913867	-343.42639774930865
-533.9063852324264	-287.3694188308273	-327.89964976726	-343.43111239279483
-532	-468	-237	150
-531.586170212766	-469.73425531914893	-462.6434042553191	281.06531914893617
-530.2598658715182	-251.27690266089303	-177.51845820171167	-531.2914095242012
-529.0702442289991	-208.58935338489675	-197.22665598737612	-424.6755209142748
-529	-357	-384	-247
-527.5621650547371	-430.59070521925537	-381.07196585770316	-288.7332684488937
-525.409063370643	-338.2245948200289	-295.09849753298164	-343.95506566509505
-524.6177534994879	-386.69525435302154	-402.83209286445884	-185.1934790030727
-524.224485773142	-242.90537172411246	-377.927172550901	-417.2336282771215
-524.1431948081163	-344.1548292976547	-281.49585544370336	-385.0686985878299
-524.0158075485684	-340.04247350451476	-282.6618475124992	-338.17200053856425
-524	-179	-432	-272
-521.6702127659574	-651.9574468085107	-90.06382978723406	-419.24468085106383
-518.1121757137038	-623.4985729859429	-153.79425271980102	-36.85320731623903
-518	-620	-271	152
-517.9208874864589	-237.80952266039137	-248.362396242255	-532.5544108532202
-516	-455	-222	-373
-515	-480	-243	139
-514	-455	-273	-57
-513.2149307492156	-417.7337226523316	-451.44117279720774	-296.6999342509105
-510	-244	-361	-416
-508.7205449717854	-471.12104596294597	-434.2934939704933	-569.9426498873936
-508	-470	-432	-570
-505.7795461491811	-478.20810602396114	-327.44249875277694	-217.7417769538968
-505.7163347338557	-478.3224975170749	-327.4197097019395	-217.71463777151487
-503.38237420330415	-226.72166216780852	-446.03066740063275	-424.9122590015851
-502	-555	-187	12
-500.1200630671785	-509.3388729086886	-248.538677747637	-131.18396242959227
-495	-360	-458	182
-493	-531	-187	-185
-486.69785012101306	-437.1827236186775	-491.11512040387095	312.40300263620423
-484.6152732828709	-471.9094324657407	-176.40334952883603	-224.61730265788017
-484.59092157650343	-473.5429174792923	-192.67336917353663	-364.02951477084457
-481.33874987420836	-291.26283113167165	-505.21194228395905	-231.86642271830468
-478	-218	-487	-467
-476	-250	-714	107
-475	-493	-308	-131
-473.9301284114892	-392.4536666702424	-462.05695168563426	-84.07621080716105
-473.91067963377367	-392.42982793693324	-462.14122379980137	-84.03476915693642
-472	-349	-587	2
-471	-510	-178	-203
-471	-442	-477	7
-469.3500473154696	-629.7125834246439	-220.00732144635919	-211.4883952584919
-469.2312138728323	-629.8843930635837	-220.29479768786126	-212.15028901734104
-463	-560	-391	-207
-463	-291	-452	-379
-460	-501	-340	-301
-451.2418975265864	-413.93097347197	-473.3445739313039	-336.892852313937
-448.90607862251954	-223.85183634580625	-466.1879988105203	-460.6482055067316
-448.551568758692	-292.2381469477343	-478.8464444472397	-394.3744146073996
-434	-703	-208	-218
-432.03892569588777	-493.5319714622477	-554.187975233084	-40.760205650243776
-430.714046731228	-90.14452622034882	-534.6183096626289	-200.51174421756474
-430.14674793520345	-237.07129706850992	7.122885959573779	-579.8601922718813
-430	-652	-377	-80
-426	-573	-462	-332
-425.2905564450647	-10.011930871919816	-498.10019855958006	-245.93086790800803
-425.16324642801925	-9.768750151659106	-497.8468922970155	-246.56161686093947
-423	-603	-347	-201
-420	-622	-293	-145
-419.59017309280966	-313.82531231336736	-619.2151509343587	-75.39850477456879
-414	-581	-407	-207
-413.85365784002784	-102.75816392159157	-655.4705278723928	-191.0728394711134
-413.0357871692105	-105.8517686944109	-657.3454027966653	-192.0984424386144
-413	-403	-618	-539
-412.8701047706236	-402.5875292442274	-618.1364052487031	-538.8623741226731
-412.39	-530.73	-149.67000000000002	-466.86
-412	-532	-148	-467
-410.3814432989691	-532.2525773195877	-148.39690721649484	-468.03092783505156
-409.35825027685496	-528.7934662236988	-538.170819490587	-257.4557032115172
-408	-529	-537	-257
-404.61761333297534	-706.632003794421	-210.85642620417687	-214.4031721599265
-402.14667172564407	-474.36669054809886	-147.82032731873045	-522.3772691422874
-398	-661	-96	-326
-391.9753920028279	-266.92652912850275	-742.2636920337956	-217.18064904771467
-390.30550230815675	-473.7652546483271	-500.24754324247453	-307.6166275009458
-387.23497842894363	-505.1660552731622	-347.6157310665926	-391.8913741403614
-381.12519700557937	-429.88131360316174	-443.3461914854108	-531.6091863193046
-379	-499	-253	-508
-378.8057879200378	-454.73731054598045	-565.4441131173111	-311.93335800004013
-372.63008726736774	-524.1865605685468	-189.16982390670557	-381.12337336794457
-369	-487	-414	-392
-363.79459665238926	-533.0870934887707	-240.9572298760189	-371.5039929122348
-358	-613	-320	-316
-351.1298992161254	-555.5033594624861	7.635498320268752	-574.0369540873461
-350	-369	-188	-644
-349.17545196371157	-517.0546495011354	-308.6864466667921	-375.3489067080727
-349	-556	10	-572
-341.1606168148435	-697.7317303160063	-239.49494246076966	-385.7168573110146
-337.94167104947667	-609.4737092100579	-548.3887981012496	-87.49087067538053
-333.3076444325352	-440.9334578068297	-496.00701870332716	-427.6295404446305
-333.07269801667934	-440.67447659733637	-496.67015699783684	-427.46400782632554
-333	-581	-491	-114
-328.4302656631238	-598.9662572893112	45.62408982557923	-528.7865602574611
-327.9163681615562	-528.7374400110623	-250.58297496168052	-492.38522307233677
-327	-477	-414	-440
-325.5489400090212	-477.9800030070666	-221.17606374981204	-508.9072319951887
-324.05263157894734	-477	-417.3157894736842	-437.42105263157896
-317.07288472445737	-485.68104748158976	-464.10598857343115	-499.6321733075721
-316.0056941320351	-446.74634343119	-494.334050007253	-398.0523305866817
-315.1440173788005	-483.9992631764401	-464.66299836536416	-494.4470736370944
-314.2325886154063	-487.5225622774299	-460.369685643848	-493.7806138122427
-313.6492016928509	-486.12291753827276	-458.6288625366903	-493.9951160050857
-313.0355294749592	-486.06005648395615	-459.0814145076602	-494.7827632114217
-312.9885810315787	-486.35469216439594	-458.29370990099295	-495.2989979027536
-312.9581498266441	-486.37835168345066	-458.3164304851549	-495.1972820236965
-312.93940135050946	-486.7820121356408	-458.8103652692921	-495.45311642712244
-305.02029328325165	-498.1507228209955	-356.68293969552246	-356.1886292424053
-300	-354	-195	-690
-299.7888430335957	-549.7509443164047	-103.19575602301305	-406.97732347699235
-292.1991427046248	-490.0701496519908	-195.0209632997201	-508.44867938104693
-290.4016544117647	-619.1075367647059	-339.7274816176471	-436.6553308823529
-290	-619	-339	-437
-283	-710	-207	-55
-281.7822910086334	-711.1708675510635	-216.3799642029901	-271.10324278795537
-280.73297697303263	-710.448733492207	-215.67336397510823	-271.79073410633964
-278	-685	-160	-471
-276.9499313081972	-674.2721721874523	-296.96595939551213	-485.31521905052665
-276	-392	-644	-60
-269.2527882524091	-521.7241291493021	-265.54858988092565	-535.8595698968367
-269	-720	-201	-447
-261.5147466529209	-520.5562568173638	-280.4943397062832	-486.1839010356027
-261.40900816419423	-496.4549953616638	-96.15623779691674	-548.7356456375778
-253.81235775522697	-425.9197655691421	-179.67187024657886	-676.160213212182
-252.66678936630663	-498.6413678461123	-326.6372219688424	-523.3013089753609
-252	-602	-460	-357
-251.9957833092895	-601.6121086920366	-461.8028888994234	-355.9406023480742
-250.79988964432766	-508.81753685687386	-336.649254588947	-535.452184390267
-250.5735028411887	-508.9790660524533	-336.6880052001143	-535.4764208515285
-248	-462	-305	-584
-247.7878787878788	-524.2651515151515	-323.27272727272725	-478.33333333333337
-238	-58	-690	-418
-237.47014732489015	-59.03902817265444	-691.4753166192816	-417.9446885500129
-229.49253370072387	-488.8648256544144	-211.61884043630164	-546.1023441444596
-221.36214677428833	-485.1871758354436	-382.139157520667	-513.9247541595286
-217	-106	-217	-639
-216.3758477612438	-475.7685138676957	-500.8287980536901	-350.7502648323998
-206	-687	-291	-97
-204.09173344484492	-466.82595099246845	-450.1614221365684	-518.6350843382256
-197.2886187835804	-563.1084884211122	-126.69877159978495	-519.138801425519
-197	-613	-121	-497
-193.93562403670998	-468.5539202471365	-443.6057750518198	-514.689921380166
-188.8732440244948	-517.5193152415782	-339.95693860298405	-515.8674353800062
-188.0752971378086	-520.1938188667923	-349.25081264898563	-523.8858624081081
-186.2055041943064	-542.0964065397603	-190.0173810158887	-512.340507627811
-185.0916246406992	-476.62851640724045	6.640076487709848	-564.4807665149309
-184.44394857236378	-552.1565306362822	-197.78375601690902	-524.4735935679718
-184.41759654023625	-552.181632938704	-197.78250764538916	-524.4762613222751
-184.01168996806226	-552.5199212036289	-197.79824996649387	-524.5225803515516
-184	-521	-342	-518
-183.6610768317159	-552.8891239879912	-197.8220508179136	-524.4819428659771
-180.63061767570784	-427.5257565130115	-488.4623176345822	-507.4339991176182
-171	-702	-295	-257
-164.57226775739457	-416.47471112977456	-560.6748872421668	-511.8416765359447
-156.36075083589796	-654.7111268530923	-46.83957637418205	-568.8772933898814
-143.87427211381268	-495.5239620370718	-290.5633103077194	-537.5025833121471
-138.96057140970714	-438.2490382548308	-487.2539262343232	-496.9647620992715
-138.91588773824134	-485.9614309022678	-528.5442507893249	-306.4041908922657
-134	-725	-25	-186
-128.3038890798731	-546.2193396695363	-211.815909354826	-565.1095887037251
-128.2362423026446	-546.211611975737	-211.79186179156417	-565.2082160342669
-123.81976665994216	-760.108592226481	-346.68993342747626	-56.14149182973571
-122.27939994939406	-427.550292346452	-558.4056844834919	-500.41264846676233
-112.27802832957506	-768.2732709009365	-131	-197.42077868831967
-100	-693	-489	307
-82.72639344176588	-514.166355589713	-388.8917922737895	-411.5389212164939
-75	-725	21	-435
-69.55452018582231	-509.06432406165567	-550.6500349226712	-168.08949507907812
-51.65367558736921	-526.4313202763666	-221.72938752318026	-542.477219011385
-49	-642	-185	-608
-42.58858575341911	-749.2384477756775	-179.38632958990792	-368.5520625903426
-37.67608330896553	-749.1107161059325	-180.14643339495362	-364.3583383251195
-32	-508	-566	164
-29	-549	-65	-629
-28.479184174107615	-516.8725217838241	-464.6516367129925	-456.37775885122085
-26	-734	139	-543
-19	-529	-304	-450
-18.4375	-542.875	-221.5625	-662.8125
-17.563413843322508	-542.2248942151634	-221.82657536082775	-662.3091407880246
-17	-543	-221	-663
-14.255628661228585	-498.6227115410486	-536.5679413958835	-463.67624038449776
-12.313075998929236	-532.3035823151567	-308.82858398509677	-447.98146603082387
-10.009845662586486	-649.89761841405	-146.83601649813733	-663.8008249068654
-9.29684601113172	-650.4415584415584	-146.40445269016698	-662.7680890538034
-9	-650	-146	-663
-2	-533	-640	-266
-1.6218676819530913	-535.0456801012361	-640.0219311995813	-268.02630124506925
-1.4110142462258182	-534.2583457367638	-641.4767169891559	-268.391877524984
-1	-741	72	-429
-1	-734	-243	-486
4.794372575030259	-96.72564780684135	-543.5846178146961	-549.5714176545355
16.08568999523368	-517.8415839961383	-387.72811924118383	-372.418157829135
20	-616	-161	-712
35	-521	-382	-595
56.42708246886467	58.406189799788834	-669.9357497943729	-586.9432653923711
67	-209	-704	-543
114.74423987523386	-769.3476523058271	-287.5974119894614	-38.95946804408723
122.96143233690981	-442.96663618974964	-557.4769742897545	-466.9464199481195
127	-522	-268	-634
168.13333333333333	-679.0333333333333	-514.2	344.43333333333334
168.41986455981942	-679.1399548532731	-514.4672686230248	343.0812641083521
211.84718406593407	-750.5291895604396	-245.16174450549448	-200.1517857142857
223	-714	-361	-69
238	-568	-173	-643
247.97713369123474	-685.8581080535885	-508.9395069755808	0.24546257769696922
