-716.5944548321604	326.1294888976271	-203.65115196648827
-716.5901791947871	325.662089830114	-203.65115196648827
-715.1109324758843	325.4533762057878	-203.2668810289389
-700.7249999999999	58.54999999999998	113.275
-676.4949748743719	116.44165270798439	-75.29676158570614
-676	116	-76
-675.5	116.4	-76.05
-663.6074872376632	-295.78575620758136	193.08725189489067
-663.6074872376631	-295.8572568229165	192.83985421442486
-663.3136069114471	-296.3015118790497	192.18380129589633
-663.0987587695629	-296.2164058283864	192.00000000000006
-663.0987587695628	-296.2164058283864	192
-662.0827554091551	-295.7144452717796	191.63683594264148
-652.7949681034997	-306.97772750950946	-0.28426600010904224
-652.7949681034997	-306.9270255768199	-0.43444822035412756
-652.7949681034997	-306.92702557681986	-0.43444822035414177
-652.749125713234	-307	-0.3804527885146456
-652.575777590899	-307.20899470899474	-0.008639055327744671
-652.5596325436966	-307.2288527225236	0.03106382072761349
-652.4367772027347	-307.37473643856623	0.32700785892275164
-652.4337954591119	-307.47092079492717	0.6658063261214018
-652.403955742611	-307.47664670658685	0.6573078160973544
-652.3725111574604	-307.4766467065868	0.5592149035263354
-652.3383838383838	-307.57575757575756	0.843434343434339
-652.3239732672896	-307.544498102794	0.7099957839867237
-652.314033730826	-307.544498102794	0.7033896697994138
-652.1469046692024	-307.0156338914014	-0.1973404414627602
-650.1111111111111	137.44444444444431	-217.1111111111112
-645.9425587467364	-405.30678851174946	178.14229765013056
-645.9425587467363	-404.2258532212102	177.71793270868082
-645.754043781998	-405.21798861492636	177.91350230763408
-635.8571428571429	-349.9047619047619	19.55555555555555
-635	-350	20
-626.6310679611651	50.09708737864074	-38.32038834951457
-617	-382	40
-611.7376425855514	73.65019011406844	-163.63498098859316
-606.0854570133647	307	-305.11824321531407
-606	306.1246763053229	-308.185194171455
-604.8066469793819	304.518165189439	-308
-604.6295982957618	304.1633820017197	-307.8361568369082
-603.0697674418604	227.7674418604651	-235
-601.022056885344	16.52893811339063	-189.02182569394637
-601.022056885344	16.528938113390634	-189.0218256939464
-597.3830081491096	227.76744186046508	-230.75378199536158
-596.6757706589237	16.528938113390627	-186.6766452867042
-596.4569843543833	16.52893811339061	-186.97561280775466
-594	-49.866934361509905	-56.38603561834709
-593.9652974774237	-49.922775188129364	-56.44928609388351
-592.9612628756843	15.605744025401737	-189.02182569394637
-590.9089301182917	-55.01865747019171	-60.6882690367265
-590.3212629703518	-55.01865747019173	-58.634197216002065
-590.0135923882625	-382	-42.84792516190933
-590.0076368954124	-381.70581992173953	-45.4079801199652
-589.8251183730498	-382	-43.94521952634439
-589.6856435643565	-381.6287128712871	-45.89108910891089
-589.586494105587	-382	-45.58431573552024
-589.2088801797697	-54.54810300918929	-61.78754590865124
-588.9642365887207	178.30811554332877	-242.7895460797799
-588.5830059653717	-380.4095736941656	-46.54008438818565
-587.2352941176471	-378.21568627450984	-46.78431372549017
-587.2352941176471	-378.2156862745098	-46.7843137254902
-587.1012658227849	-378.3924050632911	-46.540084388185655
-586.745236799129	145.53892215568862	-298.82253674469246
-583.505376344086	145.33870967741936	-295.3387096774194
-581	-62.85688734953439	-249.7678287531229
-581	-62.770456626230256	-250.0257209887846
-581	-12	-257
-580.4626865671642	-141.11940298507463	-178.44776119402985
-580.4626865671642	-62.77096393177166	-251.3097113141093
-580.2	-142.20000000000005	-176.4
-580.2	-141.40878763222125	-178.47290480065095
-579.8431163287087	-63.200284596229096	-252
-578.8001814514703	-66.20436283075259	-251.1272778236058
-578.80018145147	-142.95087636979486	-178.6068914270137
-578.2398505276599	-65.08743005220265	-251.99999999999997
-577.8915485614068	-144.16438356164383	-175.61624875574728
-577.6986301369864	-144.16438356164386	-178.71232876712332
-577.6986301369863	-144.1643835616439	-178.71232876712332
-573.7084633509521	-142.14631316025955	-179.12523438550312
-573	-275	-67
-572.615808268141	-273.90529855813134	-67.6642161699338
-562.6931701983559	-86.25770781781887	-211.50607550894836
-562.6931701983559	-86.25770781781884	-211.50607550894838
-562.0729345775898	114.03282074345394	-451.21157057828805
-562.0359390272033	111.55924447112089	-451.21157057828793
-562.0359390272033	111.5592444711209	-451.21157057828805
-562.035939027203	111.55924447112075	-451.21157057828805
-561.9349570058786	111.50352638679449	-451.2400623516729
-561.2240818741899	111.12368482484538	-451.21157057828805
-560	35.99999999999999	-370.725
-559.8275862068965	35.74137931034484	-371.06206896551726
-557.6819214687034	-232.30302148487732	-114.60845315777054
-557.2764306498545	-233.19559431831524	-115.90143804003863
-557.2764306498545	33.41998060135788	-374.64015518913675
-556.7140499100312	-139.93030907984684	-230.57978473993273
-556.5714691295675	-232.97898057720255	-117.41615608699358
-556.4117736440444	-233.1955943183152	-117.3583216987083
-556.2909811222501	32.162341894753354	-373.83971260349887
-556.2245697365231	-140.56892665376216	-231.1038094064034
-552.9411362080766	32.16234189475335	-369.4194601518844
-552.7238010657194	281.7220248667851	-499.3445825932505
-552.1184310550345	32.005703618739204	-370.725
-551.9816963553228	108.38773785446071	-443.65723036566766
-551.173980126757	29.28275361159155	-371.5368196656059
-550	-218.65558912386706	-151.27794561933536
-550	-171	-207
-549.8335108283708	-146	-226.05268874176846
-549.7636363636364	-218.90909090909093	-151.6
-548.2	-219.06666666666666	-149.60000000000002
-546.7142857142857	0.12565843751978079	-376.84337120010167
-546.2857142857143	-0.2857142857142857	-376.35714285714283
-546.2738095238095	-0.003968253968266666	-377.1507936507937
-546.0357142857143	-0.5642857142856655	-377.4650793650793
-546	-0.6	-377.4888888888889
-545.9333333333333	-0.6666666666666714	-377.53333333333336
-538.2016410799367	-423.28793012175845	79.96336686077387
-538.2016410799364	-423.28793012175754	79.96336686077288
-538.2016410799364	-423.0583011866428	79.6077437968306
-536.1481064110736	-428.6971717014077	80.14462639481869
-534.9262740604364	-427.7898004864086	80.12280281693418
-534.6857059464071	-197.2353192110374	-171.2894509368089
-534.2288855968362	-423.28793012175754	76.38047571065347
-533.8125	-431.5625	80.875
-533.8125	-427.87435102673385	74.80003632313057
-533.1454880458443	-36.32277527195877	-282.2099044839519
-533	-428.3180631539311	73.97859116251936
-532.4772079242724	-39.83436691140176	-282.2099044839519
-532.3743408733831	-427.7898004864086	72.60453479112411
-528.1584766584767	-75.31787107963542	-335.9610998699234
-527.3577787197966	-78.09622721492158	-335.0707927087749
-527	-158	-323
-526.7005988023952	-516.5384741333935	-44.98528928014265
-526.7005988023952	-516.444055063734	-47.27324023260326
-526.0068369006051	-517.3617613984801	-46.54008438818566
-526.0068369006051	-516.8605965295733	-48.70901191459869
-526.0068369006051	-516.8605965295732	-48.709011914598705
-526	-349	-196
-525.8447497815735	-517.1907371889843	-48.47829013125474
-525.8101702723573	-517.2401591834764	-48.449969821978
-525.7926130923586	-517.2652523925144	-48.43559064833269
-525.590466203923	-517.5541663370238	-48.270034151737576
-525.4903324181473	-519.2704768241226	-44.03127679876154
-525.4444444444445	-348.33333333333337	-196.66666666666666
-525.4185588813665	-519.381061576686	-44.460539348793915
-525.3851332398317	-350.0970546984572	-198.0673211781206
-525.1749452673131	-518.1480403944054	-47.92972621497205
-524.6663964376066	-519.4499456427179	-46.44936654243398
-523.7597189145572	-517.0296855152588	-48.709011914598676
-523.6684716593624	-521.4675690582558	-41.68518015094682
-523.3973512506102	-520.7468882446935	-45.24092530362677
-522.8573531409976	-102.21242238542027	-325.41954024713743
-522.7680272333477	-103.751624784988	-325.41954024713743
-522.7115818631269	-516.1211266994826	-49.046052362667666
-521.7665010227593	-522.3464663477989	-41.597034758606
-521.3190691444481	-516.895074421003	-48.70901191459869
-521.0207901701272	-520.7468882446935	-45.593506761286676
-520.8918148177354	-106	-323.7718433469428
-520.639493429092	-516.7233455076257	-48.70901191459872
-520.6161869743555	-517.0627845877236	-48.70901191459866
-519.3997746386918	-519.4499456427179	-46.945338778618535
-519.3993012420896	-106.00000000000003	-323.00000000000006
-519.3936547323644	0.1628855015951558	-427.62353775257
-518.4549927437682	-550.2655293063126	128.6800135526584
-518.449932437007	-353.58996187969495	-104.56584941876662
-517.3881142098273	-0.6666666666666572	-425.0003320053121
-517.2779527898848	-548.8306649980581	123.15798558667416
-516.7442215708363	-551.6058459596704	127.79220656667827
-516.356828579224	-356	-103.53188592533724
-515.6636777301927	-550	118.98527837259101
-515.6336187471834	-549.7088778729158	118.48310049571879
-513.132007233273	-253.89511754068718	-314.3236889692586
-509.3095238095238	-420.9674796747968	-257.74970963995355
-509.0944881889764	-422.8031496062992	-253.65354330708664
-509.0944881889764	-421.20611676589203	-257.76074805382734
-509.09448818897636	-422.80314960629926	-253.65354330708666
-508.92352401345977	-420.41679412664416	-257.8233404710921
-508.474526718904	-420.51710261569417	-257.8682643221781
-508.28344839709996	-420.51710261569417	-257.88972888425445
-508	-422.42073170731703	-257.8169313669881
-507.3018108651912	-424.71415546630783	-253.65354330708666
-507.3018108651912	-424.30716944151953	-254.99394293220462
-507.30181086519116	-420.51710261569417	-258
-507.3018108651911	-423.195551356922	-257.85277147855936
-507	-424.5603826225588	-255.21960940613792
-507	-423.530487804878	-257.8682643221781
-506.58185610010435	-423.9945255474453	-257.88972888425445
-506.58185610010435	-423.9945255474451	-257.8897288842546
-506.17465056316996	-422.82059981001487	-258
-505.75623268698064	-425.6038781163435	-256.14958448753464
-505	-37.852239686399614	-368.04764430508106
-504.60871999119007	-38.24628943053618	-368.0712043902797
-502.77883258499037	-571.0742783835792	75.52790250160356
-502.42687747035575	-106.92173913043479	-481.96758893280634
-501.5587518666981	-109.32932484476933	-486.50616992847597
-501.5587518666981	-107.95998887632797	-486.53713627066395
-500.6521860745613	-110.40384615384616	-485.09033561195713
-500.55545536519384	-427.77225299497616	-208.34174932371508
-500.1011235955056	-428.5056179775281	-210.74157303370788
-498.0231568332233	-110.40384615384616	-485.14072005684284
-497.9854404601948	-110.40384615384617	-485.20965888944875
-497.8368915456875	-573.9487617421007	82.66865926558498
-491.83852195403506	-616.8705528684984	-62.89434086081391
-491.0705709979294	-617.6593209199684	-65.47333095120881
-491	-359	-261
-490.97142857142853	-359.4	-261.25714285714287
-490.8509640497266	-618.054234273338	-65.74996710256679
-489.60298693217175	-360.0721841941506	-263.52209085252025
-489.4389857369255	-360.2820919175911	-263.41521394611726
-489.1180002048694	-616.3032131363084	-69.09606907148101
-489.10962365369824	-618.2917583109316	-59.98283053175923
-489.1096236536982	-621.2995387542587	-66.41300486317178
-489.1096236536982	-618.5048188211352	-69.56760566021568
-488.94216651816714	-618.6745740053515	-69.77993553858488
-488.1133332953581	-622.500686402397	-67.24852893428195
-488.08432035243925	-619.4393929449119	-69.096069071481
-488.04970338366684	-621.1020465623715	-69.10639922323995
-488	-621.1932543455998	-69.09606907148101
-487.74904378791877	-621.5944437252161	-69.09606907148103
-487.728366727101	-621.6917127370499	-69.03961390233945
-487.72826592089837	-621.6588267226124	-69.06866815829684
-487.7281708511086	-621.627812098528	-69.09606907148101
-486.776	-187.464	-337.48
-486.6819960861057	-190.823385518591	-337.7915851272016
-486.3119560303278	-246.57045918436603	-443.32893882457336
-486.2240280615905	-622.1267260522018	-69.03961390233945
-486	-247.28052195769862	-443.5006545058502
-486	-247.25054112554113	-451.0005411255412
-485.96321434539743	-247.87891712106173	-444.5148193082691
-485.62249346594297	-615.5668843674592	-70.21006570295961
-482.40139499620926	-282.00000000000006	-462
-482.22801019549956	-282.2388979591837	-461.5707807281029
-481.17782555399174	-283.01549053356274	-460.47524631020264
-480.93872279858454	-283.1684625492773	-460.2685316627202
-480.7519631915411	-282.3197734864069	-462
-465.1611826950384	-439.2789178613878	-259.07366547106903
-464.48582112807736	-439.8862621253765	-259.62172085538975
-464.48582112807736	-438.6153700087793	-260.65495958684244
-464.4858211280773	-442.23783110003114	-262.1169211592396
-464.4858211280773	-442.2378311000311	-262.11692115923967
-455.6415094339623	-472.5660377358491	-261.73584905660374
-455.61392405063293	-473.873417721519	-262.11392405063293
-455.57513793925216	-473.90568071416754	-262.1169211592396
-455.4617486338798	-473.99999999999994	-262.1256830601092
-454.6954059245503	-474.12492330168095	-262.1169211592396
-454.5911602209945	-474.3370165745857	-260.2872928176796
-454.5454346952679	-475.12977099236645	-261.75577759533246
-453.0972972972973	-475.30270270270273	-259.12432432432433
-453.00000000000006	-475.69878049131955	-262.2410320952391
-451.1454706403069	-475.9871011254901	-260.9053661004089
-448.4897959183674	-359.0408163265306	-431.38775510204084
-445	210	-491
-437.31760435571687	-406.29219600725946	-262.9063520871143
-437.30219927584824	52.07299497579706	-550.3098211266954
-437.30219927584824	52.178355907201286	-557.3127262974386
-437.04243870863337	52	-557.3547212557651
-437	-393.5878378378378	-340.5472972972973
-436.78836543724174	50.57466665057189	-547.0816522506561
-436.5976807129497	-393.88900869182527	-340.7721641544724
-431	-157.84728381374723	-502.5340909090909
-431	-157.83630952380952	-507.65773809523813
-430.8951764817672	-158.68755997106626	-506.955643747565
-430.8650877038249	-158.4261637126931	-507.38628938186326
-430.8	-157.86071428571432	-508.3178571428571
-430.66862864488195	-397	-338.1646032068196
-426.5	50.5	-553
-419.56527080145656	-299.52488581461	-473.17071412886247
-419.56527080145656	-298.8342510778809	-474.4133140433122
-419.5652708014565	-300.4348404846047	-474.1657019855336
-419.5652708014565	-299.4602988705212	-476.56561859171984
-419.56527080145645	-300.6816479775815	-474.392224750957
-418.30681740133093	-300.00210687639736	-476.56561859171984
-416.89397000954034	-545.9730477903038	-251.62527617716677
-416.68945669999215	-296.15401424801587	-476.5656185917199
-416.62711128256024	-546.1916716546011	-252.22702096294813
-416.2544056101672	-303.3416014681806	-472.4371767122061
-416.07600971695723	-303.3416014681806	-472.80378722700044
-415.81539471794133	-552.4450452484045	-259.0033038517576
-415.7426055407179	-303	-474.3427233820107
-415.6893468826646	-303.34160146818067	-473.25760828086027
-415.3733577756279	-553.1670731707318	-257.828063178811
-415.3412435218168	-303.34160146818067	-473.92080593863625
-414.8193636406772	-303.0475271397555	-474
-414.75960443613303	-303.78235090574447	-472.6156643122538
-414.69286772468183	-303.77294351818887	-472.6173683556075
-414.6118668419336	-549.9081707957055	-259.6578977201551
-414.60040301077015	-549.9081707957055	-259.68786373255546
-413.163535326806	-126.06377348504897	-526.5684043397724
-411.8009475991263	-553.6553686595672	-252.90209525534
-410.2285714285714	-117.95714285714286	-527.2755102040817
-403.801568587441	-588.6589953483051	-78.95181598759382
-403.0922322582359	-588.1671578469696	-78.95181598759383
-402.42190484098654	-226.6221798540351	-479.4889987542106
-402.4219048409865	-233.46940131196544	-483.7321265465415
-400.8637820060911	-233.97050190509333	-484.71174868707664
-400.2380238229398	-234.63308988877702	-484.6071307871191
-399.50022748893576	-235	-484.9310536184528
-399.18360497969985	-225.22342363851314	-487
-399	-664	71
-398.90852627729413	-235.05032465592728	-485.45417300604066
-396.6685094708339	-234.41890678834363	-487.00000000000006
-396.1497105186585	-235.5676414822825	-477.85604995077955
-396.02018228081585	-233.9094971805647	-487.60533935110277
-394.0000000000001	-492.37806445136016	-282.67959542214624
-394.00000000000006	-493.57119574996085	-279.6839815834993
-394	-492.3780644513603	-282.67959542214635
-393.0030937648739	-494.3388093630142	-284.2827290576296
-393.0030937648739	-488.28861597601383	-296.9535859478501
-393.0030937648738	-488.1122237016597	-297.7327017942698
-393	-488.11533052039385	-297.7398030942335
-392.2684592559044	-229.96311454649086	-487.6053393511028
-391.7284535017791	-490.15748994505526	-286.7421420097086
-390.5326899791295	-490.1574899450553	-301.60722130613885
-390.37983954317167	-490.0026848104609	-301.8704119247897
-389.3483146067416	-372.33707865168543	-450.43820224719104
-389.0977156404124	-495.00000000000006	-280.9772048561937
-388.73182088075214	-490.2839045425451	-301.60722130613885
-388.73182088075214	-490.1225729836715	-301.8704119247897
-388.1038675252553	-490.12257298367155	-302.8132664846136
-387.3092676323271	-372.9337701367266	-450.43820224719104
-384.1821756225427	-219.0850262123198	-490
-382.1896551724138	-404.91379310344826	-452.82758620689657
-381.6721642544598	-407.1827667452036	-456.2640525075732
-381.6428571428572	-407.23214285714283	-456.28571428571433
-381.6428571428571	-407.23214285714295	-456.28571428571433
-380.1312490298643	-360.6230807196148	-461
-380.1122172617127	-360.7684178268667	-461
-380.10487890403954	-360.8983647188635	-460.91577679980594
-379.3268786684787	-409.1472242602103	-454.360966054699
-378.6789687458685	-409.14722426021035	-455.5683807782637
-378.6316231517172	-361.0252836448622	-460
-377.728493539551	-429.031038820949	-329.62006008345793
-377.728493539551	-419.4353110075942	-359.9829841452321
-377.67326974810464	-419.39412259058093	-360.2518726997332
-377.56727625275647	-410.3670506678833	-453.28912250019005
-377.5589056933686	-419.6062310030395	-359.65579403580864
-377.5443367062416	-419.63269707406573	-359.64639817815595
-377.4952953334058	-410.3485895065086	-453.42856883860907
-377.4304533825259	-419.63269707406573	-360.3155264655803
-377.42553191489367	-419.6062310030395	-360.3602583586627
-377.4255319148936	-430.06058962097285	-329.7606929272165
-376.18127593361	-409.9779564315353	-453.87292531120335
-375.5487547322789	-432.03698860329933	-330.61601684331663
-374.58186615164425	293.87475642772154	-614.0904105809523
-374.55866185125365	291.3858476767481	-614.519794258937
-371.76916039845497	-613.8099771859683	-237.22580620872958
-370.7788812805285	-612.9114392080359	-237.2258062087296
-370.11909350701137	257.7157572938127	-622.752242972021
-369.91625441232435	-444.0403637461126	-364.53617121786715
-369.06282510663516	-615.5331369661267	-234.41626204617293
-346.20418136828255	-161.34391810659437	-578.8512113490586
-346.09659640069975	-162.76048878570606	-575.1891113277585
-346.09659640069975	-161.93372526779083	-578.8512113490586
-345.87719389354146	-554.3775189525973	-262.73745431216395
-345.87719389354146	-549.9081707957055	-263.132183908046
-345.8341463414635	-553.1670731707316	-264.00000000000006
-345.8341463414634	-555.1417281272138	-261.9568689277401
-345.8341463414634	-554.4652575642982	-262.7101705437201
-345.8341463414634	-554.0405105864888	-263.132183908046
-345.8341463414634	-553.1670731707318	-264.00000000000006
-345	-555.3889925373134	-262.9528917910448
-344.6954022988506	-555.6350574712644	-263.132183908046
-343.40346728821027	-164.6239380639652	-576.199636656762
-342.7534766118837	-440.0834386852086	-428.7838179519596
-342.7191011235955	-440.96574625847245	-428.83873902561066
-342.46938775510216	-441.1224489795919	-429.1632653061226
-342.39428000704135	-164.62393806396523	-576.0934952541642
-342.28267438932255	-162.53122639133724	-576.7223621254092
-342	14	-628
-339.22150184653265	-449.1013541239229	-376.10141567501023
-335.0147058823529	-454.8382352941177	-381.4411764705883
-335.0147058823529	-449.7439588957755	-381.57438495760294
-330.83370786516855	-448.04269662921354	-382.17977528089887
-325	-478	-310
-321.56129260489723	-232.00000000000003	-487.84916020671835
-320.883985121142	-506.54146978988643	-340.0450387051372
-317.03180299006294	-164.62393806396534	-503.2899449778831
-305	-517	-329
-294.4850746268657	-587	-350.46596456967507
-294.4850746268657	-586.9508039203128	-350.56248798923804
-294.4768921920383	-586.9021869126944	-350.6652144199553
-294.4768921920383	-586.9021869126943	-350.6652144199556
-294.47689219203824	-586.9021869126941	-350.665214419956
-294.4768921920382	-586.9021869126942	-350.66521441995565
-294.4768921920381	-586.9021869126942	-350.6652144199557
-294.1308777486715	-586.2319947422222	-351.4412416851441
-294.0215633600899	-586.1432453389323	-351.5805664978428
-293.67819431335533	-585.8107892873996	-352
-293.6781943133553	-585.8107892873995	-352.00000000000006
-293.66098382612836	-585.7744385445344	-352.0143479974168
-293.6468082772741	-311.0672479822957	-496.7508755499178
-293.6468082772741	-310.02348925809355	-498.95191881654733
-293.6468082772741	-309.66609023106173	-500.7087196548698
-293.6468082772741	-309.66609023106156	-500.70871965487
-293.6468082772741	-309.5581113631597	-500.7430156268376
-292	-350	-483
-291.2502178013406	-208.37891652661557	-520.4983507468089
-291.2393203048832	-204.45769749435095	-522.6176551612925
-291.22542649618015	-208.3908939853677	-520.51556935292
-290.6615067079464	-208.66334135993577	-520.9072354087834
-290.2621209215639	-585.8192434547402	-352.01434799741673
-290.2297441364607	-585.8299573560766	-352.0000000000001
-289.90568364447563	-580.7335551780609	-352.4205251439774
-289.0145017730321	-578.87112568888	-352.427097073872
-288.1434082785537	-578.6320352306159	-352.4531672065566
-284.9621517220165	-310.17719478029153	-500.70871965486975
-284.50689818145696	-447.15347287237086	-431.92173130356514
-279.4089103325772	-479.1151238012938	-447.8923534847994
-278.1318429832181	-211.87826541274816	-597.3429640820335
-278	-486.84075344498115	-450.36261023346344
-278	-486.1102941176471	-451.25
-278	-212.0027545837996	-596.1181458207799
-278	-211.87826541274816	-597.6760710553814
-278	-210.9912195121951	-597.8458536585365
-278	-209.81824995835876	-598.1845816445506
-278	-3.0000000000000013	-642.9769510256604
-277	-213.89189189189187	-597.7962577962578
-276.7057485687397	-490.6730452513528	-450.3933024860795
-276.6127983622347	-215.0667208871514	-596.9212410864614
-276.5854172405322	-490.875605815832	-450.0183066191197
-276.36672051696297	-490.87560581583176	-451.3747980613898
-276.36672051696286	-490.87560581583193	-451.37479806138947
-276.36672051696286	-487.60251568061057	-452.9541670280963
-276.3667205169628	-490.87560581583205	-451.37479806138924
-276.3667205169628	-490.875605815832	-451.3747980613893
-276.3667205169628	-489.9957394208955	-451.89875275128395
-276.3667205169628	-487.6025156806106	-452.9541670280963
-276.29999999999995	-491	-451.1
-276.0418774445893	-211.28672750977836	-601
-276.0393585869193	-487.83439149219413	-452.9541670280963
-275.9350585526366	-489.4440244750965	-452.9541670280963
-275.91436464088395	-213.27700287350982	-599.5440217073726
-275.91436464088395	-212.95334336218318	-600.4225653617918
-275.91436464088395	-212.3687845303868	-601
-275.8882402001668	-487.78792499882866	-453.1571700779203
-275.8882402001668	-485.8508207779366	-454
-275.8882402001668	-212.9658048373645	-600.4437030859049
-275.7912087912088	-486.5531135531136	-454
-275.7912087912088	-485.85082077793663	-454.08084508925265
-275.6824134720984	-206.97969773416602	-603.7905606858955
-274.83363802559415	-36.32743088325556	-651.4964063912777
-274.83363802559415	-36.26691042047533	-653.6471663619744
-273.9229392925018	-36.26691042047533	-653.6732836364952
-273.0040322580645	-491.00000000000006	-448.1575940860215
-271.52944354403024	-37.282549972987574	-649.1726094003242
-271.2482668857504	-215.06672088715143	-595.2083486963603
-269.1766072811774	-326.45112316034084	-530.158791634392
-248.36363636363637	-365.2458290772897	-467.4559073884917
-244.42772050604694	-287.2285714285714	-573.545902081647
-243.54097226546014	-288.02222222222224	-572.9194709060595
-242.9106796116505	-56.96116504854368	-621.6504854368932
-242	-289.3628318584071	-570
-240.51751164503582	-134.03275369245134	-616.7132726049443
-240.51751164503582	-93.70793221239283	-630.2433144169594
-239.94862440622734	-288.4815469898073	-572.3153168859443
-239.62734507846403	-288.3508351401048	-572.9194709060595
-239.56226687870463	-135.19461021248227	-617.301692064206
-239.56226687870463	-135.06722567587107	-618.1376897498916
-238.91302311182136	-263.7442400062367	-577.2666666666667
-238.41049024255892	-616.8149874623529	-230.5628924009526
-238.2868586274085	-617	-230.5628924009526
-238.26666666666665	-320.4	-577.2666666666667
-238.25339499692905	-617.0184119725056	-230.573654974186
-238.07735802018573	-136.82772490471282	-614.5576901824014
-237.97430055968988	-617.1178886634148	-230.70095759281256
-237.86137631101826	-502.40932458173637	-403.96489798728567
-237.8018687471006	-135.17122908992314	-617.517538303808
-236.94528191976428	-502.953008889132	-403.93438486612683
-236.28858473291567	-504	-402.64881576588084
-235.57482581553865	-502.5332816530757	-403.96489798728567
-235.52179697483257	-276.7748597529477	-580.1652966712284
-234.67163129335762	-617.1262182747913	-230.70095759281256
-234.079961773473	-619.2290297771651	-231.94502213185973
-232.2245841472615	-620.1279694067298	-232.61378377302935
-231.74923938913238	-88.77372619362964	-630.2433144169595
-230.0566669669724	-271.88386241193535	-581.1878628443756
-229.4580368403843	-620.6451738473755	-231.99434781931706
-229.30725795344995	-595.3662030023413	-350.7942432171877
-229.18042833279634	-595.6801315373434	-351.21720650473185
-229.1667924347767	-622.1651267359039	-232.5174188826416
-229.05854200691067	-620.3322965341093	-232.61378377302935
-229	-595.9348115299334	-351.4412416851441
-228.55	-596.5699999999999	-352
-228.46140111595167	-596.5951807354663	-352.0143479974167
-228.345354767184	-596.7640288248338	-351.4412416851441
-228.33625004973936	-622.1795747249612	-232.2425712784788
-228.33625004973936	-622.1651267359039	-232.61378377302935
-227.87769649221536	-597	-351.5805664978428
-227.30630443799257	-715.2494362876632	30.008512082659955
-227.30630443799254	-715.9877644131066	29.244089589381993
-227.13993025560796	-713.1487955382488	29.244089589381986
-226.77215307778744	-715.6497285935401	29.24408958938198
-224.92971776425014	-597.6131710016602	-352
-223.79929791009562	-596.2509481541574	-352.01434799741673
-223.74746603449447	-596.3304338450763	-352.01434799741673
-223.69514479672904	-596.3456430619766	-352.01434799741673
-223.02229352985745	-715.1497082575105	28.77462649837777
-222.6856124735968	-350.9170415517825	-515.4559247972396
-221.46371090191315	-599.6289098086851	-346.07591861524446
-221.00576924321206	-348.64157815627095	-515.9759949163861
-218.26332487309645	-356.2569262878212	-478.2686082721131
-216.91880521665965	-230.55469078670592	-593.9326882625157
-214.7752184273233	-358.0698967434472	-480.34710087370934
-214.7337037635082	-499.1121432125786	-454.8906683504126
-214.64976078186797	-499.56650511186155	-447.3402614515692
-214.64976078186797	-498.5159396939848	-455.7458629653955
-214.64976078186788	-499.5665051118618	-447.34026145156906
-214.6251631137569	-498.80550458715595	-455.4277533749078
-214.11013444698165	-498.14654530276067	-456.28571428571433
-214.0934741081109	-501	-451.6683360008261
-213.66586843688862	-498.5159396939849	-455.42775337490787
-212.53365925698955	-502.4093245817363	-449.36368042445895
-211.87137611438047	-502.40932458173637	-443.66801597992554
-211.40336369039306	-502.953008889132	-447.4223788755845
-211.22358325614425	-502.953008889132	-448.39711266506197
-208.19705572392218	-340.25169094827663	-547.6292922412854
-204.44326092099894	-340.2624492026638	-538.9772192983683
-204	-678.9913181400785	-213.97946406210872
-204	-678.757798763329	-214.6234829095055
-203.81031528688445	-679.0000000000001	-214.78732732074826
-203.4798666473402	-679.6928540368169	-214.44278880997246
-203.47141347128888	-348.6178737775639	-552.557701562312
-203.04721871934987	-353.11790668348044	-555.5831581897156
-202.2514358671418	-350.69874421174995	-555.9009242144177
-202.02594500177366	-681.3846510703162	-211.37066292361143
-201.6008564813845	-681.8792881093628	-210.4724539647831
-201.5455248903792	-681.3846510703163	-210.6526700642298
-199.6195706221299	-354.21237825031443	-552.1482494369534
-198.72916666666669	-373.64583333333337	-550.7083333333333
-198.55519190717047	-354.1145492412972	-553.2386194584944
-198.04889360743107	-682.4192519984892	-209.41139633254295
-197.65730855208923	-682.4192519984894	-209.27278772677192
-197.4398961981414	-681.879288109363	-210.11733716475095
-195	-437.1627021078473	-493.3226106831457
-194.0375	-565.4375	-356.275
-193.9213829807767	-564.5124623877122	-356.6403912543153
-193.75	-375.41666666666663	-551.5
-192.6703551988533	-439	-492.23331047308363
-191.17729257641923	-439.4305676855895	-495.6668122270743
-186.10114954615273	-650.9968416585612	-320.63021492494715
-186	-651.2521227685043	-320.62589570475916
-171.932652450039	-561.2599898271568	-434.42873067635145
-170.42778345617228	-561.99605048132	-434.4287306763514
-169.80663522063313	-564.1852704257767	-430.25410365029273
-167.70699546311494	-565	-430.1266458188731
-162.63181375078386	-565.5473107109925	-426.78232048924434
-153.55229357798163	-498.80550458715595	-478.25871559633026
-152.2280800676628	-498.26755004228926	-478.4147166619679
-152.11369917094356	-501	-476.4844058428741
-151.73183609592098	-498.805504587156	-478.03743577662743
-151.656400827396	-498.3311882325902	-478.26591588140656
-150.218294671506	-502.06913541283114	-474.2734381849105
-134.73609426442556	-402.5335297175533	-573.5231329059088
-134.73609426442556	-398.87099568415005	-574.6053099801891
-134.04352952250525	-27.581931942555315	-659.1947224749772
-133.99769668212113	-27.099780136192493	-659.3934523809523
-133.90549052472224	-26.71547133086426	-659.41396555919
-133.89319179894179	-27.172293728602654	-659.3934523809523
-133.6569595944602	-30.705615786188673	-658.0906092022963
-133.39888535031847	-32.325636942675175	-657.5334394904459
-132.706339096148	-27.597391568092206	-659.1947224749772
-132.48050595238095	-28.043650793650812	-659.3934523809523
-132.2878306878307	-28.146031746031753	-659.6010582010582
-130.53934846266472	-167.54374084919473	-613.4319180087848
-130	-166.2381966631168	-618.2161874334399
-128.9230769230769	-162.46153846153845	-619.3076923076924
-128.10484945393418	-613.6967284616943	-399.20799941590457
-128.10484945393415	-615.640674069011	-399.40152778841224
-128.10484945393415	-614.8303179126206	-399.5658562205226
-128.10484945393415	-612.9589376359463	-399.767798142018
-128.05448669669747	-615.5408262026211	-399.53321909554796
-128.04653789009654	-615.5250671095336	-399.55400407216325
-127.81891692731904	-615.0961334021683	-400.12358927325
-126.97037013565479	-614.1666433509677	-401.4674194796505
-126.47368421052632	-171.05263157894737	-620.7894736842105
-125.40151545341203	-617	-399.53321909554796
-125.32140607284192	-617.0184119725056	-399.5540040721632
-124.93692452851417	-617.0184119725056	-399.600867984214
-123.78532358030365	-617.3714581253748	-399.9525521380609
-122.25139667879613	-617.3714581253748	-400.12358927325
-117.59311468176293	-128.82121549243544	-641.1180802974187
-116.33333333333334	-356.3333333333333	-588.7
-116.13043478260875	-356.5217391304348	-588.9565217391305
-116.10659133709981	-356.6222222222222	-588.8730696798493
-116.10493239382974	-356.6292134831461	-588.8672633784041
-115.71648414573046	-573.6568606398969	-422.4079879750913
-115.47272727272728	-287.2285714285714	-651.7281385281385
-115.28571428571429	-286.958988380041	-651.7935748462064
-114.42857142857142	-354.8571428571429	-589.5714285714286
-114.2326621923937	-288.02222222222224	-651.110514541387
-114.13734977368507	-288.0813953488372	-651.0652411425003
-114.00600381671208	-288.1629392971246	-651.0028518129383
-113.76852698993595	-288.1344922232388	-651.1015553522416
-113.73557571097966	-288.1000559187771	-651.110514541387
-113.72592592592592	-288.02222222222224	-651.1407407407407
-113.60063897763578	-288.1629392971246	-651.0734824281151
-110.41736447774353	-555.008230596012	-448.0906153476717
-110.41736447774352	-555.8970912296166	-449.1267078007933
-110.10160747876647	-552.5001140055863	-451
-102.55601205149277	-427.40211541840756	-618.3047332162348
-102.55601205149276	-427.3949602848535	-618.4048205970967
-102.37991954949757	-427.52212740623133	-618.4073518903739
-102.2050370744556	-427.5221274062314	-618.1256201627307
-101.18873306394104	-427.7262499009587	-616.6527216543856
-101.10120929923714	-428.4449432869436	-618.4048205970967
-100.905973780056	-429.0049893086243	-617.3532576909645
-100.59459110340877	-429.0049893086244	-618.1435919352341
-99.5558867389896	-429.00498930862443	-617.6713803606033
-97	-459.45929212655574	-543.4837701158513
-97	-457.9039546240077	-548.6292564704303
-96.23906863408692	-187.74996615676187	-700.2092865845405
-95.75343310509163	-456.61124837100886	-552
-95.49698145598893	-458.1558036183349	-550.9406958500808
-95.49698145598892	-458.15580361833497	-550.9406958500808
-95.4969814559889	-459.6143743636364	-542.617564559289
-89.72874493927125	-189.35261851900222	-700.294893561447
-86.96617169549779	-454.13677534511896	-553.5143174524808
-75.78862413528057	-620.1214450422752	-425.2667179093005
-72.35155544303369	-620.6489310347084	-425.2667179093005
-67.15834422643414	-689.6640368577076	-210.35659014702088
-66.46360153256705	-690.6336206896551	-210.11733716475095
-66.46360153256703	-690.6336206896552	-210.11733716475095
-64.27101423815704	-692.4157343152528	-207.06013852987417
-64.17683327537722	-692.4706133424388	-206.98314356016542
-64.03095909814682	-692.4157343152528	-207.19050072585162
-63.26944377558391	-693	-206.2391042619793
-61.02395653247714	-559.4682637688318	-473.109903679921
-53.342353879526094	-252.94884703765416	-681.8873740393882
-51.3091619021057	-652.892901966253	-238.1892344163994
-51.09836065573772	-653.4098360655738	-238.27868852459017
-50.625	-653.625	-238.16666666666666
-50.54773869346734	-652.2562814070352	-238.50753768844223
-37.96249999999999	-722.9125	-17.625000000000007
-37.64632200546117	-723.1438053097345	-17.442954896864862
-36.57487228003784	-522.8243330179754	-555.4835193945128
-36.21341318785626	-723.3400735294117	-15.619781783681933
-35.44221105527636	-723.427135678392	-14.444723618090453
-32.16318458633055	-660.245591699026	-215.29226558024064
-31.591456003238058	-659.2552627662932	-216
-31.347424273958378	-659.5364270302134	-215.29226558024067
-30.07582938388626	-703.5924170616114	-151.39810426540285
-29.295076674737686	-728.2348668280872	26.9451170298628
-29.08745716244003	-728.2227553118574	26.725839616175463
-25.283247922190654	-700.7509958027657	-151.72465904902322
-24.64582361175922	-657.0333644423705	-216.00000000000003
-15.086488207359494	-698.0876024726076	-230.28198869816674
-13.708851139919545	-698.7199195350918	-227.99830129637908
9	-657	-238
12.397791937931075	-531.5297995208241	-524.5882989901158
12.605347989219453	-532.2165618559425	-528.690271098663
12.605347989219453	-525.5253341574521	-528.8405451624419
12.605347989219467	-532.573379728576	-527.7346885472674
12.605347989219467	-532.2165618559425	-528.6902710986631
12.605347989219467	-526.345196555238	-529.4220720251496
12.681720842311194	-533.235713624767	-525.7053133551005
13.205531247512965	-533.235713624767	-527.7340232438227
15.051896250321846	-533.5051446614177	-526.0831832287615
15.972918441369345	-566.7703779115936	-455.8532876172958
16.086029290647062	-567	-455.72896745500384
16.823750534874222	-527.4104230014394	-531.0513638790851
21.4728252693876	-567.6129044676195	-452.4348554888585
49	-376	-674
50.45235223160434	-377.3462002412545	-675.071170084439
50.892368806188585	-376.9494041396613	-675.3814760610495
69.51824817518248	-712.2043795620438	-187.35401459854015
71.33709002216659	-712.7312036646374	-185.90567133966894
75.94117647058823	-579.8823529411765	-447.94117647058823
77.36616141613982	-580.4252043490056	-448.59712192171514
77.99999999999999	-580.5373426573426	-448.40139860139857
88.75340219345503	-597.6950350702284	-527.2458909402994
88.75340219345503	-597.4030661293664	-529.7553245427359
88.75340219345505	-599.4916663243671	-531.0513638790851
92.06821758709555	-621.8383009102267	-346.15460873233496
99.81894984493636	-426.82338787295475	-643.383247780986
100.15151238290149	-427	-643.2302257306094
107.84210526315786	-535.75	-572.5131578947369
107.84210526315786	-535.1578947368421	-572.6315789473684
108.0483870967742	-536	-572.3732718894009
109	-636	-343
109.7990170922389	-223.12334891376207	-702.1182633138694
180.31204920551187	-659.624820725677	-310.88163025141887
201.47689008912818	-672.8199346560281	-506.16733344219466
201.8448603819524	-675.2581485911312	-506.2024491522749
202.02726975832735	-675.5183703461794	-506.167333442195
208.14574655559116	-436.2235261134252	-586.3832906119833
240	-492	-581
252.73333333333335	-411.1111111111111	-677.7555555555556
253.28404669260698	-410.73540856031127	-678
265.1176470588235	-759.2941176470588	-290.64705882352945
265.1777356103732	-759.3529411764706	-290.6280834914611
266.07030089473875	-759.9123225204685	-290.72475425911017
266.9478480375464	-759.7065573042357	-291.729712923619
267.986838014302	-759.9123225204685	-291.729712923619
268.17929759704253	-759.555314232902	-291.82666358595196
423	-560	-540
