-717	-398	-32	-266
-701	-391	-185	-137
-700.8666666666667	-391.26666666666665	-185.4	-137
-700	-495	56	-367
-696.0997737484465	-688.9890379529014	-195.51824352315094	29.336891749784893
-696	-671	351	-229
-694.983789717465	-138.6714443344693	-250.80623683944376	-55.725468382278606
-692	-266	-115	-309
-691.5042855687293	82.06337522397035	-286.14589571989853	-138.7450465584982
-691.1123751816242	-687.0551210313166	-93.60419822549233	-299.9625003864346
-690.458430913349	-686.9689695550352	-92.99326697892272	-300.16715456674467
-690.0664492916574	-474.40246233415786	-90.02080053968967	-450.4646390825275
-689.7060702875399	-684.2108626198083	-92.03674121405751	-300.8642172523962
-689.7043660166003	-684.2564545515892	-91.82275457183346	-300.62488427019366
-689.3634311512416	-688.6230248306998	-96.54401805869075	-304.2279909706547
-688.323469246809	-688.0534430228213	-95.64582901821507	-304.7212365099689
-688.1081731418565	-102.83556002337312	-266	-210.4283596798831
-688.0745880312229	-689.0069384215091	-94.71574154379879	-303.23070251517777
-688.0343881470642	-688.1196268520213	-95.30071337113591	-304.7212365099689
-688.0013063357283	-688.8602220770738	-94.84470934030045	-303.3383409536251
-687.974439378338	-687.7844055537354	-95.30071337113591	-304.8449564710457
-685	-136	-149	-388
-685	-104	-264	-211
-684.9562119528301	-478.1899346257568	-85.1633535395855	-449.14845503563396
-684.1944324068248	-478.4257452019154	-85.38693838568369	-450.42756162818057
-680.4179104477612	-459.76119402985074	-263.7910447761194	-246.25373134328356
-680.3451536643026	-456.45626477541373	-266.77541371158395	-244.14420803782508
-679	-429	-108	-333
-678	-458	-264	-244
-672.732782369146	-476.6143250688705	-156.34159779614325	-354.3402203856749
-672	-125	-249	-305
-668.8549453264966	-476.7347459895801	-154.84720248759294	-353.7848273305739
-665.7826086956522	-553.6086956521739	-57	-458.9130434782609
-664.4900902592718	-552.2495036932377	-57.24805874006641	-458.9130434782609
-663.0130487356039	-550.6719700662649	-57.79107596011668	-452.4142134019376
-663	-366	-216	-270
-662.8237936305754	-548.2668501541709	-57.91261855347676	-452.5808864691131
-662.8209434290284	-552.0385258275328	-57.294803377464234	-453.11804328304095
-662.7240162392013	-548.8934145512078	-58.155422452128136	-451.4779020246518
-662.1584905660377	-369.6716981132075	-217.65660377358492	-270.96981132075473
-662.0966031424047	-552.285610064236	-57.54581042367302	-455.83357355113077
-662.084470989761	-551.3148464163822	-58.84726962457338	-457.141638225256
-662	-651	-143	-98
-661.894087015481	-702.0436140777927	72.84542051305807	-167.81162350706668
-661.885100445838	-553.2356390932703	-58.49770450425795	-453.30210347608084
-661.2364916092645	-553.8791849660211	-57.62700753548148	-453.7540081364708
-661.1793900810173	-554.1920214353529	-58.22819224291959	-453.50888300365045
-661.0468085106384	-704.7734042553192	71.81595744680851	-168.87659574468086
-661	1	-323	-308
-660.1584699453551	-707.2732240437159	70.28005464480874	-168.5669398907104
-660	-703	71	-170
-658.2504588520869	-623.6563883972282	-174.37803128632552	-335.877773332132
-658	-568	160	-435
-657.9787284329946	-324.3715433703616	-231.74095958402268	-401.7163791065942
-657.892779636064	-704.2359862541907	71.31028380290553	-172.09854723119582
-657.3885092357211	-625.0688498603284	-172.98588785679075	-334.13525426022403
-657.2954855419048	-623.9842843734374	-173.21235820318947	-334.1262383797741
-657.2010287270789	73.02391018445269	-195.97968279615384	-411.3843927784794
-656.3277022735933	-705.1312079258224	72.91947161183793	-172.31614378254795
-656.1594276486687	-623.7291019220538	-173.39606559842824	-333.7252935024241
-656.0163343144977	-619.5553252352722	-175.29420422038888	-335.5792048422536
-656	-620	-173	-336
-654.2583761474972	72.77000312555464	-192.17622507525107	-405.7191157489846
-653	-658	-212	545
-651	-676	236	-337
-650	-136	-323	-272
-648.1638766113188	-322.7294407610699	-359.8800798393187	101.01875145227667
-647.2674730701785	-324.660165336578	-366.1751780410121	97.92520488136564
-646.5589150872306	-711.359529365298	-250.15893275681967	197.27624323748444
-645.851832110655	-711.0064826547814	-250.57844276924945	197.2762432374845
-645.7131782945737	-712.0168520390968	-249.96090326929559	196.88035052241318
-645.7131782945736	-710.6882499773789	-250.45535457409432	197.27624323748444
-645.7131782945735	-712.0168520390969	-249.96090326929559	196.88035052241324
-643.8360655737705	-491.72131147540983	-322.9016393442623	-304.70491803278685
-643	-490	-323	-305
-640.4568313745448	-682.916870232245	-268.32022084744773	44.30427885303521
-639.9834150257982	-684.2757868501589	-266.1339691631193	48.5183578572709
-638.6392194193241	-714.0559733460257	-151.8198952879581	-135.73717277486912
-638.5815459328207	-714.2295426952651	-151.89931201942534	-135.54131930392552
-635.3996627318718	-551.1888701517706	-181.29510961214166	-301.7504215851602
-635.1554816032473	-711.0388792972822	-152.6938489230105	-136.92543724716808
-635	-553	-204	3
-634.4609579655012	-712.8433499446737	-152.68837986931698	-136.19675150027058
-634	-349	-219	-487
-633	-374	15.666666666666664	-657.3333333333334
-632.7378277153558	-374.7340823970037	15.247191011235955	-655.943820224719
-632.7317073170732	-373.70731707317077	15.585365853658544	-657.3658536585366
-632.6735751295337	-375.2694300518135	15.243523316062173	-655.6528497409327
-632.4139299891735	-374.6383976903645	15.234211476001441	-656.0523276795382
-632.0235964198536	-374.17412530512615	15.018714401952806	-655.7160292921075
-632	-674	-179	-115
-631.8679347320631	-712.8493064334455	-149.6555659275742	-137.18836695819311
-631.5766672294445	-597.8386628397772	115.27567111261186	-535.3713996285667
-631.5402728524598	-715.1157825467042	-147.71827282808712	-133.6182563765096
-630.9844567005966	-598.0223721382929	118.67280289118622	-532.8730034428278
-630.0541288943125	-598.2246620411619	120.64125242408552	-530.6891973931421
-629.3728088391216	-598.627133799693	121.38458846186973	-529.7850527811567
-627.5346613661425	-114.72585746619465	1.5716586385003708	-683.2094916139516
-626.5422440400953	-117.52239630794556	1.0000000000000022	-683.6034333754667
-626.3412634073335	-549.9695996507858	-317.05534422549266	199.34840359191818
-626.0390262729011	-119.23937744439625	-1.0085767619236856	-684.3703884858547
-626	-246	-48	-537
-625.671875	-142.1875	-151.328125	-596.75
-624	-114	1	-687
-623.2921315325896	-144.69348209042866	-158.45155607751028	-598.4318849089842
-623	-192.36653024101864	-51.91223283310596	-642.1396089131424
-621.803774995328	-194.04802840590543	-52.833862829377686	-641.7903195664362
-621.2181695165457	-686.9536474351089	-331.2368803050806	143.25632304096445
-621	-192	-52	-643
-620.5430327868853	-193.96311475409834	-52.66803278688524	-641.969262295082
-620.1770833333334	-421.6614583333333	-400.7552083333333	56.16666666666667
-619.6943862057333	-553.8535485404548	-218.48454546638422	-135.52495231258033
-619	-364	-51	-473
-618.8459734167318	-194.36747458952306	-51.97967161845192	-641.6637998436279
-618.6359224116214	-687.0447308758082	-332.13301704593164	145.71932572004368
-618.2324508382526	-421.6724548816947	-399.96421138339724	57.53065053721005
-617.580382748874	65.22964353915351	-66.24906705279804	-671.6022589504727
-615.6148989898991	67.42992424242425	-67.56944444444444	-673.3933080808081
-614.5353535353536	63.43434343434345	-68.68686868686869	-673.8181818181818
-614	66	-67	-674
-613	-212	-266	-322
-610.0984373640144	-368.34019278964774	-381.7224313583205	-58.99633495305201
-610	17	-303	-406
-609.8626602548013	-367.0630778961318	-381.5054966016445	-62.563594928067296
-609.6441115702479	-84.90237603305786	-419.8279958677686	-311.69369834710744
-609.0685314685314	-648.174358974359	-232.73286713286714	-165.22657342657342
-607.7993920972644	-519.9863221884498	-26.620060790273556	-633.533434650456
-607.5644135056643	-220.99465714855785	-471.40780810073824	33.36176203250048
-607.3652373660032	-216.64318529862175	-472.0428790199081	32.06202143950998
-607.1884946707548	-703.2107752956636	-148.43807855161336	-309.76110381077524
-607.1750633275368	-703.2079772157791	-148.44184409787357	-309.77341475771226
-607	-219	-470	30
-606.4236013562245	-367.4460755485346	-378.0292889017658	-60.73728164701828
-606.2128642676525	-520.535283462773	-25.1716801144092	-631.7293721705039
-605.6619658508866	-704.8796555251911	-147.5337671582281	-307.5203915207748
-605.1382391733655	-642.246554454011	-230.68174844643787	-166.58542568683188
-605	-645	-228	-166
-605	-81	-415	-312
-604.705588236526	-367.97765009418885	-377.4452707438485	-60.12032705500471
-604	-261	-492	358
-604	-164	-234	-367
-601.984771573604	-721.756345177665	-87.96954314720813	-32.48223350253806
-600.5548628428928	-160.86533665835412	-188.08229426433914	-569.0860349127182
-600.513144488674	94.3287603070799	-486.550299339715	-300.05300248001765
-600	-571	-386	579
-600	-535	-278	-28
-600	-420	-110	-401
-599	-722	-86	-29
-598.7856899488926	-527.5165247018739	37.63373083475298	-567.0521294718909
-598.7368906491604	64.05764587798063	-371.79983994791525	-479.14891625749397
-598.4677410848952	-541.1681661410596	-180.90640326544388	-362.64942886373944
-597.2499379173646	-722.7093403889307	-86.19855607077872	-28.994636060303677
-597.1517996870109	-724.1931589537223	-84.07891795215738	-25.917057902973397
-596.8535048822705	-161.86270970701295	-184.92707963061264	-566.6411030033771
-593.9989485145477	98.73965089477099	-487.0384206853174	-300.65915885236075
-593.20529861059	97.72092365436401	-486.79814269802966	-300.38798547920425
-592	-515	-378	-135
-591	-606	-19	-424
-590.0858725761773	-358.36980609418276	-249.82733148661129	-349.4339796860572
-590	-536	-266	-133
-589.9701825656646	-403.46340049540873	-192.41932443711812	-379.50568050430604
-589.9464317597441	-403.43646749914006	-192.44226165918354	-379.5343846680715
-588	-359.5	-336.83333333333337	-335.33333333333337
-587.9765077052169	-418.8688360892963	-361.8343770777909	-197.168461369065
-587.3023255813953	-358.4651162790698	-336.9767441860465	-333.69767441860466
-587.0980392156863	-358.1470588235294	-337.16666666666663	-335.69607843137254
-584	-704	-165	-120
-583.627405491234	-359.67220390524045	-246.9427090101667	-348.86861034523577
-583.3855755664121	-550.46152581425	-275.58380447312027	17.2494553061149
-583.1821857409016	-353.63403857501845	-251.28070121931006	-348.53806780133004
-583.1199525677987	-572.2355387573876	-37.53758621355706	-491.65180637281617
-582.5706084656382	-575.005096839543	-35.561587674810056	-488.3988707930696
-582.3936729840743	-553.8038480939684	-276.9958924839663	12.806874684730133
-582.3706431531908	-575.4150552625522	-33.1789420127064	-491.13591873051803
-582.1917226160788	-578.7324124343527	-35.335288899981535	-491.18839673474827
-582.1790011179895	-577.7932381512652	-37.28215143943493	-490.4573857506295
-582.1146586101225	-576.4395544579451	-34.137497473385025	-492.17344992172195
-581.9723424148303	-577.9819861287616	-35.947870191685645	-490.72281867616977
-581.8901218362421	-576.5050994705621	-36.98210899974915	-491.0838347364652
-581.6972755085183	-578.3479948402608	-35.885658262022226	-491.3333029737538
-581.6838895767193	-575.145752463578	-35.9774589830895	-493.3719031309995
-581.6649317276383	-578.0682234688642	-38.482253734122246	-497.2963115726876
-581.4613333333333	-371.14133333333336	-477.64799999999997	305.0293333333333
-581.2118647587035	-360.03305362743595	-246.1099654257054	-349.5730216087018
-581.1332562392427	-697.1989027538726	-235.79464285714283	51.91568954388985
-581.0745827295493	-578.6037197803103	-35.92916066843562	-491.0963670934053
-581	-699	-234	55
-581	-370	-477	305
-579.9399738821093	-575.2373575899492	-38.68262259647859	-494.8803080109875
-579.531416400426	-624.2034078807242	-61.87113951011713	-349.5378061767838
-577	-583	107	-440
-576	-172	-297	-355
-573	-442	-184	-399
-573	-205	-212	-557
-571.2076124567474	-335.08304498269894	-455.636678200692	228.5640138408304
-571	-266	-287	-360
-570	-443	-146	-418
-570	123	-273	-559
-569.6760563380282	-334.61971830985914	-455.0845070422535	228.3802816901408
-567.7849056603774	131.72830188679245	-449.788679245283	-512.4867924528303
-567.1818181818182	-501.72727272727275	-306.1818181818182	-320.54545454545456
-567.0933940774487	-666.3143507972665	-321.39179954441914	66.05694760820046
-567.0886319845857	-668.4296724470134	-322.5125240847784	64.90751445086705
-567	-361	-117	-467
-566	-542	-385	214
-565.5902085222122	-660.3055303717135	-298.90661831368993	-239.34632819582956
-565.3034505208334	134.08489583333335	-450.290625	-510.1699869791667
-565	-499	-304	-323
-564	-682	68	-379
-563.6136480302719	-658.2624006335984	-299.15224692734154	-236.42214954093456
-563.4324920614309	-663	-293.5714459410008	-232.8815116924203
-563.3609089653371	-660.7216288609242	-295.6077055368616	-236.1389870140082
-562.1957337460397	-469.0796162999518	-205.74831729716314	-521.514396052036
-561.3997949769349	-636.2407312489322	-334.3903980864514	-334.38083034341366
-561.3561704730063	-636.5053114535035	-333.4495944005453	-331.8210809339968
-561.2085921693862	-636.6102365085569	-332.53753389669686	-332.1118997048831
-561.1920319937014	-634.4594245428193	-334.4465876963819	-333.0193089503632
-561.1765769718819	-636.6038794388949	-332.5752995206703	-332.15582497811545
-560.766046055855	-120.87346888780009	-428.28141842234197	-412.7629838314552
-560.6666666666666	-119.33333333333334	-429.66666666666663	-415.33333333333337
-560.4242771366462	-636.5627167930644	-333.3727434529314	-333.30693454565164
-560.3490164308303	-637	-332.43307338559515	-332.91253910278886
-559.3070104817707	-636.6262158229101	-333.26862406212075	-331.1862393082945
-559.2001404606037	-730.4586439599562	-202.31886935193384	-139.80829736770903
-559.1625112107623	-641.7224514200299	-309.6083707025411	-95.95545590433483
-559.1105844605225	-636.8910936175212	-332.6674171049532	-333.5131104336039
-558.8423596770863	-636.3570566389612	-331.5160524379856	-334.54249551508735
-557.8931786335272	-730.2207350008597	-202.41270256356177	-138.5284409853632
-557	-228	-348	-301
-556.2314477344778	-451.9173370139533	-390.69878582673766	87.30444909314414
-554	-348	-398	-189
-553.5453569288634	-391.3583704608959	-39.8745216921863	-662.7731352669329
-553.2889647063004	-392.94327709125605	-37	-657.243163051043
-553	-686	-10	-326
-553	-301	-318	-395
-552.9173432932771	-511.57746021435526	-120.58265670672296	-524.635108801559
-551.6749966371124	-507.68298820528946	-117.1149456559166	-526.9413343707874
-551.4314122238886	-507.8990701382626	-116.68245267333883	-524.7279840417773
-551	-298	-254	-415
-549.7993197278911	-313.22448979591843	-447.6632653061224	90.843537414966
-549.489932885906	-285.5838926174497	-183.79194630872485	-565.5704697986578
-549.3311258278146	-314.7599908654944	-446.68782827129485	92.17241379310344
-549.0674603174602	-315.04365079365084	-446.781746031746	92.12698412698413
-549	-507	-117	-528
-548.7109951170635	-509.29455211668505	-116.95630968687057	-527.481698241711
-548.1945495150907	-390.14830537051773	-38.35657648040419	-664.1611656322319
-547.7440464010397	-392.1196331288912	-36.38184495120691	-659.0631698068892
-547.5144880875724	-287.34063103670314	-179.35415325177078	-564.4694140373471
-547.1963441537977	-287.4076208485285	-181.31852085303078	-564.008599342668
-546.7986385296119	-286.6605854322669	-180.34486044928522	-564.1588835942819
-545.7950929397512	-408.8952140882278	-217.24229490219244	-467.2486777587258
-544	-166	-503	-50
-543	-530	-349	-15
-542	-409	-214	-466
-541.0109664979514	-490.61026753434567	-78.07507833212821	-602.6536514822849
-540.4472525593739	-674.0855349774745	-200.74077498309362	-275.04388913753917
-539	-638	-362	312
-537.7632508833922	-16.093639575971736	-556.6413427561838	-195.03003533568904
-537	-38	-511	-338
-536.7978925507285	-695.3417371646466	147.64563134958462	-459.38892155794633
-536.7754821737723	-38.721939163654454	-510.22265146081133	-338.00773686891205
-536.6889545194612	-38.742953158591945	-510.54286557073266	-337.94335200909177
-536.2883156297421	-331.15933232169954	-289.98937784522	-372.15022761760247
-535.202908129544	-103.82947785855916	-88.36285525446135	-726.1810971579644
-533.5777116814584	-321.5489661789398	-232.19760134324778	-522.8507076037419
-533.104886150177	-102.41032642822849	-88	-727.6018092357338
-533	-485	-138	-378
-533	-350	-417	-2
-533	-251	-393	-237
-531.333852274693	-377.1702560110707	-446.00229199100505	281.32861961598337
-530.5376717331304	-664.693132981218	-342.68767826802286	-109.18631362871048
-530.0467887849899	-664.4227532522845	-343.0209682510106	-109.68682873900218
-530	-531	-223	-581
-530	-440	-413	-24
-529.9900133654273	-664.2039287028526	-342.0314844226661	-109.92680875331946
-529.567383547316	-664.736829656578	-343.16336860786686	-110.02418935061358
-529.3577904633983	-666.54600402955	-346.2763599731363	-110.35711887172599
-529.1935022431222	-328.43705364410147	-290.354310086272	-368.1359073790337
-528	-663	-344	-111
-526.1116248330841	-606.752558647407	-448.72875038134265	323.9217416733008
-526	-500	-264	-581
-525.1860465116279	-604.9069767441861	-451.09302325581393	319.6046511627907
-524.9377163434048	-604.9610337809506	-450.3579443762104	322.08651969648935
-524.3032608695652	-606.2782608695652	-447.5608695652174	323.8108695652174
-524.2146620909864	-605.6217437596388	-450.56665908579174	321.80141162679917
-524.0157632004189	-605.8940528382744	-450.52569990584004	321.92139915732923
-523	-677	-161	-166
-523	188	-404	-516
-522.0324303517298	-226.14855891834674	-426.3881537795313	-341.2793629408651
-520	-474	-424	94
-518	-193	-510	299
-516	-342	-81	-605
-516	-215	-474	124
-515	-684	-120	-391
-514.0445652173913	-365.85217391304343	-391.6445652173913	-185.95978260869566
-513.2	-534.6588235294117	-160.55588235294118	-431.4264705882353
-513	-511	-397	292
-512.9202898550725	-193.28985507246375	-489.44202898550725	-53.818840579710155
-512	-533	-161	-430
-511.4951364219688	-190.01329811966448	-94.75135306042739	-614.9451150333848
-511.08902940640064	-662.1382783546906	-242.84464335446407	-259.9680764764225
-510.8247191174021	-661.9767760255565	-242.9070316631292	-260.33153925836854
-510	-682	124	-399
-510	-324	-442	82
-509.2967092663981	-504.4610625717406	-248.1945663268169	-343.1331032471289
-508.8227224335387	-660.177463616819	-390.0831800140571	-164.9617433952123
-508	-367	-316	-352
-508	-93	-438	-265
-507.85714285714283	-522.7142857142858	-332.42857142857144	-505.0952380952381
-507.6666666666667	-520.6666666666666	-334	-505.5
-507.25	-522.375	-332.75	-505.97916666666674
-507.2063492063492	-521.7619047619048	-333.6349206349206	-506.54761904761904
-507	-389	-428	122
-507	-148	-112	-714
-506	-566	-87	-522
-505.6899224806201	-522.5271317829457	-331.37209302325584	-505.23255813953483
-505.2598425196851	-388.8385826771654	-114.85039370078741	-595.740157480315
-504.62126984126985	-505.5174603174603	-346.04317460317463	-363.93968253968256
-504.03977272727275	-439.0284090909091	-304.6193181818182	-556.4488636363636
-504	-641	-405	221
-503.72267766696257	-439.07683471037865	-304.33708221703625	-556.132208400445
-503.3182650682651	-439.0999000999001	-304.2880452880453	-553.8497335997336
-503	-373	-453	-19
-502.8631355369707	-439.16341431036767	-304.64091331474845	-553.9863268286208
-501.30592957017086	-181.6343863283273	-519.960383221129	70.9062661833247
-499	-1	-187	-610
-498.8656282805596	-351.463855862894	-377.95332145211296	-254.27401674763803
-498.5392649649501	-310.6367177927724	-407.38295762173885	-242.85185263795654
-497	-125	-448	-220
-495	16	-467	-344
-494.64950304462184	-349.4379768893674	-375.70415257318984	-255.50031143795843
-494.203116486887	-348.08641744732114	-376.1711876400903	-255.27778264564358
-493.4629467410208	-346.38196263289285	-378.57865498422586	-255.8380367292067
-493	-263	-490	385
-492.07922713603483	-346.6281466769683	-376.6458919299281	-254.96924366635682
-492	-632	-456	303
-491.67777303811704	-346.3939152567685	-377.6840021505212	-254.32911432613338
-491.42210499223796	-632.2090070944857	-457.4985902602844	305.06265789921633
-491	-334	60	-683
-490.5925925925926	-496.8888888888889	-459.2037037037037	77.12962962962963
-490	-497	-460	77
-490	-254	-436	-118
-489.704092339979	-497.86149003147955	-460	75.74606505771249
-489	-226	-495	121
-489	-211	-520	507
-488.5616327678713	-702.6773215712443	-206.42581415460484	-114.72446967361998
-488	-419	-351	-179
-487.73797791804486	-294.55064906128007	-414.35240344756903	-59.99832216480068
-487.61307954472386	-360.1879300366536	-470.58327438749916	145.88209761430136
-487.5273511182969	-302.6963082727027	-337.5084882780921	-449.1707087038534
-486.9121158736332	-559.4833659109486	-201.8176621593062	-451.6915045377138
-486.6830681714706	-354.40105087273173	-89.61345191605145	-626.4521928340254
-486.5282030988428	-362.4063430834987	-93.48257070955958	-631.1232404084896
-486.51889233551043	-296.4002774616931	-416.81569061462443	-62.80166944647951
-486.28606798883214	-704.9754249049606	-205.41609232008412	-110.46345253205926
-486.03210015896457	-197.61146840843045	-341.9005687468971	-495.75641073325824
-485.82670486061943	-337.1712802159594	-397.6731566923147	-231.38795032501235
-485.28783580926597	-336.3219234788478	-398.06971958175995	-229.91337508128174
-485	-507	-417	-22
-484.839590443686	-40.3216723549488	-608.740614334471	-23.72525597269626
-484.6501691606587	-296.7077359791025	-414.52429734710233	-60.24278856642408
-484	-694	-252	-105
-484	-163	-440	-226
-483.70524567079144	-734.4532473090569	-86.84618251933935	-291.6022788456671
-483.189874330151	-41.37978233361306	-606.9190435727382	-22.21232337953768
-482.9729323685542	-703.9079383348695	-204.31431564198172	-111.92288685415514
-482.2102052672347	-374.42447714949657	-413.7710108443068	-25.77875677769169
-482	-731	-85	-292
-481.48234585525023	-705.5953015648284	-203.32314901952824	-110.07028445754358
-480.19889065460654	-150.244240865749	-548.1931780915002	-172.48347495575655
-480	-527	-254	-362
-480	-375	-411	-25
-480	-315	-565	216
-479.9445324749508	-315.34551289491316	-565.3764356872055	216.10953332177533
-478.731529077828	-541.7240309441578	-409.8100429050756	274.21840242171675
-478	-674	-59	-433
-478	-398	-409	-218
-477.99397517773224	-709.2272562959392	-221.843113628148	-0.11531509820461006
-477.91123508280566	-689.252092973697	-398.9289226132489	59.35610235021919
-477.45068143100514	-373.95820556501985	-362.0773708120386	-229.4410562180579
-477.3571230444913	-374.3749399016236	-361.29070046969196	-229.90252967935203
-477	-690.2326939628674	-404.31390630763553	58.59378458133529
-476.9323235492582	-401.7101872053904	-236.30405217958054	-611.6624245720856
-476.15384615384613	-405.04615384615386	-399.1384615384615	-114.64615384615385
-476	-575	16	-504
-475	-556	-402	-14
-474.791128247218	-178.07734152812506	-158.64413735183524	-620.8589070641904
-474.6911322353234	-493.5747685706957	-446.6904871091351	-92.04993898505327
-474	-371	-364	-226
-473.12502533146255	-494.28713235523617	-445.4371501414828	-88.78318488167375
-473.07433302275297	-493.96519129142155	-446.10089119966995	-90.04497251008199
-472	-408	-150	-611
-470.2724288840262	-368.7691466083151	-276.0853391684901	-610.8665207877461
-470.15010369082876	-370.9631336746904	-365.58351825777856	-224.87121518721844
-469.5727938186255	-374.35827572183814	-415.81415209434726	-271.19052460349735
-469	-569	-131	-340
-469	-326	-121	-660
-468	-334	-363	-523
-465.3760201511335	-494.54831234256926	-356.79596977329976	-438.686952141058
-465	-208	-489	-263
-464.7691985243482	-336.5249729022052	-359.4724225183898	-518.97427384824
-464	-460	-461	-249
-463	-43	-397	-546
-462.15726093772264	-372.22469919990226	-410.74449805574216	-272.1754819927116
-462.1191370794106	-648.7241384162902	-309.4532584680767	-286.6061834198787
-461.95072958625656	293.89233600981674	-451.06188812121536	-608.8446661509323
-461.5172361997747	-194.64149991953224	-619.6810042379701	249.4513491765463
-461.0009896886287	-193.0914150855615	-522.6597585836456	-133.98793341171893
-461	-463	-185	-610
-460.97005604483587	-309.9915132105684	-581.8734987990392	402.14059247397915
-460.28886310904875	-137.3167053364269	-635.6403712296984	186.91647331786544
-460	-136	-635	186
-459.15863330042134	295.0481906806859	-450.6562982587882	-609.6544470105921
-459.11753700244736	294.7127915291229	-450.1552833154442	-609.2579741617685
-459	-188	-344	-597
-457	-684	-81	-485
-456.84522837297413	-696.4928478215113	-257.6593615379219	-111.55476601417244
-456.07657455395986	-524.0641275422321	-278.7150074456291	-528.2092285211991
-455.29166666666674	-350.81250000000006	-607.6666666666667	337.40625
-455.07722952649306	-300.904232584444	-554.1923956618136	102.99999999999999
-455	-546	-388	-336
-454.8846153846154	-546.2307692307692	-388.21153846153845	-336.0288461538462
-454.5131964809384	-546.0293255131965	-388.54545454545456	-335.683284457478
-454.4316885107125	-303.45784860045933	-555.5223644334734	102.77061801864221
-454	-288	-472	-142
-453.010074757665	-526.737538770443	-276.2133212457101	-526.3057412735329
-452.235719258539	-705.0725875094724	-28.323196660900777	-474.196736078323
-451.9596411658918	-678.5686893936199	-268.3034617618147	29.76102093937928
-451	-528	-405	49
-451	-527	-400	-193
-449.1602138862189	-705.9307898766369	-29.905112799133192	-481.7106968495169
-449	-136	-346	-558
-447.6424950904957	-702.6892055466266	-30.166568624220545	-475.7493455650336
-446.6130022868344	-654.8607121855603	-216.52610258085596	-324.8633387781771
-446.4269261107439	-707.5311501680876	-28.010741519875644	-474.8770273061816
-446	-651	-215	-326
-446	-527	-428	58
-445.99607888675087	-673.4389748371227	-266.2417487647549	29.573306939774795
-445	-477	-463	-175
-445	-182	-540	-288
-442.7371353547722	-221.75340962475434	-389.4301832680366	-379.424208713236
-441.852985837987	-524.4700275832148	-519.3038380710099	245.86608293484719
-441.7532388106914	-524.4146040583979	-519.5491638230521	245.9585188069052
-441.705220845992	-334.22849263846695	-480.839121290021	-114.6079925216172
-440.7857142857143	-405.0357142857143	-494.57142857142856	36.98214285714285
-440	-349	-475	-56
-440	-219	-390	-382
-439.22316196073547	-731.3254061844316	-261.0967124373179	48.87412537392822
-439	-525	-514	400
-438.9145239134987	-525.0344016668657	-516.2508761475342	246.35404657562242
-438.6666666666667	-382.6666666666667	-456	-336.5
-438.60526774213963	-525.8685084588228	-515.9023169988315	248.7736525891031
-438.3754105098223	-384.44044038116755	-457.88752985645425	-338.7846929633545
-438	-537	-45	-545
-437.5676596538693	-733.022150266409	-255.37010403415684	55.19609537665278
-436.2776125368902	-162.52119334876124	-391.76554857006755	-375.98144052026134
-435.0076035423562	-579.0284909204759	-98.74250827444314	-614.3697110653904
-434.99156000764856	-329.3053538513268	-481.58425355665116	-112.54562507675902
-433	-639	-103	-522
-433	-489	-472	-26
-431.87046692156184	-558.2730853898737	-142.73792144595063	-468.67338662959105
-431.27701373699864	-579.5796722317509	-98.4173695142484	-610.3197235291341
-431	-580	-99	-612
-430.6806558396222	-173.46749076134049	-660.1168873573118	151.928428225345
-429.0570815532789	-742.6558338722278	-70.08502919115841	4.956702299825228
-429	-339	-524	144
-428.4632543502407	-326.8572498401266	-594.3825014304466	81.76801521322068
-427.2108448730926	-171.6594243753592	-661.6803613701154	152.6233088549372
-427	-171	-655	151
-426.95042929194835	-172.11041106950503	-661.0237848589618	152.73095360183476
-426	-738	-72	0
-426	-372	-479	33
-424.1057753843415	-310.723916327234	-544.0739411549037	-12.25758867009526
-424	-563	-202	-398
-424	-245	-494	-447
-423.6563328033916	-339.19422363540014	-551.4128245892952	-15.570747217806044
-423.62044601490254	-230.9121704963834	-615.9203914131023	353.5957047180685
-423.4410020049078	-228.7359732725011	-618.7637466851097	350.7512221993891
-422.46962571891436	-230.357630514873	-613.9520929180237	351.9061586845375
-422	-61	-341	-621
-421	-226	-613	349
-421	-110	-392	-604
-420	-556	-411	30
-419.1186681394982	-611.1781600126243	-154.14801956761875	-370.83130818999524
-419.05371900826447	-633.3223140495868	-107.88739669421487	-512.7479338842975
-418.1163112446925	-490.4514336148084	-518.5874242641096	-81.61084871904967
-418	-633	-108	-512
-417.46153846153845	-707.8076923076923	-76.57692307692308	-355.2307692307693
-416.4076086956522	-635.0326086956522	-104.91304347826087	-511.7948369565217
-415.6849087893864	-635.0514096185738	-104.5223880597015	-511.08208955223876
-415.6715011616869	-708.0110876157134	-74.26949194102467	-350.2486398430691
-415.6220553459468	-713.0871432709517	30.881083045187196	-376.74618060141125
-415.0295857988166	-635.0189652556517	-105.44424214838416	-511.30465786678803
-414.7991352201258	-307.2049921383648	-310.1768867924528	-725.5371462264151
-414.50573794233674	-708.0888248976169	-73.24533542674544	-350.3938062509799
-413	-491	-574	190
-412.7908716887616	68.77078170488176	-461.7296152828237	-593.6329668214518
-412.66606425702815	-675.8013052208835	-364.71967871485947	-119.37088353413652
-411.9874504623514	-528.8282694848085	-392.2430647291942	-196.65918097754295
-411.9680198403047	-308.92578725794795	-307.8929473060415	-721.545968054095
-411.8991670790134	-308.34924075553624	-308.9505624487978	-720.7452566473614
-411.53601546195273	70.15881901174834	-461.75102651968314	-592.8432387450797
-409	-492	-235	-638
-408.5625	-492	-235	-638.5625
-408.25	-490	-419.75	-122.25
-406.9230769230769	-334.4102564102564	-198.53846153846155	-638.6923076923076
-404	-331	-197	-639
-403	-685	-178	-170
-403	-684	-25	-505
-403	-305	-584	-66
-402	-281	-373	-346
-401.9491525423729	-744.9152542372881	-136.50847457627117	-296.1186440677966
-401	-746	-138	-297
-401	-546	-332	-356
-400.0436637390213	-464.0225846925972	-645.2170639899623	502.7951066499373
-400	-301	-651	418
-398	-521	-106	-678
-396.85395300532264	-254.85940542645722	-404.5125275866545	-351.2421134622874
-396	-353	-374	-444
-394.9029754204399	-274.6002587322121	-504.8175937904268	-224.77619663648127
-393	-274	-505	-224
-392.5590551181102	-274.329940464759	-505.0624159784905	-223.78202419819473
-387.5098039215686	-356.546218487395	-533.7254901960785	57.90756302521009
-385.07482305358945	-687.1961577350859	-302.59959555106167	-159.03842264914056
-385	-354	-535	58
-385	-344	-475	-315
-384.9215909090909	-517.5526515151515	-527.621590909091	144.05492424242425
-384	-637	-156	-386
-384	-191	-337	-583
-382	-514	-527	144
-379	-655	-418	129
-378	-251	-387	-355
-375	-482	-475	-330
-375	-351	-425	-373
-374	-575	-112	-457
-373.5164319248826	-664.0798122065728	-228.6713615023474	-283.86384976525824
-372.6744862349748	-357.7603722373013	-499.9716944552152	-248.42787902287705
-372	-334	-595	157
-371.2509215376514	-454.83622959452345	-594.3135860979463	247.8896787783044
-370	-505	-477	73
-367.14937618883584	-565.5403028442195	-194.15537016789733	-347.1872571779472
-367.0256710439088	-564.3662838846697	-195.24383663221695	-347.4044418562945
-367	-191	-602	57
-366.91746259895433	-612.0666717869663	-490.13656387665196	140.56704758038416
-365	-709	-141	-391
-364.8888888888889	49.02508960573476	-423.59498207885304	-527.6129032258065
-364.73837209302326	48.48837209302326	-423.4796511627907	-528.2441860465117
-363.9571619768046	-713.0268266884027	-316.7145525733097	74.16715586171583
-361	-492	-485	128
-361	-208	-519	-307
-360.3320099152434	-713.6194974432444	-312.14263617338986	73.63839148998795
-359.5894245723173	-692.6594090202177	-295.2890468784715	-279.37458342590537
-358.8492045913515	-365.7955649942022	-402.47590322202393	-413.10131200083384
-355	-679	-330	-82
-355	84	-510	-463
-352	-533	-250	-477
-352	-466	-544	-2
-351.57841483979763	-661.1332209106239	-231.6973018549747	-288.6863406408095
-351.5286599448402	-688	-324.82712847458384	-79.82511043178641
-351	-524	-89	-660
-351	-382	-498	-209
-348.9324612108306	-683.9330696683905	-362.99452388195925	32.30301186492242
-348	-719	-345	102
-348	-629	-226	-497
-347	-9	-433	-530
-346.92447421653947	-644.805774133987	-419.6317255981901	-44.01060351509574
-339	-524	-298	-404
-339	-433	-354	-531
-338.46740800982445	-571.8436574102748	-349.01521721116313	-171.97012381508404
-338	-350	-477	-503
-337	-670	135	-572
-336.93769756804534	-433.9060788012554	-351.5811334153098	-527.195640113056
-334	-369	-530	-145
-333.0728964550257	-552.5456682765164	-217.21211069723967	-513.1103360856573
-332	-626	-436	-252
-332	21	-585	-187
-331.0671462131297	-563.3872567819727	-329.56195621595606	-393.4074735906345
-330	-207	-428	-551
-329	-672	-388	29
-324.5017284217349	-66.3036080803716	-606.5599006157502	-221.16538835475856
-324	-656	-444	-23
-323.7913043478261	-647.8260869565217	-269.0869565217391	-510.2782608695652
-323.757341077767	-656.9624878993225	-447.837366892546	-24.435705066150376
-323.30954916577923	-647.3145189918353	-268.65033723819664	-510.77529286474976
-323.1309226932668	-645.9317091885671	-269.09783234222135	-509.14559754460004
-322.90825285338013	-656.5289727831431	-446.7129060579456	-24.605794556628624
-322.7782041898281	-647.5148068287472	-268.1070601966331	-510.90023936222826
-322.59742909610287	-224.93593144256272	-587.7206692511731	-290.3068761477249
-321.86619086772794	-223.34860730764262	-599.9550589393348	-137.25300783301475
-321.86539975523004	-223.28199723739112	-599.9217755845494	-137.3533115521425
-321.66666666666663	-648.7333333333333	-267.8666666666667	-509.93333333333334
-321.1256086936586	-224.24880553899766	-586.4306570681829	-290.6584804438534
-321	-271	-574	-197
-320.2	-647.6	-267.6	-511.8
-320	-354	-177	-676
-320	-225	-585	-289
-319.51882002540606	-62.943221129250176	-607.9230368165405	-216.44751755061702
-319.13228010582617	-622.6086488135941	-464.4736824386721	170.64105236888938
-318.62338698949054	-715.4912199015565	-240.11294399361446	-80.10050552081947
-318.53360721485285	-525.9572804960749	-265.0241686583579	-552.8824925049432
-316.61168604650845	-715.672388508638	-238.94251129093843	-72.73722155513875
-316	-468	-531	-180
-316	-88	-485	-499
-314	-529	-403	-656
-313.94301529790215	-48.62415423653172	-670.1011692258587	-122.88733151319656
-310.2926445298846	-625.9932974484445	-490.9919272981475	288.63775183502275
-308	-717	-12	-443
-307.63514698925036	-491.0457884215421	-492.17308301541993	-177.2706203206103
-307.37423312883436	-700.7239263803681	-199.94478527607362	-192.44171779141107
-306.5184049079754	-698.2613496932515	-198.54969325153377	-192.9717791411043
-306.3850675938683	4.837955072879009	-476.06111928551286	-529.0091696621505
-305	-694	-200	-196
-305	-680	407	-600
-304.12884384859626	-631.9405497544537	-379.936549748725	-268.32006255737645
-304	-704	-385	88
-303.6532036744254	-171.40188640716323	-649.641466614275	143.509721324105
-303	-317	-557	-17
-303	171	-493	-507
-302.4095803359784	-595.6354328827441	-506.4217328978216	136.55140254653597
-302.35929152833717	-686.3681277630789	-136.2413365015701	-456.9695141475253
-302.10201654428977	-596.0116458692773	-509.5985060653479	132.17184260856772
-301	-260	-486	-264
-300.350339946953	-599.2312695165137	-550.2295415013448	158.5104966835818
-297.1077233411498	-681.6871562091376	-137.07359467668277	-452.70403538451103
-297	-53	-538	-502
-296	-668	-259	-326
-290.4244131957011	17.1104615127273	-466.8948081696806	-530.869796019135
-290.1555555555555	-697.411111111111	-253.33333333333331	35.13333333333333
-290	-676	-279	-287
-290	-541	-289	-556
-289.0312082032992	-686.8366027641551	-472.19861792242534	-123.87561301827913
-285.6008928536808	-669.5980926478812	194.32847960862944	-589.6539167677211
-284.3657142041457	-687.0428063321651	-471	-123.87561301827913
-284	-491	-499	-168
-283.99151469551396	-686.385741260562	-469.05124710822224	-123.87561301827914
-283.3231135822081	-686.6606830818109	-468.73868149324863	-124.48991262907069
-283	-670	191	-592
-282	-704	-231	-344
-281.419689119171	-654.7227979274611	-486	-278.7383419689119
-281.41650371529136	-654.7549863120844	-486.07508799374267	-278.7696519358624
-281.27655838454785	-655.5160959906351	-485.77758267486104	-277.9638571846649
-280.63194444444446	-654.8958333333334	-487.0486111111111	-280.74305555555554
-280.5568181818182	-655.1022727272727	-487.0568181818182	-280.6704545454545
-280.2600003248177	-497.4912542835334	-449.8176148636578	-284.9839702466991
-279.9439167523746	-672.3029826365781	194.97652610563253	-589.6902413939138
-279	-176	-640	241
-278.0934579439252	-289.80957943925233	-364.96845794392516	-700.6658878504672
-274.0694813027745	-285.11944623671	-365.1722907958594	-703.385397088114
-274	-286	-364	-703
-273.8103538464135	133.67585171186067	-590.6194083998448	-494.5946880853146
-273.12263363920937	-495.1640834920089	-446.3437776940193	-285.62513610337805
-272.73492367434204	-287.3332651343406	-363.3028076472583	-704.0825648359586
-270.7332761799728	-627.15274163809	-144.30981285864453	-520.0210534024918
-269.87523230343936	-708.3689662524613	-170.801908595467	-470.49419534662735
-268	-710	-29	-338
-265.21865040451087	-674.1168178475117	-288.4228518019122	-291.3355601863202
-265	-493	-586	-10
-264.2977592345758	-672.5809388507023	-290.07514925711877	-286.6377692226666
-263.9552678045909	-523.7772218952325	-473.3449087698646	-377.0735726898175
-263.8002244668911	-524	-473.2629068462402	-377.047138047138
-261.98330902366	-525.2940620782725	-473.28578168095714	-377.24320805899754
-261.3103733114298	-524	-473.45274186585686	-375.06287969561663
-261	-254	-588	-185
-259.6238337091063	-523.8197005505865	-473.36943658835816	-375.4380660045995
-259.52591922854384	-524.9428072089115	-473.3152787857807	-375.68593358904246
-259.21441816384674	-527.2837370242214	-473.3458986525958	-377.478996618423
-258.859356071735	-525.0494448932463	-472.9624698353945	-378.0551746231858
-256	-633	-547	52
-254.8339100346028	-527.2837370242216	-373.0449826989624	-709.1107266435988
-254.8252394555537	-527.0897328180138	-372.9951268694337	-709.3253234750462
-253.84130495937862	-526.4916504681871	-372.8741002705269	-709.9230277866496
-253.82669065826934	-526.5681661418503	-373.860038986355	-709.8796221322538
-253.8256741069123	-526.3100824859384	-373.13944962199525	-709.9230277866496
-253.30674502392063	-616.1233240800898	-320.7868702380249	-478.4465772842714
-253.20777787348885	-526.555194915822	-374.49006996487407	-709.8796221322536
-253.14018950282124	-526.5145746832748	-374.5470030874055	-709.9230277866496
-253.0143133462282	-526.4729851708576	-374.60154738878146	-709.9600257898131
-253	-216	-664	213
-252.23265594210068	-526.154954311621	-374.9160012775471	-710.2439193478082
-251.632221298223	-620.2585381275892	-563.7361884339656	302.49846576905566
-251.2392547500461	-525.0988747463567	-374.9463198671832	-709.4510237963475
-251.04864864864865	-525.7189189189189	-374.4432432432433	-710.3135135135135
-250.98259187620891	-525.6186635629317	-375.18713546262154	-710.34205951943
-250.91624508150645	-525.9971894322654	-374.5025295109612	-710.3282743114108
-250.8360941586748	-525.6033129904098	-374.6992153443767	-710.3530950305144
-250.76386997957792	-525.4573973224416	-375.1593487633311	-710.40682437032
-250.58254269449716	-525.7058823529411	-375.17267552182165	-710.5787476280834
-250.54240354240352	-525.6487296487296	-375.2211572211572	-710.6346626346626
-250	-285	-541	-94
-249.75877623998915	-717.7192805362774	-293.4150388221128	41.01376758635034
-248	-590	-361	-333
-248	-340	-523	-205
-246.9762544074143	-715.2359911173482	-293.4961166683686	39.88794059479118
-246	-353	-500	-205
-246	45	-608	-423
-245	-600	73	-571
-244	-688	326	-521
-244	-231	-439	-587
-241.68062013495836	-103.42891372767423	-548.6955665790258	-425.1133417088681
-241.04516129032254	-648.2497695852535	-535.3852534562211	374.91059907834097
-241	-720	-62	-323
-239	-268	-535	-223
-238.88814328316727	-644.7469277746691	-535.6564371172698	380.7357467095302
-238	-324	-484	-284
-236	-395	-404	-388
-235.93024809366534	-647.5216981261826	-536.7877826919287	380.70481824737067
-234.64705882352942	-688.2352941176471	-347.1764705882353	-86.70588235294119
-233	-623	-507	-161
-231	-344	-476	-699
-230.86802030456852	-453.2233502538071	-627.0203045685279	305.8223350253807
-230.2560013153568	-454.68299901348246	-627.239723775074	306.42732653732327
-230	-613	-548	222
-230	-453	-627	304
-228.10920809374187	-598.9172728565563	-512.0620688359813	-160.18448654754846
-228	-704	-175	-364
-227.89817685403733	-514.1241518745699	-375.78078593573116	-688.4485408912993
-227	-359	-511	-197
-225.9827213822894	-487.85097192224623	-421.3866090712743	-430.4730021598272
-225.59722345230716	-599.3551205975261	-512.1835975555753	-158.93981194461665
-224.01611106796747	-695.5895711985693	341.2889604758442	-545.0636268549727
-224	-9	-651	-149
-223.8980344666353	-520.8225294400106	-500.41825497986986	-307.8519674610544
-223.49683940447437	-527.3339010552575	-501.4884824385296	-311.51821859990326
-222.8085106382979	-640.7234042553191	-354.7872340425532	-494.3617021276596
-221.6077898742408	-558.6364391894622	-329.29942786017006	-546.8106022858659
-221	-707	-167	-481
-221	-659	-241	-461
-221	-637	-355	-495
-220.68502832537757	-540.3828764665586	-314.14723759609427	-608.5602553089695
-220	-237	-558	-240
-215	-193	-501	-412
-214.69175651968294	-721.2446675440369	-186.6022611247412	-167.85657390629896
-211.79275755174666	-462.72901010606506	-582.1120341409844	-290.50289002877514
-211	-311	-659	-8
-210	-701	-288	-129
-209	-387	-464	-413
-208	-328	-589	2
-207.35924417057345	-328	-589.1556697443036	2.269371711671141
-207.13140603904594	-327.98731757495227	-590	2.3735807813471084
-206	-404	-490	-480
-204.87163484928053	-517.5213322551401	-462.14184168016357	-523.355438433947
-202	-652	-518	62
-201.94112636062474	-666.8724088973024	-411.67676289635585	-139.01911973497397
-200.05340539839364	-664.1708610108267	-412.2799869400601	-137.87375857111786
-198	-371	-601	-68
-196	-561	143	-638
-194	-625	-522	-17
-190	-333	-526	-509
-188	-31	-570	-295
-186	-652	31	-545
-184	-324	-630	28
-183.28314085480207	-109.36255507398535	-666.5572051578862	-444.4142595633564
-182.86888663968338	-106.88182834449145	-664.4912495940533	-444.87519457751716
-182	-107	-665	-445
-180	219	-681	10
-179	-697	-409	29
-176.7481534887807	-543.6611495517091	-426.94808664223984	-715.6174053809057
-176.67481418105865	-542.6285836919328	-427.01825965672197	-710.3404255319149
-176.66926873818346	-543.9629320021814	-426.99547107776294	-710.4052386900082
-176.66926873818346	-543.7124127421146	-428.28206136360666	-714.3265864425059
-176.6692687381834	-543.7124127421146	-428.2820613636066	-714.326586442506
-175.38613575983416	-544.1110543132695	-426.49756025907794	-712.0036709568735
-175.28115648711847	-545.100557089301	-427.13625010112537	-712.6216655114688
-175.00605032301726	-544.3957475618341	-427.19203023374547	-713.4105803055189
-173.80449420470234	-544.825597059121	-426.39277152930333	-713.6175034723316
-173.79655712050078	101.10015649452268	-692.4741784037559	-122.40532081377151
-173.52777177436786	100.46725740220445	-691.359412146099	-120.76982926302139
-173	101	-691	-121
-172.78068068675742	-541.6453392858159	-428.28206136360666	-716.3561966684539
-171.80232315346836	-542.1659085065821	-423.39117075221316	-716.7747415936609
-171.51950895892992	-641.9833480228542	-302.4256980206982	-517.9274493706492
-171.063428146734	-108.41975895671531	-725.2390512960106	173.55715139500109
-171	-574	109	-630
-170.66666666666669	-554.6666666666666	-151	-614.5
-170.51789895079145	-556.7850661300696	-148.53357446239468	-613.5890829666516
-169	-555	-150	-615
-169	-107	-725	173
-168.39219110935827	-107.00000000000001	-724.1239506451068	171.97270268747533
-167.8779208526056	139.98070583374968	-481.65309301228496	-562.6203610398529
-167	-708	-264	-166
-166.48000000000002	-711.3199999999999	-265.56	-167.06
-166.32952543490688	-639	-299.0638501670912	-518.0559112578346
-166	-696	-218	-521
-166	-695.0422699281415	-218.8919169432766	-519.7279166726205
-166	138	-481	-561
-165.92658317937068	-694.1150442477876	-218.2056857149019	-519.9860211497955
-163	-67	-581	-474
-161	-707	-225	-244
-159.79156160474213	-644.0927121139956	-512.4348410797934	-139.77992648661828
-159.41343963553533	-350.12784738041	-628.3846810933941	-299.85848519362185
-159	-641	-417	-465
-159	-521	-499	-364
-159	-265	-718	343
-158	-715	-152	-276
-157.85396825396825	-645.2042328042328	-516.989417989418	-143.14179894179892
-157.75504151838672	-500.7338869118229	-544.2012653222617	-220.33392645314353
-157	-349	-628	-300
-156.76110204629933	-646.1261563760584	-514.9433538365103	-138.54386044504295
-155	-375	-572	-339
-154	-227	-214	-742
-147.29851904546337	-289.92860376382333	-667.5674836706978	141.73401021793958
-141.96013800186267	-118.5986152954017	-517.8008032536262	-586.4184767858922
-140.99119496855346	-703.3672955974843	-285.4993710691824	-53.913207547169804
-140.29972752043597	-670.1307901907358	-312.21707538601277	-292.75930971843775
-139	-116	-516	-588
-138.56065066980716	-116.66163697924334	-516.526424260268	-588.4323568379214
-135.50774409535722	-489.5656224707527	-433.1139081009492	-524.0887535869325
-135.24820959477412	-334.91336136720037	-498.5440934107095	-459.25167304254023
-135	-692	-339	-363
-134	-528	-554	53
-132.75669657203565	-161.887217817702	-643.5314951550278	-361.6600466538879
-132	-652	87	-565
-132	-392	-600	-316
-129	-157	-641	-362
-128.11618515292014	-503.287116435029	-449.1920928440513	-526.8534285954954
-127.7900804382416	-502.945431748907	-449.9413442203154	-526.7728358406732
-126.41060210666384	-262	-545.680624951252	-531.2648337118837
-126.37093809519851	-131.8271772308767	-614.3140984588258	-537.4988563871816
-126.17941176470589	-131.31558823529411	-614.4535294117646	-540.0388235294117
-125.96201157742402	-131.19120839363242	-614.7832850940666	-540.0520984081043
-123	-16	-717	102
-122	-267.7085191022222	-542.7282109028058	-533.3938201545393
-119.00000000000001	-275.1913669855786	-545.4211405147213	-535.8811387111306
-116.08057244243099	-265.86732333855014	-545.6497569473219	-527.2625715860772
-115	-555	-94	-635
-113.87578407866242	-275	-548.9871621533235	-541.470143907899
-113.5934239802225	-274.9020557562375	-549.306710670011	-541.5432241650365
-112	-646	22	-529
-111.01287577365164	-665.319435234306	-449.3750552608311	-305.4900254199823
-106.28961537254347	-270.2451705986033	-539.3702659825113	-542.5466581595635
-106.12142531777724	-642.3961318123028	-362.72109748271885	-485.82415273256834
-106.00201578886609	-534.7661152107698	-519.9124952269317	-315.06630790952926
-105.95676527604476	-269.6867368167448	-549.306710670011	-542.1849068848323
-105.02325581395348	-147.73953488372092	-575.6883720930232	-649.0093023255814
-105	-522	-596	-49
-104	-148	-575	-649
-103.87982832618027	-148.00858369098714	-574.9227467811158	-649.0858369098712
-102.80627254155729	-535.9822153602712	-513.4917838027243	-312.7712811166551
-102.17888427846935	-148.01198709082527	-572.7519594283079	-649.0276625172892
-102.08695173062989	-659.1033409785362	-346.0613751652933	-459.95682016839373
-98.2434828083086	-492.44719842586636	-499.2937392069888	-380.29926974345085
-97.88559884073082	-651.06647396628	-492.682144034594	-289.7612687557024
-97.80669933637604	-650.1697788214776	-493.06576865428497	-289.12546567781885
-97.63894762602493	-650.7024587199126	-492.04833790706033	-290.2665528554137
-97.15170950812733	-649.8414934695047	-493.51566439541557	-289.9635278215288
-96.88963519926034	-649.9916787904333	-494.15194365507773	-293.57878635430404
-96.06153210042044	-659.4890598121663	-342.3700741246189	-456.2746516016631
-95.52487424182621	-493.3135432164738	-495.0611106117064	-379
-94.9155380806757	-664.6573467307412	-337.1335372069317	-545.5785641473715
-94.71870442529485	-650.3111621037563	-488.0278263885085	-292.3900150698986
-93.4284169550173	-649.4070501730105	-488.93582396193773	-295.19195501730104
-93.30151828406593	-663.0074047607336	-337.34671968138406	-544.365010625746
-93.01053630363036	-648.0492533003301	-490.34192244224425	-293.7571369636964
-92.19171405361494	-627.1651232060656	-533.9349038721907	-150.29450311399947
-92	-625.9189435336975	-534.1361566484517	-146.8809198542805
-91.8557755658244	-664.9672130354734	-334.8578724833309	-544.4111817388631
-89	-657	-416	-325
-88	-721	14	-308
-85.4772200236062	-319.7757411650351	-476.11589252239116	-556.986600013886
-83.56543068967913	-579.3638834026419	-341.69514574669745	-537.8577210516391
-82.85353188849584	-361.6350679749404	-446.2204170353724	-557.2116126414322
-82.8535318884958	-361.6350679749405	-446.2204170353724	-557.2116126414322
-81	-725	4	-427
-77	-376	-617	-145
-76.01196595470768	-360.12126815356305	-447.131915130816	-557.3167682115867
-75.76927144656162	-358.2519892588306	-447.13879958508494	-554.7760074720236
-66	-615	-491	-361
-65.28787029780008	-358.09754429472025	-444.82945703730115	-561.8340911729432
-63.39254740078299	-357.24786365308296	-435.02318739778605	-562.7410652825661
-59.64005369342658	-682.7840242021117	-543.5018932943321	59.95395989020895
-58.1932217457463	-672.1724443214829	-356.1680914833771	-222.43477659427305
-56	-629	-22	-575
-56	-436	-672	1
-54	-691	-459	-65
-52.542868493005884	-677.5194581335049	-540.1649835964101	59.588335030227825
-48.77463057363168	-418.62395447394886	-523.0900377377955	-317.52373870659943
-47.297048918230516	-730.1857792448586	287.6462911628642	-564.7616945999672
-42.87893654496998	-647.9544444341981	-462.85862097584817	-556.0745764900082
-39.519608078857175	-644.6670745410581	-459.3579878598268	-557.2116126414322
-38.21311661466558	-643.32738489558	-460.35803668333637	-557.2116126414322
-36.05555555555556	-511.02777777777777	-524.3333333333334	-562.1388888888889
-36	-511	-526	-562
-35.81054365733115	-511.7611202635914	-528.8566721581549	-562.2289950576605
-29	-624	-645	-108
-28.521604938271622	-625.6435185185185	-645.675925925926	-110.45318930041148
-23.14285714285714	-613.7857142857143	-656.7142857142857	-56.285714285714306
-23	-664	399	-610
-22.74552656740883	-665.8228384100532	396.7942903974867	-611.0275918590356
-21	-627	-598	134
-14.064971018254177	-504.99740461977683	-573.4008132191366	-344.6933990829657
-11.651793968264343	78.0932004306829	-624.344448432249	-681.9085070747278
-5.558695652173907	-289.1590579710145	-580.4887681159421	-430.3510869565217
-5	-722	45	-428
-1	-666	1	-635
4.3773584905660385	-444.58490566037733	-571.0377358490566	-346.433962264151
5	-360	-605	-326
10	-744	119	-300
11.083726928487252	-226.87658881190055	-650.0649030507898	-375.8340708606721
12	-229	-645	-378
24	-679	-33	-627
25.779176501442443	-8.777078415945452	-712.6084447941254	-527.0928402832416
28.65933766658192	-536.653491412179	-572.5550613069948	-475.73421934952853
28.7056714842173	-9.180600078461298	-710.189973783544	-526.3656648294317
30.662960379596115	-537.5337733227022	-570.386981761658	-474.70093436636967
31.250171082495996	-537.0126173340784	-570.5721312316799	-475.1183235055944
32.50799403112343	-535.940098060115	-571.1394159027925	-475.77957791515666
44.5631067961165	-727.7434119278779	-259.249653259362	-89.93203883495146
44.95064540622627	-748.5504935459378	-80.07441154138192	-102.68640850417616
45.39350267118098	-665.0502967973698	-247.75560796672022	-683.0308219862786
46	-663	-247	-685
48	-218	-623	-503
54	-700	-192	-386
57.532552194290616	-730.6952279505753	-7.260161908819768	-310.91220707285896
58	-165	-709	-128
58.492063492063494	-164.49659863945578	-710.2222222222222	-127.38321995464852
60	-274	-676	-255
61	-655	-431	-504
62	-514	-580	-249
62.658589573275435	-742.8542397045005	175.678931082526	-318.75498169328966
64	-744	175	-320
67	-750	215	-95
67.45377388753951	-750.5280967874983	213.80665414050685	-95.23269327711837
88	-401	-573	-400
100	-19	-717	102
100.30833333333334	-22.621250000000003	-720.32	102.55958333333331
100.92530221658158	-23.108622679880256	-720.8655519957681	104.21155497538487
101.16327284769753	-22.14993176928425	-720.8655519957681	103.57267475413198
108	-391	-490	-594
108	-276.1075853623397	-523.3662296499062	-679.6471329779571
108.07683318726265	-276.31580484954713	-523.200408997955	-679.7014314928425
131	-536	-623	-162
137	-701	-161	-506
159	-133.4728918372687	-582.8316616083627	-552.9066900814868
159.41856024446435	-133.85002297567902	-582.6909756883807	-553.1691867181094
160.52389051361843	-132.66373714035444	-585	-552.2811096854152
162.96515106714074	-126.98365405346621	-589.0475156665805	-545.3802379946179
163	-391	-644	-309
179.8705762575342	24.207849449858116	-651.7680211026352	-565.1464351780629
180.31670965933708	23	-651.3036046485742	-562.6581840101517
194.2740425531915	-666.7404255319149	-615.8051063829787	-92.52
195.23673861701545	-665.8434777832701	-616.5275992750041	-91.42815949909374
195.8866587957497	-667.0224321133412	-615.6505312868949	-92.19244391971665
196.0088397790055	-667.13591160221	-615.4342541436464	-92.47845303867405
243	-400	-660	-262
299.7279325530696	12.585172138060528	-546.4765678208842	-662.4463511664173
309	23	-627	-583
