-734	260	-275	25	-407
-670	215	-306	-156	-385
-665.8455738389478	174.29757763657062	43.557655716328604	3.395189152350078	3.5941310179914314
-665	175	42	4	4
-607.852526578129	147.66621122486208	-57.24224313359667	20.035310401833186	-1.236402770741348
-607.4712110148259	147.43548746188864	-57.1756126473735	20.23523829716327	-1.631018211955345
-604	135	-332	268	-182
-603.8594855642175	-45.11227606346889	-262.53785338443936	204.41367265072427	-185.83197621016285
-602	4	-74	95	-216
-597	26	-176	179	-282
-597	259	-186	50	-411
-595	176	-353	37	-378
-591	195	-378	249	-245
-590	124	-374	212	-323
-589	2	-170	133	-188
-589	47	-328	-43	-416
-588	-333	-162	-146	-192
-587	-75	-109	-279	-304
-587	-40	-96	-309	-426
-585	-123	-263	-322	-393
-581	-104	-288	-110	-260
-580.3570854411387	58.36280866843865	-455.3791798851068	186.5581004029838	-374.29978886221386
-580	-175	-284	-147	-338
-577.450570206086	8.140179810222818	-363.659828492447	-178.74986292593425	-362.54792541039615
-576.4357458312696	-202.25023732871057	-260.41725482912335	-5.261608469539377	-164.26231013703153
-568.2178626742385	-237.20908621579764	-360.241610738255	-172.13267940113576	-390.6220960247806
-567.7314059599231	-374.7728263457975	124.41599229746828	-338.7789882600814	-61.015060830671814
-566.5507274003924	-314.7072867476842	204.12788329199873	-369.3540245512302	-166.6918243051431
-565.6221698113208	-103.08257199602781	-312.91977821913275	-395.6900446871897	-291.2545018205892
-565	-25	-118	-136	-446
-565	150	-418	141	-219
-564.8316204458945	-81.18964110929852	193.42667210440453	-499.26756389342034	-291.73926046764547
-564.2655616547966	-81.68304511115596	193.3011940976327	-498.9050845563853	-292.01876387647417
-562.7897447724476	-113.73124231242312	-140.61177736777367	11.728474784747847	-403.3037361623616
-561.7228036517135	-165.86068587207825	25.89801325736851	-507.78635939249864	-259.5899435851706
-560	-35	-136	-280	-617
-560	111	-376	3	-463
-559.5776799452073	-308.9609512610641	213.4743364510937	-370.7806194609599	-164.14761679337713
-559	-75	-582	194	33
-558.7090878289656	-214.38878046761718	4.351366839025929	-338.3349621406533	-206.50824381133023
-558	-296	-18	-282	-350
-557.461694474429	-160.85218356074378	35.34416832085751	-511.48038339099077	-255.8961100022642
-557	-9	-411	357	-109
-556	-21	-483	159	-193
-555	-149	-328	-218	-234
-552	-97	-481	346	-132
-550.9569928565976	-330.5443270794342	215.61191006303335	-413.84911770113854	-63.995731823844366
-550	-330	217	-410	-66
-549	67	-452	110	-44
-547	-308	-321	-2	-124
-546	-65	-176	17	-411
-545.1068370100401	-219.35974469660255	263.3499756700192	-467.91408936720404	-185.285883076987
-544	-219	265	-468	-187
-544	-90	-533	149	0
-543.3671700637159	-61.07715254166353	169.26890247166855	-328.7453557144932	-314.1363069682544
-543.1556264829828	-61.370475731753864	169.3487461397745	-328.2604927769835	-314.6159153676719
-542.9658501784805	-61.57271196184921	169.6356495935718	-327.2692424782472	-315.8513882828351
-540.9174519411987	-248.91625832391003	-254.11094358587764	141.26027139087824	-300.0352431209951
-540.1136294351616	-277.9620382721493	-71.20498709361596	-358.7679053994196	-251.96508153625203
-539.4370679055742	68.13041436191376	-273.3720073113892	-208.05998390537076	-399.7304284222776
-539.423805658553	-278.3548614483591	-70.9831385069848	-359.22132381532396	-252.0244494889325
-539	-339	-164	-11	-185
-535.5891949598532	-187.62507142212735	-282.5455748353532	-200.72456620455296	-421.569978648543
-532	-169	-413	145	-88
-531	-54	-394	104	-139
-530	-126	-176	-205	-474
-527	57	-325	93	-482
-525	-81	-382	96	61
-525	111	-451	2	-19
-524	-323	-555	52	-228
-523	-293	-172	-194	-240
-522.0337785907525	11.305882624200686	-277.3601205115592	-67.73204623708804	-443.4286845179538
-521	-353	-304	-255	-154
-520.6956751230404	-178.1644331799539	-269.75407575502675	-190.15533035183068	-425.302533935842
-520.53301475336	-216.85811781050114	251.92459103869137	-464.7924505281759	-264.2694509311693
-520.1501407292127	-46.20693394216158	-370.9559347971816	-52.141224254490005	-392.64122768830566
-519	39	-394	135	-230
-518	-168	205	-480	3
-518	-40	-252	-215	-429
-517	-242	-235	-266	-497
-512	-254	-87	-26	-343
-510.76537998796255	-162.72058414076432	109.27897632529275	-398.763086348455	-342.71116599675383
-510.56393124122087	-163.96394684864566	109.5132124923981	-397.85802356182967	-342.8305787125489
-507.8211888489293	-158.12907531413174	-322.77739771585146	-269.44628943088605	-324.0590557190102
-504	-137	-479	-31	-190
-504	180	-417	-56	-538
-501.580058502818	-216.44892106714042	21.034044964469487	-376.26165461896596	-286.99020039512374
-501.1906616095277	1.8119565623203329	-438.3725688076223	52.82636077184861	-431.6358639058226
-501.1621856027754	-216.95316565481355	20.75628794449264	-377.0221162185603	-285.9011274934952
-499.5268188023309	-325.29553584926936	144.7807585682172	-149.55242691555412	-299.5829012599299
-497.8882095075881	-393.11203970063616	-14.997321502156531	-444.6328672289223	-22.12047745941046
-497	-56	-469	93	-374
-497	48	-431	-33	45
-496	-131	-205	-325	-459
-496	54	-232	222	-520
-494	-335	-207	-112	-226
-492.1631296260146	-53.77226171258894	-465.3046308937094	92.36753927901324	-368.7715344140157
-490	-212	-73	-315	-3
-488	-425	-226	-314	-94
-488	-242	-201	-327	-314
-488	-165	-364	188	-336
-487.0243174684676	-201.30911507159067	-358.3734635335354	-281.50539518046384	-164.0260212315901
-487	-169	-421	-125	-306
-487	-167	-173	-447	-206
-487	-132	-160	-477	-328
-486.41881840442863	-108.52672049439866	-385.771915920796	-162.8627333525593	-361.028924930553
-486	-134	-282	110	-471
-485.2041404485244	-292.6986803054593	-341.17579968979805	-305.892057698702	-445.98197597257587
-485.0698451550425	-292.68314530140697	-341.25407969099	-306.01395286017095	-445.93108191172377
-485	-215	-327	-490	-295
-483	-153	-443	-63	-100
-482.76191554193247	-315.6976800517958	-237.83638343437454	-222.80363748319124	-331.1970642966129
-482	-97	-362	-214	-368
-481	85	-391	-10	-378
-480	-358	-183	-347	-144
-480	124	-481	306	-275
-478.8437575731333	-144.13712792563015	-285.7015694849606	-520.323869957559	-343.73468524748387
-478.596926713948	-149.68085106382978	-286.77541371158395	-525.9444444444445	-346.25531914893617
-475.759681688882	72.49845490487003	-400.2364432302553	-19.88853540679486	-389.7598272734293
-474.89888347654755	-159.33211099556672	-438.4912976848558	-160.14607848503093	-410.48379946363093
-474	-369	109	-333	-295
-473	-63	-443	209	-477
-472.7613986269155	-54.21530657251226	-252.11542728668925	-155.14949017296908	-507.0007787228465
-472.42205399756176	-54.4062536740273	-251.80721799283333	-154.99614236542408	-507.6121215437549
-471.1187775861565	-283.98046827043936	-545.1149133319692	-202.9669404577475	-472.01800882757004
-471.05812364795634	-283.86193783445293	-545.2099396561539	-203.0754867357395	-471.9970738927474
-471	-322	-101	-427	-155
-470.8690744920993	-274.9864559819413	-64.372460496614	-336.431151241535	-386.0519187358916
-469.2016227854152	-368.06780863571254	-359.1932275655582	-151.11999472168756	-495.85114597846353
-469.0201762431268	-368.3374107288166	-358.91955880403583	-152.3271466700516	-494.7848977799924
-468.42788619020416	-368.3909449515156	-359.1836254070346	-151.40994051940885	-496.0117525338569
-467	-164	92	-509	-322
-463.3892664322897	-361.71779330732426	-354.3885063493526	-152.44216729073347	-487.75299829792607
-462.3270309726869	-269.44345128276103	-388.28315334943477	-376.76512051183283	-340.8845009750304
-462.32378505044795	-269.42422265692704	-388.2650547140413	-376.78562026006506	-340.90517495024034
-459.98020315099484	-297.54755037414594	-304.6765432870731	-359.9510652037511	-198.1417127648554
-456.72126945378716	-354.705912210209	36.82035759270126	-471.4635393098971	-163.1751862669797
-455.587397260274	-349.79876712328763	-82.03876712328767	-184.30726027397262	-433.8357534246576
-455	-400	-81	43	-310
-454	-238	205	-459	-284
-452.96530012592694	-323.85588358751926	-43.79250034979712	-485.30894081432774	-304.6808451098363
-452.24160715067507	-320.8015269735283	-44.104275175173534	-484.46593022718764	-302.81599965450766
-451	-382	-205	-25	-335
-451	62	-141	-149	-675
-450	-344	-78	-182	-437
-449.056804310174	-432.66132794774614	72.41113461624496	-487.41048911272026	-73.33566502840856
-448.26498688065334	-343.8328407540027	-82.79250801836292	-185.56850506276035	-433.57265691734654
-445.725751957671	-410.08035167253286	86.26684047060792	-472.02816530155474	-136.56936326851124
-444.06177616272316	-285.88684960160197	-402.5773141667493	-140.57662571394118	-305.71589748144993
-443.68599796656724	-343.4662255229619	-404.251834814509	-224.91459553090098	-394.8099812562826
-443.10782790474303	-404.13056866013164	-66.63510268651656	-342.2661374615102	-359.1303144156614
-443.0633875226239	-404.14941842738614	-66.639420114044	-342.20949912747886	-359.2080800643525
-441.2110972407559	-161.61861306013517	-117.9005639016831	-501.27045757823595	-87.33515561103698
-439	-431	-228	-179	-87
-438	-32	-177	-331	-484
-436.4543813064259	-395.35533722782793	-350.2148167817313	-357.64599044078597	-233.12124269782262
-436	-410	-317	-434	-277
-436	231	-307	-6	-656
-435.6729699666296	-410.5728587319243	-318.38932146829814	-433.4588431590656	-278.46718576195775
-435.53702689063516	-410.6327445750126	-317.5752288948165	-432.840206185567	-278.3235311080672
-435.05134960339274	-340.7879855906006	-398.39512011058116	-224.43152545861065	-395.3451875534816
-433.87755881011446	-337.62804815736513	-394.02431179381256	-225.04971935813592	-387.24574289130413
-432.722708332881	-397.5139029281239	-57.5455209889413	-334.6239330317274	-359.59725821170446
-432	-198	-55	-475	-344
-431.4331101410179	-426.43573670886735	81.31750124957253	-214.0383417651159	-206.93439865069004
-431.41580789948705	-426.3757422152225	81.20803274367444	-213.99642309393994	-206.9317466022872
-430.7765438657035	-336.73540323466943	-393.6779055903655	-225.63667488815594	-386.36115415871416
-430.46076078224877	-453.03663041223155	-7.997110402616725	-469.7573778097318	-198.5068518114452
-430	-218	-240	-373	-376
-429.5073725120716	-347.69348722176426	-363.45572959604294	-197.9474796843717	-383.28010246142975
-426.9991146382862	-151.96031010596818	-201.80887196660396	-412.83154731868433	-426.1717464103858
-423	-407	-359	-54	-129
-423	-71	-60	-225	-499
-422.90219514713476	-207.084873515746	-297.39449457924627	-394.3274341765617	-376.0029282395457
-420.4842974351903	-208.2765616381688	-297.92059087148374	-395.39175399889683	-375.65506067291784
-420.21731088436167	-154.42724777865075	-197.89195397597092	-411.5516784636422	-423.8503381990892
-420.0071313588713	-264.5505208888391	93.30379713943734	-407.33471403310114	-314.72060090828904
-419.3667661465538	-265.12601697259316	92.73479285035636	-407.63541001807846	-313.9255118070085
-417.6308740099503	-200.85482458352828	-290.7990157315561	-389.46075062819045	-376.9026022721296
-413.06225002942733	-71.82206176372793	113.80187853288164	-516.4190174819377	-351.79938000854037
-410	-142	-405	-223	-101
-409.1345841032805	-137.09178559507632	-433.50555156947553	-219.42686687969885	-291.34166813810253
-407.73422267829653	-226.05489994869163	-323.21292970754234	-100.33196511031298	-575.6685479733196
-407	-372	91	-491	-47
-406	214	-314	96	-582
-404	-258	119	-506	-124
-403.01376146788994	-371.5764525993884	91.31345565749236	-490.08715596330273	-51.643730886850165
-403	-228	-321	-100	-570
-402.10549836060073	-319.28818734844396	-411.1167844035592	-275.94865360953895	-286.52964144023207
-402	-423	-566	277	-149
-400.95081554341425	-366.55385139020785	-217.32095214270203	-355.6766669631773	-388.5247933469537
-396	-383	-181	-10	-435
-396	-223	-269	-493	-361
-395.3862350757895	-357.3145366930412	-212.2971050333271	-353.46373351406663	-389.6527341678593
-394.97228129335076	-369.7828736419376	-487.47887726675185	95.5046317130983	-119.36105983282704
-394.9716458837738	-369.7809214094781	-487.47975136254007	95.50164528762895	-119.3596762507203
-389.1849683133825	-43.930400622614236	-379.2865569679675	-237.24871215209578	-694.46266167587
-388.86519466218584	-44.16148759778588	-380.05405344639723	-236.32643513406276	-694.6676073035725
-388.8002625194358	-393.0105004016951	-367.05911858186954	-106.75134405114991	-19.720689470794852
-388	-254	-226	-281	-494
-388	-157	-211	-120	-555
-388	-156	-226	-526	-411
-385.0517875878917	-224.94464193432196	31.018001158839283	-523.1518784158353	-6.961875753637031
-384.61719808876086	-389.9928249301983	165.20680617487014	-517.8021399497787	-326.3097909278468
-384.3820392246817	-387.49237297855257	162.41128569790112	-522.8901250143366	-328.6640669801583
-383	-297	-156	-443	-323
-382	-445	140	-506	19
-382	-189	-426	-382	-270
-380.09201762054977	-384.5697318875156	-405.06094334910375	-469.66884196461575	-342.20742144532187
-379.4658132727511	-347.0275022936782	-471.8154135174101	-106.06607977631177	-468.85427497924763
-377.63520259784707	-381.36321999800316	-406.51080928772933	-463.8060563692397	-340.6645443459207
-377.59203176612453	-380.1943294319701	-405.4608267683406	-468.9096272623795	-337.7972506630661
-377	-472	-431	-111	-42
-376.64665757162345	-346.87721691678036	-279.21418826739426	-485.14461118690315	-255.67939972714868
-376.2448152399326	-402.18187470510225	-362.9178182793615	-261.10799871896836	-87.5817286242057
-376.1723453236232	-209.38433786134703	-422.1913807520942	-329.7982606733856	-371.737212099723
-376	-105	-297	-316	-440
-375	-230	-113	-476	-373
-374	-411	-312	-148	-167
-373	-118	-246	-311	-401
-372.35823021075544	-399.98321338778425	-363.35512563783635	-259.1603258416236	-85.42173218792527
-372	-396	-359	-263	-85
-372	-230	-243	-377	-464
-371.6073992709303	-278.4238444107111	-430.2147315874171	-139.80671421503044	-516.1609680789682
-370.70947327091983	-450.02033836833886	-419.87194120367644	-313.2174877248866	-389.3813248582275
-370.3120860497572	-205.1023309945947	-410.26260777372033	-321.65852651383994	-372.3958451803879
-370	-267	-455	-221	-192
-369.8313568503587	-462.91971066796685	-421.877820957442	-323.6161880709645	-399.06649509627596
-367	-288	71	-464	-347
-367	-261	-256	-446	-428
-365.45670044942074	-294.01755845457546	63.985858748922695	-469.8845589568557	-362.5674430669326
-363.5278745644599	-292.9547038327526	63.47038327526132	-472.1550522648083	-362.890243902439
-363.1307543854144	-402.0590468457443	-231.194191875608	-488.670765734668	-223.003469498227
-362.4064148971798	-339.81684779996414	-144.43307863559755	-445.4170081763014	-376.9107840191076
-361.5803225454034	-456.4295509824449	-426.021111233262	-317.2470280735259	-395.88400803102
-361.1658635985912	-460.36329169384544	-417.4171797652043	-319.8107364771926	-399.08638081345765
-360.0099695571258	-457.7385185616188	-423.26283203183	-321.001595922983	-394.0637453205487
-359	-225	-430	-295	-7
-358.8455808279177	-458.3256077124154	-423.88265061919293	-317.66917204600173	-395.8874924396605
-358.3180492871595	-455.5143903311085	-423.7967680387532	-321.942052046903	-395.02124890114214
-357.67252291551415	-451.9470563367824	-415.07965528805175	-316.49767765606674	-400.0460326068658
-357	-376	-427	-317	-86
-357	-134	-430	-329	-190
-356.6759873016294	-456.84553807692157	-422.30293912252546	-322.1062229247081	-390.3175853453706
-353	-505	-361	-448	-233
-350.18850589990626	-441.0542913408319	-324.3850183851035	-486.5949591275888	-284.67553333512114
-349	-410	-169	-32	-408
-348.74345549738223	-313.06971940445027	-507.32194862565444	-173.32131462696336	-359.56804237565444
-348	-315	-509	-171	-358
-346.5900627548686	-321.2319959655199	-512.1543355632074	-173.8075439434371	-362.11455518854854
-345.46967712297476	-477.0954536466564	-244.37847388749014	-338.7227939747273	-272.04655753997804
-344.84331115981354	-256.101715376916	-466.8321458076998	-212.60713437744383	-415.3476740752967
-343.0476475900548	-65.5557402851421	-237.1939140061448	-166.66823074138892	-501.86667955432216
-342.37037687597837	-328.81268512205713	-480.69067426248535	-155.134458814359	-358.4072636843691
-338.5898522690147	-307.95434304958667	-417.93931234851436	-342.80703356423146	-253.68510932675235
-338	-124	-241	-499	-386
-336.89801224146316	-483.31894485377046	-551.0373552634425	-25.158927079983766	-131.23211209159066
-336	-375	-528	-45	-374
-335	-73	-218	-295	-494
-333.29734663365423	-517.5891147612447	-340.8419985219343	-334.9356990331271	-336.77788146185463
-333	-317	-242	-490	-163
-331.4593837535014	-486.5322128851541	-248.4481792717087	-78.42857142857142	-344.44257703081234
-330.1839275978247	-253.587756665812	-204.3665236089886	-525.7788599568952	-218.08362590170742
-330	-57	-198	-532	-436
-329	-352	-38	-192	-497
-328.8198510186205	-174.89202627555392	-189.32694362508383	-381.394581925014	-433.9385750411631
-328	-364	-227	-508	-136
-323	165	-511	249	-501
-322	-431	-419	-364	-284
-321	-323	-233	-269	-449
-319.0739915685234	-383.43538024551486	-439.0801163798731	-192.43030298462432	-310.1598091875974
-318.28796489551644	-383.53159654990316	-439.01314532149775	-192.765735408756	-310.59534706331044
-316	-326	-446	-216	-32
-313	-374	-437	-195	-299
-311.3792202586079	-444.58179950483213	-185.66122224930132	-526.1481768300599	-71.85263630213896
-310	-385	-195	-97	-412
-308.6714397299876	-325.35066739300237	-390.5276857848605	-272.7869703441736	-480.2383217033149
-308	-72	-280	-454	-403
-305	-354	-537	-180	-201
-304.3264859825149	-343.90627392194415	-220.34265725060396	-175.53609930596375	-545.7209089660315
-304.26220697434974	-243.04104304372004	-40.551065417072905	-507.591186901392	-254.81473659774576
-304.1413337795869	-213.03616798087705	-280.5803768997696	-537.9695377325694	-89.57379143963311
-300	-385	259	-376	-360
-300	-209	-278	-534	-91
-299.3237666605702	-169.67969709676902	-100.2661155355095	-272.91751949878864	-505.79762777763654
-299	-170	-98	-277	-504
-299	-164	-306	-476	-364
-297.055576591704	-174.4597198248997	-305.1518612836287	-270.8439784717589	-519.0571482412981
-296.8560753736192	-102.73413471951484	-268.69547325102883	-514.8070175438596	-415.12757201646093
-294.56464379947226	-457.2189973614776	-162.83905013192611	-391.8232189973615	-472.58047493403694
-294	-444	-253	-123	-428
-292.1758793969849	-381.1105527638191	-136.31155778894473	-530.0226130653267	-445.60552763819095
-292	-321	-411	-385	-81
-292	-123	-100	-217	-619
-291.7338686479767	-516.6279252709251	-202.32493054776862	-377.9516241349849	-125.86360959629573
-290.7463695000629	-375.8813269992109	-509.9861003792198	-218.7039838027182	-115.89014004537998
-290.04256895405985	-375.39837071806863	-510.3561935309215	-218.73450760516928	-116.65455986702909
-290	-452	-165	-388	-473
-289.9443937815312	-409.3161299791683	-338.03201856633603	-150.79065016264684	-405.72893652011237
-289	-414	-338	-151	-407
-289	-253	-244	-493	-90
-288	-346	-290	-449	-396
-287.9817880794702	-470.43543046357615	-448.7417218543046	-438.27814569536423	-475.6903973509934
-286.5183002425153	-469.51752686955257	-449.44574072812094	-436.9478489040549	-474.90028740464913
-281.39163079358923	-375.19580511103123	-246.30546766351083	-311.9193415267123	-499.3887312723738
-276.7470038674055	-244.83502074555207	-319.40996229178995	-120.71542676276827	-573.1381015908277
-276.7202950844145	-137.14961788452752	-327.3564674562213	-518.5921679871609	-396.815107729284
-276	-197	-361	-484	-342
-270.77441067393136	-419.83042482638	-253.49422344959814	-315.9370115482551	-499.07673355487685
-268.28393035587885	-172.69074960951497	-515.1426267346561	-218.5564316081306	-345.1403716201824
-268	-175	-512	-216	-343
-266.3113265419929	-363.4623660709299	-488.75135061888676	-301.85387206426833	-415.58647385884706
-266.28224313921385	-360.2908897982498	-487.56508801986433	-303.5796068340439	-416.3177548727737
-266	-449	-488	-64	-108
-265.23000237974185	-369.43930458507975	-492.46363668302433	-309.2856860848739	-422.2233414889759
-261.86521588045645	-370.0953595829457	-489.62622757712734	-300.8747055894477	-414.661287353586
-260.8334814482946	-88.35868360399817	-311.8898475964369	-190.49027636309853	-582.5722904461309
-256	-471	-367	-299	-179
-256	-181	-543	-229	-530
-253	-75	-193	-337	-484
-249	-403	54	-493	-362
-245.41704024637738	-500.9775824168825	-457.31610993588777	-287.54176375895355	-311.85448266732914
-243.52876843932995	-372.4398865306837	-526.1525682116846	-159.98370798112612	-166.90475238408283
-243.5124001646201	-372.4784031143734	-526.4336917113561	-160.17832908218077	-166.4016807775041
-240	-191	-252	-398	-507
-237	-194	-290	-318	-486
-235	-366	-521	-157	-169
-235	-165	-282	-463	-396
-234.03333892265755	-181.32316555685554	-255.6666717847965	-195.7868143291725	-507.696546062783
-233.94413889521647	-181.59050326578978	-254.8567560069141	-195.22630614736164	-508.908928391274
-228.67959645093111	-239.7257926610493	-111.1815841171345	-418.7400786044238	-488.6806279391607
-227.3479292838911	-344.3314511495606	-487.70717521733803	-351.40641512277364	-312.9250642830905
-227	-98	-239	-496	-446
-226.19830901934495	-506.9613602813354	-205.5951466531782	-83.58891587387444	-412.9888564704299
-225	-509	-207	-84	-413
-225	-292	-392	-483	-286
-224.96195727662743	-125.27311561937357	-385.0588881230492	-489.08775300009694	-258.7591064310443
-224.81854720852698	-287.3935391595536	-390.7711064853212	-479.3380390772093	-287.09989925801074
-223.60063227592872	-230.60626724856417	-104.6857628673795	-416.87714860965923	-488.7978273076433
-222	-187	-408	-498	-78
-221.37242752338497	-233.03675145256682	-102.84841201620712	-418.91506819427576	-489.04392517247504
-219.8807782883695	-120.21273156009856	-387.7647537878973	-487.1415284088343	-256.018580123608
-219.03522388059707	-229.97089552238808	-354.3144278606965	-520.0204975124378	-336.8785572139303
-219	-364	-517	-187	-339
-219	-80	-222	-457	-469
-217	-449	-539	-14	-338
-216.59697636565974	-428.0710949019384	-513.8547757608269	-209.17557618853112	-365.57765653457096
-216.56215580517687	-428.0585341497042	-514.0396741288534	-209.18058565477074	-365.43312415417995
-211.2582044970276	-244.62811268243928	-361.4841151989517	-438.6603879028251	-456.43652894331
-211.04479338597292	-454.46819962437485	-82.15572286629973	-247.67985722685825	-506.78435621733456
-211	-172	-256	-347	-499
-198.52500663202412	-453.2370753553985	137.45297504798467	-483.3440069909336	-12.907963110341285
-197.9696603374549	-357.69918574290114	-317.9598096737287	-503.2789281190103	-235.48393276812635
-196.8559111585543	-2.333219912964049	-265.81025141161626	-281.0069456822311	-516.8400389667629
-192.9413946780794	-319.65571136000625	-379.7895389942523	-286.3448390582327	-504.09105060095493
-190	-298	-515	-17	-380
-189	-307	-508	-253	-292
-187	-238	-133	-536	-471
-183.1852272298487	-465.8160500775135	-311.8636934012744	-481.47110483474086	-405.2753468439429
-182.74645127409948	-56.27801324573808	-152.3733822050091	-423.5789271058612	-476.596617067593
-180	-24	-501	-236	-410
-179.3279635677787	-461.4403470694081	-314.32770729004295	-474.0927187440239	-399.73945563796553
-177.78243996959685	-461.0927574658963	-315.17020263814976	-476.0263487987744	-401.77679538320115
-176.71406776979512	-478.9820021884852	-440.20804569788976	-375.53155333816846	-44.963221293912085
-173.35585678633964	-428.4778684646037	-185.34024533481934	-494.7596840479525	-313.17231564459837
-171.43237285311488	-481.6892890615703	-431.37552733612944	-203.8595251470722	-478.079609176757
-171	-379	-655	101	-532
-168.65665940976655	-449.4045378846967	-498.1621607769995	-99.56360626042095	-443.9239838994403
-168.5810489138378	-449.47929094765067	-498.28381087079526	-99.42458363592031	-443.9450344421323
-167	-396	107	-504	-311
-166.30777809756802	-414.37746438336455	-368.1775435314434	-470.92642826305945	-404.77457188084617
-162	-480	-441	-373	-35
-160.60585699215704	-378.0833142228134	-436.10755400632934	-104.34573223868276	-525.634797963583
-159.09708432035754	-188.74776616272118	-455.42395735542516	-328.7493090798247	-425.1461171720099
-158.97345430107526	-478.6423051075269	-134.8170362903226	-498.24899193548384	-281.9568212365591
-158.6953914002205	-413.6576626240353	-368.7800661521499	-467.6149283351709	-402.76694597574425
-158.56224943350182	-479.2937147754343	-134.9630904654	-498.4493637789785	-281.3593268839696
-156	-150	-166	-354	-510
-150	-349	-245	-514	-45
-149.33463268839986	-510.7437239568919	-363.1700086184403	-271.9008879365557	-326.04953626465726
-148.5912731289699	-452.28334714167363	-67.66528583264292	-350.19276442971557	-497.860811930406
-147.115023532326	-522.826207579886	-231.55287342085705	-492.4705350507803	-346.7604161506069
-147	-485	-384	-319	-456
-145.18293261789287	-523.4160767722628	-231.66459601692293	-493.07093179238467	-347.4237333608503
-145	-294	-183	-537	-64
-144.33093607350466	-520.5711409047198	-229.82480671310566	-488.8822915462458	-348.7894860194621
-143.51246692166166	-519.6891469848928	-230.51888964928142	-488.56256627735235	-349.9748886775909
-142.9452421416811	-519.7651263268341	-231.23328406058636	-487.723962180858	-349.74090521517326
-142.92806081752116	-495.96488018978147	-329.1821943569544	-39.04892790977382	-388.2461319745194
-140.9798052887778	-539.6599131693199	-332.0571635311143	-452.20878831732665	-296.6806999079069
-139.77158918147512	-445.5713479304518	-63.02244386375846	-347.6968848762183	-501.69122047047586
-139.71500527272238	-520.3024194667769	-230.6075954102355	-488.55374579739816	-349.0522093356419
-138.99289657568622	-352.944021927962	-483.3812299733621	-179.52380033200785	-425.20387599891905
-138	109	-150	-426	-547
-134	-309	-84	-310	-522
-133.23577763689926	-302.6964984206113	-141.02237848597093	-467.95922532681567	-480.8272979093275
-130.25723483143406	-221.17289262953398	-313.51481911440686	-523.8119358430666	-437.8413179061338
-129	-219	-311	-519	-438
-127	-446	-134	-518	-196
-125	-497	-222	-132	-399
-124	-446	-290	-515	-77
-124	-332	-106	-533	-273
-123.22735514707294	-271.50275934515906	-234.0143513028329	-398.22521356575544	-503.16730737333586
-122.55988504233238	-337.716030245619	-285.66029401335317	-432.87373568517	-486.429328389208
-122.44271418031022	-352.2605295801685	-111.8505331277367	-333.03670573591415	-552.5214488119923
-122.3012571643821	-220.95875590767164	-311.9119514524658	-516.0415288260999	-444.9368375284567
-122	-155	-208	-500	-448
-119	-225	-3	-571	-487
-117.5791862973752	-298.21686371526965	-333.3576211640112	-372.89199441754164	-494.4538713474393
-117.15155288974736	-336.72671936156155	-535.816652264525	-48.45265084125452	-419.6151451227571
-116	-240	-537	-299	-101
-114.68054273513896	-546.6890679994896	-356.05965433655285	-193.0222062123361	-77.37535177972397
-114	-175	-511	-289	-278
-113	-438	-173	-495	-97
-111	-278	-478	-317	-359
-111	-203	-243	-413	-504
-109	-65	-170	-566	-230
-108.02032234136989	-523.8798365820803	-90.7351360136791	-534.2655064384106	-131.22974140629628
-107.82543805829776	-523.8519695178309	-90.49420296342718	-534.6550159792642	-131.308819799015
-106.17587939698493	-461.1105527638191	-56.31155778894472	-548.0226130653267	-480.60552763819095
-104	-258	-171	-557	-7
-99	-291	-185	-544	-151
-99	-54	-314	-448	-450
-95	-312	-187	-253	-568
-95	-89	32	-464	-507
-94.42908882736998	-226.60092994619862	-447.82596992929723	-270.43915634520664	-525.537276441991
-91.80955449397257	-453.9575232307451	-215.41255766177767	-363.0149651024569	-490.56776348549965
-90	-179	-170	-519	-474
-89.99740422054509	-390.97692640484547	-212.15435273758592	-519.4298899197231	-401.60717204249386
-88.36668570835508	-391.59426731042606	-200.87663910229853	-441.1432169621035	-426.7593187655201
-88.24873096446703	-390.52284263959393	-213.14720812182742	-521.6624365482234	-400.6294416243655
-85.79683555076451	-428.0711965617997	-146.99054636747894	-475.02328302743183	-503.6465632180647
-80.12190959503819	-157.1261142371893	-326.4292366621443	-439.3646374573845	-471.6791086935117
-80	-443	-540	-80	-206
-80	-243	-534	-298	-254
-79	-217	-250	-568	115
-78.54312354312356	-149.51806526806527	-305.0763403263403	-447.5530303030303	-705.3420745920746
-77	-168	-112	-418	-556
-74	-453	-535	-151	-447
-74	-262	-351	-486	-63
-73.88551350126994	-485.19190320549205	-149.2800320570853	-332.5143329940553	-361.77548787147157
-72.71017740316866	-452.3979911045833	-537.7341244559116	-151.05394024433366	-442.6536841938595
-72	-377	-257	-450	-458
-70	-105	-235	-543	-208
-67	-212	-225	-527	-452
-63.18087432553603	-470.55423240887853	-503.89664773710456	-275.53845427802855	-429.59742956472496
-62	-527	-576	-59	-414
-59.16189358547839	-504.20648912768524	-342.885902333281	-447.4332595811173	-317.4012029829623
-58.990880078138304	-110.92771070653839	-236.72024100216925	-553.6252484412089	-135.86702858635533
-58	-115	-232	-553	-138
-57.71134375783769	-172.58162773181084	-541.5877861608695	-244.98584934664356	-314.8953152571111
-55	-460	-518	-204	-112
-52.05580144087024	-334.61061077404634	-32.63438061705753	-502.09856048555025	-562.5745812571168
-44	-374	-458	-335	-208
-42.5038081063111	-544.1355368678798	-182.78214968461734	-475.08010324363744	-130.8218075807001
-40	-517	-97	-243	-420
-38	-281	-539	-212	-143
-38	-175	-48	-360	-555
-34.74480549121199	-512.3024264409003	-319.2016478977266	-328.94826994282397	-420.04115794849815
-33.46819355823283	-188.58279503697887	-149.40868218732462	-510.08539230047006	-506.48907498292385
-33	-533	-200	-201	-372
-33	-59	-423	-351	-532
-32.74456194966941	-188.666680115358	-150.09492284178452	-509.4613475366524	-507.04544616239036
-27.196758491733902	-467.33429906247625	29.874419111474353	-405.1435224132851	-511.07684381213943
-25.87592783380016	-275.0785854427431	-321.8011050196109	-510.8144969330592	-141.59622248032804
-25	-291	-107	-421	-578
-24.18333933638224	-526.245737873122	-423.97215395299634	-289.2576387169857	-374.43878983984354
-22	-544	-39	-132	-234
-20.510531992334926	-460.1163739124328	33.797573393906205	-398.58198397444687	-513.5062540481437
-19	-358	-512	-216	-301
-19	-196	-249	-464	-458
-16	-307	-256	-526	-396
-15.683479086441075	-379.51743103497665	-460.83669990956076	-353.9538514423214	-370.90392367093216
-15	-439	-167	-497	-450
-13	-475	-69	-361	-461
-13	-221	-146	-296	-631
-12.130745010967955	-442.188475731885	-169.68108436128384	-493.816376694408	-451.03678562210973
-9.745277542734847	-328.6171365065601	-270.82792141033974	-442.94369318224045	-512.9513770586653
-9	-323	-359	-484	-348
-7.034695560171379	-189.44705078892147	-173.72897123506286	-548.6838086206347	-210.72166411300736
-6	-106	-211	-530	-240
1	-130	-354	-522	-49
8	-244	-164	-343	-531
9.63661077915257	-506.7018701774037	-425.5055634728298	-336.2341220178292	-264.33767475461457
10.994528570069502	-502.60120165410484	-94.67087828899744	-518.8249493617568	-397.014681339159
14.357108871406563	-491.4427296411145	-322.060773058541	-361.83653370443955	-492.04873188057866
16.760137140126233	-332.41605502312945	-474.10711426041865	-94.38105508977799	-450.5009748035456
22	-556	-115	-497	-42
25.720554491046272	-386.7801670096752	-323.86429872495444	-262.20943628320674	-534.4606486409765
28	-498	-416	-318	-436
29	-411	-225	-305	-573
31.907112124725696	-497.2337025786483	-279.3312475444867	-480.0910672020085	-465.2434288068841
33	-325	-161	-589	-753
40	-143	-307	-450	-496
42	-512	-245	-426	-330
47	-505	-399	-371	-101
49	-528	-348	-384	-282
49	-404	-167	-527	-295
50.98265438233423	-403.9553711443151	-236.59021750021623	-545.1066371751806	-245.26641103045728
54.66108765245893	-195.36551396641528	-272.36701684845804	-314.39613277801976	-567.2961675459943
55.3849969519224	-195.86407147494424	-272.9247646403198	-314.0580655244745	-567.3113888837813
59	-185	-228	-391	-587
64.53996779331214	-309.4533985691678	-224.15416572440768	-530.4273364353513	-500.97594367546793
67.79080896221548	-303.3406361225354	-217.77661066829387	-530.2245946452003	-502.0477243533344
69	-330	-232	-551	-29
69.97072154697577	-293.41136139434076	-218.88174200887187	-529.7850189582116	-502.1996382547962
70.8751925639114	-303.0761962227265	-221.521627970518	-529.5645263304915	-501.63032587704936
72.19333756866335	-296.3604035520722	-218.08042175953602	-530.8822490593925	-499.02557193662005
76.3933285759825	-294.07250863575524	-220.4581764908003	-529.7412110999965	-501.7084204194176
88	-520	-80	-505	-157
88.61648835279796	-386.75481752317575	-160.64678828158858	-405.85765740654034	-479.3264156408084
94.52401049003363	-237.99779246332298	-334.8059259091974	-428.9913335836338	-533.4660386572982
95	-536	-183	-463	-109
95	-442	-234	-193	-497
97.82968518187678	-501.3806207812585	-2.0325653832112778	-370.78426064734623	-426.7212581850382
99.87473015481405	-353.2014432862518	-295.1108369826682	-493.62774728098856	-312.09883015687
106.88465478868729	-541.8489607001092	-244.4128294379226	-311.7114486806577	-264.42031132571975
113	-470	-118	-531	-460
116	-154	-169	-471	-521
122.72468466377717	-176.06977951431725	-195.95919444498537	-486.13382235093957	-581.5167932086697
123	-529	-153	-272	-336
137.85481079213778	-529.620911737173	-353.3670195835694	-329.5501074607772	-404.2237797042591
156.14371628466913	-536.2493079497177	-310.60588927142265	-446.72387954988284	-379.53859386647395
156.52842630938528	-534.5774555329481	-333.46893692474606	-381.8900063975668	-64.01942584360677
159.6852336763844	-556.1636934413431	-285.96173522761984	-398.199650051959	-248.43959600069317
159.82444323393636	-556.1835036392656	-285.939269055476	-398.4081259682358	-248.3662837846047
163.54707170224412	-276.86699507389164	-334.7924192665572	-484.72879036672146	-475.1850027367269
163.6342465107566	-204.78055487032321	-233.5687469256718	-484.04860928091773	-494.5269198669829
166.57823840725007	-221.463026502146	-292.7241735609137	-518.9165416342452	-523.4813110455049
173.8462112106214	-467.6888182688068	-183.85314472748328	-384.09016354312814	-540.6559060963666
173.94443313030246	-467.9720917112297	-184.4631701747123	-383.51310519268065	-540.4285015104829
175	-440	-266	-508	-157
180	-60	-417	-488	-618
181.46287781063444	-293.4480907061226	-310.5140910244413	-368.37770678382446	-573.9862355370002
181.49964674653475	-293.48747290540706	-311.02823433867263	-367.91033969969976	-573.9278781757785
184	-542	-142	-255	-318
204	-424	-257	-304	-553
212	-557	-110	-469	-69
216	-523	-43	-238	-405
241	-109	-208	-546	-218
246.81496033204192	9.721980851747162	-193.80244293571823	-514.6783619390137	-535.9811379727388
246.97093977663368	-6.191191382339317	-202.8246177989634	-530.195943059592	-549.7754355602024
250.15407395363962	-249.74688762948858	-169.15235518186464	-479.2201421470711	-572.5572188414549
251.94558090148774	-188.15597327822576	-187.1812891806892	-501.5312743442383	-579.1895904765922
267.61061753419887	-36.58498715053055	-253.19518779494953	-535.2571487333036	-519.467044399688
268.09243864003645	-36.87316613830971	-253.6468789506637	-535.3853093388287	-519.0820256942362
275	-428	43	-218	-562
294	-150	74	-726	-489
307.5120178526298	-3.9320727796801975	-175.04938860744903	-514.040280923102	-579.3337073384887
321.3532169019214	-134.22742913369825	-289.25308184649634	-536.8107763927899	-472.13166397837733
332.2931849943377	-145.64184596213462	-287.43078483709854	-449.01970317061705	-578.2092451734926
342	2	-186	-547	-276
353.70692082961284	-307.8029149395451	-343.99066332615445	-365.6719340005276	-556.7221481904389
354.7564369607195	-307.50696127860454	-342.6865503682052	-367.0367423911189	-558.0270774528258
371.1096905323496	-315.17955405491114	-303.7639492988883	-484.55038883536633	-533.9211762005575
433	-200	-178	-404	-543
