-749	-275	48	-184
-748.1768503698231	-561.09674868914	-144.9548635272735	30.730189576298557
-746.1637963274059	-555.713026349698	-144.95486352727352	36.33602527791257
-745.1819373483809	-557.7938673396417	-144.51781274544206	30.730189576298528
-744.1566299206079	-559.8191482564899	-139.6445858794616	30.730189576298528
-742.8450828560872	-554.2648687220523	-148	36.07377735660236
-738	-222	-152	-90
-733.0654812361273	-140.3456717879151	-22.273351565341827	-124.79323679748495
-726	-89	-192	58
-724.2636332888442	-241.29189830969875	-294.5973719060752	63.441076374383584
-724.1273418371327	-245.2684685863545	-298.50822112227	58.84269145501537
-717	-296	0	2
-709	-112	-308	21
-708	-34	-328	-287
-707.553081477775	-34.85380702193311	-330.6947710783087	-287.17754982903847
-707.4103986135182	-453.4613518197574	-260.17677642980937	-303.27140381282493
-707	-450	-261	-302
-707	-172	-283	-112
-706.842687986524	-450.7609283247998	-260.4053949237139	-303.1237959773881
-706.816933638444	-453.01716247139586	-261	-302.9187643020595
-705.4420808287633	-448.2780996511534	-258.5888980593358	-303.45810316578184
-705.3305923950962	-448.51151151079443	-259.1952522718579	-303.9690908413647
-699.4026510476914	-187.7699328149402	115.9214587769917	-322.99143213626667
-692.059614638065	-198.70365259771458	-403.50802356911413	-150.32691191562475
-681	-326	-290	-2
-673	-240	-354	-8
-668	-540	-187	-71
-667.6102072309229	-364.09094452661543	-583.4985235931417	-75.89262010155971
-661.4446445210631	-547.375157183187	-131.05479910788006	-292.85023665639557
-660.4836003051106	-159.0957284515637	-313.0839054157132	-239.7890922959573
-660	-454	-251	-77
-659	-308	-335	-154
-658	-176	-393	-166
-658	-157	-314	-238
-657	-188	-212	-364
-656.6292088917946	-154.41655769859432	-314.561131088591	-241.06333769205622
-655.7322451072557	-156.21510981967353	-314.4855140586275	-240.08665925989234
-655.2964336537738	-375.28160444721436	-269.90961921487843	-364.77003493071743
-654	-175	-445	-202
-653	-376	-266	-364
-649.877272102986	-341.4695488463427	233.19130559066974	-402.2797871332933
-648.196511321885	-579.8225838656133	-26.170553740650575	-191.6353978512586
-646.0826239121529	-582.69530797479	-22.916990894783368	-197.83251431897722
-643.0232558139535	-524.7906976744187	-44.93023255813955	-374.4651162790698
-643	-524.7701048951049	-44.941433566433545	-374.43006993007
-643	-524	-45	-374
-642.8305084745763	-524.6150121065375	-45	-374.2421307506054
-642.8135764944276	-524.6565349544073	-45.03647416413375	-374.29584599797363
-641	-140	-329	-427
-635	-185	-420	-196
-629	-490	-221	86
-625	-371	-282	-214
-620	-372	-337	-178
-620	-366	-412	-45
-619	-15	-346	-232
-618	-388	-367	-303
-618	-110	-471	-188
-617.9176649746194	-118.9403045685279	-404.3781725888325	-274.609847715736
-617.2330857489358	-454.1258749550469	219.83073765944573	-460.116620002295
-616.4319461596604	-453.8740086357516	220.1551152584404	-462
-615	-485	-232	-81
-613.3483433400606	-455.61528705645446	216.78544255052964	-455.50401794586406
-613	-453	219	-459
-613	-351	-402	-175
-612	-38	-606	48
-611.1534021549797	-586.7984637517746	-238.85057585620413	-251.5107899013156
-611.056989627037	-586.8667570581504	-238.78954847818122	-251.5993666123138
-610.8974358974359	-683.8205128205128	-353.4871794871795	-0.1794871794871824
-610.5551948051948	-682.8084415584416	-355.6493506493507	2.0324675324675354
-610.3641044405667	-198.08760332205281	202.30806801963934	-392.8428666471409
-610.0943396226415	-684.3962264150944	-354.45283018867923	0.4528301886792576
-607	-580	-309	-114
-607	-215	-403	-123
-606.3681440486858	-587.8436499188089	-235.39201820603898	-247.3800332823589
-605.3148148148148	-217.03703703703704	-405.3888888888889	-125.59259259259261
-604.8177757675129	-732.500310962854	-254	218.86487250522984
-604.7203916399924	-733.36527960836	-253.33910751270946	218.71304839013368
-604.393864319224	-583.2724685045596	-317.2746824099942	-190.0541879711138
-604.1035232530905	-521.9288797878198	-206.01980326499094	-415.38218054298363
-603.7811044577511	-524	-210.89288090485692	-415.7245508982036
-603.680124869619	-519.6382303558319	-205.84620186067298	-415.798056155595
-603.3290322580646	-523.5290322580645	-210.66451612903228	-417.01290322580644
-602.5892857142857	-520.4107142857142	-209.41071428571428	-417.7232142857143
-601.3199999999999	-74.83999999999999	-407.96000000000004	-450.03999999999996
-601	-168.73025229509278	-10.421933822072532	-423.3291311670299
-600	-42	-455	-264
-599	-595	-29	-124
-599	-177	-381	-305
-598.7796237175712	-670.8009277913812	-191.93456901094132	-108.34972982467016
-597.4840394660475	5.110272780034833	-318.77365060940224	-462.8409750435288
-596.1818412519385	-670.9263499224588	-186.45678838291275	-104.80109967573664
-596.0022537575617	-594.0183071100926	-28.929156321616126	-124.60573593318433
-596	-403	-446	312
-596	-167	-8	-424
-596	6	-223	-473
-595	7	-317	-464
-594.7105134716762	-165.01650527765867	-6.784329536218991	-425
-593	-308	33	-469
-592.5	-403.2142857142857	-92.42857142857142	-425.7142857142857
-592	-673	-185	-109
-583	-458	-247	-271
-578.0872689906446	-124.01309106611333	-217.6079303265589	-431.973225637008
-578	-513	-117	-422
-577.8479138627188	78.88021534320323	-578.192462987887	-288.88559892328396
-575	-426	-208	-462
-575	-87	29	-512
-575	349	-647	74
-573.3281311734492	-664.2067364677993	-311.3900632161201	-42.090379296720656
-572.4230769230769	-664.7230769230769	-315.2846153846154	-41.93076923076923
-572	-665	-315	-42
-571.8210735586481	-666.6461232604373	-316.55268389662024	-42.8389662027833
-571.7957872188504	-662.9103891467332	-314.653338093538	-43.99678686183505
-571	151	-711	-52
-565.6333270665352	-370.8037084479713	-432.1313895034872	-250.06191292611302
-564	-414	-365	-18
-563.949182941411	-558.5284575528099	78.4154643284177	-444.5650059784775
-563.8723994079552	-363.24688662509203	289.31007566652266	-598.5358140235517
-561.7034209179321	-514.8053233236649	-241.90074219416482	-346.1504862651425
-557	-528	-422	-134
-556	-248	-16	-568
-556	-244	-361	-383
-555	-487	-271	-222
-554	-359	-487	-112
-553	126	-636	-161
-553	135	-411	-412
-551	-221	-630	-40
-547	-549	-87	-259
-546	-303	-439	-342
-538	13	-502	-175
-536.962962962963	-449.6851851851852	-317.8888888888889	-314.96296296296293
-535	-9	-204	-530
-534	-580	-19	-261
-533.2536978933214	-444.9296279695204	-318.02779022859704	-309.4168534289557
-533	-391.06505762142535	-332.1616465732417	-246.98166942814456
-532.7160487048106	-447.09706430959307	-317.9207639372407	-308.653907370681
-532.7056245896861	-395.61011670386625	-336.172922756204	-245.67342920406037
-532.4721823053285	-442.4552711280413	-318.22568351967175	-308.74138031685965
-531.4879764036659	-69.13489939955758	-549.6265079532287	-340.31488043821764
-531	-394.0714945302544	-339.692250629467	-257.846293070014
-531	-327	-522	-157
-531	-306	-534	-114
-528	-605	-405	10
-528	-493.07763968839623	-342.3024192222191	-140.66515333144974
-528	-282	-294	-369
-528	-258	-456	-161
-527.943946635211	-70.01916992188359	-549.6702795842009	-336.41295975199233
-527.5709896249978	-393.3232078596574	-338.9109489176092	-264.84957103121303
-527.2179943301384	-291.28790571759606	-295.54474673130113	-377.49968875428647
-527.1383515242754	-307.85024463680844	-591.3105758374106	-174.94580353782462
-527	-585.9608531124404	-363.177109947402	-218.11198985556754
-527	-434	-420	-552
-525.3577498345006	-584.910444705945	-363.4463091201079	-217.05036204809102
-525.2976384226438	-587.5437039358605	-365.90414334310543	-220.6278682002131
-524.8215384615385	-306.21474358974353	-591.3380769230769	-175.05564102564102
-523	-303	-593	-171
-523	-220	-66	-557
-522.7677431254317	-372.3315371224819	-458.04463302777833	228.8067275234486
-522	-536	-357	-266
-521.3176470588235	-535.4235294117648	-356.84705882352944	-266.6470588235294
-521.2747875354107	-535.2691218130311	-356.89235127478753	-266.70254957507086
-521.2727272727273	-535.3169533169533	-356.96068796068795	-266.6830466830467
-521.2577903682719	-535.2917847025495	-356.92634560906515	-266.7422096317281
-521.2316384180791	-535.361581920904	-356.92090395480227	-266.7118644067797
-521.2054794520548	-535.310502283105	-356.8767123287671	-266.73059360730593
-519.7777777777778	-537.3333333333333	-358.1111111111111	-263.77777777777777
-517.6730279582862	-368.72697320255566	-458.345088015643	234.3287292029161
-517	-383.1727544222375	-480.48127728003675	-177.85458304617504
-514	-102	48	-569
-512.8919677101217	-397.19818826021844	-460.1867406947438	-327.60892720166567
-512.3241455127422	-396.14663701834985	-460.15754075189386	-328.81700972461465
-512.0931854891703	-397.91844971362434	-461.1441671365403	-330.3652444685623
-510.73100259193944	-383.8046037020843	-489.1208511369779	-184.5476270778594
-506	-513.8526777962444	-457.2758415399499	-173.16679483045172
-503.3911271551373	-435.13251790936533	-457.91777287856235	-250.20920562175928
-503.1761286501566	-509.885903245842	-451.0056284375314	-178.70862443325933
-503.138640205923	-512.1411724815259	-453.7078141657895	-176.37652066792677
-502.91905908080986	-512.3100168484671	-451.4244500749491	-175.7908346012432
-502.733849011872	-514.6621619622788	-452.0560321864125	-178.5131014269008
-502	47	-619	-70
-501.8680516101599	-514.0154612223398	-453.6250092409822	-176.56330082516882
-501.81591476229835	-512.1009577587542	-453.2374557149518	-178.55586539148757
-501.66101813762157	-517.692030635019	-447.37025154961	-170.0269304503404
-501.66101813762157	-516.1733124532536	-457.4876823111444	-181.9610602094241
-501.66101813762157	-516.1733124532534	-457.4876823111447	-181.96106020942386
-501.66101813762157	-514.7417562429216	-453.1279863061561	-182.43672720970517
-501.59795302453745	64.8212876700346	-597.9128504570704	-315.18761754800335
-501	-545	-300	-334
-500	-1	-530	-375
-499	-221	-511	-238
-498.83064516129036	-222.3774193548387	-511.39516129032256	-239.93225806451613
-497	-378	-545	-240
-495.60251685229196	-378.3682545841456	-556.9178269157006	-241.79654662495307
-493.86675291073743	-585.9508408796895	-433.9353169469599	-64.07761966364814
-492.8064389767318	-695.7470309828518	-62.941854731302186	-336.75894852781914
-492.0423436297939	-271.0262610242477	-518.5886883669402	-355.9298159213843
-492	-585	-434	-63
-491.6039603960396	-596.997171145686	-462.90381895332393	-227.018387553041
-491.4921500578416	-696.903734919848	-66.54164600892415	-340.0557759048091
-490	-313	-497	-400
-489.37982548193764	-614.2580229377755	-492.10156901425114	-100.58013101645827
-486	-672	-254	-204
-485.7785870521774	-672.8818252819976	-254.26783934542033	-204
-485	-130	-500	-369
-484	-440	-142	-423
-482	41	-521	-423
-480.881265281642	-264.8941160766334	-521.1587107095968	-352.29100537437074
-476.49512264237495	-656	-385.1253261717666	119.39915291013466
-475	-186	-22	-568
-474	-576	-185	-322
-473.94174757281553	-517.720244516361	-291.9787846098526	-340.8496943545487
-473.6660528738656	-619.2030777324741	-576.3448638695252	-262.12218860975935
-473.1872193117704	-617.9413899870185	-574.5690477290773	-263.53015783658435
-473.18310950413223	-617.9780475206611	-574.5576790633609	-263.54347451790636
-473.1555929781588	-619.0414370279649	-575.8456011430904	-262.16830985915493
-473.1540998305528	-618.2254598612928	-574.9861185634848	-263.8072818581293
-473.1523410504492	-402.0870335176227	-478.8798375950242	-342.42017968210087
-473.1522284996862	-620.6145637162587	-577.2812303829253	-263.8072818581293
-473.1522284996862	-619.9556427000811	-577.6035165327648	-262.1895648295747
-473.1522284996862	-619.7446052411478	-577.3285299220873	-262.36435901533235
-473.1522284996861	-620.6145637162587	-577.2812303829252	-263.80728185812933
-473.1516088286132	-619.8579976067012	-577.2504321233878	-263.8637814120463
-473	-514	-132	-475
-473	-325	-508	-398
-472.76410635545113	-401.6975153803501	-478.64555224038236	-343.02635122646734
-472.3878955923128	-620.1447365904962	-577.3831532651305	-262.2895687924276
-472.31130051257605	-620.919060674693	-576.1335677673144	-264.08016450113246
-472.0842664354235	-620.2617093924449	-577.4189908406049	-263.6692970570701
-472.03560705573284	-620.8361324826421	-576.1593169450178	-264.13206042409456
-471.9119464021578	-620.3300052205691	-576.9169929522318	-264.09316540502914
-471.75362969004897	-620.4707993474715	-576.3808727569331	-263.8225122349103
-471.6211954276271	-621.2453518799064	-575.5919294862966	-263.6034292797135
-471.58042578356003	-621.1796352205173	-575.6305207133743	-263.57578822870306
-470	-517	-292	-339
-468	-707	-196	182
-466.2840097223245	-708.1330190763791	-196.99874788244824	181.9468954850114
-466	-584	-163	-379
-465.7786373103243	-250.04611722701577	-295.86700386789647	-671.726569473371
-465	-728	-164	-18
-464	-433	-441	-392
-463.6471502831915	-248.73171557963457	-296.02840430576913	-669.5521048037824
-460.6004561876482	-604.554152176221	-173.12316423077047	-288.20281369335055
-460.453298835705	-527.1311772315653	-577.9901681759379	-106.56567485985339
-460.4347097959412	-605.1077183064283	-172.63781965075032	-288.30050088555754
-460.4176383117695	-604.9236266103368	-172.83741401114554	-288.3007963089067
-457.868854526512	165.0215084717881	-743.201252947305	-93.46254043976532
-456.2040816326531	-586.469387755102	-192.40816326530611	-380.6734693877551
-456	-460	-212	-457
-454	-537	-186	-427
-453.9187480230616	-526.4847002159161	-578.3157646224678	-105.12120332324298
-453.77138066982843	-106.08059633275005	-647.6660869467848	-246.2544975370812
-453.66389907863515	-472.6801673129877	-263.32279401255795	-512.0661896277381
-453	-251	-212	-558
-451.4853683744279	-472.73787095821643	-262.1308725823121	-508.71572419902554
-447	-738	-171	-76
-446.0728489464535	-738.7729155990528	-170.14944584560044	-75.38071361823128
-445.29200000000003	-434.90000000000003	-501.49199999999996	-467.356
-444	-267	-578	-305
-443.48913043478257	-437.263768115942	-502.2731884057971	-472.7521739130435
-443.076740237691	-438	-500.68590831918505	-472.04346349745333
-442.34666666666664	-233.8	-487.81333333333333	-544.3199999999999
-440.68137254901956	-312.1421568627451	-552.3676470588235	-429.27941176470586
-440.5757575757576	-312.1818181818182	-552.6060606060606	-429.24242424242425
-440.4425875824064	-518.1909738144649	-283.414862935985	-338.2490761344491
-440.4283814349046	-399.5850900208088	-168.00019904098434	-634.0833800778069
-440.3193225163006	-517.8617964021624	-283.0714911753467	-339.00000000000006
-439.18833145835	-311	-554.3481157232659	-427.5962420648694
-438.2676886792453	-310.24292452830196	-554.6438679245283	-426.83962264150944
-436.9693657588381	-301.5414959274111	-437.90986911827247	-475.08268566121234
-436	-535	-119	-457
-434.86894244587364	-298.6953848328504	-436.6718024830966	-475.84481824392776
-434.8512099851838	-575.6393840075427	99.77151708346429	-536.5699726125803
-434.7838041141886	-302.6499904474731	-440.17139278179513	-477.3827218450224
-434.5236301564161	-302.8813053012756	-440.4750649369871	-477.10553216261746
-431.90546986775865	-572.7221261230782	103.45701847510196	-536.6016758304179
-431.36860068259386	-231.18088737201364	-95.93856655290102	-697.8054607508532
-431	-230	-96	-697
-430.79892235338093	-230.6781075777868	-96	-697.2252468309091
-429.2934240797546	-686.3147047546013	-354.46290260736197	-311.33483512269936
-428	-481	-385	-380
-425	-542	-418	-265
-423.8209109730849	83.12422360248445	-679.9730848861284	-230.4919254658385
-423.4032377922683	74.98660282519195	-680.1305315229506	-234.52125928442382
-422.8095238095238	-72.90476190476191	-669.8928571428571	-250.61904761904765
-421	81	-681	-231
-419.1333333333333	-557.8	-234.6	-493.97777777777776
-419	-558	-235	-494
-418.3529411764706	-698.8823529411765	-295.3529411764706	-308.7058823529412
-418.1457489878543	-77.22672064777328	-671.1477732793522	-254.5587044534413
-418.0526315789474	-559.9548872180451	-236.64661654135338	-496.36842105263156
-418.0497366464759	-244.23331865387047	-76.3722517824466	-698.6316346734156
-418	-640	-422	-141
-416.3030303030303	-698.8787878787879	-294.6969696969697	-309.8787878787879
-416.03032334337763	-546.2382447187514	-451.1914385456514	-386.59637925475386
-415	-10	-565	-495
-414.46404350825185	-514.51081582713	-387.06812465875845	-413.6497437181919
-413.98839880248323	-658.8070544554687	-451.5825781037268	-16.74720623302008
-412.9577711818672	-446.99800323799246	-331.13003237992444	-638.5720453318942
-412.5010199456029	-500.60672408582656	10.892686612269571	-499.1592475067996
-412.0571428571428	-367.34285714285716	-581.2571428571429	32.428571428571416
-412	-156	-704	-203
-411.970297029703	-366.96534653465346	-581.3613861386139	32.26732673267327
-411.9612903225807	-366.97849462365593	-581.3311827956989	32.23225806451612
-411.85185185185185	-366.96296296296293	-581.7407407407408	32.296296296296276
-409.2796544735735	-614.2363343118102	-484.815949817809	-292.83955000645295
-409.1422501745227	-84.35603718051588	-245.90668891510387	-692.3227140394071
-409.05193744185243	-82.93195538040689	-246.8837974319041	-690.7527890336721
-409	-368	-582	34
-408.640866873065	-619.5294117647059	-408.1207430340557	-425.91021671826627
-408.33290735454426	-85.75499919873629	-245.61910191546053	-697.3465184827764
-407.8504606849763	-85.09743951025169	-245.89727564244134	-700.8458008321481
-407.8354757757067	-85.19679768965176	-245.62179258941268	-700.9378866061553
-407.6975914278341	-87.01609074805987	-245.33356253108184	-696.9228283256484
-406.9652663669375	-620.2400667803626	-407.2867262053041	-424.9784332124516
-406.71220208122764	-86.29374086962778	-245.08414438347415	-697.3351139134054
-406.1241670650386	-83.83874122758425	-247.83285871641766	-693.4772513316714
-406	-577	-14	-483
-405.809312052914	-704.049122019879	-344.08665824809225	203.63828593965403
-405.6345025745609	-85.99599789109743	-245.88602036928228	-691.6188204578734
-405.62964836231794	-84.07515622825068	-246.45802910359578	-697
-403.66158185554974	-82.97290798414492	-246.64248860836418	-694.9557763192967
-402.5356931877498	-312.075037764576	-560.2074188289245	-384.75611200487396
-401.8559780168225	-83.94364129888409	-247.30216011527764	-693.7161757313763
-400.17808782148194	-532.7517030418894	-283.6227438943672	-495.45679963166293
-399.47440911478463	-534.789743918298	-284.266830709288	-495.9221071610178
-397	-369	-605	149
-396.5432690421188	-531.8644588158588	-280.47714891617426	-498.1281705776119
-396.42983499526383	-304.928981799275	-561.8430184313809	-382.1210478421959
-394.0051413881748	-451.92802056555274	-601.1696658097686	-155.59383033419022
-394	-532	-280	-496
-393.5688043893322	-530.6934334197533	-281.55721473025574	-496.6104836170455
-393	-450	-599	-156
-392.7907710087502	-450.8577513620604	-596.8778603268945	-157.10468878982996
-392.72629765844334	-737.0913905796252	-269.83672787120844	-150.50770740559886
-391	-523	-640	-239
-390.26043917741373	-535.0579295921924	-280.7963750435692	-492.5399093760892
-390.15222849968615	-380.61456371625866	-590.2812303829253	-288.8072818581293
-389.9473124420319	-732.3204582064106	-270.01809688098115	-145
-389.9166588591314	-503.68446377797017	-89.66881015299006	-565.3822087074719
-389.2801037589879	-269.6952762355511	-197.96063529625923	-666.9688723036315
-388	-268	-198	-665
-384	-667	-414	-15
-383.3714437046005	-114.30924636803874	-350.4226694915254	-655.3966404358354
-381	-517	-457	-340
-379	-727	74	-209
-377	-555	-396	-533
-371	-540	-106	-568
-370.7391304347826	-624.8478260869565	-115.3695652173913	-482.32608695652175
-370.5642922450337	-304.59920206134154	-589.2850137145706	-335.99827528883714
-370.30828126152676	-374.67551957061875	-148.37461956936136	-676.6597987690322
-365.03773584905656	-575.9029649595687	-444.49865229110515	-352.02695417789755
-364.4359558410399	-486.36377993409565	-531.3999362215844	-500.3635977100512
-363.7293873441465	-496.67931424473136	-619.9537588730736	-368.9849709441318
-363	-572	-445	-348
-362.872224951101	-496.29041213669547	-618.3207595633286	-369.35195345076403
-362.4458022909316	-494.09229320605294	-620.2039065573713	-371.00000000000006
-362.2180700108594	-497.1722244790027	-619.7049191977696	-367.3092342034905
-360.83735457872336	-495.32000056015676	-617.7738674224138	-371.00000000000006
-360.24156706908985	-487.87239972984605	-531.3040422781759	-496.52438755913454
-360	-488	-307	-555
-358	63	-399	-622
-357.4007188858983	-250.3322247175601	-244.87663792265977	-722.568977044796
-357.27348178096213	-250.08594065830135	-245.15372035977106	-722.5484698132099
-353.41938067737703	-248.33424929192984	-246.32685088040498	-717.3746770664318
-353.3291028502043	-625.4108448077421	-413.9240915982129	-210.5649845567783
-352.7558106694353	-401.9890966661495	-520.1276139559492	-500.9599388999606
-352.1204510259388	-684.2757452574526	-262.2945218737902	-425.6545683313976
-350.36368145003706	-246.88849366700362	-246.40176457078454	-717.6136290231418
-350	-517.2395284621842	-457.53470336219027	-341.38590621321225
-349.10669454908884	-517.2822393632549	-458.37462385494064	-341.4253233833538
-349.1066945490888	-517.2822393632549	-458.37462385494064	-341.4253233833539
-348	-676	-413	29
-347.79486734002495	-681.7739024042687	-263.8707377661254	-427.08475142221795
-347.3908068058804	-682.4050801215276	-264.4911984622697	-424.87916599488676
-347.02794042950325	-682.0296453558152	-264.40331452942274	-424.88096078803557
-345.68605230466596	-681.6752812362406	-265.63762880397985	-425.08293133520425
-345.0589282557846	-682.9104355684042	-264.40329327031867	-425.29461402568586
-343.4677968125112	-680.3684713185698	-518.1521518533995	-237.21297678027815
-342.24560857107264	-51.97838544910924	-681.7201320543168	-379.6672480378722
-342	-190	-347	-559
-341.90279524524317	-51.70757434378676	-681.7292385086616	-379.8219806077326
-341.8944636678201	-51.780276816609	-681.2871972318339	-379.71280276816606
-341.81578947368416	-51.2236842105263	-682.8815789473684	-378.5723684210526
-341.0731707317073	-51.304878048780495	-682.0853658536585	-378.3414634146341
-341	-678	-519	-235
-340	-50	-683	-378
-339.6847557390937	-512.6013218237865	-458.3746238549407	-334.61406373365406
-336	-745	-165	179
-335.7600140548138	-651.7095924104005	-425.89564300773014	-254.23612087139847
-335.1625163826999	-746.5058977719528	-169.47182175622544	178.66317169069464
-333	-706	-377	-460
-333	-210	-697	-248
-332	-570	-285	-542
-331.7641413465816	-352.55786107369397	-661.0016985481457	-519.6726219548236
-325.7564089320194	-717.7432310284219	-347.6113859092366	93.6561918448761
-325.3295953021084	-378.59059714164425	-664.508737795387	-366.3385099759445
-323.4610941374219	-602.9625521205761	-385.68412377069734	-477.78408383867463
-322.51156774036247	-606	-384.322308536288	-474.92494175493727
-322	-580	-69	-524
-321.53168508215134	-602	-386.1512028837866	-478.1287386046025
-320	40	-711	-68
-319.96843963252564	38.66553017840067	-710.1616432511317	-67.55247756650186
-319.3831637336281	-603.5480850531828	-384.4434234465424	-472.05434428575654
-317	-88	-145	-748
-316	-674	-538	-288
-313	-570	-493	-403
-312.95747546394125	-504.0710153960015	-168.49045479554772	-582.8174422081885
-312.6180352582555	-558.295834071417	-224.974694802415	-697.99529932982
-312.6139071837779	-558.2861631356783	-225	-697.9797274818809
-309.8140815828205	-559.1069936009166	-225	-694.4746322829926
-309.68758194855695	-556	-225.5797836891539	-694.1673390385744
-309.1791883580265	-556.7100451586884	-225.62044655522692	-694.8121951504613
-309	-709	-198	-151
-301.17470085470086	-413.65846153846155	-556.9001709401709	-555.6352136752137
-299.65912136321555	-413.91429869509955	-558.1085615039999	-555.6958702115791
-299.1702305976648	-50.94830047855773	-250.96725442181327	-712.9921050260846
-295.9649866367245	-759.1746240096152	123.48316543576931	-190.26497240364995
-295.14687991913604	-414.4033383004744	-558.2021041387304	-553.0610762107115
-295.11045633856185	-415.1128320159544	-553.1795827786995	-547.0943462529469
-295	-759	124	-191
-293.80584755434296	-103.57961090604326	-324.2172292658571	-715.144661994686
-293.5473031938183	-106.1770225465797	-329.1325546299198	-712.2838006221647
-293.03824467142937	-742.6555470272184	-276.0122660447541	119.96334947157112
-292.5393696372087	-105.32483360873283	-324.7877113042856	-713.6161081562628
-291.45255474452557	-539.5766423357665	-579.8759124087592	-285.3649635036496
-290	-724	-302	-192
-288	-444	-410	-548
-285	-601	-56	-506
-281.74261021641877	-301.2626922669447	-430.2963998732263	-638.6683798217878
-280.0318421208625	-304.265006805758	-432.19404881856155	-636.4393586226746
-279.66632238365725	-303.0847875171811	-427.06422588046854	-637.7843746488493
-279.6019572422369	-306.3288245286806	-434.9780385475873	-638.1947010530336
-276.6461509854965	-278.929109334325	-166.22578095946452	-737.5069728523615
-276.3154230909515	-739.190467586036	-406.36505627928295	-76.291993041748
-275.7361438048363	-743.8425707967758	-411.15157999857337	-82.6780797489122
-275.4213653150721	-277.9390495090557	-166.96387592726035	-736.5857292608835
-275.1213279382964	-229.60954541925128	-525.5091701248393	-627.6537818461034
-275.11136098129936	-230	-524.8788730266215	-627.8008692510118
-274.70723104056435	-650.2910052910053	-205.6941798941799	-580.3619047619047
-274.66261808367074	-652.463056680162	-206.14254385964912	-580.0155195681511
-274	-650	-207	-578
-271	-438	-524	-568
-270	-455	-399	-507
-270	-230	-521	-628
-268.44678750385225	-694.7298512743833	-432.58030384312474	-277.7506477497118
-268.10453074433656	-695.0090614886731	-433.4546925566343	-279.8304207119741
-264	291	-706	-212
-261	-606	-551	-277
-260.5443137665844	-606.7602205787704	-552.5513464996567	-278.0207703467773
-257.15222849968615	-586.6145637162587	-411.2812303829253	-316.8072818581293
-256.3878955923128	-586.1447365904962	-411.38315326513055	-315.2895687924276
-256	-738	-437	-98
-249.9888592488482	-716.4155966576959	-545.8909410196454	-317.5253323868829
-249.17154811715483	-716.8117154811716	-546.7252440725244	-318.8423988842399
-248.78798297314998	-717.293549443353	-547.0995415848067	-319.3264571054355
-248	-438.3162507939646	-556.4682549563039	-373.7663576409015
-248	-435.9690255891716	-560.6793193582619	-375.8878326965101
-248	-432.2965409280023	-562.1560076427693	-371.78957575523043
-247.99999999999997	-438	-556.9323994820978	-375.7550235734155
-247.99999999999997	-435.0054010110565	-561.7390683214818	-377.24238937341113
-247.6720297029703	-717.0235148514851	-547.1089108910892	-319.0334158415842
-247.10577361357304	-717.3173208407192	-545.3058495821726	-316
-245.65919069215187	-438.97216533901286	-562.982188399163	-377.88911253290075
-245.6431342192503	-439	-562.9562325251138	-377.89964891031275
-244.69099452736117	-440.0057039298616	-561.5757032293316	-379
-241.58196721311478	-481.68149882903975	-336.96370023419206	-590.8852459016393
-240.1194651762023	-439.2017881814996	-557.6292339523868	-379.3066071830468
-239.12099981064193	-600.5287824275705	-629.1222306381367	-276.58350691156977
-238.15982715626112	-600.6470625701049	-626.9254156307697	-275.5146875100131
-238	-428.66422455314927	-566.441772602826	-371.26855880216846
-238	-425.42907067080984	-557.8246028079537	-380.36324857947295
-237.02234012845577	-627.5134506190077	-327.58233268174627	-674.299543889044
-236.99473252955636	-627.5063794919818	-327.6386515275664	-674.2789418237153
-236.87293126222687	-627.0940324711155	-328	-674.3361780393599
-236.12530365023173	-625.6138671148522	-328.86044258312785	-672.777532867698
-236.06200227531286	-627.4709897610921	-328.46359499431173	-672.1820250284414
-235	-597	-631	-273
-234.53106633211803	-436.638751172715	-552.8476010425323	-380.90467975716456
-233	-752	-16	4
-231	-177	-677	-421
-230.91112386188777	-444	-556.3210287141634	-377.47761307533176
-222.8633416458853	49.69127182044889	-734.9820448877806	-117.81246882793018
-220.41375751659993	-637.0062307639978	-514.1342466805334	-472.129661606125
-220.34519844682416	-637.5392586040981	-513.530918709165	-472.1825006757494
-216.63957402316902	-637.0450222897362	-511.8620225844587	-475
-216.4416316109733	-631.98743540143	-515.0169505362719	-469.25714471503636
-215.91133521581284	-282.2559903186769	-318.5931423961274	-685.5769261799112
-215.8715382875304	-631.4841350183303	-515.5571094318142	-469.57028756468435
-213.35734787600458	-638.7952353616533	-505.7953693073096	-473.19825870646764
-211.51086956521738	-539.5978260869565	-681.3614130434783	-461.70652173913044
-211.43681652490886	-540.361482381531	-683.3712029161604	-461.7041312272175
-211.37527757216878	-540.2057735011103	-683.1695040710586	-462
-209.99707922599487	-537.8565169769989	-681.6323475721066	-462.2511865644396
-206.23870967741937	-562.4387096774194	-412.01935483870966	-617.9290322580646
-206.17168581185967	-562.7522508537721	-412.028873020801	-617.6203042533375
-206.17017208413	-562.5124282982791	-412.2810707456979	-617.8948374760994
-205.07989750757048	-747.7586769159096	-245.92336361518753	-389.41206615420447
-205	-748	-247	-390
-205	-583	-572	-303
-200.97778781383457	-296.5304688338799	-315	-757.4317690071828
-200.5003352810033	-297.9826485583106	-313.95646970415976	-758.1101934214606
-200.22087174869088	-297.5082453783461	-315	-754.9173576137034
-192.72656485987582	398.12018795099846	-744.145829837221	-27.30625943950327
-192.0041590660343	399.0568405691354	-743.6176577891281	-28.589565851878877
-190.92145369991005	397.13173287664273	-743.6485165536026	-25.27840164015588
-190.8864176031179	399.0568405691354	-747.3908822269605	-27
-190.5540712398452	-750.4424944909168	-499.71185302533627	-213.8977777290518
-190.05042016806723	-365.3361344537815	-341.453781512605	-659.3361344537816
-190	398	-747	-27
-189.65664040850075	398	-747.1542841394015	-27.583043342631207
-188.2405088578493	399.5826441763562	-744.7881653184678	-28.88888667724269
-188	-662	-548	7
-186.61288269823555	-749.8192277260473	-499.90506312017516	-210.86736833389796
-186.22221645063968	-752	-502.6295463452367	-213.62943459887083
-186	-747	-498	-214
-184.14585055381494	-749.4862931931872	-504.07667416705067	-211.36023119968252
-182	-208	-368	-650
-180	-710	-449	-344
-175.6764705882353	-344.57843137254906	-566.3333333333333	-584.5294117647059
-172.22173913043477	-342.3478260869565	-567.7413043478261	-582
-172	-341	-568	-581
-164	-525	-440	-556
-164	-524.8985591029191	-441.5388662996643	-557.1835447329943
-149.42798087676738	-451.5717189747703	-492.53249895669677	-548.3339603494445
-149.04795512124502	-450.32579321993	-494.6725131545979	-552.2454689718534
-148.96036788137673	-450.96859552818177	-494.86464361621694	-548.0182178591099
-147.82642938973046	-451.53550338993307	-493.26832565391294	-550.0019468914898
-143	-651	-229	-574
-141.45092521221358	-439.6964625164069	-413.5740235965833	-559.4657151058444
-136.55318354139638	-216.75392863092327	-722.3166882890705	-334.5391500123677
-126	-741	-260	-227
-117	-672	-211	-513
-112	-395	-630	-465
-106.11732948195527	-380.41085079607785	-571.9391241082559	-481.4329863277491
-106	-587	-391	-498
-105.59359294690098	-378.06160179385995	-568.9505236560585	-481.4329863277492
-105.59359294690098	-376.5252298258649	-573.4789686050669	-481.4329863277491
-105.59359294690097	-378.8442243222305	-573.5261586699636	-481.9320122770267
-105.59359294690097	-367.4619826227584	-577.7249014956881	-470.47993824758703
-105.59359294690094	-378.8442243222305	-573.5261586699637	-481.9320122770267
-98.13665848589966	-370.3933822915305	-576.9838108299017	-471.2235673204424
-97.31712117305015	-368.94370858998263	-580.6754478394513	-474.59087818047954
-93.85345773874863	-755.0535126234906	-344.63913282107575	-94.42069154774974
-71.70433704907988	-234.53278525417593	-63.366320379376106	-768.2023706261052
-69.39024799389563	-229	-57.578963905368596	-769.3234967858251
-68.45836628074743	-229.70915764721923	-61	-769.3031138403733
-67.24215638129537	-444.35363125443337	-373.51334097233587	-668.0374311125662
-66.76565900965866	-228.60989332148984	-60.3399229941725	-769.9431506574236
-66	-445	-371	-666
-56	-519	-595	-464
-45.54272876173158	-529.0513838115227	-388.30626482988833	-671.9402133635588
-32.78098405556099	-150.6426684926147	-420.4813655482735	-676.0585933678959
-31.830390304712694	-381.80813766691085	-535.8031640770586	-594.2383724666179
-31.170140264680242	-385	-531.5396227910294	-593.1277042554877
-29.133557046979874	-148.52617449664427	-416.41291946308723	-676.2793624161073
-27	-609	-543	-366
-26.5	-378.8142292490119	-536.0830039525692	-588.5652173913044
-11	-411	-569	-511
-10.742781137569736	-605.1668216029628	-399.24378324882105	-595.717202382984
-10	-606	-401	-594
-6.096454155060002	-87.11116435666827	-146.25767277066862	-759.2998618020151
10.83809309646953	-605.1978862154261	-496.24353496739377	-518.7523049246684
12	-606	-494	-520
23.631435060156846	-605.0000000000001	-579.5545618842878	-520.7919220802955
24.222141137740735	-604.0132330835747	-580.6754478394513	-521.2812419849914
26.748729241672038	-604.292793109891	-580.0701821972373	-520.8087364477244
28.335014824533474	-606	-576.3505115742157	-514.6118796629488
28.374587504273975	-605.2985974802195	-578.3455718834459	-517.6186247853343
28.666666666666643	-596.3013333333333	-489.02133333333336	-645.488
28.666666666666643	-596.1298028416224	-488.9243880121484	-647.0032403565273
28.666666666666643	-596.0802935010482	-489.20188679245285	-645.6075471698114
28.66666666666665	-596.107969524412	-488.9369002425393	-646.9991893388169
28.666666666666657	-596.6666666666667	-489.6	-646.2666666666667
28.666666666666657	-596.1057585144953	-488.93871201058994	-646.9915116612307
29.000000000000014	-606.058615721927	-577.0707916778224	-518.8608616813466
29.98576998050683	-596.9991423001949	-488.785575048733	-646.2666666666667
30.826616952844816	-605.8306410951411	-580.6754478394513	-514.7891939861555
40	-412	-305	-677
47	-415	-324	-675
59.27676240208878	-634.9321148825065	-458.37336814621415	-485.3237597911227
63	-105	-577	-593
85.0922828858557	-687.9868756562172	-535.561196940153	-451.73623818809057
85.70925691389644	-687.4301207152185	-535.7444415052767	-451.7362381880906
88.44929771670289	-684.1652994928603	-537.8947003513364	-447.11222899966504
89.658358095366	-683.2124981113705	-536.6752522369768	-447.48329681982756
109	-197	-476	-660
109.95559474575242	-196.34283075906455	-476.1233474578066	-660.2502545087945
118	-525	-606	-558
123.31943168762825	-128.34443706822597	35.999763556832754	-770.1187187205394
180	-192	-530	-615
216	-382	-554	-561
221.72440371426836	-495.0293742792984	-391.5880318019057	-649.4681070583237
251.63780895879472	-578.88554177915	-564.2702712532937	-571.3288622880328
