-1528.261743489783	447.4725212977578
-1526.1861477176376	441.5517216857028
-1500.1861477176376	120.55172168570277
-1361.1861477176376	-204.44827831429726
-1234.1861477176376	-436.4482783142972
-1091.1861477176376	-636.4482783142972
-1091.0547752978568	-636.5395088454629
-853.2841195869145	-938.6908195441579
-853.1861477176376	-939.4482783142972
-697.4088618579071	-1106.8722208899421
-697.2677070799375	-1107.5737145674311
-696.552605359084	-1108.169001728762
-515.2677070799375	-1284.5737145674311
-514.552605359084	-1285.169001728762
-197.69259016894938	-1538.316555055503
-180.2677070799375	-1580.5737145674311
-179.55260535908403	-1581.1690017287617
-11.107074227947706	-1677.6735074912876
-9.911197617625703	-1678.7811017936774
-9.46373570413678	-1679.1592907541508
249.8929257720523	-1689.6735074912876
251.23774729966647	-1689.7266487196953
