-1961.423019489142	10.032115161237556
-1946.3083676268861	-25.261728395061695
-1889.3083676268861	-354.2617283950617
-1816.3083676268861	-607.2617283950617
-1743.3083676268861	-790.2617283950617
-1679.3083676268861	-935.2617283950617
-1538.3083676268861	-1181.2617283950617
-1424.3083676268861	-1348.2617283950617
-1365.3083676268861	-1425.2617283950617
-1303.3083676268861	-1492.2617283950617
-1168.3083676268861	-1614.2617283950617
-1039.3083676268861	-1721.2617283950617
-808.3083676268861	-1857.2617283950617
-579.3083676268861	-1928.2617283950617
-290.30836762688614	-1961.2617283950617
-169.30836762688614	-1963.2617283950617
