56	497	463
85	333	303
90	275	345
91	429	232
92	383	244
93	219	472
97	498	205
101	250	336
106	191	448
116	454	168
122	166	436
122	238	273
125	221	285
147	278	184
150	162	327
155	158	322
160	119	531
172	351	131
178	443	114
178	493	110
190	116	355
205	151	237
209	254	139
212	270	131
224	414	94
274	74	533
279	145	174
285	119	210
290	144	170
309	159	149
313	182	131
320	105	215
347	193	117
369	311	78
372	131	158
381	100	199
412	87	222
436	126	153
449	143	137
460	60	451
474	106	177
489	64	352
493	448	61
