63	493	425
78	277	421
80	436	274
88	394	251
93	226	404
98	178	510
101	255	322
101	280	294
101	324	251
117	134	561
123	289	227
126	125	526
130	342	183
132	162	375
136	352	171
137	116	540
155	467	135
160	139	353
160	149	331
194	305	142
195	234	174
203	150	254
204	170	220
204	385	113
214	193	188
232	411	99
233	197	170
237	84	452
240	228	147
255	236	136
257	203	153
259	276	119
275	144	201
307	129	206
308	195	136
330	64	560
351	309	88
373	204	112
389	186	116
399	136	152
438	117	165
439	104	187
452	149	123
466	58	469
471	134	133
539	464	63
