55	429	417
80	333	240
82	240	395
85	330	220
87	469	181
92	471	172
101	185	393
106	373	160
114	316	159
121	194	221
121	452	135
124	209	203
128	156	261
130	305	145
133	154	244
135	155	236
147	155	212
149	110	348
154	155	201
187	145	178
187	163	157
214	80	328
217	73	370
219	229	101
226	216	102
235	269	86
243	224	94
243	411	70
248	134	147
250	163	120
253	67	336
273	354	69
293	115	153
293	153	113
310	70	274
328	202	88
370	115	133
387	188	86
401	71	241
407	54	443
411	176	88
418	162	94
421	416	56
424	90	173
