-857.9090909090909	-248.54545454545456	-314.72727272727275
-750.176856998484	94.1323900960081	-329.15765538150583
-746.5724550453542	111.06351436417243	-335.05874157956873
-695.5	-455.75862068965523	-381.8189655172414
-692.9	-476.0279069767442	-478.1418604651163
-648.3121680049413	-582.5478690549722	-284.41297096973443
-632.28125	-641.9305555555555	-200.82291666666669
-632.1940928270042	-215.29957805907168	-727.415611814346
-629.5991217285787	-644.8358078028389	-189.9990378199099
-534.4	-309.95	-521.9437499999999
-534.3776223776224	-310.006993006993	-521.9090909090909
-513.3897435897436	-589.9025641025642	-372.26153846153846
-373.8608414239483	-842.3268608414239	-174.51294498381878
-372.8354368932039	-841.0291262135922	-175.55582524271847
