-703.3160173160172	179.3722943722944	40.42857142857143
-699.2270133164236	179.30437539632211	42.20862396956246
-574.211751137082	-284.6113658718099	-394.1210574689986
-573.3805092763106	-418.5912898729698	-425.01654498053745
-571.322360015032	-591.0940999624202	-540.6638105975197
-449.62754350790823	-317.12210060473683	-552.0557670051671
-357.39776400998335	43.9893431003689	-581.3973614311192
-339.04380179662894	-594.1752487946166	-334.3187276619263
-268.20183486238534	-755.5779816513761	-233.76146788990826
-168.7073942121298	-759.390729387978	-124.53834540166166
105.7589358884269	196.46973958617883	-686.8676115137459
