-764	-146	-594	185
-686.63910506294	244.91194895209793	15.25114288804352	-369.84659108542627
-575.1369815777346	-114.66664177506722	-485.89043016504576	8.131596022217025
-562.1497088887892	-40.50891125667779	-149.97234638970872	-114.38116922874639
-551.6557126290402	-285.9249414828148	-421.21450372446765	171.79436100656673
-550.004893863503	-311.24962206529233	-416.51461486844175	146.8339097299194
-543.2638059371396	-33.53446914492997	-496.50612710233213	64.31988161384865
-542.3495182316267	-170.92110874200426	-406.5900920353027	79.36000377857549
-541.5744076858969	95.70260767609992	-479.36197734115353	-4.849919826322221
-541.4259626102374	-146.72792724763067	-358.764527949916	-236.75038117459528
-534.911023540155	104.34650511272451	-479.98078330011185	-1.3101822347860974
-515.5483021900873	62.63610753155146	305.0168627418034	-347.5352564723968
-515.1846184039427	62.614003987144194	304.9897142941078	-347.85117062178153
-513.2074787598912	52.4121854261725	-349.5676256784883	-265.3745393634841
-509.89895786135025	-33.544630720434974	438.6633439057544	-301.7122791119166
-509.6375923550129	-245.82086379257038	173.92074545021626	-271.4038466595827
-506.12539711504417	81.5660192869052	302.8149981874522	-333.52495900584654
-498.89570432496595	150.87971571080314	108.78231609275025	-471.9119191373345
-495.5875306473414	32.65674186310058	395.3227949372658	-471.36439661133966
-483.47652121225724	-305.40927706652604	95.97218450904928	-53.89722069499455
-444.99841473229964	-369.3419701147658	-440.6371954769877	-265.99111904439746
-393.57396568043936	-22.448972015873522	-537.2085775614675	-278.58091068613095
-390.4973337808107	-189.70144311444233	461.24829772159455	-469.86189357497113
-356.379323311451	-353.4207638230915	-453.06447744653497	40.81099883256631
-348.6729042598042	-398.64358381159997	-527.816874710021	-147.94242474317662
-329.85479580903046	142.54451309724257	-523.2017060942546	-301.9433241077883
-324.98266770998885	-105.09900756240195	-504.52431096191145	-217.5307801553248
-323.04207544088445	-438.8772766110537	-454.37238788837	-56.20540682551366
-248.7532996449102	285.8935178709693	-406.00595123183075	-457.42605066879
-239.28445099484154	-165.33657836558973	-483.53512004033666	-309.6363107473917
-211.04374718153545	-435.5775587096887	-73.06839828453559	-402.88989171704264
-210.6321545058018	-531.9895289313239	-328.5280801522313	-227.21982449224305
-205.28851986468757	-164.08778711856792	-387.1472786404448	-355.8389529754465
-193.12196596394406	-115.28248009039405	13.918924392544469	-410.6095894365784
-192.95950765576697	-115.5030468550225	14.025084567374861	-410.65708985594324
-189.55860713699275	-23.406139593518756	-476.71611994215823	-355.18806775746725
-187.85617373592294	-63.563384599374665	-386.736368583512	-512.2575529333558
-185.73992202185627	-63.678248954346984	-385.59076350796624	-497.56054059095385
-170.3595168630716	-344.94481003232966	-472.57096039861705	-207.7776731298411
-168.89750243085106	-191.34512967382054	-342.2683981781411	-525.6342730096874
-126.11801242236025	-239.91304347826085	-365.23602484472053	-466.1925465838509
-97.09766206256424	-449.78402690388725	-199.41044524522553	-430.15262907281954
-86.6354245501824	-515.5979637624241	-348.4966410229434	-357.2178201876233
-50.2376517278087	-409.2461134911826	-358.12228776170866	-352.08985299755983
47.65986698918193	-194.5028478928217	-321.58389217019646	-471.743016632947
49.699310375481694	-210.50978763751047	-329.26835024972297	-480.26005669162436
106.31445812175114	-287.4639626618734	-403.37799205777713	-350.67824887627
115.5965964615543	-547.9949711975279	-74.32620128035623	-414.08838566290456
120.15461789251043	-329.86527542689475	-376.20894550086496	-281.6457859764123
267.45454545454544	-757.0909090909091	-228.97727272727275	-238.88636363636365
267.55434782608694	-757.1249999999999	-229.11413043478262	-238.91304347826087
