-709.4189027170333	-525.3574528445263	-165.7320116854388	-304.17691956973266	-120.87806278390381
-707.8741182231516	-505.2252416458888	-202.85130202542547	-396.33884714921726	-270.6769775220829
-703.0700837096325	-506.2843925080039	-200.6304099436759	-395.94549322431504	-262.05985068180775
-681.6120080126824	-227.12475667076635	-61.983617347217304	-426.03731651140623	-274.17619819965626
-675.8672839506173	-228.0462962962963	-59.55555555555556	-423.4320987654321	-271.2067901234568
-640.7411861372453	-509.2023937139841	148.0741893531694	-734.9737257377308	-324.81424093854923
-640.6639467468327	-509.1329181876745	148.17285806313078	-735.1823062057118	-324.85290959845395
-604.1666666666666	-247.29166666666663	-258.04166666666663	-452	-442.875
-580.7944277759925	-417.8470098754141	-175.09256964700648	-689.2446969088348	183.17672850645178
-577.2648936170212	-283.24042553191487	-214.16276595744682	-546.8808510638298	-487.20425531914896
-573.1882944376014	-360.16436932342157	-233.27454868382992	-122.02911044552488	-79.66979987102158
-573.1860371654362	-360.16296197539026	-233.26690704820282	-122.03936381078947	-79.67100321948641
-553.2468820589946	-549.941039018054	-302.0294382186213	-277.5915686059411	-49.16532192146826
-550.3142018342442	-286.85769558890917	93.6353756704405	-641.8707884069539	-470.89834067897954
-550.2745069125822	-286.8655842795613	93.64468593499832	-641.9172410885324	-470.8922952030541
-548.5201408710063	-533.6269220145475	-422.39954884448946	-242.0930393149802	-357.17137003959124
-547.5493027616428	-166.77014527652324	-324.4961065298747	-594.6916227617053	-36.85569717593302
-541.5113861678389	-491.1995879639984	-25.704813438181198	-452.2435526737922	-21.049946685201164
-541.1945657447841	-85.59146045608927	-511.13197476952934	-414.0931586608442	134.1703056768559
-541.1751865847036	-473.1531746254145	-59.61896654669324	-539.6411294025285	-171.15241517879082
-539.2714535901927	-79.23161120840629	-514.3500437828371	-412.1479859894921	139.67710157618214
-520.8582507425388	-374.24578584578853	-140.77322771397675	-396.4846504619204	-154.40113523857755
-518.2515842892273	-357.58121309597846	-529.5234940441659	-54.62514513456096	-539.9971605803426
-518.1473827544437	-359.63728833944725	-529.6271509694934	-54.8850482384172	-541.4312377041434
-501.34580847530594	-295.2311027738483	-162.85807860262008	-361.52552432498925	-350.8332923304016
-498.0071720444175	-490.6311629947133	251.33507760736904	-772.386649121322	-278.0692784605243
-487.1753839305586	-110.7235699977743	-23.64878700200311	-643.004228800356	-566.3241709325617
-470.0481362544954	-513.4960354512787	72.52720363835644	-705.00155823877	-279.46507771082906
-469.181486391103	-513.4574990961833	72.00822042797873	-704.8996591319917	-279.9841272573898
-465.3598074928874	-306.59461830944724	-397.04355340477014	-514.9519264005955	-353.59858012709725
-461.5477453580902	-258.9419761273209	-407.6000221043324	-329.15362511052166	-519.2385057471265
-456.3471882640587	-317.7411805798114	-358.085923856095	-618.9210618232623	-46.7778553964373
-454.82415362887184	-295.0290491859448	-397.9299021624676	-508.25844208285264	-344.30703796984307
-453.9148195312815	-316.0155056593419	-355.31271222104453	-619.7259336152113	-47.620150144827974
-447.5812057732473	-221.01101031827676	-411.38847220923344	-480.2755143551857	-548.2633069921131
-441.5829251224633	-463.03848845346397	-181.58992302309306	-702.5346396081176	-263.98250524842547
-419.8685396660826	-280.552277365172	-66.83439430549574	-549.8350338964038	-361.4163447102325
-405.8731155778895	-416.6122278056951	-256.61591289782245	-481.9147403685092	-233.08869346733667
-389.49917474243887	-181.76846383615063	-496.0695180013124	-540.3877282635724	163.48343717234485
-371.9422970979902	-333.55536242692193	-316.1704120000944	-622.4553040065267	-61.379519415861914
-370.66790026750726	-93.97142502377646	-407.4363092902331	-530.5631177469904	-194.78501167322895
-367.6935811585236	-719.9724048808943	214.27638503506617	-365.3130722836922	42.17404919506805
-367.3837713178721	-719.8263945631041	213.97644765811012	-365.3407770943928	42.02962829122237
-365.1401997100983	-288.2803994201965	-379.943791270736	-425.90095023353194	-544.1410049927524
-364.921568627451	-292.78431372549016	-379.5882352941177	-427.8627450980392	-547.2549019607843
-361.8122092819355	-463.2263916119575	-121.533046628613	-508.8172244642813	-113.4255902004631
-360.2570269365903	155.65848251631252	-467.14293681334004	-516.8063130890636	-21.176914282527463
-352.56781503559336	-547.868143916013	198.91746361378122	-526.9488846104616	-4.522852627417354
-349.59028141800275	-355.2170331832326	-385.83532138426415	-62.83834377279011	-414.05377309362234
-341.68480231534136	-546.6850309514339	-47.595060010577775	-546.809183709881	-320.9540333855967
-340.24898443443016	-557.5983201741403	-409.90191042555483	-120.31844720413534	-228.47861135299308
-339.4701692400585	-561.5250655783868	-413.5841117565333	-125.70204456334592	-232.65963258350993
-339.3544964521729	-561.5850869446051	-413.70853001187686	-125.79557511343911	-232.50289612327555
-339.15487634401114	-558.284759275125	-414.8623117729228	-120.59900090471336	-226.95140828813174
-337.7755305283639	-561.9765274311933	-151.21820609053523	-425.95810601654944	-155.3270882490345
-318.7134831460674	-737.6232228846595	-130.2237158908507	-339.5480394404953	-93.87875487273561
-308.1217598909536	-730.938329362503	-132.45855148268927	-335.92742049773153	-88.6884392879538
-307.05266993726826	-205.56794442107844	-451.99016948889573	-624.414404740142	9.607022065025333
-305.91367444771953	-304.82731707896755	-243.7501615263598	-519.1773427517876	-224.61153294527057
-291.06962379487265	-227.90059562430628	-264.1231921827397	-488.04638608042166	-425.88473119491914
-280.9718376493515	-356.3690133249444	-27.103154202488675	-394.4568650966928	-461.53516466115457
-252.83548495290168	-444.3885777478239	-338.07413595071523	-542.5750060909819	-467.7018788701466
-180.28557971993038	-360.1568633461386	-454.7213445595361	-23.027428696407867	-368.3775960870116
-175.46400070031208	-442.49345917462426	154.33007680642925	-612.7560179164594	-495.2613723859081
-173.4632274860722	-528.9348615757017	-393.5755505742099	-245.57352825284974	41.210735558953004
-171.9605199592809	-530.4195055821845	-393.7559766779311	-245.81055958801713	41.58897540413356
-139.03021707898284	-136.2162891790723	-615.696914959943	-135.03371266914246	-385.6944666914738
-137.28483606557376	-140.87090163934425	-615.2991803278688	-139.94467213114754	-385.5204918032787
-124.73914770986845	-93.36501399021104	-473.3410632107596	-288.67563471003166	-379.31859895490555
-110.96693159634836	-399.5804710203762	-480.3516182253553	147.20604219524103	-112.43554214316966
-71.96689779491868	141.45887380536027	139.39931171329735	-755.0296459228689	-97.85660561706491
-61.53383458646617	7.360902255639104	-676.9248120300751	145.50877192982458	-189.64912280701753
-14.458333767754809	-188.56947181299722	-489.9179977340576	-613.0254153938117	-307.0436941116776
48.37212830704612	-576.0176767599202	-134.3726832342411	11.995600780798796	-31.39116532517884
49.24909236611419	-576.2503376713122	-134.9433038382782	12.428635818575458	-31.905369457377383
121.3280296902011	168.7731545247007	161.8479564220043	254.04702332383846	-570.336785866929
