-688.711227479296	104.40849846593922	-172.80005305774066	299.60709589609917
-655.4441769942209	62.88860336770434	-101.22759652603844	-366.9781847358206
-615.5570782506487	-256.87155405533906	-133.1591989075385	245.76856115554475
-595.0054495912807	-455.95367847411444	-94.03542234332423	247.66757493188013
-592.6	-431.6	16	-78.2
-563	-440	-55	-73
-547.8018001824096	230.09711018603943	-234.76985574957612	-451.1454884203355
-523.8787926823519	105.54746251310937	23.60331414345731	-553.8986649786475
-519.9074025654031	44.66932590999465	-47.560518231347615	-536.7084311381798
-515.98070479169	-601.1122249525299	-102.39849372117887	492.28634855036614
-510.53545919802036	-65.58326303357515	-316.1682132613464	-73.73674146560936
-510.2490977342302	-64.31768877787925	-353.055117146907	-213.935156972747
-501.7729956078901	-296.3379878154369	-413.7927364891457	-9.451112195582693
-494.7638888888889	-619.4886363636363	-305.17929292929296	400.3068181818182
-473.7959328545181	-388.39577417738434	81.07971438115916	-181.44091364623353
-434.69525619750453	-394.1527383694273	-113.56193884817074	42.971013019094826
-432.0443864535681	-714.9699715546885	-58.514660324754146	380.9658715861016
-427.69531929058866	-249.3681134762266	-626.6926377304754	-115.57148669391378
-417.1304561315329	-222.19484616797317	-530.6052968866293	-320.5298819799531
-413.2298850574712	-440.95402298850576	-454.2988505747127	-29.241379310344836
-412.7	-450.5	-588	-114.9
-412.5208333333333	-449.2708333333333	-590.2083333333334	-110.72916666666667
-357.2125748502994	-430.5374251497006	-234.57634730538922	-604.7979041916167
-352.5921568627451	-61.16862745098038	-311.7686274509804	-542.835294117647
-343.11948111060536	-387.0374374146564	-403.9492489758762	-137.67222348657262
-332.1231884057971	-599.4565217391304	-600.268115942029	125.731884057971
-325.0704010581674	-371.54103286845975	-388.5824512864648	-178.38497338697331
-319.21008403361344	-566.8151260504202	-502.8109243697479	-73.54621848739495
-287.67827871794617	55.20531302483117	-345.204328635999	-550.9506409148188
-285	-87	-228	-647
-278.42499999999995	62.664999999999985	-346.15999999999997	-542.575
-270.84374174540284	-77.7572640455146	-345.02211724067865	-511.7929848623387
-260.73069313336765	-522.7620630330756	-384.8893730981961	-101.70193728944251
-234.84318777135886	-382.1186264308012	-428.76708026839856	-139.52656500053823
-231.54546793314188	-529.5489286503202	-569.9515499595022	-288.3816361092703
-202.68756423432683	17.65056526207605	-485.70811921891055	-634.5991778006166
-194.2537216828479	-387.9566343042071	-369.4381877022654	-473.72556634304215
-182.34812880765887	-69.58137510879024	-506.9886858137511	-662.6779808529157
-142.8	-367.9	-590.35	-286.2
-136.25094199218054	-621.9207545386896	-275.9772150104535	-46.60733986132931
-102.19354838709678	-185.80645161290323	-427.64516129032256	-476.4516129032258
-98.46766917293233	-540.415037593985	-344.318045112782	-532.0398496240601
-88.82065417126056	-388.93127526644616	-382.3199558985667	-477.5403895626608
-88.74200278164116	-619.5354659248957	-462.07719054242	-56.79833101529903
-79.03078479549067	-381.0500072264778	-384.570747217806	-470.79187743893624
-76.97058823529412	-376.0882352941177	-387.0882352941177	-460.735294117647
-60.6412213740458	-599.3053435114504	-466.64885496183206	-202.55725190839695
-31.570014144271568	-258.5671852899576	-577.4526166902405	-553.7878359264498
-23.904761904761898	-644.7428571428571	-487.42857142857144	-201.7904761904762
6.787318671034164	-513.7143191389799	-684.4473561066916	-252.82849789424426
48.819548872180434	-178.9473684210526	-539.3308270676691	-581.9924812030075
58.83938179736692	-597.2296508299943	-238.54184315970235	-358.7216943331425
92.52671755725191	-299.33587786259545	-461.8625954198473	-660.9618320610687
170.98721033535466	-336.5709217404468	-488.4091955819164	-447.266514831293
184.41780186715576	-654.3891474146282	-34.656121839127835	-417.0417059950951
230.58865248226954	-651.0567375886525	-224.61229314420802	-426.03782505910164
252.5	56	-285.5	-722
420.5263157894737	-246.67464114832538	-517.3397129186603	-585.7631578947369
