35	203	200
36	192	203
36	209	184
36	215	178
36	225	176
37	182	227
37	184	211
37	187	200
37	189	197
37	198	187
37	207	186
37	214	179
37	216	162
37	237	154
38	171	230
38	175	222
38	179	208
38	181	205
38	182	202
38	190	195
38	193	184
38	195	181
38	198	170
38	223	161
38	226	147
39	166	227
39	168	224
39	170	219
39	174	210
39	179	197
39	180	193
39	184	188
39	188	186
39	190	178
39	193	159
39	208	155
39	221	154
39	233	140
40	161	229
40	166	202
40	172	201
40	175	190
40	185	167
40	210	147
40	218	145
41	156	216
41	163	215
41	165	204
41	172	200
41	178	183
41	182	180
41	185	166
41	202	155
41	205	149
41	213	134
41	228	130
42	166	201
42	168	194
42	171	188
42	173	185
42	177	182
42	181	176
42	182	173
42	188	159
42	197	157
42	205	142
43	150	234
43	155	222
43	162	203
43	169	178
43	176	165
43	186	161
43	197	155
43	204	152
43	215	132
44	148	236
44	149	208
44	158	196
44	161	190
44	165	185
44	168	173
44	174	156
44	188	151
44	196	149
44	207	140
44	225	124
45	144	234
45	147	228
45	156	203
45	161	189
45	168	172
45	171	169
45	185	154
45	191	138
45	206	134
46	137	246
46	142	215
46	151	203
46	156	191
46	164	185
46	165	179
46	170	168
46	171	165
46	173	162
46	183	151
46	189	148
46	222	129
47	139	226
47	143	201
47	152	184
47	160	182
47	161	172
47	166	171
47	169	167
47	170	162
47	180	152
47	184	148
47	186	146
47	190	144
47	193	136
47	200	128
47	224	126
48	136	254
48	141	221
48	146	191
48	155	179
48	157	162
48	166	161
48	171	157
48	179	155
48	183	145
48	187	144
48	190	141
48	192	136
48	214	126
49	129	266
49	133	252
49	134	235
49	138	221
49	139	203
49	150	184
49	156	166
49	167	157
49	171	156
49	175	153
49	178	147
49	182	145
49	185	142
49	199	133
49	207	127
49	230	117
50	129	214
50	137	210
50	138	202
50	148	179
50	150	170
50	159	158
50	164	153
50	166	145
50	177	142
50	181	141
50	185	138
50	188	136
50	195	133
50	197	131
50	206	127
50	218	122
50	244	116
51	122	226
51	131	211
51	140	199
51	141	191
51	143	182
51	147	180
51	148	178
51	151	165
51	155	160
51	162	151
51	169	138
51	178	132
51	194	131
51	205	118
52	133	204
52	136	196
52	140	194
52	141	190
52	144	177
52	148	172
52	149	167
52	154	164
52	157	153
52	161	152
52	165	145
52	172	136
52	189	130
52	198	124
53	121	234
53	123	207
53	132	195
53	138	194
53	141	187
53	143	174
53	148	165
53	161	151
53	164	143
53	167	138
53	174	135
53	182	130
53	192	123
53	217	116
54	114	246
54	116	219
54	125	204
54	130	200
54	134	187
54	136	186
54	137	168
54	145	164
54	149	157
54	155	152
54	157	151
54	160	150
54	163	148
54	167	136
54	174	128
54	182	127
54	184	120
54	205	115
54	232	114
54	235	113
55	128	200
55	130	180
55	136	172
55	139	165
55	147	153
55	154	150
55	160	145
55	161	143
55	173	129
55	177	121
55	201	119
55	221	112
56	115	227
56	123	202
56	127	199
56	128	193
56	129	184
56	144	150
56	150	141
56	158	137
56	166	134
56	170	133
56	172	129
56	183	120
56	191	116
56	220	112
57	108	239
57	117	217
57	121	205
57	125	200
57	127	197
57	143	153
57	149	145
57	161	133
57	167	128
57	169	127
57	190	118
57	213	113
57	241	109
58	118	212
58	120	209
58	122	200
58	128	192
58	132	177
58	135	175
58	138	166
58	141	162
58	142	157
58	153	133
58	157	132
58	159	124
58	183	119
58	190	111
58	246	107
59	112	233
59	116	217
59	121	204
59	122	192
59	125	189
59	129	183
59	131	170
59	135	169
59	136	168
59	138	155
59	148	148
59	152	136
59	156	126
59	162	117
59	182	116
59	220	109
59	236	108
60	107	256
60	109	229
60	113	224
60	117	215
60	118	193
60	120	192
60	128	181
60	129	163
60	134	156
60	136	155
60	137	153
60	142	152
60	147	147
60	155	129
60	197	110
60	236	106
61	111	205
61	120	190
61	122	175
61	127	168
61	128	167
61	131	160
61	135	153
61	139	148
61	140	146
61	146	145
61	202	109
61	213	108
61	229	105
62	103	241
62	108	237
62	109	219
62	113	199
62	115	198
62	119	190
62	121	179
62	124	173
62	126	172
62	128	160
62	132	158
62	136	145
62	143	139
62	150	131
62	168	115
62	184	114
62	202	106
62	225	105
62	260	104
63	101	249
63	106	211
63	114	197
63	115	191
63	117	190
63	120	188
63	125	170
63	130	158
63	133	154
63	135	149
63	140	141
63	146	132
63	148	131
63	153	124
63	159	123
63	161	122
63	176	112
63	195	109
63	197	107
63	205	105
63	212	103
63	260	101
64	99	248
64	102	232
64	103	225
64	104	222
64	108	203
64	110	200
64	114	195
64	117	188
64	120	187
64	126	166
64	128	159
64	135	143
64	142	135
64	145	128
64	148	126
64	152	125
64	169	113
64	177	111
64	183	109
64	196	108
64	201	106
64	255	102
65	97	234
65	102	225
65	103	212
65	112	192
65	119	185
65	120	166
65	123	165
65	126	160
65	130	150
65	138	138
65	142	133
65	148	121
65	155	115
65	175	112
65	183	108
65	207	101
66	95	237
66	98	226
66	102	220
66	105	204
66	108	195
66	110	194
66	115	190
66	116	180
66	120	158
66	126	151
66	128	150
66	129	148
66	134	146
66	141	131
66	171	112
66	177	109
66	198	106
66	201	103
66	241	99
67	93	241
67	101	207
67	106	198
67	109	180
67	116	176
67	118	168
67	119	163
67	125	143
67	132	141
67	133	139
67	140	133
67	146	124
67	151	116
67	173	109
67	180	107
67	182	103
67	216	97
68	91	244
68	99	210
68	103	194
68	114	175
68	117	172
68	118	167
68	119	161
68	124	141
68	135	134
68	143	126
68	149	117
68	154	109
68	174	108
68	197	101
69	90	246
69	96	216
69	101	201
69	112	178
69	114	172
69	116	163
69	122	154
69	127	134
69	132	129
69	138	127
69	140	126
69	145	125
69	147	121
69	153	115
69	210	98
70	94	219
70	101	200
70	102	197
70	106	178
70	116	162
70	118	161
70	120	155
70	121	153
70	135	122
70	144	120
70	156	108
70	177	107
70	194	101
70	205	100
71	92	232
71	93	224
71	95	214
71	100	208
71	101	191
71	111	177
71	112	161
71	117	154
71	123	148
71	126	138
71	141	119
71	151	115
71	160	107
71	176	106
71	178	103
71	191	102
71	194	98
71	206	96
71	222	95
71	236	94
72	88	256
72	90	232
72	91	227
72	93	220
72	97	210
72	98	199
72	104	190
72	109	177
72	110	168
72	112	153
72	115	148
72	125	139
72	139	119
72	145	116
72	150	114
72	178	102
72	193	101
72	204	95
72	231	91
73	87	249
73	94	212
73	96	197
73	100	190
73	102	177
73	108	171
73	114	151
73	116	144
73	117	138
73	123	136
73	128	132
73	132	128
73	140	118
73	144	117
73	173	106
73	175	101
73	188	100
73	193	98
73	203	97
73	219	93
74	84	252
74	89	227
74	92	216
74	93	204
74	95	189
74	97	185
74	104	175
74	106	168
74	108	163
74	113	143
74	116	136
74	125	135
74	126	129
74	134	127
74	135	121
74	137	120
74	138	118
74	142	115
74	147	107
74	164	105
74	190	99
74	198	97
74	201	96
74	209	94
74	223	91
74	232	90
75	83	256
75	87	240
75	88	213
75	91	203
75	94	199
75	99	180
75	104	173
75	106	167
75	108	160
75	111	157
75	119	129
75	131	125
75	133	123
75	141	111
75	161	104
75	169	101
75	178	100
75	198	94
75	217	93
75	218	91
76	85	223
76	87	211
76	89	206
76	92	202
76	94	197
76	107	158
76	108	157
76	111	149
76	128	120
76	149	106
76	167	103
76	172	99
76	191	97
76	196	95
76	208	89
76	228	88
77	82	262
77	83	247
77	85	219
77	87	209
77	92	197
77	101	173
77	103	165
77	105	164
77	107	151
77	109	149
77	122	122
77	137	119
77	158	102
77	174	97
77	180	95
77	183	94
77	223	87
78	80	233
78	81	230
78	84	227
78	89	196
78	90	195
78	93	180
78	97	175
78	105	158
78	107	143
78	114	141
78	124	121
78	125	115
78	131	114
78	145	107
78	148	103
78	171	100
78	177	95
78	197	93
78	203	89
78	236	84
79	79	231
79	90	187
79	96	178
79	98	165
79	102	164
79	104	156
79	105	146
79	108	139
79	110	136
79	127	114
79	136	112
79	148	100
79	168	99
79	170	98
79	182	94
79	202	90
80	77	240
80	84	205
80	86	202
80	88	195
80	89	190
80	92	183
80	94	177
80	98	163
80	102	156
80	105	138
80	109	137
80	111	132
80	118	130
80	134	113
80	139	110
80	143	107
80	147	106
80	171	97
80	179	92
80	213	88
80	231	86
80	232	82
81	83	229
81	85	200
81	87	189
81	91	175
81	94	172
81	99	161
81	112	127
81	117	125
81	134	109
81	142	106
81	163	99
81	170	96
81	182	90
81	204	88
82	74	251
82	79	225
82	80	215
82	81	213
82	84	199
82	85	192
82	89	174
82	93	173
82	95	163
82	100	148
82	116	122
82	122	121
82	123	120
82	141	107
82	146	105
82	159	99
82	164	98
82	201	87
82	205	86
83	81	210
83	83	197
83	93	168
83	97	161
83	99	146
83	111	124
83	114	117
83	130	110
83	139	107
83	146	99
83	156	97
83	172	93
83	176	92
83	188	87
83	216	85
84	77	223
84	82	206
84	83	190
84	85	175
84	89	170
84	96	159
84	98	153
84	102	139
84	108	135
84	113	123
84	117	110
84	133	103
84	153	96
84	166	95
84	170	92
84	190	86
84	218	83
84	229	82
85	78	221
85	80	214
85	81	209
85	82	182
85	87	173
85	89	166
85	91	164
85	96	158
85	97	141
85	101	140
85	108	131
85	141	98
85	159	95
85	166	92
85	212	85
86	74	234
86	75	206
86	79	200
86	81	185
86	86	170
86	91	155
86	101	132
86	104	130
86	132	108
86	163	93
86	166	89
86	204	85
86	209	80
87	73	233
87	74	204
87	77	195
87	86	157
87	90	156
87	105	124
87	126	105
87	145	96
87	165	92
87	169	87
87	203	84
87	219	79
88	75	202
88	79	193
88	81	174
88	84	171
88	85	168
88	92	143
88	108	117
88	138	102
88	160	91
88	174	86
88	194	85
88	198	84
88	210	79
88	238	77
89	73	205
89	80	172
89	103	119
89	107	118
89	123	109
89	163	89
89	181	85
89	195	82
89	237	78
90	72	262
90	78	181
90	83	171
90	84	169
90	89	154
90	97	137
90	110	108
90	126	101
90	138	100
90	148	94
90	158	93
90	190	82
90	198	80
90	218	77
90	237	75
91	70	216
91	72	204
91	73	194
91	76	183
91	78	172
91	81	161
91	93	135
91	124	107
91	151	91
91	193	80
91	226	76
92	69	235
92	71	202
92	72	192
92	74	191
92	75	178
92	77	170
92	79	165
92	83	150
92	123	107
92	135	96
92	154	89
92	182	83
92	198	79
92	202	78
92	214	73
93	69	225
93	70	201
93	78	152
93	82	151
93	88	149
93	91	144
93	100	129
93	102	126
93	119	103
93	138	94
93	173	84
93	175	83
93	187	82
93	208	77
94	68	226
94	71	188
94	74	185
94	85	141
94	95	132
94	131	100
94	145	90
94	153	89
94	161	88
94	162	87
94	167	84
94	203	77
94	243	70
95	66	219
95	69	179
95	72	168
95	99	113
95	115	106
95	133	95
95	155	85
95	200	77
96	65	216
96	68	177
96	75	166
96	93	131
96	98	130
96	108	112
96	139	92
96	158	83
96	178	82
96	191	80
96	204	75
96	223	70
97	64	214
97	71	173
97	75	164
97	77	161
97	90	139
97	97	128
97	117	105
97	118	103
97	122	102
97	124	101
97	131	97
97	151	88
97	189	81
97	190	79
97	195	78
97	199	76
97	207	73
98	66	213
98	81	149
98	90	138
98	91	133
98	94	129
98	108	108
98	127	99
98	128	96
98	177	82
98	185	81
98	186	78
98	191	77
98	207	71
99	62	200
99	65	189
99	71	171
99	74	146
99	84	143
99	93	128
99	122	101
99	130	92
99	143	91
99	154	87
99	166	82
99	179	78
99	198	74
100	61	198
100	70	175
100	73	164
100	83	142
100	90	130
100	98	125
100	120	101
100	124	97
100	142	88
100	177	78
100	182	76
100	236	68
101	67	181
101	69	173
101	95	126
101	112	106
101	126	93
101	141	91
101	173	80
101	193	75
101	205	70
101	222	68
102	66	166
102	73	162
102	82	145
102	83	141
102	86	139
102	98	124
102	100	107
102	116	100
102	149	87
102	197	73
102	216	68
103	64	177
103	80	145
103	89	138
103	94	125
103	98	117
103	111	101
103	121	99
103	122	98
103	144	86
103	154	85
103	156	84
103	158	81
103	171	76
103	194	74
103	200	71
103	202	68
104	61	182
104	64	171
104	71	161
104	73	158
104	81	137
104	82	133
104	89	132
104	91	121
104	94	118
104	105	106
104	110	104
104	125	95
104	146	82
104	196	72
104	244	67
105	60	180
105	70	159
105	72	157
105	78	145
105	87	132
105	109	102
105	123	97
105	135	91
105	136	89
105	180	74
105	191	72
106	59	219
106	75	137
106	89	131
106	92	120
106	99	110
106	110	101
106	115	98
106	135	89
106	166	80
106	200	69
106	224	67
107	59	192
107	71	152
107	73	150
107	83	131
107	94	117
107	95	116
107	164	80
107	168	79
107	194	71
107	195	69
107	198	68
107	215	66
108	58	236
108	62	168
108	65	157
108	82	128
108	107	100
108	123	95
108	131	91
108	133	90
108	134	88
108	167	78
108	170	75
108	232	65
109	61	166
109	68	156
109	87	123
109	91	119
109	101	105
109	119	96
109	130	91
109	143	86
109	164	79
109	195	66
110	66	144
110	74	141
110	85	126
110	90	117
110	95	113
110	139	87
110	145	83
110	188	72
110	192	71
110	235	64
111	74	138
111	83	127
111	86	123
111	93	110
111	137	87
111	151	80
111	163	77
111	179	74
111	188	70
111	247	62
112	58	183
112	63	161
112	98	107
112	110	96
112	125	94
112	126	92
112	162	73
112	209	64
113	55	240
113	73	140
113	78	130
113	83	119
113	92	112
113	104	101
113	116	92
113	123	90
113	227	62
114	55	211
114	56	201
114	57	189
114	76	133
114	127	86
114	146	81
114	225	63
115	54	257
115	56	187
115	58	160
115	60	151
115	68	143
115	121	91
115	139	85
115	150	80
115	180	71
115	188	69
115	191	66
115	208	64
115	211	63
115	226	62
116	54	228
116	72	141
116	75	136
116	81	128
116	88	116
116	155	77
116	160	76
116	186	66
116	202	65
117	55	204
117	73	132
117	74	126
117	96	107
117	103	103
117	146	80
118	99	106
118	106	97
118	125	89
118	142	84
118	143	81
118	151	79
118	181	69
118	183	67
118	202	62
118	226	60
119	71	134
119	80	125
119	86	117
119	89	115
119	101	104
119	111	93
119	141	82
119	153	78
119	179	68
119	195	65
119	200	64
120	57	168
120	63	148
120	79	124
120	91	113
120	96	104
120	105	98
120	121	90
120	123	89
120	131	85
120	158	76
120	173	71
120	206	60
121	51	232
121	66	139
121	81	123
121	115	92
121	126	87
121	134	83
121	139	81
121	168	71
121	194	65
121	200	61
122	52	212
122	53	181
122	54	179
122	65	141
122	70	133
122	80	112
122	90	109
122	109	95
122	144	80
122	148	79
122	153	77
122	167	72
123	50	249
123	52	179
123	61	150
123	95	107
123	103	100
123	128	83
123	138	82
123	147	78
123	156	75
123	161	73
123	190	65
123	264	58
124	51	229
124	58	159
124	68	136
124	74	123
124	87	109
124	93	107
124	119	91
124	122	88
124	142	80
124	146	79
124	151	77
124	157	72
124	167	70
124	171	68
124	198	63
124	218	59
125	51	196
125	56	175
125	57	155
125	85	109
125	89	107
125	101	102
125	107	96
125	117	90
125	126	86
125	127	85
125	139	79
125	145	78
125	193	62
125	236	57
126	55	173
126	60	146
126	64	143
126	71	119
126	93	105
126	101	101
126	114	91
126	121	89
126	136	81
126	151	75
126	180	65
127	56	172
127	99	98
127	105	96
127	125	85
127	150	75
127	169	69
127	177	67
127	186	62
127	193	59
127	235	57
127	239	56
128	65	130
128	94	104
128	112	92
128	118	88
128	120	86
128	132	82
128	134	81
128	147	76
128	173	67
128	206	58
129	50	229
129	56	171
129	62	143
129	96	103
129	116	88
129	122	82
129	136	80
129	146	77
129	164	70
129	178	65
129	183	63
129	219	56
129	251	55
130	49	227
130	50	182
130	63	132
130	103	95
130	108	94
130	110	93
130	133	80
130	144	78
130	145	77
130	150	74
130	160	71
130	171	67
130	211	57
130	250	54
131	76	118
131	88	107
131	90	105
131	98	101
131	102	94
131	112	89
131	135	77
131	145	76
131	159	71
131	168	69
131	231	55
132	48	244
132	49	199
132	77	116
132	80	111
132	92	103
132	131	81
132	146	73
132	155	70
132	167	69
132	177	66
132	192	61
132	215	55
132	230	54
133	57	146
133	59	137
133	67	129
133	84	102
133	96	97
133	100	95
133	133	77
133	164	69
133	168	68
133	179	60
133	209	56
133	246	53
134	54	165
134	56	156
134	95	100
134	106	91
134	116	87
134	119	86
134	131	79
134	132	78
134	143	75
134	145	74
134	167	68
134	171	66
135	55	148
135	57	139
135	69	127
135	78	113
135	94	100
135	121	83
135	164	66
135	205	56
135	226	53
136	48	221
136	54	163
136	68	123
136	82	104
136	93	97
136	101	94
136	112	88
136	123	81
136	127	80
136	144	73
136	145	72
136	161	69
136	176	65
136	199	58
136	202	57
137	52	171
137	54	162
137	76	115
137	80	110
137	117	86
137	119	84
137	138	73
137	161	67
137	177	63
137	194	56
138	50	177
138	53	165
138	62	134
138	93	96
138	103	91
138	119	83
138	136	76
138	160	69
138	176	62
139	87	101
139	111	89
139	122	81
139	130	79
139	136	75
139	151	68
139	163	65
139	172	63
139	202	54
139	239	51
140	45	259
140	49	194
140	54	156
140	60	136
140	73	111
140	85	100
140	91	99
140	115	87
140	116	86
140	136	73
140	162	64
141	44	257
141	47	229
141	48	203
141	51	165
141	79	106
141	107	88
141	124	79
141	135	76
141	149	68
141	159	67
141	184	59
141	192	58
141	219	51
142	45	237
142	47	202
142	67	122
142	96	92
142	106	90
142	110	87
142	114	86
142	122	80
142	132	77
142	143	72
142	148	69
142	183	59
142	188	58
142	192	56
142	208	51
143	48	191
143	56	141
143	58	138
143	78	108
143	90	97
143	109	86
143	130	78
143	133	76
143	160	66
143	167	62
143	176	61
143	240	50
143	259	49
144	44	253
144	47	192
144	48	190
144	53	160
144	55	147
144	65	124
144	69	121
144	100	87
144	113	82
144	135	75
144	145	69
144	154	67
144	161	63
144	186	57
144	239	49
145	45	233
145	46	190
145	54	143
145	120	80
145	124	78
145	156	63
145	174	60
145	177	58
145	188	55
145	238	50
146	52	161
146	82	103
146	110	85
146	126	77
146	133	75
146	141	72
146	144	71
146	198	54
146	201	52
147	44	223
147	45	207
147	61	129
147	86	97
147	111	84
147	130	75
147	142	71
147	143	70
147	172	61
147	235	48
148	41	251
148	49	184
148	93	95
148	135	74
148	153	66
148	201	49
149	40	249
149	43	221
149	45	205
149	47	187
149	53	159
149	59	131
149	63	128
149	72	113
149	97	89
149	109	84
149	133	72
149	137	70
149	176	59
149	181	57
150	41	229
150	91	94
150	118	79
150	129	76
150	146	67
150	166	61
150	191	53
151	107	84
151	125	77
151	129	75
151	149	66
151	154	65
151	170	59
151	179	57
152	71	116
152	79	104
152	95	91
152	112	83
152	131	74
152	142	66
152	162	62
152	169	59
152	191	52
153	49	181
153	51	163
153	70	120
153	95	90
153	114	79
153	122	75
153	159	62
153	184	56
153	228	46
154	44	193
154	69	118
154	105	86
154	116	78
154	128	74
154	130	73
154	133	71
154	167	59
154	175	57
154	184	54
155	51	157
155	53	148
155	62	128
155	102	86
155	112	82
155	113	81
155	118	74
155	135	70
155	144	65
155	151	64
155	160	61
155	175	56
155	227	48
156	48	176
156	50	167
156	52	151
156	93	92
156	129	73
156	141	69
156	170	58
156	173	57
156	184	51
157	41	199
157	47	182
157	49	159
157	51	150
157	60	130
157	111	81
157	131	69
157	151	63
157	164	59
157	165	58
157	179	55
157	210	47
157	248	44
158	48	174
158	80	103
158	104	84
158	106	82
158	129	72
158	140	68
158	155	60
159	162	59
159	168	57
159	178	55
160	46	188
160	47	176
160	48	167
160	115	78
160	127	71
160	158	57
160	168	55
161	57	135
161	63	127
161	69	116
161	77	109
161	182	54
161	200	50
161	220	46
161	232	45
162	56	138
162	65	123
162	76	108
162	140	66
162	142	65
162	153	60
162	166	55
162	177	54
162	199	49
163	45	176
163	64	121
163	67	118
163	71	114
163	77	105
163	95	89
163	99	88
163	114	78
163	134	65
163	150	64
163	165	56
163	173	54
163	197	49
164	55	141
164	99	83
164	112	79
164	124	73
164	145	64
164	148	63
164	182	52
165	44	189
165	50	152
165	52	149
165	62	123
165	66	120
165	75	110
165	81	101
165	87	96
165	93	90
165	118	73
165	142	64
165	145	62
165	147	60
165	172	52
165	178	51
165	193	49
165	240	44
166	43	192
166	47	171
166	49	158
166	81	96
166	90	94
166	92	92
166	112	78
166	130	69
166	131	68
166	192	49
167	39	235
167	48	154
167	72	112
167	110	81
167	111	79
167	152	58
167	163	56
167	203	48
167	210	45
168	39	220
168	46	172
168	68	116
168	74	110
168	75	107
168	80	102
168	92	88
168	118	72
168	143	62
169	55	140
169	70	114
169	86	93
169	122	71
169	165	53
170	44	183
170	73	109
170	80	101
170	109	80
170	116	76
170	117	75
170	127	70
170	131	67
170	156	57
170	175	50
170	209	46
170	247	43
171	43	191
171	47	170
171	53	142
171	60	128
171	116	75
171	130	68
171	162	56
171	165	50
171	205	47
172	42	185
172	115	77
172	129	68
172	140	63
172	154	57
172	161	55
172	194	48
173	58	130
173	69	114
173	108	78
173	114	77
173	127	69
173	145	61
173	161	54
174	98	87
174	103	81
174	114	76
174	128	67
174	147	59
174	187	49
174	231	44
175	49	153
175	65	119
175	67	116
175	71	108
175	79	101
175	80	98
175	112	77
175	142	59
175	158	56
175	208	46
176	47	167
176	97	87
176	100	82
176	109	77
176	115	74
176	129	66
176	136	64
176	139	63
176	141	62
176	149	57
176	160	54
176	202	47
177	63	121
177	69	110
177	73	107
177	94	87
177	140	60
177	155	54
177	158	53
177	198	46
178	41	195
178	46	162
178	57	133
178	91	92
178	98	84
178	192	48
178	239	43
179	54	141
179	114	75
179	122	70
179	153	55
179	228	44
180	45	175
180	76	106
180	77	103
180	126	66
180	163	52
180	186	49
180	209	44
181	57	132
181	96	86
181	113	73
181	120	71
181	125	69
181	135	62
181	153	52
181	176	49
181	197	46
182	76	104
182	96	85
182	106	79
182	124	67
182	139	61
182	182	48
182	206	45
183	40	206
183	47	160
183	51	146
183	55	134
183	68	115
183	94	85
183	105	78
183	107	77
183	148	57
183	149	56
183	194	47
183	202	45
184	50	149
184	96	84
184	119	71
184	184	47
185	62	120
185	91	90
185	102	78
185	130	61
185	179	48
185	187	46
186	44	177
186	49	152
186	85	95
186	96	83
186	117	72
186	119	68
186	124	66
186	137	59
186	161	50
186	224	43
187	60	122
187	64	119
187	77	101
187	111	76
187	143	56
188	44	176
188	89	92
188	90	91
188	103	76
188	175	46
189	39	216
189	51	145
189	75	103
189	79	99
189	190	45
189	260	42
190	66	117
190	67	115
190	114	68
190	152	55
190	217	43
191	48	153
191	68	113
191	89	86
191	108	73
191	128	65
191	174	48
192	100	81
192	127	63
192	244	42
193	45	172
193	107	74
193	112	70
194	76	101
194	93	85
194	141	57
194	168	49
194	216	43
195	83	94
195	86	90
195	95	84
195	125	65
195	149	55
195	185	45
196	149	52
197	53	141
197	74	105
197	78	100
197	97	81
197	136	59
198	163	48
199	51	143
199	54	140
199	72	107
199	125	64
199	194	44
200	57	129
201	73	104
201	79	93
201	93	84
201	101	80
201	124	65
201	133	59
201	155	51
201	194	43
202	66	115
202	106	75
202	120	66
202	143	55
203	71	106
203	77	95
203	81	92
203	111	72
204	88	88
204	97	80
204	174	46
205	50	145
205	54	137
205	91	85
205	95	83
205	101	74
205	137	57
205	173	47
205	237	42
206	95	79
206	120	64
206	214	42
207	87	89
207	148	54
207	160	50
208	84	89
208	109	72
208	138	56
209	88	83
209	126	62
210	151	51
211	55	133
211	99	75
211	119	67
211	143	53
211	171	47
211	182	45
211	257	41
212	75	100
212	93	80
213	53	135
213	107	73
213	122	63
214	87	87
214	97	77
214	162	48
215	72	105
215	91	81
215	111	71
215	118	67
215	131	60
215	135	58
216	58	127
216	74	102
216	85	86
216	127	60
217	67	114
217	70	107
217	107	72
217	108	71
217	139	55
217	148	52
218	83	88
219	65	116
220	104	72
220	207	42
221	159	49
222	117	67
222	118	66
222	132	59
225	113	66
225	227	41
227	112	69
227	126	61
227	129	59
228	76	99
228	125	62
229	96	78
229	128	59
229	142	54
230	74	101
230	116	65
231	110	70
231	124	62
231	141	54
232	133	56
233	84	87
234	122	61
235	82	89
235	94	79
235	107	71
235	139	54
236	108	70
237	112	67
238	138	55
239	86	85
241	119	64
242	106	71
242	132	58
243	69	109
243	132	57
244	131	58
245	119	63
249	125	60
251	110	69
251	111	68
256	120	62
256	129	57
261	118	64
262	127	58
265	117	64
