40	172	166
40	189	139
41	177	158
42	162	169
42	173	164
42	179	142
42	190	137
43	157	163
43	167	158
43	171	142
43	180	140
43	184	131
44	163	155
44	169	151
44	172	137
44	180	128
44	197	126
45	147	166
45	157	161
45	161	127
45	164	121
46	147	156
46	160	141
46	166	119
47	151	130
47	154	124
47	165	119
47	192	118
48	141	167
48	150	144
48	156	122
48	167	117
48	170	113
49	132	153
49	142	148
49	146	132
49	152	128
49	155	122
49	159	121
49	172	108
50	138	145
50	143	143
50	145	131
50	147	127
50	148	125
50	153	124
50	155	118
50	156	113
50	171	111
51	136	117
51	139	111
51	162	110
52	131	160
52	135	131
52	141	109
52	146	103
53	127	187
53	128	158
53	134	127
53	148	101
54	126	183
54	127	154
54	128	130
54	131	124
54	145	103
55	127	144
55	133	122
55	138	116
55	152	95
56	119	154
56	126	140
56	128	128
56	137	108
57	122	142
57	129	120
57	132	114
57	144	100
57	184	94
58	115	142
58	121	138
58	127	122
58	134	111
58	139	106
59	116	140
59	120	134
59	124	129
59	141	103
59	148	98
60	114	155
60	121	132
60	122	129
60	124	127
60	144	97
60	150	96
60	166	92
61	113	151
61	119	135
61	123	127
61	126	124
61	129	113
61	137	105
61	143	102
61	150	95
61	151	89
62	110	176
62	111	147
62	119	121
62	122	115
62	130	111
62	133	108
62	139	99
62	142	95
62	145	89
62	172	88
63	109	172
63	110	143
63	116	127
63	124	113
63	129	107
63	131	103
63	133	101
63	134	97
63	147	87
64	108	145
64	111	141
64	114	138
64	115	135
64	117	125
64	121	119
64	136	95
64	140	93
64	141	89
65	109	143
65	113	137
65	114	131
65	120	115
65	128	107
65	130	106
65	143	87
65	151	81
66	102	161
66	111	130
66	112	124
66	119	115
66	121	113
66	122	109
66	124	108
66	125	107
66	130	105
66	140	89
67	103	159
67	106	142
67	111	128
67	116	122
67	120	112
67	124	107
67	126	105
67	129	101
67	131	100
67	132	99
67	143	86
67	147	81
67	183	80
68	105	138
68	111	122
68	115	118
68	116	117
68	127	104
68	131	99
68	132	94
68	137	93
68	138	92
69	104	142
69	106	136
69	110	126
69	112	120
69	116	114
69	120	107
69	123	101
69	127	100
69	139	86
70	103	137
70	108	119
70	111	113
70	117	112
70	119	109
70	125	99
70	129	97
70	130	93
70	134	92
70	165	78
71	104	131
71	110	115
71	113	111
71	115	108
71	118	107
71	119	106
71	122	99
71	125	93
71	132	91
71	136	89
71	150	75
72	97	155
72	98	139
72	105	127
72	107	101
72	110	95
72	127	91
72	131	89
72	132	85
72	139	83
72	149	80
72	171	74
73	94	151
73	100	135
73	106	115
73	112	93
73	117	87
73	134	83
73	137	82
73	145	77
73	146	75
74	105	111
74	119	85
74	122	84
74	137	81
74	139	80
74	140	75
74	168	74
75	98	138
75	103	114
75	106	108
75	116	87
75	124	82
75	138	77
75	142	73
76	99	126
76	105	110
76	123	79
76	157	71
77	93	175
77	95	131
77	104	113
77	108	92
77	128	76
77	146	67
78	93	126
78	100	104
78	103	98
78	114	91
78	115	84
78	126	78
79	91	168
79	92	122
79	98	106
79	105	95
79	110	90
79	120	81
79	138	72
80	89	151
80	91	143
80	94	120
80	112	87
80	130	72
81	88	172
81	115	81
81	137	71
81	163	65
82	122	73
82	142	68
82	156	65
83	88	162
83	91	142
83	97	117
83	101	95
83	127	70
83	145	61
84	87	156
84	88	146
84	90	119
84	96	113
84	107	93
84	108	87
84	119	80
84	139	69
85	86	162
85	97	111
85	98	98
85	113	84
86	87	122
86	89	114
86	103	94
86	105	90
86	129	66
87	84	179
87	86	143
87	96	106
87	110	86
87	162	59
88	83	172
88	84	147
88	100	97
88	106	89
88	114	82
88	115	80
88	159	60
89	84	136
89	86	131
89	87	120
89	94	110
89	97	101
89	113	81
89	121	74
89	144	60
89	182	56
90	82	178
90	83	162
90	85	127
90	86	117
90	91	111
90	93	108
90	102	93
90	111	85
90	112	83
90	118	78
90	119	77
90	126	71
90	179	57
91	82	156
91	93	105
91	96	103
91	107	87
91	109	85
91	117	79
91	118	77
91	143	65
92	83	154
92	99	97
92	103	92
92	121	71
92	126	70
93	91	108
93	104	90
93	110	84
93	120	74
93	128	63
93	160	59
93	161	58
94	79	141
94	84	112
94	92	105
94	96	100
94	98	94
94	104	88
94	107	85
94	133	60
94	158	59
94	239	55
95	81	129
95	83	124
95	90	108
95	91	104
95	103	89
95	114	77
95	124	70
95	181	55
96	77	172
96	78	167
96	80	135
96	95	97
96	101	87
96	108	81
96	109	78
96	119	74
96	171	57
96	178	56
97	78	157
97	80	124
97	86	109
97	100	93
97	108	79
97	125	68
97	150	58
97	159	57
98	91	101
98	92	100
98	94	98
98	97	95
98	116	76
99	78	147
99	88	103
99	96	96
99	99	90
99	100	85
100	76	189
100	77	141
100	79	138
100	83	117
100	95	95
100	119	71
100	121	70
100	146	58
100	232	54
101	75	165
101	79	122
101	80	118
101	94	97
101	96	92
101	118	73
101	124	68
101	125	67
101	145	59
101	154	57
101	203	54
102	75	129
102	83	110
102	85	107
102	101	84
102	113	77
102	115	75
102	143	59
102	164	56
103	79	112
103	81	109
103	90	102
103	93	96
103	123	69
103	196	54
103	219	53
104	73	190
104	78	123
104	84	104
104	89	102
104	92	98
104	106	82
104	112	77
104	116	74
104	118	71
104	152	57
104	163	55
105	73	128
105	77	117
105	90	96
105	98	84
105	107	80
105	111	77
105	160	56
106	71	183
106	72	182
106	82	108
106	89	101
106	91	93
106	93	86
106	121	69
106	183	53
107	72	168
107	87	100
107	103	83
107	107	77
107	114	71
107	115	68
107	127	64
107	142	58
107	153	56
108	71	161
108	76	124
108	85	100
108	89	98
108	114	69
108	124	64
108	132	61
108	138	59
108	150	57
109	88	99
109	90	94
109	104	82
110	70	161
110	71	152
110	74	121
110	88	96
110	105	80
110	106	75
110	128	58
110	144	56
110	198	52
111	68	122
111	75	119
111	83	99
111	100	83
111	102	77
111	175	54
112	67	176
112	86	89
112	111	74
112	119	65
112	142	56
113	74	120
113	85	97
113	107	74
113	109	73
113	124	63
114	71	118
114	74	114
114	157	55
114	162	53
115	65	175
115	78	112
115	79	106
115	82	103
115	88	88
115	97	85
115	110	72
115	118	67
116	66	157
116	72	113
116	104	74
116	113	70
116	117	67
116	127	62
116	136	56
116	143	55
117	64	154
117	67	140
117	97	83
117	99	76
117	123	64
118	78	111
118	85	96
118	142	55
118	156	54
118	194	52
119	75	109
119	190	52
120	66	144
120	79	102
120	85	94
120	96	84
120	98	80
120	118	66
120	180	52
121	60	169
121	67	139
121	73	112
121	108	71
121	121	64
121	123	63
121	124	60
121	126	59
121	153	54
121	174	52
122	61	151
122	103	73
122	108	67
122	161	53
123	64	146
123	65	128
123	69	116
123	81	101
123	84	92
123	92	79
123	106	72
123	118	64
123	178	51
124	64	136
124	78	107
124	82	100
124	91	87
125	73	108
125	78	103
125	79	98
125	81	97
125	85	90
125	151	54
125	163	52
125	170	51
126	62	149
126	72	109
126	94	78
126	117	63
126	122	62
126	159	53
127	59	187
127	67	122
127	116	66
127	122	60
127	145	53
128	83	90
128	96	76
128	137	54
128	153	52
129	59	161
129	61	139
129	75	105
129	79	94
129	91	86
129	113	66
129	134	55
129	208	50
130	58	158
130	65	114
130	78	95
130	89	85
130	184	50
131	60	151
131	68	104
131	91	84
131	98	75
131	104	70
131	117	62
131	127	58
131	135	54
131	169	50
132	77	103
132	90	84
132	126	58
132	131	55
133	55	176
133	87	86
133	91	83
133	112	66
133	113	65
133	114	63
133	204	49
134	57	172
134	62	125
134	90	82
134	125	59
134	141	53
134	145	52
134	152	51
134	179	49
135	88	84
135	109	66
136	59	152
136	74	102
136	85	88
136	91	80
136	102	74
136	107	68
136	118	57
136	151	51
137	56	162
137	60	147
137	127	53
137	162	50
138	61	138
138	62	123
138	64	122
138	76	98
138	83	87
138	92	78
138	100	73
138	101	72
138	105	69
139	75	95
139	79	88
139	106	68
139	109	64
139	114	62
140	61	137
140	74	96
140	85	84
140	98	73
140	183	48
141	84	85
141	101	70
141	103	69
142	54	186
142	57	153
142	60	137
142	74	94
142	177	49
143	55	158
143	58	152
143	59	142
143	60	131
143	61	128
143	73	102
143	96	74
143	98	71
143	171	49
143	180	48
144	89	83
144	93	76
144	143	52
144	145	51
144	161	50
145	57	152
145	89	81
145	107	63
145	117	59
145	120	56
145	143	51
145	167	49
146	52	179
146	57	148
146	88	82
146	102	65
146	116	61
146	138	52
146	147	50
146	163	49
147	63	112
147	78	91
147	85	81
147	94	73
147	112	62
148	54	172
148	56	148
148	59	138
148	61	126
148	179	48
149	51	169
149	55	152
149	56	142
149	60	123
149	72	103
149	82	82
149	89	77
149	91	74
149	144	50
149	167	48
150	59	129
150	81	85
150	85	78
150	140	51
151	53	166
151	70	103
151	88	77
151	115	58
151	137	52
152	57	141
152	58	137
152	67	109
152	73	93
152	86	76
152	95	68
152	139	51
152	150	49
152	153	48
152	185	47
153	57	134
153	66	110
153	72	102
153	78	90
154	53	160
154	62	122
154	92	71
155	77	91
155	106	64
155	125	51
155	136	49
155	182	47
156	54	152
156	55	140
156	62	121
156	71	100
156	112	61
157	59	115
157	72	96
157	124	54
157	180	47
158	49	219
158	62	105
158	69	102
159	67	104
159	77	90
160	49	171
160	70	94
160	78	89
160	107	59
160	166	47
160	192	46
161	56	126
162	172	46
163	48	182
163	53	153
163	79	83
163	103	64
164	54	148
164	68	101
164	101	66
164	106	63
164	147	48
164	155	47
165	54	144
165	55	139
165	58	123
165	66	102
165	117	57
166	100	67
166	153	47
167	68	97
167	74	91
167	77	89
167	89	75
167	138	48
168	51	161
168	78	86
169	51	155
169	68	95
169	115	57
169	120	55
170	52	153
170	53	143
170	83	80
170	135	50
170	148	47
171	46	205
171	76	84
171	84	79
171	131	49
172	105	62
173	50	164
173	103	63
173	112	55
173	134	47
173	195	45
174	47	172
174	90	73
174	114	54
174	121	51
174	124	50
174	174	45
175	49	167
175	53	139
175	71	90
175	99	67
175	100	66
175	109	56
175	169	46
176	49	158
176	101	64
176	128	48
176	163	46
177	50	151
177	81	80
178	52	149
178	80	81
178	89	73
178	98	65
178	155	46
179	56	124
179	92	69
180	101	63
180	105	61
181	47	162
181	93	67
181	102	59
182	51	149
182	58	118
182	75	87
182	87	74
183	99	62
184	123	49
185	52	139
185	55	121
185	136	46
186	48	160
186	77	80
186	173	45
187	118	53
188	87	70
189	98	64
190	53	135
192	45	203
192	100	61
192	119	49
193	81	77
193	108	57
194	84	76
194	95	66
194	97	63
195	54	133
196	51	147
197	92	65
197	101	57
197	135	46
199	46	201
201	61	114
201	112	54
202	121	47
203	44	193
210	44	183
215	45	181
216	90	68
216	110	55
217	96	64
242	46	180
