46	206	230
46	208	196
47	193	207
47	203	187
49	189	217
49	191	206
49	199	197
49	201	196
49	219	180
49	244	178
50	182	192
50	213	183
50	239	169
51	190	187
51	199	181
51	231	171
52	170	211
52	178	202
52	180	201
52	189	179
52	214	177
52	215	168
52	226	162
53	179	201
53	180	198
53	183	189
53	188	176
53	200	172
53	214	169
53	218	167
53	222	162
54	164	222
54	166	221
54	168	220
54	169	215
54	170	203
54	178	198
54	180	193
54	181	183
54	184	181
54	188	173
54	197	170
54	208	164
54	230	157
54	242	155
55	163	201
55	174	195
55	175	184
55	181	176
55	200	169
55	201	166
55	205	158
55	212	155
55	247	154
56	156	194
56	172	186
56	174	176
56	181	175
56	187	172
56	196	170
56	198	166
56	204	164
56	212	148
57	161	193
57	166	185
57	167	178
57	174	169
57	181	168
57	191	161
57	194	157
57	203	154
57	243	144
58	152	204
58	154	189
58	173	177
58	181	161
58	191	154
58	194	150
58	210	147
58	234	143
58	238	135
59	146	206
59	153	187
59	160	186
59	162	178
59	166	177
59	172	168
59	174	165
59	190	158
59	198	146
59	231	143
60	150	199
60	152	198
60	156	184
60	165	173
60	170	172
60	173	162
60	179	160
60	182	159
60	187	152
60	191	150
60	192	149
60	205	144
60	215	143
60	220	137
60	231	136
60	236	131
60	254	128
61	144	215
61	151	186
61	153	180
61	160	168
61	182	158
61	190	147
61	196	145
61	214	142
61	217	140
61	224	131
62	143	217
62	146	176
62	156	174
62	159	171
62	160	161
62	177	153
62	189	146
62	202	142
62	206	140
62	210	139
62	213	138
62	218	133
62	223	130
62	234	129
62	252	124
63	137	219
63	140	194
63	153	173
63	157	170
63	173	158
63	176	156
63	177	146
63	188	143
63	199	142
63	205	139
63	206	133
63	222	130
63	238	127
64	134	196
64	142	186
64	144	173
64	153	170
64	155	166
64	158	160
64	170	159
64	174	155
64	184	145
64	200	141
64	205	132
64	216	131
64	221	129
64	232	125
65	136	188
65	138	182
65	139	175
65	146	166
65	152	160
65	161	158
65	166	154
65	172	151
65	175	145
65	182	144
65	190	142
65	194	141
65	197	138
65	204	132
65	220	129
65	236	123
66	132	188
66	135	174
66	145	172
66	153	158
66	162	157
66	163	151
66	166	147
66	169	145
66	187	140
66	196	138
66	198	134
66	203	131
66	214	127
67	125	184
67	143	170
67	144	165
67	147	161
67	152	159
67	159	155
67	170	143
67	183	141
67	189	137
67	213	127
67	218	125
67	243	122
68	128	181
68	137	170
68	142	169
68	143	165
68	145	159
68	151	157
68	161	150
68	164	146
68	168	141
68	176	140
68	184	136
68	192	134
68	210	129
68	211	127
68	213	125
68	216	121
69	123	183
69	131	179
69	134	178
69	136	169
69	151	156
69	154	155
69	157	154
69	160	150
69	162	144
69	174	138
69	189	134
69	195	129
69	196	128
69	208	127
69	211	124
69	236	120
69	241	118
70	121	206
70	128	171
70	131	168
70	136	162
70	141	160
70	144	158
70	152	153
70	157	152
70	161	142
70	166	140
70	174	137
70	177	136
70	185	134
70	188	133
70	192	131
70	193	129
70	195	127
70	198	123
70	210	121
70	214	120
71	118	201
71	120	191
71	121	190
71	123	179
71	124	173
71	129	170
71	131	166
71	134	165
71	142	159
71	145	155
71	148	153
71	153	147
71	160	145
71	171	139
71	172	137
71	178	130
71	193	126
71	197	123
72	115	192
72	119	186
72	122	178
72	127	163
72	137	157
72	138	154
72	148	151
72	151	150
72	158	145
72	159	144
72	162	140
72	163	136
72	174	135
72	177	129
72	184	127
72	192	123
72	196	122
72	209	121
72	224	119
72	225	117
73	108	188
73	122	171
73	133	160
73	144	148
73	152	145
73	154	141
73	155	139
73	176	129
73	179	125
73	195	122
73	208	118
73	218	117
73	219	116
73	236	115
74	117	171
74	125	167
74	128	158
74	130	157
74	138	152
74	150	145
74	159	137
74	164	134
74	175	128
74	186	124
74	190	122
74	201	121
74	204	120
74	207	119
74	222	115
74	225	114
75	106	197
75	120	168
75	123	166
75	124	163
75	131	153
75	137	152
75	140	150
75	145	143
75	147	142
75	153	140
75	155	137
75	156	135
75	169	133
75	174	132
75	177	124
75	200	119
75	201	118
75	204	115
76	112	183
76	114	172
76	115	170
76	118	166
76	127	160
76	137	150
76	140	149
76	141	148
76	142	146
76	148	138
76	154	137
76	162	132
76	172	124
76	184	123
76	185	122
76	189	120
76	199	119
76	210	112
77	103	195
77	104	194
77	108	186
77	113	179
77	114	170
77	117	162
77	122	156
77	129	153
77	130	152
77	135	151
77	136	145
77	142	144
77	146	139
77	147	138
77	154	135
77	155	134
77	164	131
77	165	130
77	170	128
77	183	121
77	186	117
77	203	114
78	104	192
78	105	182
78	110	180
78	111	175
78	113	174
78	116	165
78	120	159
78	128	153
78	131	149
78	134	147
78	139	141
78	146	138
78	149	136
78	153	135
78	156	131
78	167	124
78	181	121
78	196	116
78	201	114
78	222	110
78	232	107
78	237	105
79	100	209
79	107	179
79	110	178
79	112	170
79	113	157
79	123	151
79	135	145
79	137	140
79	138	139
79	145	138
79	147	134
79	148	133
79	160	129
79	162	128
79	163	127
79	165	123
79	173	121
79	182	120
79	185	116
79	191	114
79	196	113
79	226	109
80	93	217
80	97	209
80	100	175
80	119	154
80	130	142
80	140	136
80	154	131
80	157	130
80	168	119
80	182	116
80	186	113
80	194	112
80	212	108
80	217	106
80	238	103
81	107	167
81	111	161
81	114	152
81	116	151
81	124	146
81	136	139
81	139	134
81	141	133
81	149	128
81	156	126
81	164	122
81	174	118
81	178	115
81	206	109
81	214	107
81	216	106
81	221	104
82	91	206
82	94	200
82	97	189
82	98	179
82	101	170
82	122	150
82	131	137
82	133	136
82	138	135
82	141	131
82	162	123
82	165	119
82	166	118
82	183	111
82	202	109
82	218	104
83	88	201
83	96	183
83	100	166
83	110	162
83	112	157
83	117	149
83	127	143
83	130	141
83	147	127
83	157	121
83	171	116
83	175	114
83	193	110
83	198	108
83	207	107
83	222	102
84	90	188
84	104	164
84	106	160
84	112	151
84	115	147
84	123	146
84	129	142
84	133	135
84	135	134
84	137	133
84	140	129
84	153	124
84	174	114
84	182	113
84	195	109
84	197	108
84	202	106
84	205	105
84	210	103
85	99	177
85	109	150
85	118	144
85	120	143
85	124	139
85	128	138
85	129	136
85	132	132
85	146	128
85	148	122
85	150	121
85	158	116
85	172	115
85	198	107
85	199	106
85	221	101
85	226	99
86	96	177
86	100	163
86	107	155
86	112	147
86	113	146
86	126	135
86	136	130
86	137	129
86	138	128
86	166	115
86	174	113
86	176	112
86	182	111
86	188	109
86	189	108
86	190	104
86	195	102
86	211	101
87	86	206
87	88	199
87	94	176
87	98	168
87	104	158
87	107	149
87	110	145
87	125	134
87	127	133
87	129	132
87	130	131
87	134	130
87	135	127
87	143	126
87	153	120
87	154	119
87	170	114
87	180	111
87	181	110
87	184	106
87	222	99
87	227	97
88	85	232
88	87	203
88	93	183
88	97	156
88	113	142
88	119	139
88	122	138
88	124	134
88	127	130
88	138	124
88	146	121
88	149	117
88	164	113
88	170	112
88	176	110
88	179	109
88	196	100
88	210	98
89	84	203
89	88	189
89	92	185
89	106	154
89	108	144
89	114	141
89	130	127
89	133	126
89	141	123
89	143	120
89	162	113
89	167	112
89	175	110
89	189	105
89	190	103
90	83	210
90	88	187
90	91	177
90	95	172
90	98	151
90	116	139
90	117	138
90	123	133
90	125	129
90	129	128
90	146	117
90	147	116
90	165	110
90	170	105
90	175	103
90	191	102
90	208	99
90	211	96
91	80	216
91	89	182
91	90	163
91	92	154
91	111	141
91	114	137
91	115	136
91	120	132
91	128	128
91	132	125
91	139	123
91	141	119
91	144	115
91	152	114
91	160	112
91	169	109
91	186	102
91	191	100
91	207	98
92	82	203
92	85	199
92	101	148
92	106	146
92	109	139
92	117	134
92	123	129
92	124	128
92	127	127
92	131	125
92	136	122
92	142	118
92	147	112
92	176	101
92	204	99
92	209	97
93	81	194
93	83	185
93	86	175
93	88	167
93	91	158
93	93	149
93	108	143
93	112	136
93	118	131
93	121	127
93	129	126
93	136	121
93	139	119
93	142	114
93	164	110
93	168	108
93	169	106
93	181	100
93	192	98
93	220	95
94	78	189
94	85	183
94	102	143
94	108	138
94	110	134
94	124	124
94	132	121
94	138	120
94	139	118
94	140	117
94	155	111
94	159	109
94	163	106
94	168	104
94	184	99
94	205	97
94	210	96
94	213	95
95	89	163
95	96	146
95	119	126
95	134	120
95	137	116
95	153	109
95	161	107
95	162	106
95	165	105
95	173	103
95	182	98
95	197	97
95	207	96
95	212	94
96	79	185
96	90	162
96	109	133
96	112	132
96	136	119
96	140	113
96	148	111
96	156	108
96	160	107
96	166	104
96	169	102
96	185	97
96	195	96
96	211	94
97	76	218
97	84	168
97	88	160
97	97	141
97	103	136
97	111	132
97	127	119
97	135	115
97	150	109
97	152	108
97	154	107
97	162	102
97	174	101
97	193	96
97	227	92
98	75	225
98	81	182
98	82	181
98	83	173
98	91	157
98	117	128
98	125	122
98	143	111
98	148	110
98	174	100
98	177	99
98	202	95
98	205	94
98	210	93
98	215	91
99	76	197
99	82	178
99	86	166
99	87	165
99	96	145
99	102	140
99	104	131
99	115	130
99	119	125
99	124	123
99	132	116
99	138	113
99	146	110
99	155	105
99	157	103
99	167	100
99	172	98
99	180	96
99	185	94
99	193	93
99	228	90
100	113	130
100	118	127
100	121	124
100	129	118
100	141	112
100	149	109
100	150	107
100	151	106
100	153	103
100	168	99
100	211	91
100	216	89
101	73	209
101	75	200
101	77	193
101	80	182
101	85	164
101	92	152
101	95	148
101	102	138
101	115	129
101	116	128
101	120	120
101	134	115
101	137	114
101	141	111
101	143	110
101	144	108
101	147	106
101	152	105
101	158	101
101	171	98
101	173	96
101	178	95
101	183	93
101	186	92
101	194	91
101	199	90
102	70	204
102	81	167
102	86	160
102	90	156
102	102	137
102	110	128
102	128	118
102	131	116
102	132	114
102	150	103
102	151	102
102	152	101
102	162	98
102	167	96
102	212	89
103	89	154
103	96	140
103	100	137
103	103	133
103	111	126
103	117	124
103	119	122
103	123	118
103	126	117
103	138	112
103	139	110
103	145	105
103	148	101
103	156	100
103	160	97
103	165	95
103	181	93
103	184	91
103	197	90
103	200	88
104	71	200
104	81	165
104	91	151
104	99	137
104	100	136
104	106	130
104	110	127
104	113	125
104	118	123
104	129	113
104	135	112
104	138	109
104	144	106
104	151	98
104	168	94
104	179	93
104	196	90
104	216	86
105	75	188
105	76	183
105	80	175
105	85	154
105	90	150
105	93	147
105	94	139
105	97	135
105	101	132
105	107	127
105	112	124
105	115	123
105	116	122
105	117	121
105	122	118
105	127	112
105	142	107
105	144	105
105	146	100
105	158	96
105	163	94
105	166	93
105	180	91
105	185	89
106	74	196
106	80	163
106	81	160
106	93	146
106	100	132
106	111	124
106	114	120
106	118	119
106	125	115
106	136	107
106	145	102
106	171	92
106	209	87
106	217	84
107	68	212
107	73	196
107	75	187
107	76	163
107	85	152
107	86	149
107	89	148
107	91	141
107	95	134
107	102	131
107	105	127
107	110	125
107	117	117
107	122	116
107	124	115
107	130	110
107	134	109
107	142	104
107	157	95
107	161	94
107	164	92
107	174	91
107	186	87
107	200	85
108	71	191
108	82	157
108	102	130
108	103	128
108	109	125
108	110	123
108	112	119
108	119	114
108	126	113
108	133	109
108	135	108
108	144	102
108	145	100
108	152	97
108	160	94
108	169	91
108	172	90
109	69	208
109	76	158
109	86	147
109	89	143
109	92	136
109	96	133
109	100	131
109	103	127
109	106	122
109	111	120
109	120	113
109	127	111
109	129	110
109	131	105
109	135	104
109	141	103
109	143	101
109	150	99
109	154	95
109	156	94
109	175	89
109	194	86
109	201	83
110	72	187
110	75	179
110	84	155
110	105	126
110	110	119
110	111	118
110	116	115
110	123	112
110	130	108
110	140	103
110	153	96
110	167	91
110	170	89
110	181	87
111	66	227
111	73	181
111	80	155
111	87	143
111	97	128
111	101	126
111	105	121
111	108	117
111	125	110
111	126	109
111	137	102
111	146	99
111	147	98
111	151	97
111	157	92
111	173	88
111	192	85
111	199	84
111	224	81
112	66	210
112	69	206
112	73	180
112	74	171
112	83	153
112	111	114
112	121	111
112	130	106
112	135	102
112	144	100
112	145	99
112	150	97
112	162	91
112	167	90
112	168	89
112	172	88
112	182	85
112	194	84
112	216	82
113	65	236
113	67	203
113	70	197
113	79	156
113	80	150
113	90	139
113	93	135
113	96	131
113	99	127
113	100	125
113	103	124
113	106	116
113	117	113
113	124	110
113	125	109
113	127	108
113	129	105
113	133	103
113	135	101
113	138	100
113	147	97
113	148	94
113	160	91
113	165	90
113	180	87
113	200	83
113	208	82
114	72	178
114	73	177
114	74	166
114	84	148
114	102	124
114	103	123
114	104	122
114	120	111
114	123	110
114	126	108
114	127	107
114	128	105
114	130	104
114	132	103
114	137	100
114	142	99
114	144	95
114	147	94
114	157	91
114	162	89
114	174	86
114	179	84
114	192	83
114	202	81
114	208	80
115	65	221
115	68	178
115	73	174
115	79	155
115	87	140
115	91	135
115	96	127
115	97	126
115	98	125
115	101	121
115	117	111
115	121	110
115	122	109
115	124	108
115	125	105
115	127	104
115	130	100
115	139	98
115	140	97
115	145	94
115	149	92
115	160	89
115	166	88
115	175	85
115	185	83
115	201	81
116	63	206
116	90	134
116	95	133
116	104	118
116	112	113
116	114	111
116	120	110
116	121	106
116	128	102
116	136	99
116	138	98
116	139	95
116	145	90
116	155	87
116	160	85
116	180	82
116	222	79
117	66	198
117	71	174
117	83	148
117	85	146
117	97	122
117	99	120
117	108	114
117	109	113
117	123	104
117	125	103
117	132	98
117	137	97
117	143	94
117	185	81
117	200	80
117	205	78
118	62	239
118	64	202
118	66	184
118	68	172
118	73	162
118	80	149
118	84	143
118	89	138
118	91	129
118	112	111
118	113	110
118	116	108
118	134	97
118	136	95
118	137	94
118	140	93
118	146	88
118	158	85
118	161	83
118	175	81
118	183	80
119	64	197
119	72	170
119	77	157
119	83	147
119	103	119
119	105	117
119	107	113
119	110	109
119	131	97
119	133	96
119	134	93
119	151	87
119	155	86
119	166	82
119	186	79
119	203	78
119	206	76
120	58	225
120	67	180
120	73	157
120	79	152
120	80	144
120	82	142
120	95	128
120	96	126
120	109	112
120	113	106
120	132	96
120	137	90
120	154	86
120	169	81
120	173	80
120	176	79
120	184	78
120	189	77
121	62	212
121	71	170
121	72	165
121	78	148
121	89	137
121	95	126
121	102	117
121	108	108
121	122	105
121	124	102
121	126	101
121	132	92
121	135	91
121	152	85
121	164	82
121	167	80
122	59	221
122	72	164
122	86	141
122	88	139
122	93	127
122	97	121
122	101	116
122	103	115
122	105	113
122	117	104
122	119	103
122	126	100
122	130	97
122	138	88
122	155	84
122	170	79
122	174	78
122	187	77
122	190	75
122	228	74
123	65	191
123	66	180
123	71	165
123	75	150
123	84	139
123	88	133
123	90	132
123	94	125
123	100	119
123	114	105
123	128	99
123	129	96
123	131	95
123	133	90
123	143	87
123	147	86
123	150	85
124	62	205
124	63	197
124	92	126
124	99	119
124	100	118
124	102	111
124	114	104
124	119	102
124	124	100
124	126	99
124	146	86
124	166	80
125	60	205
125	62	198
125	63	189
125	75	145
125	80	143
125	85	134
125	88	130
125	89	128
125	95	120
125	99	117
125	109	106
125	116	103
125	122	101
125	127	94
125	140	87
125	144	85
125	148	84
125	212	73
126	57	249
126	58	199
126	65	177
126	68	171
126	83	141
126	93	121
126	94	120
126	98	118
126	105	110
126	112	103
126	122	100
126	139	87
126	147	84
126	153	83
126	156	82
126	158	81
126	167	78
127	60	195
127	62	191
127	63	183
127	70	164
127	72	163
127	81	140
127	83	137
127	84	135
127	86	130
127	93	120
127	96	116
127	100	112
127	115	102
127	119	101
127	120	100
127	124	97
127	132	91
127	141	85
127	204	74
128	59	195
128	68	166
128	79	143
128	82	138
128	95	115
128	99	113
128	117	100
128	118	99
128	121	98
128	123	97
128	136	87
128	146	84
128	151	82
128	154	81
128	158	80
128	166	79
128	182	76
129	64	179
129	65	171
129	70	159
129	72	157
129	73	154
129	78	142
129	80	140
129	83	134
129	85	130
129	91	125
129	94	115
129	113	101
129	122	96
129	131	93
129	146	83
129	149	82
129	157	80
129	175	77
129	189	75
129	198	74
129	206	73
129	222	72
130	57	227
130	60	189
130	68	157
130	73	153
130	79	138
130	91	124
130	92	123
130	103	108
130	110	105
130	119	98
130	127	92
130	132	89
130	137	85
130	147	82
130	150	81
130	152	80
130	159	78
130	173	76
130	184	75
131	57	210
131	67	165
131	72	152
131	78	137
131	82	134
131	83	133
131	87	129
131	88	127
131	89	124
131	92	122
131	93	119
131	98	114
131	100	110
131	110	102
131	116	98
131	126	92
131	128	91
131	132	87
131	142	84
131	145	83
131	146	81
131	157	79
131	171	77
131	188	74
131	205	73
131	239	71
132	55	241
132	62	188
132	63	179
132	68	152
132	74	151
132	77	137
132	87	127
132	90	123
132	104	103
132	111	101
132	119	95
132	128	87
132	144	81
132	156	79
132	165	77
132	174	74
132	190	72
133	55	231
133	57	199
133	82	133
133	84	132
133	89	120
133	91	118
133	112	100
133	114	97
133	124	91
133	127	87
133	143	82
133	144	80
133	147	79
133	154	78
133	158	77
133	169	76
133	185	73
134	60	186
134	67	159
134	74	149
134	75	144
134	76	142
134	88	122
134	98	110
134	102	107
134	110	100
134	112	96
134	121	90
134	129	85
134	138	84
134	152	78
134	156	77
134	166	76
134	167	75
134	198	71
134	219	70
135	54	223
135	55	198
135	62	179
135	64	178
135	66	165
135	81	135
135	93	114
135	103	106
135	109	100
135	118	93
135	124	87
135	134	84
135	137	83
135	143	81
135	145	78
135	155	76
135	174	73
135	211	70
136	53	232
136	57	194
136	59	190
136	61	185
136	62	174
136	64	172
136	71	150
136	76	141
136	80	135
136	81	133
136	83	130
136	86	129
136	103	102
136	119	89
136	133	84
136	145	75
136	173	73
136	182	72
136	192	71
137	52	218
137	56	194
137	57	184
137	60	180
137	66	160
137	74	145
137	81	132
137	87	124
137	100	106
137	130	84
137	135	82
137	141	81
137	162	74
137	183	71
137	190	68
138	60	172
138	65	168
138	71	149
138	72	146
138	76	136
138	83	129
138	85	126
138	89	115
138	95	113
138	117	95
138	137	81
138	142	80
138	158	74
138	160	71
138	168	70
139	51	212
139	64	167
139	74	140
139	78	134
139	82	128
139	85	125
139	86	124
139	96	112
139	99	108
139	102	102
139	108	101
139	110	98
139	116	95
139	117	94
139	123	88
139	125	86
139	133	83
139	151	72
139	188	69
139	189	68
140	52	211
140	54	203
140	63	168
140	70	151
140	72	143
140	81	128
140	84	126
140	85	124
140	87	121
140	90	110
140	97	109
140	107	101
140	108	97
140	109	96
140	114	94
140	118	92
140	128	85
140	136	81
140	154	71
140	158	70
140	174	67
140	210	66
141	52	208
141	58	178
141	60	166
141	69	151
141	73	137
141	78	129
141	87	119
141	112	93
141	116	91
141	126	84
141	139	80
141	141	78
142	50	234
142	54	198
142	56	191
142	57	182
142	70	146
142	72	142
142	82	127
142	85	119
142	87	118
142	96	107
142	104	101
142	106	99
142	124	86
142	129	81
142	138	80
142	192	66
142	203	65
143	52	192
143	59	174
143	65	164
143	66	158
143	73	132
143	77	129
143	82	124
143	83	122
143	88	114
143	107	97
143	111	94
143	121	88
143	123	84
143	124	83
143	162	69
143	173	68
143	194	65
144	64	159
144	70	141
144	72	139
144	87	113
144	100	105
144	101	104
144	106	97
144	110	92
144	117	90
144	133	80
144	135	78
144	139	77
144	143	76
144	150	74
145	49	239
145	50	207
145	59	173
145	69	146
145	77	128
145	79	127
145	84	117
145	86	113
145	95	109
145	99	104
145	105	100
145	120	87
145	128	82
145	139	75
145	223	63
146	48	225
146	54	183
146	58	174
146	67	155
146	68	151
146	70	140
146	81	126
146	96	106
146	104	100
146	109	95
146	115	90
146	130	80
146	133	78
146	137	76
146	145	74
146	157	70
147	48	223
147	51	203
147	63	163
147	65	150
147	76	130
147	88	109
147	93	108
147	100	97
147	107	95
147	115	84
147	128	80
147	145	73
147	181	66
148	49	221
148	55	182
148	63	161
148	67	146
148	71	136
148	76	128
148	81	124
148	96	101
148	107	94
148	131	77
148	136	72
148	179	66
149	47	230
149	49	219
149	50	193
149	64	157
149	66	146
149	80	126
149	83	118
149	92	108
149	94	106
149	106	95
149	113	91
149	121	81
149	148	71
149	171	68
149	173	67
149	178	66
149	210	63
150	52	189
150	57	180
150	62	161
150	67	141
150	71	131
150	81	121
150	90	108
150	98	100
150	104	94
150	114	87
150	128	78
150	151	70
150	153	69
150	172	66
151	51	189
151	53	188
151	54	181
151	57	179
151	58	173
151	63	160
151	64	156
151	77	123
151	81	119
151	85	112
151	93	103
151	107	92
151	108	91
151	130	77
151	142	69
151	163	67
151	179	64
152	48	216
152	49	191
152	61	161
152	63	159
152	65	146
152	82	116
152	92	104
152	95	100
152	99	99
152	106	90
152	124	80
152	127	78
152	205	62
153	47	225
153	52	183
153	55	178
153	56	171
153	61	158
153	62	155
153	66	145
153	70	138
153	74	130
153	82	114
153	87	110
153	101	96
153	134	75
154	58	169
154	61	155
154	65	141
154	74	129
154	75	128
154	76	125
154	80	122
154	82	113
154	96	99
154	98	96
154	105	91
154	111	86
154	113	83
154	117	82
154	120	78
154	149	67
154	178	65
154	234	60
155	47	223
155	57	165
155	69	139
155	75	126
155	79	122
155	80	121
155	81	118
155	88	105
155	94	100
155	97	98
155	102	91
155	129	77
155	133	75
155	136	71
155	170	66
155	186	63
156	45	205
156	55	176
156	56	169
156	59	161
156	64	153
156	65	136
156	82	108
156	100	95
156	127	77
156	177	65
156	199	62
157	48	196
157	51	185
157	58	161
157	64	152
157	79	117
157	93	102
157	110	88
157	119	80
157	126	75
157	147	68
157	167	66
157	169	65
157	183	63
158	54	178
158	55	175
158	75	122
158	76	121
158	107	88
158	124	76
158	135	74
158	142	68
158	155	66
158	163	65
158	168	64
158	176	63
158	197	62
158	221	60
159	50	189
159	51	179
159	54	168
159	56	166
159	59	155
159	61	153
159	63	145
159	70	134
159	79	116
159	96	98
159	106	87
159	133	74
159	145	67
159	218	61
160	49	178
160	56	163
160	68	134
160	74	126
160	85	106
160	92	101
160	96	96
160	98	95
160	102	90
160	110	86
160	115	80
160	132	74
160	133	73
160	138	70
160	142	67
160	146	66
160	153	65
160	162	63
160	169	62
160	203	61
161	62	152
161	72	130
161	73	127
161	81	114
161	87	103
161	112	85
161	118	77
161	129	74
161	130	73
161	196	61
161	239	59
162	44	200
162	57	156
162	64	142
162	68	133
162	69	132
162	78	120
162	86	104
162	103	89
162	112	84
162	132	72
163	42	218
163	46	193
163	53	177
163	58	155
163	71	130
163	76	117
163	80	107
163	88	98
163	95	97
163	130	72
163	182	61
163	226	59
164	43	213
164	61	147
164	64	137
164	69	127
164	71	125
164	98	94
164	100	93
164	101	91
164	105	86
164	111	85
164	121	76
164	124	74
164	128	72
164	133	70
164	140	69
164	207	60
164	223	58
165	45	197
165	49	176
165	53	174
165	57	150
165	61	140
165	74	122
165	77	115
165	79	113
165	92	97
165	97	94
165	99	93
165	111	80
165	113	79
166	41	223
166	44	186
166	48	184
166	56	150
166	71	120
166	83	106
166	91	96
166	95	94
166	102	89
166	108	84
166	116	78
166	126	73
166	132	68
166	151	65
166	157	64
166	173	61
166	194	60
166	252	56
167	51	174
167	63	138
167	74	117
167	83	105
167	85	101
167	90	96
167	94	95
167	98	93
167	100	89
167	117	77
167	120	74
167	140	66
167	187	60
167	221	59
168	51	172
168	53	169
168	67	135
168	82	105
168	84	102
168	97	93
168	98	88
168	118	76
168	136	67
168	208	59
169	42	211
169	54	165
169	60	147
169	74	112
169	94	94
169	96	93
169	107	84
169	109	83
169	112	79
169	116	77
169	144	65
169	181	60
169	193	59
169	208	58
170	43	209
170	65	134
170	93	95
170	95	93
170	98	85
170	109	82
170	115	76
170	126	71
170	129	68
170	139	65
170	160	63
170	166	62
170	177	60
170	207	58
170	239	56
171	48	182
171	56	148
171	60	144
171	68	131
171	89	96
171	94	89
171	108	83
171	110	78
171	126	70
171	136	64
171	167	61
171	170	60
171	181	59
172	40	216
172	43	192
172	51	158
172	67	132
172	68	128
172	73	117
172	86	100
172	91	93
172	107	82
172	109	79
172	116	74
172	128	69
172	140	63
172	151	62
172	193	58
172	228	57
173	49	174
173	50	172
173	58	146
173	65	131
173	69	126
173	77	110
173	85	100
173	87	98
173	89	95
173	104	82
173	123	73
173	124	72
173	212	57
174	42	196
174	47	181
174	48	177
174	60	141
174	64	136
174	75	111
174	82	103
174	99	83
174	120	73
174	122	72
174	166	61
174	197	57
175	63	134
175	67	129
175	77	109
175	87	97
175	97	87
175	114	77
175	190	58
176	69	122
176	85	98
176	88	96
176	93	92
176	96	88
176	108	81
176	117	73
176	120	72
176	125	71
176	134	66
176	159	60
176	225	56
177	46	180
177	58	142
177	68	126
177	73	113
177	79	108
177	80	101
177	94	87
177	103	79
177	113	74
177	120	70
177	132	67
177	178	59
178	40	209
178	50	170
178	61	136
178	66	126
178	69	119
178	70	116
178	86	91
178	93	90
178	104	78
178	110	75
178	114	73
178	115	72
178	133	65
178	163	59
178	171	58
178	188	57
179	45	180
179	56	146
179	59	141
179	60	139
179	65	126
179	80	96
179	93	88
179	102	82
179	126	67
179	130	66
179	131	63
179	156	61
179	158	60
179	167	58
180	42	189
180	55	149
180	72	114
180	92	88
180	102	80
180	109	76
180	119	71
180	130	64
180	148	62
180	151	61
180	203	56
180	247	54
181	44	184
181	49	169
181	95	85
181	100	81
181	104	77
181	123	69
181	124	67
181	128	65
181	137	62
181	162	59
181	184	57
181	226	54
182	41	197
182	106	73
182	119	69
182	136	62
182	157	58
182	183	57
182	202	55
182	225	54
183	53	150
183	60	138
183	65	124
183	74	110
183	83	94
183	91	90
183	94	84
183	122	66
183	127	61
183	187	55
183	212	54
184	48	174
184	55	148
184	68	123
184	77	107
184	175	57
184	211	54
185	60	134
185	62	133
185	64	132
185	65	121
185	76	108
185	78	104
185	82	93
185	84	90
185	91	85
185	100	80
185	109	72
185	115	69
185	119	67
185	177	56
186	48	169
186	50	168
186	58	140
186	68	120
186	75	106
186	78	102
186	98	81
186	111	71
186	112	70
186	147	59
186	167	57
186	215	53
187	44	177
187	73	112
187	89	88
187	90	87
187	97	82
187	101	77
187	199	54
188	72	110
188	75	103
188	77	101
188	87	89
188	100	79
188	105	75
188	118	68
188	146	59
189	39	231
189	55	146
189	89	84
189	93	82
189	102	75
189	104	72
189	108	71
189	111	67
189	138	60
189	172	56
189	184	55
189	237	52
190	50	156
190	58	138
190	67	118
190	88	85
190	120	66
190	127	60
190	142	59
190	154	58
190	168	56
190	195	54
191	57	141
191	64	123
191	70	112
191	78	95
191	97	81
191	138	59
191	209	53
192	49	160
192	53	148
192	54	145
192	62	130
192	68	117
192	76	102
192	97	80
192	125	65
192	126	64
192	158	57
192	178	55
192	188	54
192	199	53
192	221	52
193	48	158
193	64	122
193	71	108
193	75	102
193	93	79
193	115	65
193	124	64
193	152	57
193	170	55
194	82	90
194	99	78
194	106	71
194	161	56
195	38	224
195	71	105
195	84	88
195	89	83
195	106	69
195	178	54
195	205	51
195	230	50
196	62	126
196	85	86
196	94	78
196	98	76
196	109	66
196	165	55
196	198	53
197	40	204
197	55	144
197	59	131
197	81	92
197	101	75
197	133	59
197	141	58
197	182	53
198	49	153
198	57	140
198	60	125
198	74	97
198	83	89
198	85	85
198	160	56
198	186	52
199	58	136
199	67	116
199	77	96
199	96	75
199	102	74
199	156	55
199	217	50
200	39	222
200	53	146
200	57	139
200	80	94
200	89	81
200	98	73
200	138	58
200	151	57
200	159	54
201	52	149
201	84	79
201	122	62
201	129	57
201	148	55
201	181	53
201	189	51
202	94	77
202	102	71
202	111	63
202	176	53
202	213	50
203	67	114
203	179	52
204	47	175
204	55	133
204	64	119
204	147	55
204	174	53
204	206	50
204	217	49
205	43	179
205	54	141
205	62	124
205	188	51
206	73	98
206	79	93
206	81	90
206	172	51
207	99	72
207	107	67
207	196	50
207	235	48
208	69	113
208	80	81
208	89	73
208	156	54
208	162	52
209	45	169
209	132	55
209	147	54
209	157	53
209	200	49
210	69	110
210	204	48
211	60	121
211	103	69
211	154	53
212	39	207
212	45	167
212	66	118
212	67	112
213	77	95
213	199	49
213	207	47
214	66	115
214	72	102
214	77	94
214	194	49
215	110	65
215	146	54
215	189	49
216	46	166
216	159	52
217	58	132
217	69	107
217	184	50
218	48	154
218	59	126
218	124	61
218	181	50
218	190	47
219	157	51
219	172	50
220	79	89
220	145	54
222	78	90
222	187	49
223	50	143
223	78	86
223	87	78
224	54	134
224	63	120
225	53	142
225	58	130
225	68	108
225	187	48
226	53	140
226	184	48
227	75	91
228	41	187
228	149	52
228	179	49
229	65	116
230	55	131
230	170	50
231	59	122
232	63	118
233	58	128
234	74	95
235	43	175
235	69	105
235	176	49
236	182	47
236	197	46
242	73	96
243	49	144
244	60	120
245	174	48
246	48	151
246	55	130
247	50	140
250	54	132
253	47	163
253	53	139
253	60	118
254	55	128
257	71	104
262	70	104
266	47	152
275	71	103
276	66	114
