45	272	289
45	288	282
45	300	277
45	309	276
45	318	268
45	319	260
46	260	319
46	270	284
46	275	278
46	289	277
46	290	272
46	291	271
46	300	265
46	308	263
46	309	255
46	322	249
47	258	304
47	260	301
47	264	300
47	266	289
47	272	271
47	279	265
47	288	260
47	292	259
47	295	258
47	301	254
47	304	253
47	308	252
47	312	244
47	338	241
48	246	307
48	253	295
48	254	294
48	256	293
48	257	292
48	259	282
48	261	261
48	275	260
48	279	259
48	281	249
48	283	247
48	284	239
48	307	237
49	237	307
49	238	299
49	246	298
49	249	285
49	251	276
49	252	266
49	253	255
49	256	245
49	276	240
49	284	238
49	286	236
49	287	228
49	314	226
49	355	224
49	364	218
50	224	323
50	229	307
50	232	283
50	234	262
50	248	246
50	254	240
50	259	234
50	276	229
50	295	226
50	304	221
50	337	217
50	354	213
51	220	313
51	223	298
51	225	270
51	242	260
51	244	246
51	246	241
51	251	235
51	266	224
51	276	215
51	285	210
51	363	208
52	214	300
52	219	292
52	220	286
52	222	279
52	228	262
52	234	255
52	235	252
52	236	246
52	242	242
52	245	241
52	247	239
52	248	232
52	255	225
52	260	224
52	264	222
52	265	219
52	268	216
52	270	210
52	279	205
52	320	203
52	329	197
53	203	286
53	217	281
53	219	270
53	222	265
53	226	260
53	228	247
53	239	243
53	240	241
53	243	236
53	245	235
53	246	230
53	247	228
53	255	222
53	257	220
53	260	216
53	262	211
53	267	209
53	271	204
53	278	200
53	280	199
53	321	198
53	347	194
53	350	193
53	360	192
54	199	276
54	210	275
54	213	270
54	216	264
54	218	261
54	220	257
54	222	255
54	226	254
54	227	245
54	228	238
54	235	237
54	237	236
54	238	231
54	241	228
54	243	225
54	248	224
54	249	223
54	253	221
54	254	219
54	255	218
54	256	216
54	259	211
54	266	204
54	270	201
54	271	200
54	279	194
54	321	193
54	323	192
54	330	187
55	194	327
55	195	297
55	197	286
55	209	260
55	218	255
55	219	245
55	226	244
55	227	240
55	235	226
55	239	223
55	245	219
55	250	218
55	254	213
55	255	212
55	257	206
55	263	205
55	266	203
55	267	202
55	272	198
55	279	190
55	301	187
55	313	184
55	322	178
56	190	317
56	192	290
56	193	276
56	200	270
56	205	261
56	210	255
56	214	249
56	218	245
56	221	242
56	225	239
56	226	233
56	227	232
56	228	231
56	230	230
56	233	229
56	238	221
56	239	214
56	249	207
56	254	201
56	258	200
56	264	198
56	266	197
56	267	196
56	271	195
56	272	194
56	273	193
56	275	192
56	280	188
56	284	186
56	292	182
56	301	177
56	335	175
56	337	174
56	341	173
57	179	299
57	189	287
57	191	285
57	196	264
57	198	261
57	201	251
57	210	248
57	211	247
57	215	245
57	216	241
57	219	238
57	220	236
57	221	229
57	232	224
57	235	222
57	236	215
57	240	210
57	246	202
57	255	195
57	265	192
57	274	187
57	276	186
57	280	184
57	287	182
57	293	179
57	300	172
57	323	168
58	175	289
58	186	280
58	187	275
58	191	272
58	193	260
58	200	259
58	206	248
58	210	243
58	212	242
58	213	239
58	216	237
58	218	232
58	222	226
58	228	219
58	232	214
58	238	208
58	239	207
58	243	203
58	249	198
58	254	197
58	255	191
58	262	190
58	265	188
58	271	187
58	272	183
58	276	182
58	281	178
58	293	174
58	302	169
58	331	167
58	336	165
58	354	163
59	171	310
59	178	285
59	180	279
59	183	269
59	186	266
59	187	262
59	191	258
59	193	257
59	194	255
59	198	248
59	202	245
59	204	243
59	205	240
59	209	237
59	212	227
59	220	222
59	223	221
59	227	217
59	231	213
59	233	211
59	235	207
59	239	205
59	241	199
59	247	196
59	249	195
59	252	192
59	256	189
59	261	187
59	262	186
59	264	184
59	265	182
59	273	177
59	282	172
59	294	168
59	301	166
59	303	163
59	317	161
59	326	155
60	171	300
60	175	283
60	176	269
60	184	264
60	190	258
60	193	253
60	198	244
60	201	242
60	202	238
60	204	234
60	208	232
60	209	228
60	217	224
60	219	219
60	222	216
60	226	215
60	227	208
60	231	204
60	233	202
60	242	197
60	245	194
60	248	192
60	249	190
60	250	183
60	259	180
60	269	179
60	270	178
60	273	173
60	280	172
60	282	168
60	289	167
60	294	164
60	303	159
60	353	151
61	167	301
61	168	300
61	172	290
61	173	282
61	175	280
61	179	265
61	184	263
61	185	258
61	187	246
61	195	241
61	199	239
61	200	236
61	205	231
61	207	224
61	213	221
61	215	217
61	218	215
61	223	205
61	230	203
61	234	198
61	236	197
61	240	191
61	242	186
61	246	183
61	251	181
61	255	178
61	266	176
61	269	175
61	271	174
61	274	171
61	280	168
61	283	166
61	289	163
61	293	162
61	316	158
61	323	157
61	325	153
62	163	322
62	165	292
62	169	276
62	174	274
62	177	263
62	180	259
62	182	254
62	185	244
62	190	243
62	192	239
62	193	233
62	202	230
62	203	228
62	204	222
62	209	220
62	212	218
62	217	215
62	220	212
62	221	210
62	222	207
62	223	203
62	226	201
62	231	199
62	232	194
62	236	189
62	238	184
62	243	182
62	247	177
62	250	176
62	251	175
62	256	172
62	260	170
62	268	165
62	277	160
62	294	155
62	303	150
62	315	146
62	324	141
63	161	313
63	163	299
63	167	271
63	170	268
63	175	265
63	178	262
63	179	257
63	180	245
63	185	242
63	187	239
63	189	230
63	197	225
63	200	223
63	205	221
63	206	218
63	208	211
63	216	204
63	223	202
63	224	199
63	227	196
63	231	193
63	233	192
63	237	186
63	242	183
63	243	180
63	247	173
63	256	168
63	289	157
63	301	150
63	310	145
64	159	314
64	160	312
64	162	309
64	164	296
64	165	284
64	166	276
64	167	270
64	170	263
64	174	258
64	176	254
64	179	244
64	185	239
64	186	237
64	194	227
64	196	226
64	201	219
64	204	209
64	212	204
64	218	202
64	219	200
64	221	199
64	223	194
64	225	193
64	232	189
64	233	188
64	235	183
64	236	182
64	238	181
64	239	178
64	242	176
64	243	175
64	248	171
64	252	169
64	257	166
64	261	164
64	274	159
64	282	158
64	284	157
64	286	156
64	287	154
64	290	153
64	295	149
64	304	144
64	341	140
65	155	335
65	158	303
65	159	279
65	163	272
65	166	256
65	168	251
65	173	249
65	176	246
65	180	238
65	182	229
65	190	224
65	193	221
65	198	218
65	199	217
65	200	216
65	209	205
65	212	201
65	217	198
65	219	192
65	227	191
65	228	187
65	230	185
65	231	183
65	235	182
65	236	180
65	238	173
65	247	168
65	248	167
65	257	162
65	264	160
65	268	155
65	277	150
65	319	141
65	326	137
66	154	340
66	156	310
66	157	267
66	171	247
66	175	245
66	178	241
66	181	237
66	188	227
66	189	219
66	197	213
66	198	210
66	201	208
66	205	203
66	208	202
66	213	197
66	217	191
66	224	188
66	226	186
66	228	184
66	229	182
66	231	181
66	234	171
66	243	166
66	248	165
66	254	162
66	263	157
66	275	153
66	290	149
66	291	148
66	296	144
66	305	139
66	337	135
67	152	325
67	153	261
67	165	258
67	166	249
67	168	240
67	174	235
67	175	233
67	180	231
67	183	223
67	184	221
67	194	212
67	200	209
67	204	207
67	210	200
67	212	191
67	218	189
67	220	186
67	223	183
67	226	180
67	229	179
67	230	170
67	239	165
67	248	162
67	256	161
67	257	160
67	261	159
67	262	156
67	263	154
67	264	153
67	269	149
67	278	144
67	298	143
67	299	142
67	320	133
68	150	338
68	151	281
68	156	257
68	158	254
68	161	250
68	166	246
68	171	233
68	177	231
68	181	226
68	182	223
68	186	218
68	189	216
68	190	213
68	191	211
68	197	208
68	198	207
68	199	204
68	201	197
68	208	196
68	209	195
68	212	189
68	218	185
68	219	181
68	228	176
68	235	165
68	244	160
68	249	159
68	255	156
68	262	152
68	264	151
68	274	148
68	294	143
68	298	142
68	306	137
68	317	133
68	318	132
69	146	353
69	149	307
69	150	297
69	154	255
69	157	251
69	159	248
69	168	238
69	169	234
69	170	233
69	172	230
69	174	228
69	176	227
69	178	225
69	179	220
69	185	214
69	187	213
69	190	211
69	193	206
69	198	204
69	200	203
69	203	196
69	205	195
69	206	192
69	208	186
69	213	185
69	215	180
69	219	179
69	224	174
69	227	167
69	231	164
69	236	162
69	240	159
69	253	153
69	271	148
69	292	141
69	295	140
69	299	138
69	300	136
70	146	317
70	148	303
70	150	273
70	162	244
70	164	241
70	166	239
70	168	230
70	171	226
70	173	217
70	186	213
70	187	211
70	190	205
70	192	204
70	195	201
70	197	199
70	198	196
70	202	191
70	213	183
70	220	173
70	223	165
70	232	160
70	243	156
70	252	151
70	264	149
70	269	147
70	272	143
70	279	142
70	280	141
70	293	137
70	294	136
70	301	132
70	302	131
70	322	129
71	143	335
71	144	305
71	146	290
71	147	277
71	152	252
71	156	250
71	158	245
71	160	242
71	162	238
71	165	231
71	170	222
71	172	217
71	180	212
71	184	209
71	186	208
71	188	206
71	189	205
71	193	203
71	194	201
71	195	199
71	196	195
71	201	185
71	208	183
71	209	180
71	212	177
71	216	174
71	218	173
71	228	161
71	237	156
71	242	154
71	252	147
71	253	146
71	269	145
71	271	141
71	276	138
71	294	135
71	295	134
71	301	131
71	325	127
72	141	347
72	143	298
72	145	266
72	150	265
72	151	257
72	152	251
72	155	244
72	156	243
72	159	239
72	165	230
72	166	229
72	167	227
72	169	224
72	170	220
72	174	210
72	182	209
72	186	206
72	188	204
72	191	198
72	195	195
72	198	188
72	203	183
72	208	175
72	217	170
72	219	167
72	224	159
72	228	158
72	233	154
72	244	150
72	248	149
72	253	145
72	267	143
72	270	141
72	273	140
72	274	136
72	277	135
72	294	134
72	296	133
72	298	126
72	337	125
73	138	333
73	141	260
73	149	259
73	150	249
73	152	246
73	153	232
73	161	227
73	166	225
73	169	221
73	171	215
73	173	211
73	176	207
73	181	205
73	184	204
73	185	203
73	187	202
73	188	200
73	191	195
73	194	189
73	200	184
73	202	179
73	205	177
73	213	168
73	219	165
73	224	157
73	236	153
73	240	152
73	242	151
73	246	149
73	257	143
73	266	141
73	268	139
73	269	138
73	275	132
73	276	131
73	284	130
73	329	125
74	138	329
74	139	280
74	142	248
74	151	239
74	160	226
74	163	222
74	165	221
74	167	218
74	170	208
74	175	204
74	182	203
74	184	201
74	186	189
74	195	184
74	199	182
74	203	177
74	204	176
74	209	169
74	216	164
74	220	159
74	229	152
74	236	151
74	239	150
74	241	148
74	242	147
74	246	145
74	249	143
74	261	139
74	262	138
74	274	130
74	278	129
74	315	125
74	349	124
75	135	314
75	138	242
75	150	239
75	151	237
75	154	226
75	159	216
75	167	213
75	169	208
75	174	205
75	177	200
75	182	199
75	185	197
75	191	186
75	193	184
75	195	183
75	198	176
75	203	173
75	206	171
75	209	167
75	212	162
75	221	154
75	225	151
75	233	150
75	237	147
75	238	146
75	247	144
75	251	135
75	268	134
75	293	126
75	326	124
75	327	123
76	133	327
76	135	303
76	136	262
76	143	235
76	152	233
76	158	225
76	166	214
76	168	211
76	171	199
76	180	192
76	187	183
76	192	179
76	196	178
76	205	169
76	211	165
76	217	152
76	229	148
76	232	146
76	237	143
76	244	142
76	248	138
76	262	134
76	270	132
76	271	131
76	279	124
76	293	122
76	322	119
77	134	289
77	139	236
77	151	233
77	152	231
77	157	225
77	159	215
77	160	209
77	168	206
77	170	202
77	173	198
77	176	192
77	180	189
77	189	178
77	191	173
77	199	170
77	206	166
77	208	161
77	214	155
77	222	148
77	229	146
77	234	144
77	245	141
77	247	140
77	249	137
77	252	129
77	277	128
77	299	119
78	130	354
78	132	330
78	133	292
78	135	277
78	137	256
78	147	227
78	155	221
78	164	208
78	167	207
78	169	204
78	172	193
78	181	185
78	188	180
78	198	172
78	205	168
78	206	163
78	211	156
78	218	146
78	228	144
78	230	142
78	238	137
78	246	135
78	250	133
78	277	126
78	292	121
78	309	118
79	129	348
79	130	318
79	131	271
79	147	219
79	156	207
79	161	203
79	169	200
79	174	191
79	179	188
79	181	182
79	188	177
79	190	172
79	192	167
79	200	164
79	208	159
79	209	156
79	210	154
79	213	152
79	267	126
79	275	121
79	289	119
79	296	112
80	127	284
80	129	282
80	135	246
80	138	233
80	144	222
80	155	218
80	163	198
80	168	195
80	177	183
80	180	176
80	189	170
80	196	164
80	206	161
80	212	150
80	214	146
80	225	145
80	226	142
80	230	137
80	243	132
80	247	129
80	260	127
80	272	124
80	278	120
81	124	346
81	126	289
81	128	272
81	131	259
81	137	229
81	148	213
81	157	200
81	162	198
81	168	192
81	171	190
81	175	185
81	177	179
81	186	169
81	188	164
81	200	163
81	201	162
81	203	160
81	204	159
81	206	157
81	211	149
81	221	143
81	224	140
81	233	132
81	244	131
81	245	130
81	250	127
81	256	124
81	268	120
81	276	115
81	302	111
82	122	334
82	123	293
82	133	249
82	136	240
82	139	220
82	154	210
82	164	191
82	169	189
82	170	186
82	178	176
82	181	170
82	195	163
82	196	156
82	207	154
82	208	147
82	213	144
82	215	140
82	226	139
82	227	136
82	229	130
82	242	128
82	244	126
82	249	121
82	273	119
82	291	112
83	122	330
83	124	290
83	127	273
83	128	267
83	129	266
83	130	254
83	131	249
83	133	239
83	138	223
83	153	210
83	158	194
83	163	192
83	168	190
83	169	186
83	172	177
83	178	173
83	187	163
83	189	158
83	204	154
83	222	137
83	226	133
83	234	126
83	246	124
83	257	119
83	270	117
83	273	115
83	277	110
84	119	340
84	120	284
84	125	276
84	126	275
84	153	203
84	160	193
84	165	185
84	171	180
84	179	169
84	197	150
84	209	141
84	215	137
84	225	134
84	230	124
84	243	122
84	250	115
85	115	309
85	119	289
85	122	279
85	126	255
85	131	248
85	135	237
85	141	219
85	146	217
85	149	212
85	152	209
85	156	199
85	160	190
85	169	183
85	179	167
85	184	162
85	186	160
85	201	147
85	221	134
85	224	130
85	244	121
85	273	114
85	294	109
86	115	283
86	118	273
86	124	272
86	134	233
86	144	215
86	146	212
86	150	210
86	151	203
86	154	197
86	174	176
86	175	173
86	180	163
86	193	147
86	206	145
86	207	144
86	221	133
86	226	124
86	243	119
86	267	114
86	300	108
87	116	271
87	123	266
87	125	263
87	127	249
87	130	246
87	132	240
87	136	224
87	142	213
87	146	208
87	147	207
87	150	206
87	161	184
87	169	178
87	170	177
87	172	174
87	187	154
87	202	141
87	211	140
87	213	135
87	216	133
87	219	131
87	223	127
87	225	124
87	237	118
87	245	115
87	260	114
87	266	113
87	273	112
87	274	110
87	309	107
88	112	265
88	122	262
88	123	258
88	124	254
88	126	241
88	127	240
88	132	236
88	135	227
88	136	222
88	141	215
88	145	208
88	147	206
88	150	202
88	153	201
88	156	196
88	166	181
88	174	173
88	175	170
88	177	169
88	182	160
88	186	157
88	192	151
88	194	141
88	207	139
88	208	138
88	221	127
88	227	118
88	305	106
89	117	258
89	124	253
89	130	236
89	131	234
89	132	222
89	138	213
89	143	212
89	144	208
89	153	199
89	155	194
89	157	193
89	158	191
89	164	183
89	165	182
89	170	172
89	178	168
89	182	157
89	190	151
89	214	132
89	217	127
89	264	113
89	271	109
89	279	106
90	111	293
90	113	259
90	116	256
90	124	252
90	125	248
90	127	235
90	131	232
90	137	216
90	145	205
90	147	202
90	149	200
90	151	196
90	163	182
90	165	178
90	168	177
90	174	171
90	175	169
90	177	165
90	178	163
90	185	155
90	187	151
90	191	147
90	206	140
90	207	136
90	209	135
90	223	122
90	238	117
90	248	110
90	269	109
90	295	104
91	120	254
91	121	249
91	125	242
91	142	208
91	144	206
91	145	204
91	150	198
91	153	193
91	155	192
91	156	189
91	158	187
91	159	186
91	165	176
91	173	167
91	180	159
91	184	156
91	185	154
91	191	145
91	196	140
91	198	135
91	210	132
91	213	131
91	216	129
91	221	126
91	222	124
91	237	117
91	246	113
91	264	109
91	267	107
91	290	105
91	313	103
91	325	102
92	108	309
92	117	250
92	121	242
92	127	233
92	129	232
92	134	219
92	135	213
92	137	212
92	146	199
92	147	196
92	154	191
92	159	183
92	164	180
92	168	175
92	169	171
92	171	170
92	172	169
92	174	166
92	175	165
92	176	163
92	179	161
92	186	151
92	188	149
92	192	141
92	195	139
92	209	132
92	210	129
92	218	125
92	220	122
92	244	114
92	286	104
92	296	103
92	302	101
93	109	288
93	110	270
93	111	265
93	112	256
93	118	245
93	125	241
93	126	232
93	132	221
93	138	210
93	142	206
93	144	203
93	145	202
93	151	194
93	153	190
93	154	187
93	158	185
93	163	179
93	166	170
93	178	160
93	179	156
93	182	155
93	184	152
93	186	148
93	206	132
93	209	131
93	213	126
93	223	118
93	235	115
93	243	112
93	259	109
93	280	104
94	105	282
94	109	276
94	111	252
94	116	241
94	122	236
94	124	234
94	125	228
94	126	227
94	129	224
94	130	223
94	133	219
94	136	212
94	138	206
94	145	199
94	150	195
94	160	177
94	164	176
94	165	175
94	169	166
94	172	164
94	174	162
94	177	160
94	178	159
94	180	155
94	188	144
94	191	142
94	204	133
94	256	107
94	290	103
94	298	101
95	107	272
95	110	265
95	113	243
95	121	234
95	127	219
95	132	216
95	143	200
95	145	197
95	149	195
95	150	194
95	152	187
95	157	186
95	159	182
95	164	172
95	168	165
95	175	160
95	181	151
95	195	136
95	199	133
95	207	126
95	218	124
95	219	122
95	220	120
95	252	109
95	275	106
95	292	102
96	105	272
96	107	262
96	112	246
96	117	235
96	121	231
96	126	222
96	130	218
96	131	215
96	132	214
96	134	207
96	146	193
96	150	190
96	157	185
96	158	182
96	159	179
96	160	176
96	162	173
96	170	159
96	172	158
96	177	157
96	187	146
96	189	143
96	217	122
96	233	115
96	235	114
96	240	113
96	244	109
96	250	108
96	257	101
96	293	100
96	326	99
97	103	310
97	117	234
97	122	229
97	125	226
97	133	210
97	140	204
97	141	202
97	142	200
97	148	192
97	150	189
97	151	188
97	153	181
97	158	180
97	164	171
97	165	166
97	167	165
97	176	155
97	180	153
97	184	149
97	187	144
97	193	135
97	203	130
97	214	124
97	231	117
97	295	99
98	101	323
98	104	285
98	110	261
98	114	242
98	116	237
98	121	230
98	122	225
98	125	218
98	134	206
98	139	201
98	144	198
98	148	189
98	149	188
98	152	186
98	156	177
98	159	171
98	171	153
98	180	151
98	184	147
98	186	144
98	189	141
98	191	137
98	213	123
98	216	121
98	219	120
98	221	117
98	231	115
98	239	112
98	253	105
98	274	100
98	294	99
98	301	97
99	102	284
99	103	280
99	109	257
99	110	252
99	116	232
99	122	221
99	129	217
99	138	204
99	140	198
99	141	197
99	142	196
99	145	192
99	151	186
99	158	175
99	164	164
99	167	162
99	178	152
99	181	146
99	184	145
99	190	138
99	192	135
99	195	134
99	201	131
99	208	124
99	209	123
99	219	119
99	227	112
99	237	111
99	244	107
99	284	99
99	299	97
99	300	95
100	101	316
100	104	269
100	106	263
100	108	258
100	111	245
100	112	243
100	115	228
100	126	212
100	132	209
100	135	199
100	143	195
100	146	191
100	149	183
100	154	180
100	155	178
100	157	170
100	160	165
100	179	150
100	185	142
100	188	141
100	189	138
100	191	133
100	197	129
100	206	128
100	213	120
100	224	115
100	226	114
100	241	109
100	250	105
101	99	313
101	100	296
101	101	263
101	106	257
101	108	256
101	109	252
101	110	251
101	114	239
101	117	219
101	131	211
101	133	207
101	142	190
101	145	189
101	147	187
101	148	185
101	152	176
101	159	169
101	168	156
101	176	150
101	179	149
101	180	148
101	182	140
101	188	139
101	193	129
101	204	128
101	205	127
101	215	117
101	223	116
101	228	106
101	253	101
101	271	99
102	98	289
102	100	279
102	104	259
102	106	245
102	111	238
102	116	222
102	130	211
102	132	207
102	133	205
102	134	203
102	136	193
102	141	192
102	146	182
102	150	176
102	156	172
102	158	164
102	164	163
102	165	162
102	167	161
102	172	151
102	180	146
102	184	136
102	190	134
102	192	127
102	204	126
102	205	125
102	218	115
102	251	104
102	269	99
102	280	97
103	105	254
103	124	214
103	127	209
103	131	202
103	138	192
103	143	184
103	149	179
103	151	175
103	157	168
103	163	161
103	165	160
103	174	149
103	177	144
103	180	143
103	183	139
103	188	133
103	204	125
103	211	121
103	224	110
103	239	105
103	327	93
104	97	302
104	110	236
104	119	218
104	123	217
104	129	201
104	134	198
104	141	188
104	147	176
104	157	166
104	162	161
104	164	159
104	172	150
104	176	148
104	180	140
104	186	134
104	199	123
104	205	122
104	211	120
104	214	119
104	222	114
104	223	112
104	263	97
104	270	96
104	296	95
105	94	318
105	96	297
105	97	296
105	107	244
105	108	242
105	109	236
105	112	232
105	120	217
105	122	214
105	123	212
105	126	210
105	128	204
105	132	196
105	139	187
105	146	181
105	153	172
105	158	162
105	162	159
105	164	155
105	169	153
105	171	150
105	173	148
105	174	145
105	178	141
105	183	138
105	208	121
105	219	113
105	221	110
105	250	102
105	302	94
106	98	287
106	99	268
106	100	263
106	102	261
106	114	223
106	120	212
106	124	207
106	131	200
106	141	186
106	142	182
106	150	173
106	154	168
106	165	153
106	179	138
106	191	132
106	193	125
106	207	120
106	210	119
106	211	117
106	214	114
106	224	106
106	235	105
106	237	104
106	250	100
106	287	95
106	314	92
107	94	280
107	97	278
107	98	274
107	100	250
107	105	239
107	113	226
107	119	214
107	123	207
107	128	201
107	134	195
107	137	187
107	149	172
107	153	169
107	160	159
107	170	147
107	175	139
107	184	135
107	189	132
107	190	131
107	205	121
107	240	103
107	249	102
107	269	96
107	297	94
107	312	92
107	313	90
108	96	270
108	99	262
108	107	235
108	110	221
108	119	213
108	121	211
108	122	209
108	125	206
108	129	198
108	133	194
108	135	192
108	141	185
108	144	178
108	152	171
108	156	164
108	157	162
108	163	155
108	169	150
108	182	135
108	186	131
108	196	124
108	200	121
108	208	114
108	219	112
108	220	110
108	260	98
108	283	95
108	307	92
108	308	91
109	90	326
109	92	301
109	104	241
109	106	238
109	109	231
109	115	220
109	116	216
109	118	214
109	124	206
109	127	199
109	129	195
109	136	189
109	139	186
109	142	181
109	143	178
109	148	171
109	149	170
109	150	169
109	151	166
109	158	161
109	160	157
109	161	153
109	167	150
109	171	146
109	177	138
109	185	129
109	190	127
109	234	103
109	241	101
109	247	100
109	259	97
109	277	95
109	284	94
109	297	93
110	93	299
110	108	234
110	109	228
110	117	215
110	120	207
110	122	205
110	123	203
110	131	192
110	134	190
110	136	186
110	140	185
110	141	179
110	146	176
110	152	160
110	165	152
110	166	151
110	170	146
110	173	145
110	180	136
110	181	134
110	183	133
110	184	131
110	194	123
110	204	118
110	215	112
110	250	98
110	258	94
110	292	93
110	293	92
111	91	297
111	93	286
111	95	273
111	96	262
111	98	261
111	103	246
111	105	237
111	107	231
111	112	220
111	113	212
111	118	210
111	121	206
111	122	203
111	126	199
111	132	190
111	137	183
111	139	182
111	140	181
111	144	177
111	147	170
111	150	168
111	151	163
111	156	157
111	167	149
111	172	144
111	173	142
111	176	137
111	179	136
111	189	128
111	191	121
111	200	120
111	214	111
111	217	109
111	222	105
111	237	102
111	246	100
112	91	282
112	94	275
112	96	260
112	98	255
112	99	250
112	101	244
112	102	243
112	116	211
112	125	198
112	129	194
112	132	186
112	136	185
112	141	178
112	144	173
112	148	169
112	158	156
112	166	150
112	168	147
112	171	144
112	180	134
112	181	133
112	187	127
112	202	119
112	209	112
112	210	111
112	220	107
112	238	99
112	256	96
112	272	93
112	273	92
113	88	309
113	93	267
113	97	257
113	100	243
113	103	238
113	104	226
113	107	225
113	111	218
113	117	209
113	119	204
113	124	202
113	127	195
113	131	190
113	135	185
113	137	180
113	141	175
113	148	164
113	154	159
113	158	155
113	165	148
113	167	145
113	169	142
113	173	141
113	179	132
113	185	128
113	186	127
113	188	124
113	198	117
113	214	108
113	232	104
113	283	90
113	322	89
114	90	293
114	95	255
114	100	242
114	102	239
114	109	224
114	115	211
114	124	201
114	126	194
114	139	171
114	147	169
114	149	163
114	156	155
114	159	150
114	163	149
114	173	139
114	175	133
114	181	128
114	194	117
114	205	116
114	206	115
114	218	105
114	230	103
114	235	102
114	318	89
115	89	280
115	97	251
115	99	245
115	100	237
115	102	229
115	107	223
115	122	200
115	128	189
115	134	184
115	138	174
115	143	168
115	150	157
115	155	153
115	164	147
115	166	142
115	172	135
115	178	132
115	180	126
115	185	124
115	193	115
115	206	113
115	254	94
115	272	92
115	282	91
115	310	89
116	86	339
116	92	268
116	97	248
116	101	235
116	107	222
116	110	216
116	114	210
116	116	205
116	120	201
116	124	197
116	127	191
116	128	188
116	133	183
116	143	165
116	149	160
116	154	154
116	165	143
116	171	138
116	174	133
116	176	132
116	189	121
116	233	102
116	237	99
116	249	97
116	251	95
116	270	92
116	314	88
116	328	87
117	87	315
117	91	278
117	94	260
117	95	249
117	103	223
117	109	220
117	114	209
117	129	182
117	136	180
117	141	170
117	145	162
117	160	149
117	168	139
117	170	138
117	204	114
117	216	107
117	227	101
117	234	99
117	247	98
117	268	93
117	306	89
117	310	88
117	326	87
117	327	85
118	87	292
118	90	269
118	93	262
118	98	239
118	100	233
118	101	230
118	108	220
118	110	214
118	112	213
118	120	198
118	123	196
118	125	192
118	127	188
118	128	185
118	133	179
118	136	178
118	137	177
118	140	168
118	148	160
118	149	159
118	161	147
118	166	140
118	171	136
118	172	134
118	176	131
118	179	129
118	184	123
118	211	109
118	264	91
118	271	89
118	300	88
118	317	87
119	93	260
119	96	244
119	106	219
119	108	217
119	109	213
119	113	207
119	116	204
119	119	201
119	122	195
119	123	192
119	132	181
119	135	178
119	136	175
119	139	168
119	142	164
119	153	153
119	158	152
119	163	141
119	167	139
119	171	132
119	176	127
119	181	124
119	194	113
119	207	111
119	214	105
119	221	104
119	232	100
119	244	97
119	257	93
120	84	322
120	92	258
120	94	242
120	97	235
120	104	220
120	107	211
120	118	203
120	119	198
120	123	188
120	127	187
120	129	180
120	134	176
120	137	171
120	141	166
120	147	161
120	149	154
120	156	149
120	158	146
120	162	144
120	167	138
120	191	120
120	204	112
120	213	105
120	225	103
120	231	99
120	238	97
120	246	96
120	251	93
120	259	92
120	267	90
120	297	87
121	83	323
121	86	303
121	88	267
121	93	244
121	96	238
121	99	229
121	102	226
121	113	205
121	117	201
121	121	191
121	122	190
121	127	185
121	128	183
121	129	178
121	132	173
121	147	158
121	152	152
121	162	143
121	170	134
121	174	130
121	183	123
121	212	107
121	224	103
121	245	96
121	247	93
121	292	86
121	296	85
122	85	293
122	91	265
122	96	235
122	101	227
122	102	221
122	112	205
122	117	198
122	126	185
122	128	181
122	136	170
122	138	168
122	140	166
122	142	163
122	143	159
122	148	155
122	155	150
122	158	145
122	159	144
122	165	137
122	168	136
122	173	128
122	178	126
122	185	122
122	188	120
122	191	115
122	207	109
122	210	108
122	220	104
122	222	103
122	231	98
122	244	96
122	282	88
123	87	288
123	90	265
123	92	245
123	95	236
123	97	226
123	101	224
123	104	219
123	106	218
123	108	207
123	114	204
123	119	197
123	121	190
123	123	184
123	126	183
123	131	177
123	134	171
123	136	167
123	147	156
123	149	153
123	155	147
123	163	138
123	168	135
123	169	134
123	172	130
123	174	127
123	184	122
123	187	121
123	201	111
123	224	102
123	229	100
123	240	96
123	260	91
123	285	87
123	340	84
124	82	332
124	84	306
124	86	279
124	90	262
124	91	256
124	103	217
124	107	208
124	114	203
124	116	201
124	117	197
124	118	193
124	122	184
124	127	179
124	131	175
124	146	154
124	153	151
124	159	139
124	167	134
124	170	133
124	179	120
124	188	118
124	192	109
124	205	107
124	212	104
124	217	103
124	226	101
124	257	92
124	264	90
124	277	88
124	283	87
125	83	305
125	87	268
125	102	220
125	111	204
125	113	200
125	116	198
125	120	192
125	125	182
125	126	181
125	128	178
125	131	174
125	133	170
125	139	162
125	145	157
125	150	150
125	154	149
125	164	137
125	165	136
125	169	132
125	171	130
125	175	126
125	186	117
125	188	115
125	228	98
125	236	97
125	239	96
125	245	94
125	246	93
125	252	92
125	258	91
125	263	90
125	279	87
125	324	84
126	83	303
126	88	265
126	92	236
126	100	223
126	101	221
126	105	215
126	115	197
126	118	192
126	119	187
126	123	183
126	129	177
126	130	170
126	135	166
126	142	161
126	143	157
126	153	147
126	155	144
126	156	143
126	164	134
126	168	133
126	169	129
126	174	126
126	176	123
126	189	112
126	204	107
126	222	102
126	223	101
126	227	100
126	233	95
126	244	94
126	250	92
126	257	89
126	258	88
126	277	86
126	313	83
127	85	292
127	90	255
127	93	233
127	99	225
127	103	216
127	105	214
127	110	205
127	112	203
127	116	194
127	117	192
127	118	191
127	126	176
127	129	174
127	134	167
127	141	161
127	148	152
127	149	148
127	162	138
127	168	131
127	171	127
127	184	116
127	199	108
127	208	106
127	209	105
127	215	100
127	226	99
127	227	98
127	232	97
127	243	93
127	309	84
128	79	336
128	82	316
128	83	288
128	84	280
128	87	267
128	88	261
128	89	256
128	90	252
128	91	227
128	102	215
128	105	211
128	110	203
128	111	201
128	113	197
128	114	193
128	122	179
128	137	164
128	140	160
128	144	156
128	152	146
128	154	141
128	163	136
128	167	130
128	170	126
128	213	103
128	225	98
128	230	97
128	231	94
128	238	93
128	254	91
128	276	87
128	280	85
129	85	278
129	86	275
129	96	225
129	104	212
129	110	200
129	117	188
129	119	184
129	121	182
129	124	178
129	128	175
129	130	168
129	135	165
129	139	161
129	145	154
129	153	145
129	161	137
129	164	132
129	175	125
129	183	118
129	202	105
129	211	104
129	224	99
129	247	91
129	273	86
129	293	84
130	89	253
130	90	247
130	96	221
130	99	220
130	100	219
130	101	216
130	104	209
130	107	204
130	108	195
130	114	190
130	116	189
130	117	185
130	121	175
130	127	173
130	138	163
130	142	155
130	144	153
130	147	151
130	148	149
130	153	142
130	158	140
130	163	132
130	167	129
130	176	121
130	207	102
130	213	101
130	224	98
130	228	97
130	229	96
131	78	349
131	80	319
131	82	292
131	85	267
131	87	259
131	90	244
131	94	224
131	97	219
131	103	212
131	106	207
131	112	192
131	120	178
131	125	172
131	133	163
131	138	162
131	139	156
131	151	146
131	152	145
131	154	140
131	158	139
131	159	133
131	162	131
131	172	122
131	200	106
131	222	97
131	240	92
131	254	88
131	271	87
131	289	84
131	303	83
131	334	82
132	82	290
132	87	258
132	100	216
132	102	214
132	105	207
132	116	185
132	119	181
132	129	169
132	132	164
132	136	162
132	141	155
132	143	152
132	145	147
132	157	139
132	158	137
132	164	126
132	177	115
132	188	114
132	230	94
132	242	91
132	249	90
132	260	87
132	290	83
132	318	82
133	79	332
133	80	290
133	82	282
133	87	255
133	88	249
133	89	240
133	95	223
133	99	216
133	101	213
133	102	211
133	107	192
133	123	174
133	132	163
133	136	160
133	148	146
133	150	142
133	157	138
133	169	125
133	171	124
133	192	108
133	203	104
133	221	98
133	228	96
133	239	92
133	242	90
133	271	86
133	312	82
133	322	81
134	86	265
134	87	250
134	93	221
134	96	218
134	103	210
134	104	206
134	111	189
134	123	170
134	131	167
134	137	159
134	141	150
134	154	138
134	188	112
134	191	111
134	198	105
134	208	101
134	214	99
134	236	92
134	268	85
134	271	83
134	310	82
134	318	81
135	79	329
135	82	280
135	83	276
135	84	263
135	88	247
135	98	215
135	102	209
135	105	199
135	111	188
135	115	181
135	118	179
135	122	173
135	124	168
135	127	167
135	134	158
135	137	156
135	138	155
135	140	153
135	145	145
135	147	143
135	153	136
135	158	135
135	163	128
135	171	123
135	181	114
135	187	113
135	191	110
135	203	102
135	217	98
135	221	97
135	225	96
135	229	95
135	242	89
135	252	88
135	266	86
135	270	84
135	303	82
136	78	345
136	86	241
136	89	234
136	92	224
136	96	217
136	100	213
136	101	212
136	104	204
136	110	189
136	119	178
136	120	175
136	130	166
136	138	153
136	144	148
136	149	142
136	151	140
136	155	132
136	175	121
136	185	111
136	189	110
136	194	107
136	198	102
136	202	99
136	226	94
136	231	92
136	241	91
136	250	88
136	251	87
136	264	86
136	266	85
137	79	306
137	85	262
137	90	231
137	94	220
137	97	214
137	98	211
137	101	208
137	102	206
137	114	177
137	131	165
137	132	161
137	137	155
137	142	149
137	146	144
137	160	131
137	161	130
137	168	124
137	169	119
137	181	113
137	182	108
137	193	106
137	224	96
137	239	91
137	247	87
137	286	81
137	325	80
138	78	342
138	79	303
138	81	288
138	84	253
138	86	238
138	88	225
138	91	220
138	95	208
138	100	207
138	104	196
138	113	186
138	118	174
138	120	172
138	129	164
138	131	162
138	134	157
138	137	154
138	139	152
138	143	147
138	150	141
138	154	133
138	174	116
138	187	105
138	218	97
138	223	96
138	224	93
138	237	90
139	78	319
139	82	247
139	100	204
139	103	200
139	104	193
139	110	187
139	113	184
139	122	171
139	126	163
139	135	154
139	138	149
139	145	140
139	155	131
139	157	128
139	167	125
139	196	104
139	215	98
139	232	90
139	244	88
139	258	86
139	259	84
139	282	82
139	318	80
140	76	359
140	77	355
140	81	280
140	93	219
140	98	207
140	100	202
140	108	188
140	112	183
140	116	176
140	125	165
140	129	161
140	131	160
140	132	158
140	136	152
140	138	148
140	143	145
140	144	143
140	149	137
140	161	125
140	168	123
140	195	103
140	201	101
140	210	98
140	217	97
140	221	96
140	223	95
140	252	85
140	281	82
140	326	79
141	77	326
141	78	298
141	94	217
141	98	205
141	106	188
141	109	187
141	116	172
141	123	169
141	124	165
141	134	152
141	153	134
141	160	125
141	166	123
141	178	114
141	198	99
141	209	98
141	211	97
141	220	96
141	221	93
141	228	92
141	238	89
141	268	83
141	274	82
141	330	78
142	80	259
142	85	244
142	94	208
142	101	201
142	102	194
142	105	192
142	111	181
142	115	174
142	117	170
142	120	169
142	122	167
142	125	164
142	127	160
142	130	158
142	132	157
142	138	147
142	146	138
142	151	136
142	153	132
142	159	126
142	165	122
142	166	121
142	172	115
142	177	114
142	179	112
142	193	104
142	220	94
142	226	90
142	233	89
142	251	84
142	257	83
142	281	80
142	316	79
143	76	358
143	77	294
143	79	277
143	85	239
143	87	233
143	97	207
143	98	201
143	107	185
143	113	177
143	129	159
143	131	155
143	142	144
143	144	142
143	145	139
143	148	134
143	156	129
143	166	120
143	215	96
143	225	92
143	243	88
143	245	86
143	271	82
143	277	81
143	312	79
143	326	77
144	76	336
144	106	185
144	108	183
144	125	163
144	135	151
144	136	146
144	152	130
144	162	121
144	170	117
144	178	113
144	191	104
144	192	103
144	206	98
144	208	97
144	212	96
144	215	94
144	223	92
144	231	88
144	244	87
144	264	82
144	289	79
144	332	76
145	84	241
145	90	219
145	93	214
145	95	207
145	97	204
145	101	199
145	105	188
145	111	178
145	114	174
145	119	168
145	124	164
145	126	162
145	127	159
145	129	158
145	130	154
145	143	143
145	144	141
145	147	135
145	157	127
145	167	118
145	185	106
145	209	96
145	214	95
145	220	93
145	224	91
145	232	87
145	272	81
146	75	371
146	76	307
146	81	253
146	82	241
146	83	239
146	84	232
146	89	222
146	96	205
146	99	200
146	101	198
146	104	191
146	107	179
146	113	176
146	117	169
146	119	165
146	126	157
146	128	155
146	133	153
146	134	151
146	138	142
146	145	137
146	148	133
146	150	132
146	160	124
146	173	113
146	181	111
146	196	98
146	206	97
146	212	95
146	218	93
146	220	91
146	250	85
146	313	78
147	75	317
147	80	255
147	86	229
147	88	221
147	93	213
147	96	204
147	98	198
147	101	196
147	103	192
147	104	189
147	106	182
147	116	171
147	118	167
147	122	163
147	124	162
147	125	161
147	129	154
147	131	150
147	142	139
147	144	137
147	155	129
147	156	127
147	157	126
147	158	125
147	171	114
147	176	112
147	184	104
147	190	102
147	217	93
147	237	86
147	245	85
147	246	84
147	261	82
147	272	79
147	291	78
147	295	77
148	76	294
148	77	273
148	79	271
148	83	237
148	88	218
148	92	207
148	95	201
148	102	191
148	105	185
148	112	173
148	114	171
148	117	167
148	123	161
148	127	151
148	146	131
148	153	127
148	154	125
148	162	119
148	168	117
148	170	116
148	171	113
148	175	112
148	176	111
148	179	110
148	180	109
148	188	101
148	209	95
148	227	89
148	241	84
148	263	81
148	271	80
148	301	76
149	79	267
149	86	228
149	87	217
149	91	213
149	100	197
149	101	195
149	105	183
149	108	176
149	116	169
149	118	166
149	121	163
149	124	159
149	132	148
149	135	147
149	140	140
149	152	128
149	158	124
149	167	117
149	176	109
149	190	99
149	203	97
149	208	96
149	212	94
149	225	89
149	235	85
149	252	83
149	265	80
149	281	78
150	74	339
150	75	310
150	76	286
150	99	194
150	102	186
150	109	174
150	115	170
150	121	161
150	125	158
150	133	147
150	135	145
150	136	142
150	138	140
150	151	128
150	160	123
150	170	113
150	174	112
150	176	108
150	181	107
150	186	103
150	193	98
150	202	95
150	207	94
150	216	93
150	228	87
150	261	81
150	271	79
150	289	77
150	345	75
151	74	311
151	75	307
151	79	255
151	80	253
151	93	206
151	97	199
151	100	187
151	106	177
151	113	168
151	120	163
151	121	159
151	124	158
151	131	149
151	141	139
151	145	132
151	161	120
151	169	111
151	187	102
151	214	92
151	216	91
151	222	90
151	225	88
151	242	83
151	256	82
151	263	80
151	270	79
151	293	76
151	342	75
152	75	288
152	76	281
152	78	264
152	86	226
152	90	214
152	94	201
152	96	199
152	97	194
152	98	185
152	101	182
152	105	180
152	111	172
152	112	170
152	115	167
152	117	165
152	119	164
152	123	156
152	126	155
152	129	146
152	137	136
152	155	123
152	159	121
152	165	117
152	168	116
152	178	107
152	182	106
152	208	92
152	219	89
152	250	82
152	257	80
152	312	75
153	77	261
153	82	237
153	83	233
153	85	228
153	88	216
153	89	212
153	92	201
153	95	199
153	96	197
153	107	173
153	110	171
153	117	163
153	119	159
153	121	157
153	124	155
153	126	153
153	142	133
153	149	128
153	151	124
153	161	119
153	163	118
153	167	116
153	171	110
153	186	100
153	190	98
153	200	97
153	201	96
153	245	82
153	263	79
153	284	77
153	318	74
154	73	324
154	84	231
154	85	226
154	86	225
154	97	188
154	103	179
154	106	176
154	116	161
154	122	156
154	135	144
154	145	130
154	156	121
154	158	119
154	168	115
154	181	106
154	205	94
154	216	90
154	224	87
154	230	85
154	237	83
154	255	80
154	278	78
155	74	293
155	76	269
155	78	256
155	81	245
155	95	196
155	96	191
155	99	184
155	108	172
155	113	164
155	120	153
155	126	151
155	128	149
155	133	144
155	147	127
155	164	114
155	168	113
155	170	109
155	179	106
155	189	99
155	198	97
155	199	96
155	201	93
155	205	92
155	214	91
155	222	87
155	225	85
155	250	81
155	263	78
155	281	77
155	311	75
155	335	73
156	78	251
156	79	244
156	81	239
156	84	230
156	86	222
156	88	213
156	91	207
156	93	198
156	103	177
156	109	170
156	111	168
156	133	142
156	139	131
156	154	123
156	163	117
156	167	112
156	176	107
156	178	106
156	179	105
156	184	103
156	189	96
156	212	91
156	214	90
156	221	88
156	244	82
156	246	80
156	252	79
156	265	77
156	276	76
156	322	73
157	74	288
157	75	281
157	90	210
157	91	206
157	102	175
157	109	168
157	115	162
157	125	152
157	126	149
157	128	147
157	129	144
157	131	142
157	142	129
157	152	123
157	160	116
157	161	115
157	175	105
157	182	102
157	187	98
157	214	89
157	220	88
157	221	87
157	233	83
157	283	75
157	308	74
158	70	324
158	73	304
158	75	268
158	76	261
158	83	230
158	85	223
158	86	218
158	90	200
158	93	194
158	98	184
158	100	181
158	106	172
158	108	171
158	118	156
158	135	141
158	147	126
158	154	121
158	157	119
158	159	118
158	162	114
158	165	113
158	167	111
158	173	107
158	186	99
158	218	88
158	220	87
158	226	84
158	230	83
158	241	82
158	272	76
158	294	74
159	82	229
159	84	226
159	88	209
159	89	207
159	107	169
159	110	167
159	122	148
159	127	145
159	130	138
159	136	136
159	138	134
159	146	127
159	150	123
159	156	119
159	159	116
159	163	112
159	180	102
159	200	95
159	209	91
159	210	90
159	211	89
159	223	86
159	236	82
159	261	78
159	290	74
159	321	73
160	72	309
160	73	293
160	74	281
160	86	215
160	87	213
160	96	189
160	101	175
160	105	172
160	111	165
160	114	162
160	116	157
160	137	134
160	145	125
160	155	120
160	168	105
160	183	100
160	185	98
160	199	94
160	200	93
160	210	86
160	245	81
160	270	75
160	287	74
160	309	73
160	327	72
161	69	337
161	71	307
161	73	280
161	74	279
161	77	251
161	78	244
161	81	235
161	84	222
161	87	207
161	90	199
161	92	194
161	94	191
161	106	170
161	109	163
161	113	161
161	114	160
161	138	132
161	144	124
161	153	122
161	156	116
161	164	111
161	175	104
161	196	95
161	197	94
161	202	91
161	209	90
161	224	85
161	235	82
161	236	81
161	250	79
161	276	74
161	321	72
162	80	240
162	89	198
162	95	190
162	97	187
162	105	169
162	115	159
162	121	151
162	124	147
162	126	145
162	127	142
162	132	136
162	135	135
162	149	121
162	159	115
162	160	113
162	165	108
162	167	107
162	179	103
162	180	98
162	185	94
162	189	93
162	198	92
162	201	91
162	207	89
162	225	84
162	229	83
162	238	80
162	250	78
162	268	75
162	294	73
162	350	71
163	69	324
163	70	320
163	72	304
163	73	270
163	74	268
163	81	233
163	83	224
163	84	215
163	86	203
163	89	197
163	96	188
163	100	176
163	104	172
163	112	161
163	119	153
163	125	144
163	132	133
163	139	130
163	153	120
163	160	112
163	176	102
163	183	97
163	226	83
163	230	81
163	246	77
163	265	76
163	276	73
163	311	72
164	72	292
164	76	256
164	80	238
164	81	229
164	82	212
164	91	195
164	93	191
164	97	181
164	103	170
164	113	158
164	117	155
164	119	150
164	122	147
164	131	135
164	135	131
164	141	129
164	143	126
164	146	123
164	153	119
164	162	110
164	172	104
164	174	102
164	182	97
164	197	91
164	202	90
164	220	84
164	245	79
164	266	75
164	291	72
164	330	71
165	73	268
165	74	264
165	75	262
165	85	210
165	93	185
165	96	184
165	99	180
165	108	168
165	111	158
165	115	155
165	118	153
165	140	128
165	147	122
165	151	120
165	155	118
165	161	111
165	177	101
165	198	90
165	218	84
165	244	79
165	260	76
165	298	71
166	68	337
166	70	307
166	71	298
166	72	280
166	75	258
166	79	242
166	84	209
166	90	194
166	107	164
166	110	160
166	118	152
166	121	147
166	124	144
166	127	141
166	128	140
166	129	137
166	134	131
166	139	129
166	143	125
166	152	117
166	158	115
166	159	113
166	161	109
166	179	99
166	180	97
166	195	90
166	202	89
166	209	88
166	239	79
166	243	78
166	258	76
166	261	75
166	285	71
167	70	294
167	79	232
167	80	224
167	85	206
167	88	198
167	92	181
167	98	179
167	99	178
167	102	171
167	106	166
167	107	163
167	113	157
167	119	149
167	126	142
167	135	129
167	141	125
167	156	115
167	166	106
167	184	95
167	193	92
167	203	88
167	223	82
167	236	80
167	241	78
167	354	69
168	69	320
168	70	292
168	71	290
168	72	276
168	76	252
168	77	240
168	78	238
168	83	200
168	90	193
168	98	177
168	101	174
168	103	167
168	114	156
168	115	153
168	116	152
168	122	146
168	123	145
168	125	142
168	128	139
168	137	126
168	144	123
168	147	121
168	149	120
168	153	111
168	170	104
168	173	103
168	191	92
168	199	88
168	215	84
168	218	83
168	223	81
168	232	79
168	256	75
168	273	74
168	315	70
169	69	307
169	97	175
169	106	163
169	112	153
169	120	146
169	121	144
169	124	143
169	125	138
169	128	137
169	142	123
169	144	119
169	159	110
169	169	102
169	178	100
169	179	95
169	196	89
169	209	87
169	217	83
169	219	80
169	249	76
169	258	74
169	280	72
170	67	347
170	72	268
170	74	262
170	75	249
170	77	236
170	88	194
170	91	190
170	95	178
170	100	173
170	104	161
170	110	159
170	111	157
170	116	149
170	130	136
170	140	125
170	152	115
170	159	109
170	164	108
170	170	100
170	184	92
170	203	85
170	230	78
170	254	75
170	260	73
171	68	333
171	69	305
171	71	289
171	73	259
171	76	246
171	82	206
171	84	197
171	90	192
171	94	176
171	118	146
171	123	142
171	125	137
171	131	134
171	133	130
171	141	122
171	150	115
171	157	110
171	166	105
171	178	97
171	216	83
171	273	72
171	278	71
171	284	70
171	336	69
172	68	320
172	69	294
172	70	288
172	71	276
172	74	240
172	80	220
172	89	191
172	90	190
172	91	189
172	109	155
172	130	135
172	132	132
172	136	126
172	140	122
172	146	118
172	161	107
172	168	104
172	172	99
172	176	98
172	182	91
172	215	83
172	243	77
172	265	72
172	322	69
172	353	68
173	67	346
173	68	282
173	99	170
173	107	157
173	114	148
173	119	140
173	122	138
173	127	133
173	130	131
173	138	124
173	157	109
173	158	104
173	171	99
173	175	97
173	200	85
173	214	83
173	239	76
173	316	69
173	359	67
174	78	224
174	86	195
174	87	194
174	93	179
174	97	173
174	101	167
174	126	135
174	131	130
174	134	129
174	143	121
174	145	118
174	148	117
174	149	115
174	163	101
174	178	96
174	179	94
174	195	89
174	205	82
174	229	78
174	241	75
174	255	74
174	271	71
174	308	69
174	333	68
175	66	347
175	67	343
175	81	218
175	90	185
175	106	160
175	108	151
175	113	149
175	115	147
175	128	131
175	135	127
175	142	121
175	148	116
175	150	112
175	174	98
175	175	93
175	228	79
175	231	77
175	238	76
175	280	70
176	67	295
176	71	269
176	72	259
176	91	182
176	97	169
176	103	166
176	124	137
176	134	127
176	147	117
176	155	109
176	157	108
176	180	90
176	193	88
176	197	85
176	203	81
176	233	76
176	245	74
176	278	70
176	291	69
176	322	68
176	330	66
177	71	262
177	73	248
177	77	230
177	79	221
177	80	218
177	81	206
177	87	192
177	88	188
177	102	163
177	106	157
177	107	156
177	113	145
177	114	143
177	124	133
177	129	125
177	138	123
177	142	119
177	146	115
177	152	109
177	172	97
177	190	89
177	223	79
177	241	73
177	271	69
177	317	67
178	66	326
178	67	282
178	72	252
178	76	234
178	77	226
178	78	212
178	95	175
178	99	162
178	104	160
178	111	148
178	127	131
178	135	124
178	143	117
178	148	111
178	155	108
178	157	106
178	188	89
178	200	84
178	216	80
178	225	78
178	238	75
178	278	68
179	69	278
179	77	220
179	86	194
179	92	180
179	96	171
179	108	150
179	119	137
179	135	123
179	139	122
179	140	121
179	169	98
179	185	89
179	193	86
179	212	79
179	260	72
179	266	71
180	89	185
180	105	158
180	117	140
180	123	136
180	137	122
180	139	120
180	140	119
180	146	114
180	154	108
180	165	100
180	167	97
180	174	95
180	190	86
180	214	78
180	223	77
180	253	72
180	256	71
180	295	67
181	65	339
181	66	295
181	71	258
181	72	246
181	73	245
181	79	209
181	95	173
181	102	159
181	116	138
181	120	136
181	123	135
181	127	129
181	134	124
181	137	121
181	142	118
181	147	113
181	156	105
181	171	96
181	188	88
181	189	87
181	211	79
182	69	252
182	73	244
182	75	232
182	85	188
182	96	170
182	101	160
182	106	155
182	133	123
182	134	118
182	144	116
182	145	111
182	149	109
182	159	101
182	171	95
182	194	84
182	209	79
182	218	77
182	251	71
182	268	70
182	310	66
183	65	326
183	76	226
183	77	212
183	78	208
183	98	167
183	102	156
183	121	132
183	125	129
183	139	115
183	144	114
183	148	110
183	164	98
183	193	84
183	214	76
183	235	75
183	244	72
183	257	70
183	287	67
184	68	278
184	73	236
184	90	182
184	96	169
184	100	161
184	106	154
184	111	147
184	115	141
184	119	135
184	123	129
184	153	107
184	186	88
184	198	81
184	225	74
184	249	71
184	260	69
184	303	66
184	343	65
185	64	369
185	65	305
185	84	191
185	86	185
185	91	180
185	95	170
185	97	167
185	98	165
185	103	150
185	112	146
185	118	136
185	119	134
185	128	126
185	131	121
185	153	106
185	157	103
185	162	98
185	172	90
185	191	85
186	64	339
186	79	205
186	81	204
186	88	184
186	91	179
186	92	178
186	97	166
186	101	158
186	110	148
186	115	140
186	128	123
186	137	116
186	152	106
186	161	98
186	167	95
186	177	87
186	196	80
186	238	73
186	255	69
186	272	68
186	275	67
186	293	64
187	68	252
187	74	233
187	75	228
187	82	198
187	92	177
187	94	175
187	100	160
187	108	144
187	112	142
187	119	133
187	124	125
187	133	120
187	144	113
187	149	108
187	150	104
187	166	95
187	187	85
187	234	72
187	264	68
188	65	304
188	71	246
188	83	197
188	88	183
188	89	182
188	93	175
188	94	173
188	106	147
188	122	131
188	136	117
188	142	113
188	149	106
188	155	101
188	165	97
188	193	83
188	224	74
188	236	71
188	266	67
189	67	270
189	72	236
189	81	203
189	83	196
189	90	174
189	113	141
189	117	136
189	118	135
189	140	113
189	147	110
189	154	103
189	170	94
189	187	84
189	193	80
189	209	78
189	230	73
189	233	72
190	63	369
190	64	305
190	66	292
190	83	194
190	87	183
190	97	165
190	100	157
190	115	139
190	132	120
190	134	115
190	136	114
190	143	112
190	145	109
190	162	96
190	169	94
190	171	92
190	192	81
190	198	77
190	249	70
190	288	66
191	65	301
191	75	223
191	89	180
191	90	171
191	93	169
191	111	141
191	115	136
191	120	132
191	122	129
191	127	124
191	141	111
191	144	109
191	148	105
191	160	99
191	167	93
191	184	86
191	185	85
191	223	75
191	244	70
191	251	69
191	259	68
191	286	66
192	73	233
192	74	226
192	75	220
192	76	214
192	79	203
192	80	200
192	84	188
192	96	167
192	102	153
192	103	149
192	113	140
192	140	111
192	147	108
192	153	103
192	154	102
192	189	83
192	211	76
192	220	75
192	228	72
192	273	64
193	63	348
193	65	297
193	66	289
193	70	246
193	72	234
193	73	220
193	81	198
193	87	182
193	88	180
193	95	165
193	97	164
193	98	163
193	101	154
193	105	146
193	111	140
193	120	129
193	130	122
193	131	119
193	132	118
193	145	108
193	152	103
193	158	98
193	190	82
193	207	75
193	250	69
194	63	324
194	64	288
194	66	270
194	67	262
194	82	192
194	89	179
194	93	168
194	95	160
194	102	152
194	118	134
194	119	132
194	137	112
194	157	100
194	161	95
194	171	91
194	183	86
194	209	74
194	218	73
194	239	70
194	253	68
195	71	242
195	81	197
195	85	185
195	89	172
195	107	145
195	108	143
195	110	140
195	113	135
195	117	132
195	119	131
195	121	126
195	124	123
195	126	121
195	129	119
195	131	118
195	133	115
195	135	112
195	138	111
195	139	108
195	157	98
195	161	94
195	166	92
195	176	88
195	182	86
195	183	85
195	188	83
195	206	75
195	251	67
195	410	63
196	62	337
196	71	240
196	72	233
196	74	217
196	80	191
196	87	181
196	88	178
196	92	167
196	94	162
196	99	158
196	100	154
196	110	139
196	118	131
196	130	118
196	144	105
196	149	102
196	155	100
196	160	97
196	166	91
196	182	85
196	187	83
196	248	68
196	268	66
196	286	63
197	67	259
197	72	232
197	79	197
197	83	189
197	93	166
197	98	157
197	107	139
197	113	134
197	118	129
197	124	121
197	132	117
197	150	101
197	156	97
197	172	89
197	188	82
197	217	73
197	224	72
197	230	71
197	241	69
198	63	318
198	71	234
198	72	220
198	96	158
198	99	156
198	116	132
198	127	120
198	131	116
198	175	88
198	180	84
198	193	79
198	229	70
198	246	67
198	259	66
198	305	62
199	63	288
199	66	262
199	70	243
199	78	207
199	81	188
199	86	184
199	88	175
199	91	167
199	95	158
199	106	143
199	113	131
199	120	128
199	123	121
199	133	111
199	147	104
199	155	99
199	169	86
199	186	79
199	204	76
199	223	72
199	226	71
199	236	69
200	62	327
200	63	280
200	66	260
200	74	214
200	77	211
200	78	203
200	86	177
200	97	154
200	101	148
200	105	145
200	110	136
200	116	130
200	119	127
200	126	119
200	127	118
200	129	115
200	151	100
200	160	96
200	164	93
200	174	83
200	185	82
200	191	76
200	268	65
201	61	361
201	62	320
201	70	240
201	71	231
201	73	217
201	76	212
201	84	186
201	85	183
201	100	152
201	104	146
201	109	136
201	117	129
201	118	127
201	121	125
201	143	107
201	157	96
201	182	81
201	224	70
201	244	68
201	281	63
202	69	238
202	77	206
202	83	186
202	84	185
202	90	170
202	93	164
202	100	150
202	106	142
202	116	128
202	119	126
202	122	124
202	126	118
202	129	114
202	137	107
202	142	106
202	146	104
202	148	101
202	150	100
202	154	99
202	155	98
202	159	95
202	162	93
202	221	71
202	266	63
203	62	293
203	65	277
203	75	211
203	76	210
203	87	174
203	94	161
203	96	155
203	103	146
203	104	145
203	105	143
203	115	126
203	119	122
203	135	108
203	143	105
203	147	101
203	152	98
203	154	97
203	163	91
203	204	74
203	214	72
204	65	270
204	85	182
204	88	173
204	92	166
204	94	160
204	99	153
204	111	134
204	112	133
204	126	115
204	128	114
204	132	113
204	134	108
204	138	104
204	145	103
204	146	102
204	157	95
204	159	93
204	166	90
204	168	88
204	185	80
204	202	73
204	232	69
204	288	62
204	308	61
205	62	280
205	65	260
205	78	197
205	83	185
205	84	183
205	85	179
205	86	172
205	96	154
205	98	153
205	123	120
205	124	119
205	125	118
205	130	112
205	135	107
205	143	101
205	152	97
205	173	85
205	199	74
205	209	72
205	244	66
205	254	64
205	314	60
206	61	323
206	67	255
206	70	237
206	75	203
206	92	165
206	96	153
206	99	152
206	100	149
206	102	147
206	104	144
206	105	139
206	112	128
206	118	123
206	122	117
206	149	100
206	151	99
206	157	94
206	158	93
206	161	92
206	198	75
206	241	68
207	68	238
207	74	209
207	89	171
207	91	166
207	93	162
207	102	138
207	117	124
207	127	114
207	153	94
207	159	92
207	163	90
207	166	89
207	180	82
207	181	81
207	217	71
207	220	70
207	231	69
207	234	68
207	283	62
208	60	375
208	61	293
208	84	180
208	85	178
208	87	169
208	99	151
208	100	146
208	118	120
208	130	111
208	132	109
208	142	102
208	148	99
208	152	96
208	158	91
208	164	89
208	186	78
208	239	66
208	298	61
209	76	200
209	82	185
209	90	168
209	91	165
209	92	164
209	99	148
209	108	137
209	110	135
209	111	130
209	115	125
209	125	114
209	128	111
209	131	108
209	137	106
209	139	101
209	147	99
209	150	96
209	157	93
209	167	88
209	179	82
209	194	75
209	226	69
209	229	68
209	297	60
210	69	226
210	82	179
210	90	167
210	92	163
210	98	151
210	105	135
210	114	127
210	124	114
210	136	105
210	140	100
210	144	98
210	155	93
210	162	88
210	179	81
210	182	79
210	278	62
210	288	61
211	59	359
211	60	339
211	63	277
211	66	255
211	67	251
211	71	223
211	74	203
211	80	188
211	85	177
211	90	166
211	92	160
211	93	159
211	98	150
211	110	134
211	121	117
211	145	97
211	154	93
211	167	85
211	170	83
211	184	78
211	217	69
211	227	67
211	274	62
212	60	303
212	67	243
212	68	229
212	73	209
212	79	194
212	84	178
212	88	165
212	97	152
212	100	145
212	109	134
212	152	94
212	159	90
212	175	80
213	64	273
213	66	254
213	70	223
213	81	182
213	83	176
213	91	162
213	94	158
213	95	156
213	114	124
213	122	116
213	127	111
213	151	95
213	188	76
213	205	72
213	207	71
213	263	62
214	64	269
214	66	251
214	75	200
214	78	195
214	85	175
214	93	157
214	98	146
214	105	134
214	110	132
214	113	127
214	121	115
214	126	113
214	129	108
214	134	106
214	157	92
214	166	87
214	180	78
214	197	74
214	252	65
214	262	63
215	59	342
215	60	302
215	65	257
215	67	240
215	68	226
215	77	198
215	79	189
215	86	170
215	90	163
215	91	159
215	95	154
215	100	142
215	104	134
215	127	106
215	137	104
215	149	94
215	165	86
215	169	84
215	186	77
215	202	71
215	216	70
215	247	63
215	277	60
215	307	59
216	59	323
216	62	268
216	64	261
216	71	220
216	85	174
216	87	166
216	95	153
216	97	151
216	109	133
216	117	122
216	120	119
216	122	113
216	132	103
216	138	102
216	142	99
216	147	96
216	154	91
216	155	90
216	160	88
216	163	87
216	166	84
216	173	82
216	174	81
216	191	74
216	199	73
216	201	72
216	241	65
216	265	61
217	59	303
217	60	296
217	61	290
217	65	254
217	66	243
217	67	229
217	72	216
217	80	187
217	87	165
217	89	163
217	96	151
217	97	150
217	108	132
217	109	128
217	112	123
217	142	98
217	152	93
217	156	89
217	160	87
217	161	85
217	169	83
217	171	82
217	198	72
217	213	69
217	224	68
217	238	66
218	69	223
218	77	197
218	80	185
218	84	174
218	85	172
218	93	150
218	96	148
218	107	131
218	130	103
218	147	95
218	165	84
218	166	82
218	173	81
218	182	77
218	189	75
218	358	58
219	61	282
219	71	215
219	75	197
219	79	185
219	87	162
219	92	158
219	125	110
219	135	100
219	147	92
219	154	90
219	170	81
219	174	80
219	176	79
219	187	74
219	211	70
219	219	68
219	243	64
219	290	59
219	334	58
220	64	257
220	77	191
220	80	184
220	81	180
220	86	169
220	99	144
220	101	141
220	103	136
220	115	120
220	142	97
220	146	94
220	152	91
220	185	76
220	212	69
220	226	67
220	262	62
220	275	59
221	58	345
221	60	295
221	61	268
221	70	218
221	72	212
221	74	200
221	76	196
221	85	171
221	92	156
221	94	147
221	99	143
221	106	130
221	107	129
221	110	126
221	114	122
221	117	119
221	123	111
221	141	99
221	144	95
221	150	90
221	157	88
221	158	87
221	181	77
221	220	66
221	309	58
222	73	206
222	76	194
222	79	183
222	80	182
222	82	176
222	90	159
222	92	151
222	97	146
222	100	140
222	105	132
222	113	120
222	139	99
222	143	95
222	155	87
222	159	86
222	163	84
222	172	80
222	176	78
222	182	76
222	197	72
222	237	65
222	238	64
223	58	340
223	60	287
223	65	248
223	78	188
223	84	173
223	89	159
223	97	144
223	118	117
223	119	116
223	121	114
223	132	102
223	160	85
223	164	83
223	172	78
223	190	73
223	195	72
223	198	71
223	253	62
223	256	61
224	60	282
224	63	265
224	65	247
224	70	215
224	71	214
224	73	205
224	84	172
224	85	170
224	89	158
224	100	139
224	101	137
224	109	126
224	115	119
224	137	99
224	141	97
224	165	82
224	169	81
224	175	77
224	177	75
224	215	68
225	63	262
225	76	191
225	80	180
225	83	173
225	86	167
225	90	157
225	95	143
225	102	134
225	104	131
225	110	125
225	115	118
225	116	117
225	124	109
225	128	105
225	138	98
225	140	96
225	146	92
225	170	80
225	209	70
225	216	67
225	270	59
226	57	361
226	66	242
226	68	225
226	69	218
226	72	210
226	75	196
226	85	169
226	86	166
226	93	149
226	105	130
226	109	124
226	128	104
226	134	99
226	145	93
226	151	89
226	157	85
226	163	81
226	194	71
226	202	70
226	234	64
226	244	62
226	258	60
226	304	58
227	57	325
227	58	318
227	64	249
227	69	216
227	71	212
227	85	166
227	99	134
227	119	113
227	139	96
227	142	95
227	162	82
227	185	74
227	206	69
227	293	57
228	59	287
228	71	208
228	75	194
228	77	186
228	78	185
228	90	156
228	92	150
228	98	140
228	107	128
228	108	127
228	112	122
228	118	114
228	123	110
228	126	108
228	160	84
228	169	79
228	213	68
228	232	65
228	242	63
228	318	56
229	58	313
229	62	265
229	70	214
229	73	197
229	81	177
229	82	174
229	87	160
229	97	142
229	103	132
229	108	124
229	111	123
229	112	121
229	122	111
229	127	105
229	131	101
229	137	96
229	142	94
229	146	90
229	153	88
229	156	83
229	187	73
229	192	72
229	204	69
229	214	67
229	226	65
229	233	64
229	236	63
229	246	61
230	56	364
230	62	262
230	66	241
230	70	211
230	83	170
230	90	155
230	102	131
230	122	110
230	125	108
230	126	107
230	136	97
230	141	95
230	142	93
230	151	87
230	154	85
230	159	82
230	161	80
230	170	78
230	205	68
230	219	66
230	287	58
231	65	243
231	72	200
231	78	183
231	79	181
231	85	165
231	86	164
231	105	129
231	108	122
231	118	113
231	121	111
231	123	109
231	126	106
231	127	104
231	140	94
231	155	84
231	164	79
231	172	77
231	182	73
231	199	70
231	243	62
232	56	350
232	58	306
232	63	249
232	66	236
232	68	216
232	74	194
232	76	188
232	82	173
232	88	157
232	91	153
232	101	132
232	107	127
232	111	120
232	114	119
232	115	117
232	121	110
232	129	103
232	137	91
232	154	84
232	160	81
232	190	71
232	230	64
232	231	63
233	57	318
233	61	266
233	65	237
233	78	181
233	79	175
233	83	163
233	93	145
233	97	138
233	102	129
233	114	116
233	120	111
233	130	102
233	132	98
233	142	88
233	159	81
233	174	76
233	175	75
233	198	70
233	256	59
234	58	301
234	59	285
234	64	247
234	74	193
234	75	192
234	78	179
234	81	174
234	86	162
234	89	156
234	108	120
234	111	119
234	122	108
234	124	107
234	134	97
234	149	87
234	150	86
234	169	77
234	173	76
234	180	72
234	215	66
234	221	65
234	236	62
234	278	58
234	282	57
235	59	282
235	60	280
235	66	235
235	69	213
235	77	185
235	89	154
235	91	149
235	94	144
235	95	141
235	105	128
235	113	117
235	117	114
235	126	105
235	129	101
235	130	99
235	196	70
235	209	66
235	219	64
235	307	56
236	56	349
236	58	292
236	60	271
236	61	265
236	62	254
236	64	243
236	66	232
236	80	172
236	81	171
236	82	169
236	84	160
236	89	153
236	106	127
236	117	113
236	119	112
236	121	108
236	125	106
236	135	96
236	152	85
236	165	78
236	175	74
236	194	70
236	237	61
236	267	58
237	56	339
237	57	297
237	58	290
237	75	188
237	77	184
237	104	126
237	111	117
237	118	109
237	157	82
237	174	74
237	188	71
237	199	68
237	214	65
237	255	59
237	286	56
238	60	266
238	64	237
238	70	207
238	72	198
238	87	158
238	90	151
238	96	138
238	116	114
238	117	108
238	124	106
238	125	104
238	133	96
238	206	67
238	235	62
238	251	59
238	311	55
239	66	229
239	67	227
239	71	206
239	77	179
239	82	168
239	86	159
239	87	157
239	88	153
239	98	137
239	115	114
239	122	105
239	128	103
239	150	85
239	153	80
239	187	71
239	195	69
239	207	66
239	226	63
239	229	62
239	239	60
240	55	352
240	56	335
240	59	280
240	69	210
240	71	205
240	76	185
240	85	156
240	91	148
240	107	124
240	121	106
240	128	102
240	131	98
240	135	95
240	148	87
240	158	77
240	173	75
240	186	71
240	197	68
240	209	65
240	274	57
241	56	317
241	59	271
241	61	254
241	65	232
241	67	221
241	71	204
241	73	195
241	94	141
241	100	133
241	120	105
241	170	76
241	185	71
241	194	69
241	205	67
241	265	57
242	56	297
242	57	290
242	63	238
242	71	203
242	78	176
242	90	150
242	93	142
242	94	138
242	106	124
242	110	119
242	125	102
242	134	94
242	143	87
242	191	70
242	204	67
242	281	56
243	55	340
243	65	231
243	68	214
243	71	198
243	72	194
243	74	187
243	75	185
243	78	175
243	79	173
243	81	167
243	89	150
243	92	144
243	98	135
243	101	129
243	103	127
243	107	122
243	114	114
243	129	100
243	138	89
243	144	84
243	166	76
243	171	75
243	187	68
243	201	67
243	263	58
244	62	242
244	66	227
244	69	205
244	80	169
244	84	157
244	97	137
244	104	123
244	109	119
244	115	113
244	122	103
244	127	100
244	129	98
244	149	81
244	169	74
244	176	73
244	208	65
244	224	62
245	58	285
245	64	234
245	65	228
245	67	219
245	73	193
245	76	182
245	77	178
245	80	168
245	86	154
245	109	118
245	113	116
245	116	112
245	128	99
245	133	95
245	134	90
245	157	79
245	181	71
245	205	66
245	212	63
245	302	55
246	55	339
246	58	278
246	60	259
246	61	245
246	66	222
246	68	211
246	73	191
246	75	184
246	77	177
246	79	172
246	82	163
246	86	153
246	91	147
246	93	141
246	96	136
246	101	128
246	115	112
246	129	97
246	139	87
246	155	78
246	199	67
246	260	57
247	62	238
247	64	231
247	65	227
247	70	202
247	76	176
247	81	166
247	85	154
247	90	147
247	91	145
247	98	132
247	107	120
247	110	117
247	112	114
247	114	111
247	119	107
247	131	96
247	148	83
247	163	76
247	174	73
247	177	71
247	204	65
247	217	62
247	235	61
247	248	58
248	54	365
248	57	281
248	60	255
248	65	225
248	67	218
248	73	187
248	74	183
248	77	175
248	80	167
248	81	165
248	83	160
248	97	132
248	100	127
248	108	119
248	111	116
248	113	113
248	118	107
248	133	94
248	168	75
248	170	73
248	201	66
248	283	55
248	306	54
249	61	242
249	68	205
249	71	194
249	72	192
249	78	174
249	87	150
249	91	144
249	99	128
249	106	122
249	111	115
249	118	106
249	120	104
249	123	102
249	126	100
249	128	97
249	155	77
249	180	70
249	197	67
249	203	65
249	232	61
249	238	60
249	270	56
250	59	268
250	63	234
250	67	217
250	75	182
250	77	173
250	79	167
250	102	126
250	103	124
250	108	118
250	124	101
250	127	99
250	129	96
250	132	95
250	154	78
250	160	74
250	174	72
250	226	61
250	236	59
250	267	56
251	54	355
251	59	259
251	60	245
251	65	222
251	70	197
251	75	180
251	78	172
251	81	164
251	86	150
251	89	148
251	91	142
251	94	135
251	116	110
251	118	105
251	127	98
251	199	66
252	54	319
252	55	312
252	64	227
252	66	218
252	67	216
252	69	202
252	72	190
252	82	161
252	88	147
252	102	124
252	104	122
252	106	121
252	110	116
252	117	107
252	121	103
252	132	94
252	140	84
252	150	79
252	184	69
252	193	67
252	210	64
252	274	55
253	56	281
253	59	255
253	64	225
253	67	206
253	68	202
253	80	164
253	84	154
253	90	141
253	93	139
253	108	116
253	115	110
253	116	109
253	126	99
253	127	97
253	132	93
253	145	81
253	155	76
253	168	73
253	179	70
253	190	65
253	209	64
253	223	61
254	57	279
254	58	271
254	71	193
254	102	123
254	107	118
254	110	115
254	111	114
254	112	113
254	117	106
254	124	100
254	125	98
254	128	94
254	233	60
254	246	57
255	58	268
255	64	223
255	67	205
255	69	201
255	81	163
255	82	160
255	83	158
255	102	122
255	105	119
255	115	109
255	122	102
255	123	101
255	124	99
255	126	96
255	127	93
255	174	71
255	183	69
255	185	67
255	226	60
255	262	56
255	272	55
256	58	265
256	66	217
256	69	199
256	71	188
256	74	177
256	85	151
256	89	143
256	93	138
256	98	131
256	99	123
256	104	121
256	106	118
256	111	113
256	116	108
256	132	90
256	141	83
256	202	64
256	221	61
256	244	58
256	297	54
257	53	344
257	63	226
257	65	218
257	78	171
257	80	163
257	84	151
257	98	130
257	110	114
257	113	112
257	114	109
257	121	102
257	137	89
257	143	82
257	146	80
257	166	73
257	173	71
258	55	306
258	57	278
258	58	264
258	66	206
258	69	195
258	70	191
258	72	187
258	73	185
258	82	157
258	87	149
258	92	139
258	96	132
258	107	117
258	113	110
258	120	103
258	123	100
258	138	88
258	145	80
258	148	79
258	172	72
258	204	63
258	235	59
258	276	54
259	55	295
259	56	279
259	65	217
259	72	185
259	73	183
259	75	174
259	78	168
259	91	139
259	93	137
259	102	120
259	107	114
259	110	112
259	111	110
259	115	108
259	116	106
259	119	103
259	121	100
259	122	99
259	135	88
259	150	77
259	168	70
259	196	64
259	223	60
259	241	57
259	301	53
260	58	262
260	62	235
260	63	223
260	68	200
260	81	160
260	86	147
260	88	146
260	98	129
260	108	111
260	114	108
260	120	102
260	156	75
260	180	69
260	214	62
260	216	61
260	229	58
261	53	338
261	58	259
261	61	240
261	64	220
261	65	211
261	67	203
261	76	166
261	80	161
261	83	154
261	88	145
261	94	131
261	106	117
261	115	106
261	120	100
261	125	96
261	131	92
261	137	87
261	184	68
261	264	55
262	57	265
262	62	226
262	70	188
262	79	165
262	92	136
262	97	129
262	98	124
262	114	107
262	117	103
262	124	97
262	152	76
262	251	56
263	57	262
263	60	243
263	64	214
263	68	195
263	71	187
263	87	145
263	111	108
263	116	102
263	126	95
263	130	91
263	136	87
263	141	82
263	154	75
263	157	73
263	179	67
263	271	54
264	69	194
264	74	176
264	75	172
264	77	163
264	81	158
264	89	142
264	97	127
264	105	117
264	115	104
264	121	99
264	126	94
264	138	84
264	159	72
264	220	60
265	54	316
265	71	185
265	72	183
265	101	121
265	124	96
265	135	87
265	137	83
265	143	81
265	165	71
265	175	69
265	210	62
265	223	59
265	255	55
266	52	363
266	55	294
266	59	248
266	60	240
266	63	220
266	64	211
266	69	189
266	73	182
266	88	144
266	89	141
266	93	132
266	104	118
266	107	112
266	113	106
266	123	98
266	126	93
266	128	91
266	139	82
266	142	80
266	173	69
266	187	66
266	219	60
266	292	53
267	53	330
267	54	314
267	62	224
267	85	148
267	125	93
267	144	79
267	149	77
267	166	70
267	178	68
267	201	62
268	53	322
268	55	288
268	58	257
268	59	243
268	63	214
268	71	184
268	74	175
268	81	157
268	83	152
268	85	145
268	88	139
268	99	121
268	101	118
268	106	115
268	114	105
268	123	95
268	124	92
268	134	89
268	136	86
268	186	66
268	194	63
268	207	60
268	249	56
268	253	55
269	52	362
269	53	317
269	54	310
269	55	284
269	56	277
269	61	237
269	65	208
269	70	186
269	73	176
269	74	174
269	79	160
269	83	151
269	84	150
269	91	138
269	96	128
269	97	126
269	103	117
269	110	110
269	119	101
269	122	98
269	129	89
269	146	78
269	170	67
269	240	57
269	296	52
270	55	279
270	63	212
270	67	202
270	80	158
270	94	130
270	97	124
270	121	98
270	140	81
270	184	66
270	188	65
270	189	64
270	244	56
270	260	54
271	54	304
271	58	248
271	66	203
271	68	189
271	71	178
271	74	170
271	82	154
271	104	116
271	117	101
271	120	97
271	134	86
271	142	79
271	145	78
271	154	74
271	219	59
271	228	58
271	232	57
271	257	54
272	52	357
272	61	229
272	62	215
272	65	207
272	77	160
272	80	157
272	84	148
272	92	132
272	93	129
272	96	127
272	108	109
272	110	106
272	118	99
272	119	98
272	134	84
272	147	76
272	153	75
272	182	66
272	192	63
272	282	53
273	52	349
273	53	307
273	56	267
273	57	258
273	59	241
273	64	209
273	67	199
273	70	184
273	75	168
273	81	155
273	87	143
273	88	138
273	106	114
273	109	108
273	164	71
273	264	53
274	52	338
274	54	284
274	55	277
274	69	186
274	72	175
274	75	167
274	86	144
274	91	133
274	93	127
274	105	113
274	117	100
274	131	87
274	139	81
274	155	73
274	163	71
274	185	65
274	200	62
274	213	59
275	61	226
275	62	212
275	65	201
275	78	157
275	90	135
275	106	112
275	115	103
275	178	66
275	191	63
276	60	229
276	67	197
276	70	178
276	73	170
276	76	165
276	81	153
276	84	144
276	86	143
276	98	123
276	102	117
276	104	115
276	117	99
276	120	96
276	127	90
276	131	85
276	151	74
276	167	69
276	183	65
276	252	54
277	61	215
277	64	204
277	67	196
277	80	153
277	85	142
277	87	141
277	104	114
277	118	96
277	123	93
277	127	89
277	135	83
277	140	80
277	156	71
277	196	62
277	227	58
278	52	332
278	56	263
278	57	257
278	58	246
278	59	232
278	63	209
278	66	198
278	82	150
278	83	148
278	100	120
278	107	111
278	113	105
278	114	101
278	121	95
278	149	75
278	160	70
278	181	65
278	242	56
279	51	363
279	55	272
279	57	251
279	67	193
279	71	175
279	74	167
279	91	132
279	96	124
279	101	117
279	104	113
279	112	105
279	123	92
279	136	81
279	150	73
279	193	62
279	210	59
279	226	58
279	230	57
280	55	268
280	56	260
280	58	245
280	64	201
280	69	182
280	75	166
280	81	150
280	106	110
280	141	78
280	179	65
280	188	64
280	241	56
281	52	322
281	56	255
281	58	243
281	59	229
281	66	196
281	77	157
281	98	117
281	103	116
281	107	109
281	113	102
281	117	98
281	129	88
281	135	82
281	203	61
281	240	56
281	248	55
282	63	204
282	67	192
282	68	185
282	72	172
282	83	146
282	89	137
282	91	131
282	95	126
282	111	105
282	122	93
282	125	90
282	133	84
282	140	79
282	190	63
282	222	58
282	246	55
282	277	52
283	51	361
283	54	272
283	55	258
283	57	246
283	58	232
283	65	198
283	75	165
283	76	163
283	88	136
283	89	135
283	92	127
283	94	126
283	103	114
283	105	111
283	107	108
283	109	107
283	111	103
283	113	101
283	128	88
283	130	87
283	141	77
283	146	76
283	147	74
283	169	65
283	181	64
283	197	61
283	228	57
283	234	56
283	241	54
284	52	306
284	53	299
284	60	226
284	67	191
284	78	154
284	87	139
284	90	133
284	92	126
284	97	120
284	108	107
284	115	98
284	121	94
284	129	87
284	159	70
284	167	68
284	187	62
284	225	57
285	54	268
285	57	245
285	73	168
285	86	141
285	87	138
285	102	115
285	105	110
285	107	105
285	124	90
285	128	87
285	166	69
285	205	60
285	221	58
285	222	57
286	51	349
286	66	195
286	90	132
286	95	125
286	106	107
286	116	97
286	120	95
286	126	89
286	131	83
286	153	72
286	220	58
286	232	56
286	245	53
286	334	51
287	69	181
287	70	176
287	71	172
287	83	145
287	84	142
287	85	138
287	88	132
287	91	130
287	101	116
287	114	99
287	116	96
287	118	95
287	128	86
287	136	80
287	138	78
287	180	64
287	196	61
287	209	58
288	53	297
288	62	209
288	65	194
288	74	165
288	82	149
288	101	114
288	112	102
288	127	86
288	134	82
288	145	76
288	164	68
288	332	51
289	51	331
289	56	253
289	67	183
289	69	180
289	80	151
289	95	121
289	102	112
289	114	98
289	116	95
289	144	75
289	149	73
289	152	70
289	162	69
289	202	60
289	220	57
290	52	305
290	53	293
290	61	212
290	64	197
290	72	168
290	76	162
290	94	125
290	103	111
290	115	95
290	121	92
290	122	90
290	125	89
290	164	67
290	195	61
290	208	58
290	228	56
290	235	55
290	295	51
291	50	381
291	52	302
291	54	266
291	66	186
291	75	162
291	82	148
291	94	124
291	110	104
291	120	94
291	150	71
291	158	68
291	183	62
291	223	56
291	239	54
292	56	249
292	60	218
292	68	180
292	70	174
292	71	171
292	75	161
292	81	148
292	88	131
292	90	130
292	100	115
292	101	113
292	111	102
292	130	85
292	133	82
292	137	77
292	148	73
292	163	67
292	179	64
293	51	325
293	56	246
293	57	244
293	73	165
293	76	160
293	82	147
293	87	136
293	91	129
293	102	111
293	105	106
293	111	100
293	149	71
293	173	64
293	182	63
293	219	57
294	55	252
294	57	239
294	69	172
294	76	159
294	90	128
294	97	119
294	104	109
294	110	101
294	121	91
294	126	88
294	127	85
294	132	81
294	143	75
294	145	74
294	161	67
294	181	63
294	198	60
294	267	52
295	55	249
295	60	215
295	76	158
295	80	150
295	83	144
295	86	136
295	93	124
295	120	93
295	124	86
295	191	61
295	202	59
296	50	361
296	59	226
296	63	203
296	68	175
296	71	169
296	74	162
296	79	153
296	82	145
296	85	135
296	99	116
296	104	107
296	108	103
296	117	93
296	134	78
296	168	66
296	189	61
296	195	60
296	222	56
296	281	51
296	329	50
297	53	289
297	58	231
297	59	218
297	62	207
297	70	169
297	72	163
297	79	151
297	81	147
297	84	141
297	102	110
297	114	94
297	130	82
297	140	75
297	145	72
297	180	62
297	193	60
297	207	58
298	50	350
298	51	313
298	57	235
298	63	200
298	75	160
298	84	139
298	87	133
298	96	117
298	99	114
298	104	106
298	111	99
298	142	73
298	147	71
298	157	69
298	173	63
298	186	60
298	201	59
298	213	57
298	231	55
298	238	54
299	52	298
299	57	234
299	65	193
299	75	159
299	77	154
299	78	153
299	94	121
299	120	90
299	151	70
299	166	66
299	201	58
299	226	55
300	53	270
300	54	256
300	62	204
300	73	160
300	80	149
300	83	143
300	92	125
300	113	95
300	117	91
300	125	85
300	150	70
300	156	67
300	168	64
300	290	50
301	50	349
301	57	232
301	63	197
301	64	196
301	71	168
301	76	157
301	83	139
301	111	98
301	129	83
301	198	59
301	235	54
301	242	53
302	49	395
302	56	243
302	61	207
302	71	163
302	78	151
302	84	138
302	89	130
302	92	120
302	100	113
302	103	107
302	108	102
302	113	94
302	122	89
302	123	88
302	133	80
302	136	77
302	139	74
302	163	66
302	166	65
302	183	61
302	196	58
302	230	54
303	50	338
303	52	291
303	56	235
303	62	200
303	65	189
303	76	156
303	80	148
303	87	132
303	101	112
303	122	88
303	151	68
303	276	51
304	58	229
304	60	212
304	64	194
304	67	182
304	74	159
304	80	147
304	84	136
304	121	88
304	135	77
304	258	51
305	51	294
305	54	254
305	72	160
305	82	143
305	95	119
305	97	114
305	98	112
305	107	101
305	116	93
305	123	87
305	131	81
305	157	66
305	194	59
305	207	57
305	217	56
305	223	55
306	50	325
306	58	228
306	59	215
306	65	186
306	66	185
306	77	151
306	79	150
306	90	126
306	99	110
306	106	105
306	128	84
306	136	75
306	162	65
306	200	57
307	49	381
307	53	269
307	55	246
307	57	225
307	75	156
307	81	146
307	89	129
307	101	108
307	120	87
307	124	85
307	130	80
307	177	62
307	179	60
307	248	52
308	49	379
308	64	189
308	88	130
308	89	128
308	106	104
308	122	86
308	126	83
308	130	79
308	141	73
308	227	54
308	280	50
309	53	263
309	54	249
309	55	242
309	56	228
309	59	212
309	66	183
309	73	159
309	78	148
309	84	135
309	86	134
309	95	118
309	104	104
309	107	100
309	116	89
309	128	82
309	146	70
309	191	59
309	212	56
309	225	54
310	50	319
310	58	222
310	67	178
310	103	106
310	112	97
310	125	83
310	174	62
310	208	56
311	49	350
311	58	215
311	61	204
311	81	144
311	89	126
311	91	125
311	108	98
311	129	80
311	216	55
312	52	278
312	60	209
312	68	174
312	74	156
312	82	140
312	88	129
312	115	92
312	128	81
312	169	63
312	204	56
312	313	49
313	53	256
313	54	242
313	91	121
313	102	107
313	106	103
313	111	96
313	131	77
313	135	75
313	143	72
313	176	61
313	195	58
313	271	50
314	61	201
314	67	177
314	76	154
314	80	145
314	83	135
314	86	132
314	110	96
314	167	64
315	52	259
315	53	245
315	69	171
315	96	114
315	121	85
315	123	84
315	127	82
315	141	72
315	150	69
315	161	65
315	215	55
315	240	53
316	55	239
316	60	204
316	66	180
316	169	62
316	236	53
317	55	232
317	62	198
317	70	163
317	76	153
317	81	142
317	109	97
317	113	93
317	120	84
317	162	64
317	186	59
317	239	51
318	87	130
318	90	125
318	100	109
318	119	87
318	124	82
318	304	49
319	69	166
319	103	104
319	136	73
319	148	69
319	168	63
320	48	381
320	51	284
320	71	160
320	73	158
320	95	116
320	115	91
320	130	77
320	169	61
320	182	58
321	68	169
321	82	139
321	85	129
321	132	75
321	154	67
321	209	55
321	261	50
322	49	340
322	63	192
322	88	127
322	105	101
322	112	95
322	126	79
322	145	71
323	48	368
323	94	119
323	122	83
323	194	57
323	233	53
324	57	222
324	62	195
324	72	159
324	78	147
324	102	106
324	112	94
324	118	88
324	154	66
324	159	64
324	178	59
324	201	56
324	221	54
325	66	178
325	75	153
325	82	136
325	92	119
325	93	118
325	94	117
325	122	82
325	147	66
325	294	49
326	67	176
326	88	126
326	95	115
326	97	112
326	112	91
326	125	80
326	131	75
326	164	62
327	54	241
327	56	226
327	65	181
327	73	156
327	80	144
327	118	86
327	144	71
327	157	65
327	177	60
328	67	175
328	76	150
328	132	73
328	144	70
328	158	63
328	196	55
329	49	321
329	50	314
329	64	184
329	80	141
329	82	135
329	91	120
329	101	107
329	106	100
329	111	94
329	167	61
329	230	53
330	56	223
330	74	153
330	84	134
330	104	102
330	109	96
330	129	77
330	153	65
330	223	53
331	143	70
331	208	54
331	285	49
332	48	351
332	50	311
332	54	240
332	55	226
332	81	140
332	84	130
332	142	68
332	170	60
332	229	52
332	236	51
333	57	220
333	59	210
333	75	150
333	77	148
333	89	125
333	90	124
333	98	110
333	99	109
333	123	81
333	138	72
333	152	65
333	224	52
334	100	108
334	116	86
335	58	212
335	72	158
335	122	81
335	127	75
335	172	59
335	253	50
335	313	48
336	78	145
336	137	72
337	48	340
337	57	215
337	87	127
337	96	113
338	47	386
338	50	302
338	59	209
338	81	138
338	107	98
338	108	97
338	165	60
338	190	57
338	278	49
339	50	286
339	51	272
339	111	93
339	115	90
339	121	83
339	158	62
339	221	52
340	81	136
340	90	121
340	219	53
341	54	239
341	55	225
341	110	95
341	144	67
342	54	237
342	66	176
342	79	144
342	95	114
342	119	85
342	141	71
342	246	50
343	60	202
343	128	73
343	186	56
344	47	370
344	52	254
344	53	240
344	54	234
344	56	222
344	61	196
344	77	147
344	115	87
344	124	78
344	155	64
345	63	190
345	141	70
346	49	303
346	102	104
346	103	103
346	139	70
346	153	64
346	234	51
346	268	49
347	58	211
347	59	208
347	114	90
348	51	270
348	126	77
348	134	72
348	213	53
348	294	48
349	104	101
349	138	71
350	48	337
350	62	191
350	63	187
350	178	56
351	47	369
351	51	268
352	57	211
352	66	175
352	114	89
352	119	82
352	125	76
352	173	58
352	205	54
353	67	173
353	80	138
353	94	115
353	96	112
353	111	91
353	112	90
353	190	55
354	47	359
355	67	171
355	155	63
356	48	324
356	50	268
356	51	254
356	56	221
356	105	100
356	106	99
356	110	94
356	123	79
357	59	206
357	103	102
357	108	96
357	139	69
357	156	62
358	59	202
359	46	359
359	47	352
359	52	251
359	101	106
360	62	190
360	203	54
361	60	201
361	115	86
361	116	85
363	54	233
363	97	111
363	291	48
364	95	113
364	232	51
365	73	155
365	118	84
365	170	59
365	200	54
366	55	223
366	93	117
366	110	93
366	188	55
368	52	247
368	53	233
368	66	173
368	107	97
368	288	48
369	56	220
369	164	59
370	47	343
370	64	183
371	54	230
372	58	209
373	153	63
373	245	50
374	56	219
374	114	88
375	62	189
375	137	69
375	210	53
377	57	209
377	60	199
377	150	65
379	55	219
379	177	57
380	48	308
382	47	325
384	65	179
387	162	61
