31	155	168
32	140	164
32	141	147
32	150	135
33	125	175
33	127	165
33	134	163
33	136	153
34	130	163
34	140	140
34	149	128
35	122	160
35	123	158
35	131	148
35	132	146
35	143	135
35	159	127
36	125	154
36	129	153
36	134	141
36	138	132
37	112	151
37	131	139
37	142	128
37	158	120
38	125	146
38	130	143
38	133	134
38	148	124
38	152	123
39	106	164
39	110	153
39	119	146
39	120	143
39	126	133
39	138	121
39	140	116
40	101	166
40	114	139
40	129	127
40	133	118
41	107	137
41	120	127
41	125	126
41	128	120
41	137	114
42	102	139
42	132	116
42	164	112
43	112	134
43	115	129
43	121	119
43	132	115
43	135	102
44	98	152
44	109	125
44	116	121
44	127	114
44	130	104
45	97	177
45	104	123
45	115	113
45	120	112
46	95	173
46	99	125
46	110	115
46	123	107
46	157	101
47	96	161
47	107	120
47	118	109
48	91	163
48	98	135
48	102	122
48	106	111
48	122	100
49	90	165
49	93	159
49	97	146
49	101	113
49	114	108
49	117	102
49	146	98
49	150	97
50	88	161
50	93	149
50	109	108
50	144	97
51	87	165
51	92	153
51	93	147
51	100	123
51	104	110
51	122	99
51	127	98
51	129	92
52	88	149
52	93	136
52	95	132
52	96	128
52	98	124
52	115	104
52	117	101
52	124	94
53	87	151
53	88	138
53	90	134
53	93	126
53	114	106
53	164	89
54	83	162
54	85	151
54	111	106
54	138	90
54	142	89
54	149	87
54	154	86
55	78	182
55	97	120
55	98	116
55	106	108
55	120	99
56	81	173
56	92	122
56	97	119
56	106	103
56	111	91
57	81	148
57	86	136
57	87	132
57	91	130
57	92	121
57	97	110
57	101	105
57	106	93
57	124	89
57	129	88
57	147	87
58	76	150
58	81	138
58	86	132
58	87	124
58	92	112
58	103	100
58	133	85
58	150	84
59	71	170
59	75	168
59	89	119
59	120	89
59	128	87
59	139	83
60	84	128
60	123	87
60	164	82
61	77	146
61	79	130
61	86	127
61	88	116
61	99	106
61	130	86
61	144	82
61	147	81
61	158	79
62	73	154
62	83	118
62	94	108
62	150	79
62	163	78
63	68	156
63	74	150
63	77	144
63	78	140
63	91	113
63	101	97
63	115	88
63	120	86
63	128	85
63	132	83
63	137	81
63	142	76
64	65	174
64	76	148
64	82	128
64	86	115
64	88	114
64	91	111
64	96	99
64	110	90
64	121	82
64	133	81
64	137	78
64	178	74
65	74	132
65	85	117
65	93	106
65	107	84
65	133	80
65	156	74
66	72	154
66	73	152
66	81	128
66	93	103
66	95	100
66	100	92
66	102	86
66	120	82
66	129	80
66	143	75
66	155	73
67	66	170
67	68	154
67	71	145
67	72	141
67	77	131
67	81	126
67	82	119
67	86	111
67	88	105
67	90	102
67	95	94
67	125	80
67	137	77
67	141	75
68	67	143
68	77	129
68	80	121
68	81	113
68	87	105
68	116	82
68	119	80
68	124	75
68	151	74
69	62	167
69	64	164
69	65	156
69	72	131
69	77	119
69	93	99
69	114	82
69	117	78
69	119	77
70	70	139
70	112	80
70	115	79
70	141	74
70	146	69
71	61	191
71	63	156
71	65	155
71	66	147
71	85	108
71	89	104
71	90	101
71	110	81
71	125	74
71	141	71
72	60	153
72	61	149
72	71	127
72	76	123
72	80	110
72	83	109
72	86	104
72	88	103
72	97	90
72	105	83
72	120	76
72	137	73
72	179	66
73	55	155
73	62	145
73	66	129
73	71	125
73	74	122
73	79	112
73	83	105
73	90	98
73	91	96
73	92	92
73	100	85
73	117	75
73	147	68
73	159	66
74	69	124
74	85	100
74	86	98
74	100	80
74	124	74
74	134	73
74	140	71
74	142	70
74	143	68
74	152	67
75	62	141
75	76	118
75	81	106
75	90	94
75	95	82
75	108	78
75	125	73
75	134	69
75	199	65
76	57	143
76	68	121
76	89	95
76	92	89
76	122	74
76	123	72
76	129	71
76	134	68
76	158	65
76	179	61
77	63	123
77	77	114
77	78	110
77	94	88
77	115	73
77	120	68
77	134	67
77	152	65
78	73	112
78	87	96
78	110	75
78	113	71
78	115	70
78	144	62
79	52	149
79	61	137
79	62	133
79	68	119
79	70	116
79	78	109
79	80	102
79	106	79
79	108	73
80	53	148
80	57	139
80	64	122
80	73	111
80	78	108
80	83	101
80	86	96
80	90	85
80	91	84
80	105	78
80	131	67
81	77	108
81	78	105
81	85	98
81	98	80
81	104	79
81	133	65
81	175	61
81	186	60
82	56	146
82	57	138
82	60	131
82	67	118
82	72	108
82	73	107
82	75	105
82	86	92
82	93	82
82	116	66
82	143	61
82	162	57
83	52	147
83	56	134
83	59	126
83	67	110
83	82	97
83	96	73
83	126	61
83	148	60
83	157	59
84	50	178
84	51	136
84	77	99
84	89	81
84	91	75
84	138	60
85	62	125
85	63	122
85	66	120
85	82	94
85	84	83
85	111	70
85	114	69
85	148	55
86	49	154
86	56	132
86	61	125
86	68	109
86	81	95
86	106	72
86	110	70
86	117	63
86	141	56
87	49	148
87	50	140
87	55	132
87	58	127
87	61	122
87	65	118
87	66	116
87	76	103
87	81	93
87	104	71
87	112	65
87	127	58
88	44	150
88	45	142
88	52	135
88	53	129
88	61	118
88	71	105
88	75	102
88	76	95
88	110	69
88	122	60
88	186	54
88	188	53
89	46	138
89	47	137
89	54	128
89	60	121
89	63	113
89	72	101
89	74	97
89	82	91
89	87	77
89	105	70
89	106	68
89	145	54
90	55	123
90	69	99
90	77	92
90	80	85
90	94	72
90	116	63
90	144	55
91	46	134
91	66	112
91	67	109
91	72	94
91	89	74
91	101	63
91	136	55
91	170	50
92	41	136
92	60	118
92	65	112
92	68	104
92	96	65
92	107	62
92	111	58
93	51	130
93	54	127
93	59	117
93	62	114
93	65	109
93	67	108
93	85	80
93	91	71
93	106	60
93	117	57
93	139	54
93	168	53
94	46	132
94	49	129
94	54	119
94	61	116
94	63	111
94	64	110
94	76	93
94	80	82
94	94	70
94	130	55
95	50	125
95	51	124
95	65	101
95	68	99
95	71	95
95	135	53
95	166	52
95	168	51
96	59	115
96	60	110
96	64	106
96	79	89
96	85	76
96	94	67
96	134	54
96	161	52
96	166	50
97	50	121
97	55	112
97	59	108
97	67	98
97	77	85
97	89	69
97	104	62
97	124	56
97	128	52
97	158	50
98	45	123
98	64	105
98	74	89
98	78	84
98	84	76
98	99	64
99	63	104
99	67	94
99	73	86
99	82	81
99	105	58
99	116	57
100	53	120
100	58	106
100	62	96
100	115	53
101	70	93
101	134	51
101	185	46
101	187	45
102	54	117
102	65	95
102	69	91
102	82	78
102	93	67
102	97	63
102	108	56
102	144	46
103	49	119
103	54	116
103	55	109
103	67	93
103	76	82
103	77	80
103	86	75
103	103	62
103	118	51
104	38	149
104	42	126
104	54	115
104	56	108
104	68	88
104	71	84
104	82	77
104	86	74
104	96	60
104	99	59
105	51	110
105	55	105
105	58	98
105	81	79
105	86	72
105	91	62
105	94	61
106	50	107
106	55	101
106	66	94
107	64	94
107	78	79
107	85	72
107	105	56
107	124	50
108	79	78
108	80	74
108	104	58
108	134	45
109	41	132
109	64	90
109	75	83
110	59	95
110	70	82
110	84	71
110	87	64
110	90	63
110	112	55
110	175	44
110	177	43
111	48	120
111	65	84
111	76	79
111	79	73
111	82	72
111	111	55
112	40	143
112	46	120
112	75	75
112	100	55
112	103	54
112	121	50
112	133	49
113	43	124
113	48	118
113	74	80
113	82	66
113	132	47
114	40	130
114	42	125
114	45	117
114	48	116
114	54	106
114	60	94
114	77	69
114	92	61
114	126	49
115	37	127
115	49	108
115	56	99
115	61	93
115	66	83
115	90	61
116	73	79
116	92	58
116	108	53
116	111	52
117	42	123
117	53	106
117	54	98
117	57	97
117	58	94
117	62	91
117	71	77
117	96	57
117	99	56
117	147	44
117	149	43
117	165	41
117	167	40
118	47	115
118	51	104
118	57	96
118	63	86
119	70	77
119	113	51
120	46	112
120	59	91
120	62	90
120	67	80
120	71	76
120	76	73
120	86	63
120	130	45
121	41	114
121	46	109
121	53	103
121	84	64
121	88	60
121	140	44
122	53	97
122	61	90
122	63	85
122	72	74
122	123	47
123	58	87
123	79	65
123	83	61
124	53	96
124	82	64
124	93	56
124	96	53
124	117	50
125	50	102
125	63	82
125	67	76
125	75	73
125	76	68
125	105	51
126	46	107
126	48	105
126	54	87
126	77	63
126	80	62
126	138	44
126	156	41
127	34	140
127	38	117
127	45	111
127	50	96
127	51	93
127	74	73
128	48	100
128	62	84
128	71	75
128	76	67
128	104	51
129	45	106
129	46	98
129	66	72
129	67	69
129	88	59
129	92	55
129	109	50
129	145	43
129	163	40
131	64	79
131	73	65
131	76	64
131	121	48
132	37	123
132	60	81
132	65	74
133	59	83
133	120	47
133	136	44
133	143	43
134	63	71
134	82	60
134	119	49
134	126	46
135	48	94
135	55	80
135	60	79
135	154	42
136	39	115
136	44	109
136	45	100
136	74	62
136	77	61
136	148	42
137	36	121
137	61	77
137	86	57
137	89	56
138	52	90
138	68	68
138	69	66
138	72	64
138	73	61
138	117	49
138	134	44
138	152	41
139	82	59
140	43	111
140	54	85
140	62	75
140	101	52
141	51	91
141	71	64
141	105	50
141	117	46
142	53	87
142	58	79
142	64	70
142	81	59
142	115	49
142	116	48
143	60	78
143	65	67
143	69	63
144	34	138
144	38	115
144	42	106
144	44	103
144	61	72
145	39	112
145	41	109
145	44	100
147	34	134
147	49	84
147	109	49
147	178	39
148	46	90
148	62	69
148	97	52
148	144	42
149	60	77
149	132	42
150	59	77
150	150	41
150	162	40
151	44	91
151	53	82
151	63	65
151	66	64
151	70	62
151	94	54
152	37	120
152	41	97
152	60	71
152	72	60
152	82	58
153	86	54
154	123	45
154	129	44
155	114	48
155	174	39
156	55	76
156	60	67
156	80	58
156	112	48
156	164	39
157	52	82
157	57	73
157	94	52
158	83	56
158	147	40
158	165	37
160	50	83
161	32	153
161	47	89
161	49	83
161	52	81
162	35	133
162	39	110
162	46	89
162	127	44
162	138	41
163	109	48
163	121	44
163	128	43
163	162	39
165	54	79
166	93	52
166	102	51
167	136	41
167	154	38
169	173	36
172	107	49
172	119	45
175	52	77
176	152	39
177	116	47
177	146	39
187	127	43
191	160	37
