38	227	212
38	234	206
39	211	203
39	215	201
39	218	197
39	222	195
40	185	206
40	192	200
40	210	195
40	217	189
40	241	188
41	184	198
41	191	192
41	259	182
42	170	212
42	177	206
42	204	190
42	213	184
42	238	183
42	251	180
42	258	174
43	169	204
43	176	198
43	188	196
43	189	195
43	195	190
43	196	189
43	208	185
43	215	179
43	219	178
43	222	174
43	226	172
44	178	193
44	185	187
44	189	183
44	196	177
44	214	172
44	219	171
44	221	166
44	226	165
44	247	162
44	254	156
45	162	216
45	165	203
45	172	197
45	178	192
45	185	186
45	188	175
45	195	169
45	222	162
45	227	161
45	229	156
45	234	155
45	246	151
45	253	145
46	161	219
46	162	208
46	165	202
46	172	196
46	174	189
46	177	165
46	184	159
46	196	155
46	203	149
47	171	199
47	173	181
47	242	148
47	250	143
48	154	231
48	157	218
48	162	171
48	169	165
48	196	154
48	217	148
48	220	145
48	234	144
48	239	142
48	241	137
49	154	209
49	157	196
49	181	160
49	188	151
49	207	141
49	238	131
50	144	237
50	151	212
50	156	207
50	157	195
50	177	162
50	179	160
50	184	156
50	197	137
50	207	135
50	216	127
51	143	229
51	150	204
51	152	184
51	159	178
51	166	168
51	173	157
51	175	154
51	182	148
51	188	142
51	205	136
51	207	132
51	229	125
52	142	262
52	146	224
52	147	206
52	154	183
52	161	177
52	164	166
52	170	160
52	174	147
52	181	137
52	188	131
52	198	129
52	200	127
52	207	121
53	134	248
53	136	241
53	137	190
53	144	184
53	146	182
53	153	176
53	160	160
53	164	156
53	167	154
53	169	152
53	171	150
53	175	143
53	229	119
54	133	224
54	146	181
54	153	175
54	155	166
54	158	163
54	159	153
54	166	147
54	168	145
54	175	139
54	222	120
54	226	119
55	130	256
55	132	216
55	149	162
55	156	156
55	158	154
55	160	149
55	165	148
55	167	143
55	175	138
55	197	125
56	123	236
56	129	205
56	136	196
56	139	187
56	140	184
56	144	178
56	146	177
56	153	151
56	160	145
56	169	140
56	176	134
56	188	130
56	194	129
56	195	124
56	198	121
56	217	111
57	119	223
57	126	197
57	131	192
57	133	191
57	138	186
57	139	185
57	141	167
57	148	161
57	150	159
57	152	155
57	158	146
57	165	140
57	184	130
57	189	126
57	196	120
57	208	116
58	131	183
58	138	157
58	143	154
58	145	151
58	147	149
58	150	148
58	154	143
58	156	141
58	163	135
58	173	133
58	175	131
58	181	130
58	182	125
58	188	124
58	190	122
58	194	121
58	197	116
58	209	112
58	213	111
58	216	106
59	115	240
59	118	227
59	122	214
59	125	201
59	147	148
59	154	142
59	170	131
59	176	129
59	177	125
59	189	120
60	116	191
60	123	165
60	128	160
60	130	159
60	135	154
60	151	147
60	153	145
60	155	136
60	162	130
60	172	128
60	174	126
60	181	120
60	188	119
60	203	113
60	223	104
61	113	221
61	132	156
61	137	151
61	139	150
61	144	145
61	175	124
61	195	117
62	115	195
62	122	169
62	149	144
62	150	142
62	160	134
62	167	128
62	169	126
62	176	120
62	192	117
62	200	113
62	210	108
63	114	205
63	118	187
63	120	175
63	143	148
63	147	143
63	149	135
63	156	129
63	165	127
63	184	117
63	190	116
63	202	112
64	118	186
64	125	160
64	130	155
64	143	141
64	163	127
64	169	125
64	175	122
64	183	119
64	188	115
64	199	111
64	203	106
65	111	227
65	113	209
65	116	185
65	123	159
65	128	154
65	134	151
65	135	149
65	137	148
65	139	146
65	141	140
65	148	134
65	155	130
65	174	120
65	178	118
65	183	115
65	185	112
65	213	105
66	110	203
66	114	187
66	117	177
66	121	161
66	128	149
66	133	144
66	135	143
66	137	141
66	140	138
66	142	136
66	144	135
66	149	130
66	158	127
66	165	121
66	168	120
66	174	119
66	187	110
66	200	106
66	209	103
66	220	100
67	110	196
67	117	170
67	147	134
67	154	128
67	172	119
67	179	117
67	196	107
67	215	102
68	107	225
68	108	210
68	109	207
68	114	183
68	116	181
68	121	157
68	126	152
68	127	144
68	132	139
68	134	138
68	139	133
68	149	129
68	157	126
68	158	123
68	178	115
68	182	110
68	193	109
68	200	103
68	209	98
68	219	95
69	107	218
69	108	196
69	113	192
69	115	170
69	120	165
69	153	127
69	157	124
69	162	119
69	172	116
69	180	113
69	189	107
69	196	106
69	197	102
70	105	232
70	106	229
70	107	214
70	108	194
70	112	190
70	113	187
70	115	168
70	119	164
70	120	161
70	126	148
70	144	131
70	160	122
70	169	117
70	171	115
70	176	113
70	177	111
70	179	110
70	183	107
70	189	105
70	205	101
70	216	96
70	226	93
71	105	218
71	107	200
71	111	189
71	114	174
71	118	167
71	124	154
71	128	143
71	133	138
71	137	135
71	142	130
71	152	128
71	153	126
71	154	124
71	157	123
71	158	121
71	161	120
71	164	117
71	171	111
71	177	109
71	184	103
71	203	99
72	102	228
72	110	192
72	112	180
72	123	152
72	126	145
72	129	139
72	134	134
72	144	129
72	147	128
72	150	125
72	151	123
72	156	122
72	157	118
72	162	116
72	164	112
72	170	110
72	175	108
72	181	106
72	182	102
72	197	101
72	210	93
72	251	92
73	101	220
73	104	208
73	108	190
73	111	182
73	114	170
73	115	164
73	120	159
73	121	151
73	127	138
73	132	133
73	145	127
73	152	121
73	174	106
73	176	104
73	183	98
73	246	92
74	104	183
74	109	169
74	113	162
74	117	151
74	122	146
74	124	142
74	125	140
74	129	137
74	131	136
74	136	131
74	143	128
74	150	124
74	155	119
74	156	113
74	163	107
74	202	94
74	206	93
74	209	88
75	99	195
75	104	182
75	121	149
75	138	128
75	140	127
75	143	126
75	145	122
75	153	116
75	180	103
75	182	101
75	189	95
76	98	188
76	103	174
76	115	158
76	116	155
76	119	145
76	124	140
76	126	139
76	131	134
76	143	125
76	150	121
76	151	119
76	177	103
76	181	101
76	216	86
77	96	217
77	114	161
77	137	130
77	138	127
77	142	125
77	144	123
77	148	120
77	149	119
77	151	117
77	157	112
77	158	111
77	168	106
77	170	103
77	177	101
77	178	99
77	190	93
78	97	207
78	109	167
78	112	164
78	113	160
78	115	157
78	126	137
78	131	132
78	141	124
78	144	121
78	146	120
78	148	118
78	158	108
78	167	106
78	169	102
78	176	98
78	203	90
79	95	221
79	98	183
79	107	173
79	109	155
79	112	153
79	114	150
79	115	148
79	117	145
79	120	143
79	122	140
79	124	136
79	129	131
79	134	130
79	135	128
79	136	125
79	138	124
79	140	123
79	141	120
79	142	117
79	148	114
79	149	111
79	156	107
79	161	106
79	174	101
79	183	97
79	185	93
79	189	88
79	208	86
80	96	184
80	101	170
80	108	169
80	115	147
80	121	140
80	122	138
80	126	135
80	127	134
80	129	126
80	134	121
80	136	120
80	140	119
80	141	115
80	147	113
80	169	97
80	244	85
81	89	214
81	94	200
81	99	180
81	102	163
81	107	158
81	119	139
81	124	134
81	126	133
81	132	124
81	137	119
81	139	118
81	148	112
81	153	107
81	155	106
81	157	105
81	160	101
81	178	94
81	184	92
81	186	88
81	195	85
81	215	84
81	238	83
82	93	200
82	95	193
82	106	159
82	111	154
82	113	148
82	117	141
82	122	134
82	127	129
82	128	121
82	133	116
82	135	115
82	140	110
82	151	109
82	158	103
82	183	93
82	209	84
83	86	236
83	87	195
83	92	181
83	98	180
83	100	178
83	101	167
83	111	150
83	116	145
83	125	128
83	131	119
83	138	113
83	151	107
83	158	101
83	166	98
83	176	93
83	184	89
83	193	86
84	98	177
84	99	173
84	100	164
84	105	159
84	107	153
84	109	149
84	111	141
84	116	136
84	118	135
84	123	130
84	127	125
84	147	108
84	154	106
84	164	98
84	170	96
84	175	92
84	182	88
84	208	79
85	84	217
85	90	185
85	95	171
85	98	165
85	103	160
85	104	158
85	107	151
85	114	139
85	121	133
85	129	120
85	134	115
85	147	106
85	155	101
85	162	97
85	173	95
85	183	84
85	191	83
86	88	184
86	93	170
86	101	163
86	102	157
86	104	149
86	109	144
86	124	129
86	127	122
86	130	116
86	135	111
86	151	105
86	153	101
86	163	93
86	172	92
86	215	77
87	97	169
87	98	157
87	103	152
87	107	147
87	119	133
87	120	132
87	122	128
87	128	115
87	133	110
87	142	106
87	150	105
87	151	103
87	160	100
87	181	90
87	207	81
87	228	76
88	85	206
88	96	168
88	113	136
88	118	128
88	123	123
88	125	122
88	126	117
88	131	113
88	144	105
88	149	104
88	151	101
88	160	96
88	178	91
88	179	90
88	199	81
89	95	169
89	97	161
89	100	151
89	105	146
89	107	145
89	111	135
89	116	130
89	121	126
89	140	108
89	148	102
89	157	100
89	161	94
89	168	92
89	170	89
90	95	167
90	106	144
90	109	137
90	114	133
90	120	122
90	123	118
90	125	117
90	127	116
90	130	112
90	132	111
90	140	106
90	141	104
90	148	101
90	154	97
90	159	95
90	161	91
90	169	88
90	177	87
90	200	79
91	85	177
91	89	171
91	90	163
91	96	160
91	98	156
91	104	143
91	117	129
91	137	107
91	139	104
91	149	97
91	176	87
91	177	85
91	192	81
91	211	76
91	222	75
92	84	204
92	96	158
92	98	151
92	100	143
92	105	138
92	107	137
92	112	132
92	135	105
92	142	99
92	157	94
92	159	92
92	168	89
92	175	87
92	196	80
92	197	79
92	199	76
92	217	75
92	227	74
93	82	199
93	84	187
93	92	161
93	96	153
93	99	150
93	103	141
93	110	135
93	113	130
93	118	122
93	123	116
93	139	101
93	154	95
93	173	86
93	184	83
93	189	82
93	190	81
93	191	78
93	201	75
94	81	217
94	88	176
94	90	160
94	95	155
94	97	149
94	99	147
94	102	137
94	107	132
94	109	131
94	114	126
94	115	125
94	116	124
94	121	120
94	122	117
94	125	113
94	127	112
94	132	109
94	134	108
94	158	87
94	166	86
94	174	83
94	218	73
95	80	218
95	81	209
95	87	176
95	88	172
95	93	158
95	94	156
95	98	147
95	105	135
95	112	129
95	120	116
95	123	112
95	125	111
95	134	104
95	135	103
95	138	96
95	154	92
95	180	80
95	208	72
96	78	239
96	94	150
96	99	145
96	113	125
96	118	118
96	132	107
96	137	100
96	147	94
96	170	85
96	171	83
96	187	79
96	194	75
96	201	74
96	225	71
96	233	69
97	80	196
97	89	165
97	93	151
97	98	146
97	100	137
97	105	132
97	110	130
97	111	128
97	115	123
97	130	106
97	135	99
97	185	79
97	187	77
97	206	72
97	212	70
97	227	67
98	82	177
98	96	148
98	98	139
98	103	135
98	104	132
98	109	127
98	113	124
98	115	119
98	122	113
98	128	109
98	133	105
98	149	93
98	153	92
98	177	82
98	178	81
98	184	79
98	195	72
98	223	69
99	78	214
99	85	172
99	87	153
99	92	148
99	94	142
99	102	131
99	107	126
99	113	123
99	129	108
99	132	103
99	134	101
99	141	95
99	151	92
99	167	83
99	172	82
99	179	76
99	201	69
99	205	68
100	77	210
100	80	195
100	81	185
100	85	165
100	90	151
100	91	149
100	100	133
100	105	129
100	112	125
100	113	121
100	125	108
100	127	106
100	132	102
100	134	100
100	147	92
100	156	91
100	166	84
100	168	79
100	176	78
101	83	166
101	86	163
101	96	140
101	111	124
101	112	123
101	113	119
101	115	117
101	118	115
101	124	111
101	128	103
101	140	94
101	146	93
101	148	88
101	165	83
101	192	75
101	220	67
101	221	66
102	76	183
102	81	169
102	86	158
102	92	146
102	94	139
102	98	137
102	99	134
102	104	127
102	110	125
102	111	121
102	117	113
102	122	108
102	131	102
102	134	99
102	163	86
102	166	81
102	180	73
102	192	71
102	193	69
102	210	67
102	216	66
103	84	163
103	89	152
103	90	149
103	97	137
103	98	135
103	106	124
103	110	120
103	114	116
103	115	113
103	120	111
103	121	110
103	125	106
103	127	104
103	130	97
103	136	96
103	145	93
103	152	87
103	160	82
103	227	64
104	79	173
104	84	159
104	85	157
104	88	148
104	93	143
104	97	136
104	98	129
104	103	124
104	105	123
104	106	121
104	110	118
104	113	115
104	127	103
104	129	101
104	145	92
104	146	91
104	153	85
104	155	83
104	172	76
104	177	73
104	186	72
104	190	69
104	201	62
105	74	229
105	77	172
105	82	158
105	86	154
105	88	146
105	96	135
105	97	130
105	102	125
105	111	114
105	115	111
105	117	110
105	118	108
105	122	107
105	124	104
105	125	102
105	127	100
105	135	92
105	145	90
105	147	89
105	151	86
105	164	78
105	173	72
106	75	204
106	80	159
106	85	152
106	93	141
106	100	127
106	105	122
106	108	120
106	121	107
106	123	105
106	134	96
106	143	89
106	145	88
106	148	87
106	149	86
106	159	82
106	162	80
106	184	71
106	197	67
107	75	197
107	86	146
107	88	144
107	91	132
107	96	127
107	103	123
107	104	121
107	106	119
107	108	118
107	109	116
107	112	112
107	120	101
107	127	95
107	140	91
107	142	90
107	155	81
107	170	77
107	186	69
107	237	61
108	74	218
108	79	169
108	84	157
108	94	130
108	95	128
108	100	124
108	104	120
108	105	119
108	107	117
108	108	116
108	109	114
108	111	112
108	114	109
108	117	108
108	126	99
108	138	88
108	145	82
108	174	69
108	182	68
108	187	65
108	216	61
109	85	141
109	90	136
109	98	123
109	103	118
109	106	115
109	112	110
109	113	109
109	117	105
109	134	92
109	137	90
109	141	86
109	154	78
109	164	77
110	69	210
110	74	165
110	78	159
110	79	151
110	88	139
110	96	125
110	101	121
110	111	108
110	114	107
110	116	104
110	118	103
110	120	99
110	123	98
110	130	93
110	133	91
110	140	86
110	152	80
110	159	75
110	169	74
110	171	70
110	181	68
110	212	60
110	216	59
111	82	145
111	94	128
111	105	117
111	107	112
111	122	96
111	131	92
111	135	90
111	136	87
111	138	86
111	167	74
111	168	73
111	170	68
111	208	61
112	73	175
112	81	149
112	83	139
112	89	136
112	92	127
112	97	122
112	104	116
112	110	108
112	113	107
112	120	95
112	123	94
112	125	93
112	127	90
112	130	88
112	132	87
112	140	83
112	231	58
112	239	57
113	70	205
113	79	148
113	90	133
113	92	125
113	100	116
113	103	115
113	105	112
113	107	110
113	112	106
113	114	104
113	116	101
113	138	82
113	150	81
113	157	77
113	165	72
113	199	63
113	201	61
113	212	58
113	216	54
114	77	160
114	90	132
114	96	123
114	97	120
114	101	114
114	106	109
114	113	103
114	118	99
114	134	86
114	158	75
114	163	74
114	186	63
114	200	59
114	208	58
114	211	56
115	80	147
115	83	138
115	88	133
115	90	125
115	101	112
115	102	110
115	107	107
115	109	103
115	114	101
115	116	97
115	123	93
115	125	91
115	144	81
115	145	80
115	149	77
115	152	75
115	157	74
115	158	73
115	181	61
116	82	139
116	87	134
116	96	119
116	100	114
116	124	91
116	125	89
116	127	88
116	131	85
116	137	83
116	144	77
116	153	71
116	163	68
116	192	60
117	67	197
117	71	190
117	72	183
117	85	136
117	89	120
117	94	115
117	99	112
117	108	104
117	109	100
117	111	97
117	116	94
117	118	91
117	123	88
117	125	87
117	128	86
117	130	85
117	177	66
117	202	57
117	205	55
117	240	53
118	69	184
118	76	141
118	81	136
118	87	132
118	88	131
118	92	118
118	100	110
118	102	108
118	105	106
118	128	85
118	130	83
118	135	80
118	171	65
118	201	55
119	69	183
119	74	153
119	79	139
119	80	137
119	85	133
119	86	132
119	88	130
119	96	113
119	98	107
119	103	102
119	118	87
119	125	81
119	146	73
119	167	64
119	207	51
120	71	178
120	75	151
120	83	132
120	87	118
120	101	105
120	102	104
120	109	97
120	111	95
120	139	78
120	178	62
120	180	61
120	185	60
121	73	163
121	81	134
121	86	130
121	108	97
121	113	92
121	115	91
121	132	79
121	137	77
121	151	69
121	191	58
121	222	50
122	79	137
122	86	128
122	96	105
122	109	94
122	111	91
122	118	85
122	145	75
122	148	72
122	150	67
122	187	58
122	192	57
122	196	53
122	218	50
123	71	171
123	74	145
123	77	136
123	82	131
123	120	82
123	135	78
123	175	63
123	226	48
124	67	185
124	75	142
124	77	134
124	95	113
124	99	104
124	118	81
124	142	76
124	171	63
124	174	61
124	177	60
124	184	58
124	187	57
125	64	217
125	69	172
125	73	154
125	75	141
125	82	129
125	86	123
125	106	100
125	110	92
125	134	78
125	138	74
125	149	71
125	170	61
125	181	58
125	191	55
126	66	210
126	68	176
126	71	160
126	75	134
126	85	127
126	86	121
126	92	116
126	93	110
126	94	103
126	101	97
126	108	91
126	113	90
126	125	79
126	129	76
126	137	73
126	143	72
126	148	69
126	160	64
126	204	52
127	71	159
127	81	132
127	99	97
127	107	95
127	115	86
127	143	67
127	181	54
127	202	52
127	215	49
128	65	212
128	66	208
128	69	171
128	72	146
128	74	129
128	79	124
128	84	121
128	103	90
128	110	84
128	135	74
128	169	62
128	201	52
128	211	49
128	218	47
128	228	44
129	70	169
129	72	141
129	77	127
129	84	120
129	92	114
129	94	101
129	108	84
129	122	80
129	131	74
129	164	60
129	192	52
129	204	47
130	63	206
130	65	184
130	73	139
130	81	122
130	83	116
130	88	111
130	96	98
130	126	72
130	163	61
130	169	59
130	175	58
130	177	57
130	187	50
131	67	172
131	70	165
131	71	151
131	72	127
131	86	114
131	92	110
131	93	107
131	94	97
131	103	88
131	148	65
131	160	60
132	62	204
132	64	197
132	70	161
132	93	106
132	105	85
132	142	70
132	193	49
133	64	191
133	70	160
133	71	137
133	81	114
133	103	84
133	117	78
133	137	71
133	146	66
133	159	64
133	178	56
133	227	43
134	69	160
134	78	126
134	91	110
134	115	77
134	153	64
134	168	59
134	172	58
134	223	43
135	66	183
135	67	161
135	80	122
135	84	113
135	90	109
135	93	105
135	135	70
135	155	63
135	157	59
135	167	56
136	65	173
136	69	148
136	90	106
136	122	75
136	134	69
136	140	68
136	145	65
136	201	48
136	216	45
137	63	197
137	67	160
137	69	147
137	77	125
137	78	119
137	79	112
137	86	106
137	90	103
137	91	100
137	96	93
137	140	63
137	178	50
137	199	48
137	215	45
138	62	199
138	65	159
138	84	106
138	110	82
138	114	81
138	132	70
138	138	68
138	177	53
138	202	46
138	212	43
139	62	192
139	64	188
139	67	146
139	70	144
139	88	99
139	95	93
139	99	90
139	100	87
139	105	80
139	128	70
139	164	57
139	189	48
139	234	40
140	64	180
140	67	145
140	77	123
140	79	110
140	93	93
140	123	68
140	160	57
140	184	46
141	59	245
141	61	217
141	63	183
141	69	140
141	81	107
141	91	93
141	117	76
141	157	56
142	64	179
142	66	155
142	68	142
142	77	119
142	79	106
142	88	97
142	102	81
142	122	74
142	147	62
142	152	61
142	155	60
142	176	55
143	60	217
143	61	215
143	69	136
143	90	94
143	100	80
143	114	79
143	134	67
143	143	62
143	167	55
143	176	51
144	75	126
144	76	123
144	88	93
144	154	60
144	175	54
145	58	213
145	60	191
145	63	177
145	76	119
145	85	105
145	116	76
145	120	75
145	133	66
145	156	59
145	159	55
146	62	179
146	64	175
146	67	134
146	75	118
146	114	77
146	120	74
146	154	59
147	59	204
147	74	121
147	75	115
147	87	99
147	94	92
147	112	77
147	117	73
147	139	63
147	163	54
147	175	49
147	199	44
147	221	41
148	64	172
148	65	148
148	76	109
148	81	102
148	113	76
148	135	64
148	142	60
148	158	52
148	179	47
148	211	43
148	214	41
149	63	160
149	73	126
149	75	113
149	95	91
149	96	86
149	97	83
149	208	42
149	218	39
150	59	202
150	62	168
150	71	131
150	85	96
150	90	89
150	114	74
150	122	68
150	183	46
151	59	198
151	60	180
151	63	146
151	74	116
151	78	103
151	84	100
151	108	77
151	119	72
151	153	59
151	155	58
151	156	56
151	198	45
152	56	217
152	58	205
152	59	193
152	62	167
152	73	125
152	74	115
152	76	102
152	119	70
152	149	58
152	152	56
152	194	45
153	58	204
153	60	166
153	87	90
153	111	75
153	115	73
153	117	71
153	165	51
154	62	153
154	68	132
154	69	131
154	71	130
154	85	89
154	118	69
154	127	66
154	172	50
155	57	212
155	59	192
155	66	144
155	71	126
155	82	101
155	130	62
155	187	45
155	192	44
156	58	191
156	66	137
156	69	130
156	71	117
156	102	79
156	110	76
156	117	70
156	148	59
156	196	42
157	61	162
157	91	88
157	109	73
157	114	72
157	137	60
157	160	50
157	172	48
157	178	46
157	205	40
157	247	38
157	251	37
158	55	224
158	57	192
158	64	143
158	73	105
158	155	48
158	198	40
159	59	190
159	60	161
159	61	159
159	64	135
159	103	77
159	125	67
159	217	39
160	54	246
160	56	215
160	58	184
160	67	129
160	82	92
160	95	84
160	144	59
160	145	58
160	154	55
160	196	41
160	219	38
161	56	205
161	70	125
161	96	82
161	139	57
161	186	45
161	218	38
162	56	198
162	69	126
162	70	122
162	111	71
162	151	56
162	153	55
163	54	238
163	55	211
163	59	179
163	60	155
163	66	134
163	71	116
163	112	69
163	114	67
163	148	56
163	149	55
164	53	223
164	57	191
164	58	167
164	66	127
164	70	120
164	72	115
164	90	88
164	94	86
164	115	65
165	71	115
165	92	85
165	94	81
165	192	43
166	54	205
166	56	191
166	57	177
166	58	153
166	66	126
166	68	113
166	99	75
166	177	45
166	185	43
166	193	41
167	53	212
167	62	152
167	129	63
167	145	56
168	77	100
168	79	99
168	126	63
168	154	48
168	197	40
169	55	202
169	56	178
169	61	148
169	63	139
169	122	63
169	136	61
169	150	52
170	52	244
170	60	150
170	88	86
170	132	61
170	207	39
171	54	193
171	57	164
171	80	93
171	107	73
171	138	57
171	172	46
171	202	37
172	81	91
172	145	53
172	153	51
173	52	217
173	53	211
173	54	179
173	61	144
173	66	125
173	68	112
173	70	110
173	72	109
173	96	80
173	135	59
173	144	56
173	146	51
173	163	47
173	201	39
174	49	255
174	94	80
174	97	78
174	104	74
174	181	44
175	51	243
175	53	205
175	62	136
175	64	133
175	77	99
175	79	97
175	93	82
175	100	74
175	141	53
175	174	44
175	176	42
175	192	40
176	52	204
176	57	156
176	61	137
176	91	85
176	96	78
176	98	75
176	133	60
176	169	42
177	55	168
177	59	149
177	67	124
177	132	59
177	135	57
178	51	233
178	106	73
178	110	71
178	125	62
178	130	61
178	138	56
179	51	216
179	53	192
179	55	154
179	59	147
179	61	134
179	111	69
179	128	59
179	231	36
180	48	259
180	50	230
180	52	197
180	66	122
180	107	72
180	129	57
181	65	131
181	87	86
181	167	45
181	201	37
182	53	179
182	64	132
182	119	64
183	51	214
183	103	73
183	109	71
183	145	51
183	152	49
183	162	47
183	198	39
184	51	203
184	91	83
184	93	80
184	106	69
184	191	39
185	47	276
185	58	149
185	59	142
185	61	129
185	96	76
185	110	68
185	116	64
185	126	61
186	48	218
186	51	190
186	52	187
186	58	145
186	64	125
186	75	100
186	114	66
186	117	62
186	124	61
186	127	59
186	168	42
187	46	266
187	64	120
187	76	98
187	115	64
187	129	55
187	164	46
188	47	244
188	50	216
188	59	137
188	65	117
188	99	74
188	116	63
188	140	54
189	49	215
189	111	67
189	112	66
189	186	40
189	257	35
190	50	208
190	74	104
190	92	81
190	128	57
190	153	48
190	160	47
191	54	171
191	90	80
191	93	79
191	122	61
191	163	45
191	177	41
192	49	193
192	52	186
192	54	169
192	89	85
192	92	79
192	108	68
193	54	167
193	88	85
193	93	77
193	97	73
193	106	67
193	151	49
193	155	47
194	64	119
194	82	90
194	85	88
194	98	71
194	108	66
194	156	46
194	199	38
194	227	35
195	47	241
195	52	185
195	53	172
195	54	153
195	83	88
195	86	86
195	109	64
195	113	60
196	45	259
196	46	237
196	51	181
196	52	165
196	63	126
196	114	58
196	132	54
196	140	51
196	150	50
197	57	144
197	87	83
197	128	55
197	153	47
198	44	287
198	47	230
198	50	183
198	144	49
199	45	229
199	46	226
199	53	160
199	103	70
199	105	69
199	150	47
200	51	180
201	44	255
201	49	192
201	162	45
201	176	41
202	204	36
203	47	214
203	48	212
203	63	125
203	92	78
203	94	76
203	96	73
204	60	135
204	95	74
204	97	71
204	125	57
204	135	52
205	46	225
205	112	60
206	56	151
206	57	136
206	61	127
206	113	58
206	131	54
206	139	51
207	43	280
207	47	209
207	55	148
207	71	107
207	171	41
207	203	35
208	72	105
208	143	49
209	56	146
209	77	97
209	149	47
209	200	37
210	43	250
210	44	247
210	47	208
210	78	95
210	193	37
210	200	36
211	48	203
211	177	40
211	191	38
212	42	276
212	45	226
212	47	199
212	170	40
212	184	38
213	103	69
214	43	245
214	44	242
214	46	223
214	134	52
214	164	44
214	252	34
215	44	235
215	46	221
215	51	178
215	56	142
215	167	41
216	42	271
216	49	190
216	100	70
217	85	87
217	161	45
218	46	217
219	89	82
219	222	34
220	229	33
222	127	56
223	45	220
223	102	69
224	122	57
226	41	297
226	99	70
226	154	46
227	45	215
228	42	266
230	41	292
231	43	244
235	151	45
235	165	43
238	148	46
238	205	34
240	142	50
241	195	36
241	202	35
243	172	39
243	186	37
244	48	196
245	224	32
246	169	40
248	163	44
248	221	33
