44	211	228
44	224	217
45	169	226
45	170	222
45	176	221
45	177	217
45	182	215
45	183	211
45	194	208
45	200	207
45	206	201
46	166	221
46	173	216
46	179	210
46	191	208
46	203	204
46	226	200
46	234	198
47	152	213
47	153	209
47	168	207
47	176	199
47	191	195
47	193	189
47	200	184
47	206	178
48	133	214
48	134	210
48	137	208
48	138	204
48	153	202
48	155	201
48	157	200
48	161	194
48	168	190
48	183	188
48	191	185
48	196	183
48	226	177
49	136	209
49	137	205
49	140	203
49	141	199
49	158	195
49	164	189
49	174	188
49	183	187
49	188	183
49	195	178
49	207	177
50	131	220
50	132	216
50	133	209
50	137	203
50	141	194
50	142	190
50	155	189
50	157	188
50	158	187
50	159	183
50	165	180
50	183	175
50	189	169
50	207	168
51	136	204
51	140	198
51	150	187
51	157	186
51	158	184
51	161	182
51	162	178
51	164	173
51	168	167
51	203	165
52	127	200
52	128	196
52	131	194
52	132	190
52	141	189
52	142	188
52	149	180
52	153	174
52	162	173
52	163	169
52	180	164
52	195	162
53	121	216
53	125	210
53	126	203
53	130	195
53	131	191
53	133	189
53	135	185
53	137	183
53	139	178
53	140	174
53	155	172
53	160	170
53	163	164
53	170	163
53	183	160
53	196	155
53	198	153
54	116	227
54	117	205
54	118	201
54	121	199
54	122	195
54	126	193
54	127	189
54	130	187
54	131	183
54	135	180
54	136	176
54	148	171
54	153	168
54	154	164
54	164	161
54	175	159
54	182	158
54	186	156
54	218	152
55	119	182
55	120	178
55	123	176
55	124	172
55	128	170
55	131	168
55	132	164
55	147	162
55	154	161
55	160	157
55	161	153
55	182	151
56	115	231
56	116	189
56	133	163
56	136	161
56	137	157
56	152	155
56	177	151
56	179	146
56	181	144
57	115	202
57	119	177
57	123	171
57	127	169
57	131	163
57	144	155
57	145	151
57	152	148
57	204	143
58	110	213
58	111	209
58	115	188
58	121	175
58	123	168
58	124	164
58	127	162
58	128	158
58	136	156
58	142	155
58	143	152
58	147	146
58	163	144
58	165	142
58	170	141
58	172	139
58	194	138
59	106	194
59	108	181
59	112	175
59	122	174
59	129	157
59	132	153
59	133	151
59	144	150
59	184	138
59	199	137
59	201	136
60	112	171
60	116	165
60	123	163
60	127	157
60	148	142
60	157	138
60	185	137
60	187	134
61	104	220
61	107	180
61	111	174
61	122	163
61	128	156
61	129	155
61	132	150
61	138	149
61	139	146
61	143	140
61	166	135
61	168	133
61	171	132
61	175	131
61	177	129
62	105	201
62	110	172
62	111	170
62	114	166
62	115	164
62	116	162
62	120	156
62	124	153
62	128	147
62	142	142
62	146	136
63	103	201
63	105	188
63	110	168
63	112	155
63	116	149
63	133	141
63	170	132
63	174	131
63	183	128
63	191	127
64	100	223
64	102	210
64	103	190
64	104	187
64	107	177
64	109	171
64	127	147
64	129	146
64	136	140
64	141	135
64	149	134
64	150	131
64	165	128
64	167	126
64	182	125
64	213	124
65	96	227
65	99	206
65	106	179
65	111	154
65	115	148
65	124	142
65	132	140
65	138	136
65	142	130
65	156	126
65	183	124
66	98	209
66	100	186
66	102	173
66	105	160
66	108	149
66	112	143
66	125	141
66	129	135
66	140	134
66	153	129
66	170	125
66	174	124
66	187	121
66	202	120
67	97	224
67	122	137
67	132	134
67	145	129
67	146	125
67	160	121
68	98	205
68	99	195
68	101	172
68	104	159
68	107	148
68	111	142
68	128	134
68	133	130
68	137	124
68	188	120
68	190	119
68	198	117
69	90	213
69	95	198
69	97	185
69	98	183
69	100	182
69	119	137
69	121	136
69	130	133
69	132	131
69	151	123
69	152	122
69	153	121
69	155	117
69	157	115
70	92	200
70	95	185
70	97	183
70	99	170
70	102	167
70	105	156
70	114	137
70	118	131
70	132	129
70	136	123
71	89	239
71	96	184
71	97	182
71	98	179
71	100	169
71	101	166
71	103	158
71	104	155
71	127	130
71	134	128
71	138	122
71	144	119
71	160	114
71	177	110
72	85	217
72	87	204
72	93	188
72	94	184
72	96	178
72	98	169
72	106	147
72	107	145
72	111	137
72	113	136
72	115	131
72	117	130
72	129	127
72	132	126
72	142	120
72	172	111
72	186	107
73	86	195
73	88	191
73	89	190
73	93	184
73	95	178
73	96	169
73	97	168
73	99	164
73	101	161
73	102	155
73	109	138
73	125	125
73	131	124
73	140	120
73	143	118
73	151	112
73	163	110
73	165	108
74	92	177
74	94	164
74	99	159
74	101	157
74	103	144
74	110	136
74	114	130
74	127	124
74	141	119
74	142	118
74	147	117
74	148	114
74	181	105
75	82	224
75	84	214
75	90	181
75	98	154
75	99	152
75	102	151
75	105	141
75	108	137
75	121	128
75	123	126
75	124	124
75	128	123
75	132	122
75	133	121
75	135	119
75	144	115
75	154	111
75	158	108
75	168	107
76	83	200
76	87	194
76	90	179
76	91	178
76	92	175
76	93	163
76	95	162
76	98	151
76	102	142
76	105	139
76	112	135
76	113	125
76	121	119
76	135	115
76	140	114
76	147	113
76	150	111
76	157	108
76	170	105
77	82	213
77	85	194
77	86	182
77	88	179
77	89	177
77	91	175
77	92	164
77	93	162
77	95	153
77	96	149
77	99	138
77	107	136
77	108	131
77	134	118
77	149	106
78	78	229
78	81	226
78	83	191
78	85	187
78	93	157
78	98	138
78	106	132
78	112	124
78	120	118
78	134	114
78	139	113
78	143	111
78	165	103
79	79	207
79	81	203
79	82	202
79	83	186
79	85	185
79	87	172
79	90	167
79	91	163
79	92	161
79	93	156
79	94	152
79	95	148
79	96	146
79	98	137
79	104	135
79	107	130
79	108	129
79	111	124
79	117	120
79	127	115
79	137	113
79	139	112
79	142	111
79	144	109
79	146	108
79	148	106
79	152	105
79	161	104
79	174	100
80	80	202
80	82	174
80	85	170
80	86	169
80	88	159
80	89	158
80	92	157
80	93	152
80	94	147
80	95	146
80	96	145
80	97	136
80	102	133
80	103	130
80	104	125
80	113	121
80	119	113
80	134	109
80	147	105
80	153	101
80	171	100
81	81	176
81	86	164
81	88	156
81	91	143
81	94	132
81	102	130
81	110	123
81	114	119
81	140	106
81	149	102
81	165	99
81	169	98
82	74	223
82	75	222
82	77	218
82	84	173
82	87	160
82	90	149
82	102	129
82	103	124
82	111	119
82	118	112
82	131	111
82	137	108
82	156	100
83	73	209
83	74	208
83	78	182
83	83	168
83	84	165
83	85	163
83	87	155
83	90	142
83	93	131
83	101	129
83	110	120
83	113	118
83	114	117
83	117	112
83	123	108
83	136	106
83	138	104
83	152	101
83	161	98
83	176	96
84	77	168
84	83	161
84	85	160
84	86	148
84	98	124
84	108	121
84	109	120
84	110	113
84	119	109
84	134	105
84	170	95
85	69	227
85	72	214
85	81	158
85	85	150
85	89	146
85	92	137
85	100	120
85	109	119
85	116	111
85	122	107
85	141	103
85	156	98
85	169	95
85	190	90
86	68	213
86	70	205
86	71	200
86	75	195
86	80	167
86	83	156
86	89	142
86	90	141
86	91	140
86	92	131
86	97	123
86	106	113
86	109	112
86	118	108
86	137	104
86	146	101
86	158	97
86	165	93
87	69	191
87	71	187
87	75	184
87	76	166
87	79	153
87	82	142
87	89	140
87	90	135
87	92	129
87	99	119
87	140	102
87	150	97
87	162	95
87	185	88
88	73	176
88	74	170
88	75	168
88	78	155
88	81	142
88	87	139
88	88	131
88	91	130
88	94	127
88	96	126
88	105	112
88	126	105
88	139	101
88	149	100
88	160	95
89	67	257
89	76	164
89	93	127
89	96	123
89	112	111
89	130	103
89	138	101
89	141	98
89	150	96
89	157	95
89	179	92
90	66	236
90	67	202
90	70	182
90	72	174
90	75	161
90	78	150
90	86	137
90	90	130
90	92	128
90	93	126
90	94	124
90	98	119
90	101	115
90	113	109
90	117	108
90	120	104
90	132	102
90	135	100
90	148	95
90	163	94
90	170	91
91	69	168
91	71	160
91	74	147
91	77	136
91	88	130
91	92	126
91	93	125
91	95	119
91	100	116
91	109	108
91	119	107
91	128	102
91	144	97
91	157	93
91	166	92
91	174	89
92	66	215
92	87	130
92	91	129
92	93	121
92	94	119
92	97	118
92	98	114
92	111	105
92	119	103
92	126	101
92	138	99
92	165	90
92	173	89
92	180	87
93	65	228
93	66	193
93	68	181
93	86	134
93	88	121
93	94	118
93	108	107
93	137	99
93	160	92
93	171	89
94	65	179
94	68	166
94	70	162
94	71	155
94	73	149
94	76	138
94	82	135
94	83	131
94	89	118
94	97	113
94	98	109
94	110	104
94	127	100
94	135	98
94	137	96
94	159	92
94	176	88
95	80	135
95	83	124
95	87	120
95	134	98
95	135	97
95	136	96
95	142	93
95	158	91
95	170	88
96	64	204
96	82	132
96	88	117
96	97	108
96	122	102
96	126	99
96	131	98
96	154	91
96	164	89
96	169	88
96	172	86
97	63	190
97	66	177
97	68	165
97	81	132
97	116	103
97	122	101
97	130	97
97	133	96
97	134	94
97	145	92
97	151	90
97	168	88
97	194	85
97	197	84
98	62	200
98	70	160
98	71	146
98	72	137
98	77	135
98	79	133
98	81	129
98	82	126
98	86	120
98	96	115
98	105	104
98	112	100
98	123	99
98	127	96
98	138	93
98	162	88
98	179	84
98	183	83
99	60	242
99	69	146
99	75	136
99	76	131
99	79	127
99	93	116
99	103	107
99	128	94
99	129	92
99	149	90
99	157	89
99	181	83
99	234	80
100	59	228
100	64	189
100	66	176
100	67	167
100	75	133
100	77	126
100	82	120
100	85	119
100	86	117
100	87	116
100	93	115
100	96	112
100	102	106
100	111	99
100	157	86
100	169	85
100	178	83
101	61	207
101	64	179
101	66	174
101	68	161
101	70	145
101	71	139
101	89	115
101	91	114
101	94	112
101	96	110
101	100	105
101	122	98
101	125	96
101	141	90
101	173	84
101	181	82
101	196	80
102	59	227
102	62	193
102	63	165
102	67	154
102	68	148
102	70	143
102	78	125
102	80	121
102	120	98
102	123	96
102	148	89
102	161	85
102	171	83
102	178	81
103	58	272
103	60	220
103	61	202
103	71	125
103	90	113
103	94	110
103	95	109
103	99	104
103	117	95
103	118	93
103	135	90
103	136	88
103	156	87
103	191	78
104	57	251
104	59	226
104	61	197
104	62	190
104	83	114
104	88	110
104	92	105
104	93	104
104	105	103
104	107	101
104	110	100
104	116	97
104	160	85
104	168	84
104	176	82
104	177	80
105	56	237
105	59	219
105	60	193
105	61	176
105	62	168
105	66	151
105	82	119
105	107	100
105	112	97
105	115	95
105	116	93
105	125	92
105	126	90
105	156	86
105	157	85
105	163	84
105	173	82
106	55	216
106	58	205
106	59	179
106	61	171
106	64	158
106	65	144
106	69	132
106	70	127
106	77	120
106	88	109
106	97	100
106	112	96
106	150	86
106	155	83
106	163	81
107	54	237
107	85	113
107	110	99
107	120	90
107	121	88
107	141	87
107	149	86
107	173	80
107	180	79
108	57	211
108	83	112
108	89	107
108	107	98
108	137	87
108	147	86
108	151	85
108	171	80
108	179	79
108	186	77
109	53	227
109	61	170
109	63	155
109	67	143
109	68	134
109	76	121
109	80	119
109	105	99
109	117	92
109	145	85
109	148	84
109	162	81
109	165	80
109	177	79
110	56	206
110	58	197
110	62	153
110	82	118
110	104	99
110	109	97
110	111	96
110	127	87
110	141	86
110	142	84
110	150	83
110	182	78
110	215	76
110	235	75
111	52	240
111	55	214
111	56	204
111	57	203
111	58	196
111	61	165
111	79	114
111	87	111
111	105	96
111	106	94
111	125	87
111	140	86
111	148	83
111	158	80
111	176	78
111	183	76
112	53	215
112	57	200
112	58	176
112	64	146
112	65	137
112	69	126
112	78	117
112	81	105
112	99	99
112	100	98
112	114	93
112	115	92
112	132	86
112	140	85
112	141	83
112	162	79
112	175	78
112	178	76
112	213	75
113	56	199
113	60	164
113	61	157
113	62	148
113	67	132
113	70	120
113	75	119
113	103	96
113	123	87
113	125	86
113	138	85
113	151	82
113	155	81
113	157	80
113	170	78
113	182	75
113	203	74
114	55	206
114	57	196
114	59	157
114	64	132
114	95	102
114	96	100
114	118	90
114	127	84
114	140	83
114	148	81
114	161	79
114	168	78
114	185	74
114	189	73
115	51	238
115	53	195
115	55	189
115	57	175
115	58	171
115	61	153
115	67	127
115	68	124
115	75	118
115	92	100
115	93	99
115	101	97
115	106	93
115	116	91
115	117	89
115	133	83
115	145	82
115	147	81
115	154	80
115	163	77
115	187	73
115	202	72
115	219	71
116	50	242
116	52	236
116	75	114
116	80	110
116	112	91
116	113	89
116	119	88
116	120	87
116	125	85
116	126	83
116	146	81
116	147	79
116	163	76
116	175	75
116	184	73
117	59	156
117	62	143
117	79	113
117	88	101
117	97	95
117	101	94
117	108	92
117	111	88
117	123	85
117	138	82
117	144	81
117	153	78
117	161	77
117	179	74
117	187	72
117	201	71
118	50	217
118	51	206
118	52	192
118	56	184
118	57	174
118	61	136
118	65	128
118	74	119
118	79	112
118	84	104
118	102	92
118	117	86
118	118	84
118	151	78
118	170	75
118	184	71
119	48	224
119	54	184
119	56	177
119	57	171
119	58	169
119	59	151
119	63	132
119	72	116
119	80	109
119	132	81
119	139	80
119	148	78
119	153	77
119	161	76
119	169	75
119	176	73
119	210	70
120	56	162
120	62	132
120	73	113
120	75	112
120	82	104
120	83	103
120	99	94
120	105	91
120	106	89
120	112	87
120	121	83
120	127	81
120	151	77
120	167	75
120	170	74
120	182	72
120	183	70
120	219	69
121	55	179
121	58	158
121	59	143
121	61	135
121	65	125
121	93	98
121	138	80
121	139	78
121	148	76
121	163	75
121	169	74
121	179	72
121	205	68
122	49	219
122	57	154
122	67	120
122	77	111
122	79	109
122	103	90
122	120	83
122	165	72
122	169	71
122	214	67
123	47	240
123	55	161
123	56	157
123	69	114
123	74	112
123	81	100
123	92	98
123	100	93
123	159	75
123	179	70
123	195	69
124	53	189
124	54	176
124	58	151
124	77	109
124	78	104
124	85	98
124	90	97
124	96	95
124	122	82
124	136	80
124	138	78
124	140	77
124	164	74
125	48	221
125	50	208
125	51	202
125	53	182
125	54	175
125	64	127
125	110	88
125	115	86
125	124	80
125	133	76
125	147	75
125	153	74
125	154	72
125	168	71
125	171	70
125	184	69
125	194	68
126	50	203
126	51	193
126	59	133
126	74	108
126	83	99
126	94	95
126	95	93
126	107	86
126	130	79
126	193	68
126	200	67
126	237	66
127	48	210
127	52	170
127	54	163
127	57	140
127	58	136
127	62	128
127	66	121
127	92	95
127	112	85
127	117	83
127	127	79
127	144	75
127	150	74
127	153	72
127	164	70
127	182	69
127	188	68
127	189	66
128	46	223
128	48	203
128	50	195
128	51	191
128	60	130
128	64	122
128	66	120
128	73	112
128	87	95
128	94	94
128	99	90
128	100	88
128	112	81
128	176	68
128	198	65
129	51	187
129	68	119
129	70	113
129	71	110
129	92	94
129	96	92
129	102	87
129	123	79
129	124	78
129	138	74
129	139	72
129	158	71
129	171	68
129	188	65
129	216	64
130	45	242
130	55	153
130	63	124
130	72	107
130	74	106
130	75	105
130	76	104
130	81	98
130	93	93
130	104	85
130	105	83
130	137	75
130	149	71
131	44	221
131	47	198
131	50	188
131	54	149
131	56	142
131	80	103
131	98	91
131	128	76
131	158	70
131	163	69
131	169	67
131	186	66
131	191	63
132	49	190
132	61	128
132	65	110
132	70	109
132	80	102
132	86	97
132	97	91
132	98	90
132	101	87
132	125	77
132	137	74
132	173	66
133	50	182
133	51	168
133	52	157
133	57	138
133	60	128
133	61	127
133	118	76
133	135	74
133	151	69
133	162	68
133	167	67
134	55	138
134	59	131
134	62	121
134	76	103
134	79	100
134	90	93
134	95	89
134	99	88
134	108	82
134	114	80
134	132	75
134	133	73
134	134	71
134	159	68
134	176	65
134	182	64
135	51	158
135	63	117
135	85	93
135	94	92
135	131	74
135	149	69
135	164	67
135	182	63
136	49	179
136	50	167
136	51	154
136	76	101
136	107	82
136	109	81
136	129	75
136	130	74
136	146	70
136	158	67
136	171	65
136	179	63
136	186	62
136	198	61
137	45	219
137	46	205
137	47	186
137	53	149
137	54	135
137	74	102
137	81	97
137	82	96
137	99	87
137	103	86
137	111	79
137	160	65
138	46	201
138	48	185
138	72	106
138	73	104
138	99	85
138	124	74
138	132	72
138	138	70
138	139	68
138	178	64
139	44	207
139	53	137
139	93	92
139	96	88
139	104	82
139	120	75
139	154	67
139	177	63
139	184	62
139	185	61
139	199	60
140	47	176
140	52	146
140	57	134
140	61	124
140	75	98
140	91	88
140	92	87
140	136	70
140	137	69
140	153	67
140	159	65
140	167	64
140	173	63
140	183	61
140	217	59
141	45	206
141	49	174
141	59	128
141	61	119
141	62	110
141	68	109
141	71	104
141	90	91
141	116	78
141	136	69
141	145	65
141	165	64
141	170	63
141	174	62
141	193	60
142	43	210
142	57	127
142	60	126
142	64	104
142	85	91
142	112	78
142	117	75
142	129	72
142	152	64
142	188	59
143	46	196
143	50	159
143	60	122
143	61	118
143	73	101
143	102	84
143	105	80
143	128	72
143	133	70
143	167	63
143	170	61
143	206	58
144	42	206
144	45	194
144	49	155
144	59	125
144	69	103
144	74	100
144	102	83
144	122	74
144	126	73
144	132	70
144	175	60
144	183	56
145	44	205
145	46	191
145	47	172
145	58	123
145	82	94
145	90	90
145	101	84
145	111	77
145	137	67
145	157	63
145	165	59
145	201	55
146	45	185
146	47	165
146	50	153
146	51	147
146	52	143
146	55	134
146	56	133
146	60	121
146	80	97
146	84	93
146	96	86
146	97	85
146	99	82
146	110	78
146	125	73
146	128	71
146	135	69
146	136	68
147	50	146
147	53	134
147	94	86
147	95	85
147	98	83
147	112	76
147	120	74
147	123	73
147	127	72
147	133	69
147	135	68
147	140	66
147	144	64
147	153	62
148	44	201
148	46	164
148	77	96
148	80	94
148	89	88
148	93	86
148	119	74
148	124	71
148	125	69
149	43	183
149	46	160
149	49	150
149	50	144
149	51	140
149	55	132
149	78	95
149	85	90
149	86	89
149	91	87
149	122	72
149	141	65
149	142	63
149	163	58
149	171	56
149	178	55
149	211	54
150	42	198
150	48	156
150	49	141
150	52	131
150	60	120
150	75	93
150	94	85
150	107	79
150	115	75
150	118	74
150	139	66
150	153	59
150	196	54
151	45	175
151	60	114
151	84	92
151	91	86
151	96	84
151	108	77
151	113	74
151	138	62
152	48	143
152	56	125
152	59	118
152	80	92
152	104	80
152	128	68
152	135	65
152	148	61
153	45	171
153	47	153
153	55	128
153	57	111
153	66	103
153	71	102
153	89	87
153	103	80
153	105	78
153	121	73
153	128	67
153	191	54
154	56	120
154	68	97
154	121	70
154	127	68
154	158	57
154	166	55
154	201	53
155	44	181
155	95	84
155	102	81
155	111	76
155	118	73
155	131	65
155	136	63
155	184	54
155	201	51
156	45	163
156	46	159
156	79	91
156	94	84
156	98	82
156	111	75
156	144	60
156	155	58
156	177	54
156	219	50
157	43	169
157	65	103
157	81	89
157	87	88
157	93	85
157	100	81
157	109	76
157	124	68
157	135	64
157	140	61
157	167	53
158	46	150
158	47	144
158	111	74
158	112	73
158	120	72
158	149	56
158	185	52
159	41	207
159	86	88
159	88	86
159	93	84
159	100	79
159	156	55
160	42	172
160	73	95
160	92	84
160	95	83
160	107	76
160	118	72
160	132	64
160	137	61
160	166	53
160	196	50
161	45	157
161	46	141
161	59	108
161	94	82
161	97	80
161	125	66
161	184	52
161	214	49
162	41	168
162	44	156
162	45	150
162	51	138
162	55	126
162	79	86
162	115	71
162	142	59
162	162	52
163	43	167
163	44	149
163	47	137
163	53	129
163	109	74
163	131	63
163	169	51
164	52	130
164	56	114
164	103	77
164	107	75
164	116	70
164	130	64
164	135	62
164	187	50
164	209	49
165	51	131
165	55	125
165	61	104
165	76	89
165	93	82
165	95	79
165	106	76
165	118	69
165	132	62
165	140	60
165	155	55
165	219	48
166	42	159
166	50	134
166	52	129
166	54	126
166	55	124
166	91	85
166	93	80
166	108	74
166	113	72
166	121	68
166	139	60
166	146	57
167	49	135
167	54	124
167	74	94
167	90	84
167	91	82
167	93	78
167	105	76
167	106	75
167	143	58
167	147	55
167	185	50
167	195	49
168	41	160
168	52	128
168	58	110
168	84	84
168	90	83
168	114	71
168	138	60
168	155	54
168	186	49
168	213	48
169	40	193
169	44	148
169	54	120
169	85	82
169	92	80
169	107	73
169	108	71
169	117	69
169	123	65
169	134	61
169	189	48
170	44	146
170	50	133
170	119	68
170	129	64
170	133	61
170	144	57
170	159	50
170	207	47
171	40	180
171	66	102
171	100	77
171	141	58
171	177	49
171	184	48
172	40	177
172	43	148
172	51	129
172	52	115
172	67	100
172	122	67
172	148	54
172	202	47
173	46	140
173	49	130
173	51	126
173	72	93
173	106	74
173	115	69
173	121	67
173	127	64
173	181	48
174	39	196
174	41	147
174	51	124
174	98	77
174	105	75
174	114	70
174	131	61
174	143	57
174	199	47
174	227	46
175	38	175
175	45	142
175	49	121
175	70	96
175	89	81
175	90	80
175	101	75
175	120	67
175	130	62
175	145	56
176	48	132
176	69	96
176	92	77
176	98	76
176	104	74
176	113	69
176	138	59
176	140	58
176	142	57
176	146	54
176	180	47
177	44	145
177	55	113
177	120	65
177	128	63
177	153	53
177	154	51
177	170	47
177	192	45
178	106	72
178	107	70
178	116	68
178	119	67
178	122	64
178	133	60
178	188	46
178	190	45
178	210	44
179	112	69
179	114	68
179	115	67
179	117	66
179	132	60
179	144	56
179	158	49
179	204	44
180	40	173
180	99	72
180	135	57
180	141	56
180	222	43
181	39	173
181	44	143
181	127	62
181	147	53
181	175	46
181	216	43
182	40	155
182	45	140
182	89	78
182	123	63
182	127	61
182	136	56
182	155	50
182	174	46
182	187	44
183	38	161
183	39	154
183	42	142
183	60	107
183	96	75
183	205	43
184	86	80
184	113	66
184	126	62
184	134	59
184	150	51
184	151	49
184	171	46
184	199	43
185	44	131
185	111	68
185	113	64
185	169	48
185	180	44
185	188	42
186	37	164
186	63	103
186	104	70
186	110	69
186	140	55
186	163	48
186	168	46
186	206	41
187	103	70
187	105	68
187	112	66
187	127	59
187	128	57
187	137	55
187	148	51
187	162	48
187	163	44
187	183	42
188	46	125
188	71	95
188	94	76
188	125	62
188	181	43
188	201	41
189	39	153
189	75	92
189	95	74
189	118	63
189	152	48
190	55	112
190	126	61
191	40	152
191	126	60
191	135	55
191	141	53
192	187	41
193	54	114
193	110	66
193	125	61
193	150	48
193	205	40
194	36	152
194	65	102
194	112	63
194	118	62
194	133	55
194	157	47
194	158	45
194	179	43
195	140	54
195	206	39
196	51	120
196	102	69
196	123	61
196	126	58
196	127	56
196	136	54
196	162	43
196	182	41
197	38	146
197	135	53
197	181	41
197	201	39
198	117	62
198	151	47
198	177	41
199	48	123
199	64	102
199	125	59
199	144	52
199	159	44
199	195	40
200	140	52
201	101	71
201	148	49
201	186	40
202	40	145
202	106	66
202	184	38
203	132	54
203	157	44
203	172	40
203	202	37
204	96	72
204	121	59
204	187	36
205	42	139
205	58	109
205	120	60
205	147	50
205	178	39
205	205	35
206	100	71
206	111	65
206	134	52
208	124	58
208	143	51
208	158	43
208	170	42
209	191	35
210	147	48
210	209	34
211	183	37
212	169	41
212	171	39
213	186	35
214	43	136
214	128	55
214	177	38
214	205	33
216	118	61
217	45	130
217	142	49
218	150	47
218	190	34
219	209	32
220	117	61
221	182	37
223	140	51
232	139	50
232	155	46
233	170	40
234	152	46
234	202	33
237	183	36
238	198	32
243	202	31
245	144	48
246	180	37
