52	218	293
52	227	278
52	236	274
52	249	259
53	216	297
53	220	265
53	222	261
53	263	252
54	199	292
54	201	286
54	204	280
54	206	276
54	207	258
54	209	254
54	232	252
54	243	237
54	267	222
55	193	289
55	195	285
55	206	275
55	208	254
55	217	251
55	218	250
55	226	248
55	228	244
55	235	231
55	239	226
55	252	211
56	177	304
56	179	300
56	180	282
56	182	278
56	192	269
56	195	247
56	213	241
56	215	237
56	222	224
56	245	223
56	246	222
56	249	215
57	177	290
57	180	268
57	191	247
57	199	246
57	200	244
57	201	242
57	204	241
57	213	237
57	215	234
57	216	230
57	218	224
57	222	219
57	232	213
57	234	209
57	235	204
58	175	262
58	178	240
58	198	238
58	201	230
58	205	217
58	228	207
58	232	205
58	235	203
58	244	202
58	255	198
59	169	292
59	171	276
59	172	270
59	174	254
59	188	224
59	205	216
59	207	212
59	211	210
59	218	209
59	220	208
59	222	205
59	224	204
59	230	202
59	233	193
59	240	192
59	249	187
60	164	263
60	166	257
60	169	243
60	173	238
60	176	227
60	184	223
60	190	218
60	200	215
60	203	204
60	207	199
60	218	196
60	220	184
61	160	242
61	163	220
61	180	215
61	187	211
61	190	197
61	213	195
61	217	188
61	229	180
62	159	261
62	172	216
62	180	212
62	182	210
62	188	205
62	198	195
62	199	193
62	201	190
62	207	185
62	213	179
62	222	177
62	225	175
63	148	279
63	151	257
63	158	218
63	166	213
63	169	203
63	176	199
63	185	195
63	193	190
63	196	180
63	203	176
63	211	175
63	215	173
63	223	171
63	227	169
64	142	256
64	145	234
64	155	229
64	158	207
64	175	202
64	182	198
64	183	183
64	192	177
64	205	170
64	213	168
64	217	160
65	154	219
65	164	202
65	172	196
65	175	192
65	180	189
65	188	178
65	199	173
65	202	169
65	203	166
65	207	157
65	221	156
66	139	271
66	140	232
66	151	217
66	156	208
66	161	200
66	164	196
66	172	191
66	177	188
66	178	181
66	183	176
66	187	175
66	189	166
66	196	162
66	198	160
66	211	153
67	137	243
67	138	240
67	140	221
67	149	217
67	152	216
67	153	208
67	156	207
67	159	200
67	161	195
67	167	190
67	170	185
67	178	170
67	185	168
67	187	164
67	188	163
67	194	161
67	200	157
67	210	150
68	136	235
68	146	216
68	148	212
68	149	206
68	154	201
68	156	194
68	159	189
68	168	186
68	169	185
68	174	182
68	177	176
68	183	165
68	186	162
68	192	159
68	195	155
68	203	153
68	217	149
69	133	238
69	139	225
69	140	209
69	144	204
69	151	195
69	157	190
69	166	186
69	167	182
69	168	180
69	170	177
69	171	173
69	174	172
69	175	164
69	181	163
69	184	159
69	191	155
69	194	152
69	204	151
69	205	150
69	211	140
70	133	227
70	143	199
70	156	193
70	160	184
70	162	182
70	165	181
70	166	175
70	170	172
70	173	163
70	180	159
70	184	158
70	186	156
70	187	152
70	190	148
70	200	144
70	207	142
70	210	137
71	130	253
71	132	241
71	137	224
71	139	222
71	141	203
71	142	195
71	150	193
71	154	190
71	157	178
71	161	173
71	168	172
71	169	164
71	172	163
71	176	157
71	179	152
71	186	150
71	189	145
71	199	144
71	205	141
71	207	140
71	217	136
72	130	242
72	136	215
72	137	210
72	141	201
72	149	188
72	151	183
72	160	168
72	164	167
72	173	161
72	177	153
72	182	150
72	186	149
72	188	148
72	193	141
72	197	137
72	211	136
72	242	133
73	129	247
73	134	220
73	138	199
73	141	191
73	145	186
73	146	185
73	152	177
73	158	172
73	159	164
73	163	162
73	166	160
73	171	154
73	173	153
73	176	146
73	182	145
73	188	140
73	192	138
73	201	133
73	249	132
74	126	250
74	128	239
74	132	237
74	133	221
74	134	209
74	135	201
74	141	189
74	144	181
74	157	172
74	158	170
74	162	158
74	166	157
74	170	156
74	174	149
74	177	144
74	184	141
74	188	139
74	190	137
74	200	130
75	126	239
75	131	235
75	152	176
75	155	168
75	158	160
75	162	155
75	163	154
75	169	151
75	173	145
75	177	143
75	179	139
75	194	134
75	204	124
76	125	254
76	130	236
76	131	211
76	134	189
76	142	183
76	144	179
76	150	178
76	151	176
76	152	165
76	158	158
76	161	150
76	165	149
76	172	147
76	173	143
76	174	141
76	183	132
76	193	128
76	202	126
76	216	122
77	123	259
77	129	228
77	130	222
77	132	208
77	140	188
77	143	180
77	147	169
77	156	164
77	163	145
77	164	144
77	169	141
77	172	136
77	177	132
77	190	129
77	192	128
77	197	127
77	198	125
77	236	120
78	125	244
78	127	232
78	128	226
78	129	219
78	130	213
78	131	204
78	137	186
78	141	183
78	151	158
78	153	156
78	157	151
78	170	140
78	184	131
78	186	125
78	248	118
79	121	251
79	124	236
79	126	222
79	127	195
79	141	181
79	142	170
79	154	152
79	156	146
79	159	144
79	165	141
79	170	139
79	171	137
79	175	129
79	182	127
79	185	122
79	203	117
80	120	244
80	123	228
80	126	216
80	131	193
80	133	185
80	138	182
80	140	179
80	141	177
80	143	167
80	145	166
80	154	150
80	155	142
80	163	133
80	174	131
80	178	127
80	182	126
80	188	121
80	193	114
81	118	267
81	123	219
81	124	210
81	130	190
81	135	183
81	138	169
81	144	164
81	149	159
81	151	157
81	152	149
81	158	137
81	162	135
81	167	131
81	172	123
81	200	113
82	117	242
82	122	203
82	133	180
82	135	174
82	138	168
82	145	163
82	148	160
82	149	156
82	150	151
82	154	138
82	158	133
82	179	122
82	180	118
82	184	116
82	186	114
82	225	110
83	116	253
83	120	240
83	121	217
83	124	199
83	126	192
83	131	184
83	132	176
83	140	165
83	145	158
83	147	157
83	157	128
83	169	122
83	173	120
83	175	118
83	190	111
83	232	109
84	114	257
84	118	237
84	119	218
84	120	207
84	127	191
84	131	182
84	134	167
84	141	164
84	144	149
84	150	144
84	156	134
84	168	124
84	179	109
85	113	256
85	114	245
85	116	235
85	117	229
85	119	212
85	125	192
85	127	187
85	128	180
85	131	172
85	136	166
85	141	156
85	143	155
85	147	136
85	159	124
85	168	113
85	222	107
86	114	223
86	118	220
86	119	198
86	124	190
86	125	182
86	131	170
86	134	162
86	139	161
86	144	143
86	161	119
86	177	111
86	196	106
86	211	105
86	217	103
87	110	254
87	113	239
87	115	215
87	116	212
87	124	187
87	130	176
87	136	157
87	140	154
87	149	132
87	184	107
87	203	105
88	109	265
88	111	238
88	117	211
88	120	196
88	121	190
88	124	170
88	131	164
88	132	163
88	134	160
88	137	154
88	139	153
88	142	144
88	155	128
88	173	111
88	175	110
88	190	105
88	210	103
88	228	102
88	249	99
89	109	257
89	111	232
89	113	220
89	115	203
89	122	189
89	129	169
89	130	164
89	132	156
89	137	150
89	140	147
89	144	140
89	156	124
89	157	117
89	214	100
90	107	257
90	109	247
90	110	236
90	112	224
90	113	211
90	119	197
90	120	194
90	122	188
90	123	182
90	129	168
90	130	163
90	132	155
90	141	146
90	143	143
90	154	131
90	159	114
90	167	110
90	176	108
90	178	105
90	185	103
90	207	102
90	240	99
91	106	272
91	107	235
91	111	210
91	117	176
91	127	169
91	128	158
91	136	152
91	138	147
91	139	143
91	144	138
91	146	135
91	148	132
91	154	120
91	156	114
91	246	96
92	106	251
92	108	209
92	114	201
92	121	174
92	125	165
92	126	162
92	128	154
92	132	152
92	135	147
92	136	144
92	138	136
92	147	129
92	149	122
92	153	121
92	165	112
92	169	107
92	173	98
92	220	95
93	106	249
93	107	225
93	112	205
93	114	199
93	116	197
93	125	164
93	133	151
93	134	150
93	135	143
93	137	142
93	154	118
93	158	113
93	161	111
94	102	269
94	104	244
94	105	224
94	107	223
94	111	197
94	112	184
94	121	167
94	123	166
94	125	155
94	131	150
94	137	140
94	141	135
94	146	133
94	147	127
94	165	106
94	172	104
94	205	94
94	252	91
95	103	248
95	104	240
95	105	218
95	114	180
95	116	173
95	134	145
95	140	133
95	143	131
95	144	130
95	151	119
95	157	109
95	161	104
95	199	96
95	203	95
96	102	263
96	104	222
96	107	217
96	108	208
96	109	205
96	110	189
96	117	166
96	121	165
96	123	163
96	124	158
96	126	150
96	130	146
96	133	140
96	144	127
96	146	126
96	148	125
96	149	120
96	160	99
96	189	95
96	196	94
96	231	91
97	101	221
97	106	216
97	107	210
97	108	207
97	109	193
97	115	173
97	120	163
97	122	162
97	123	157
97	132	145
97	133	136
97	137	135
97	147	120
97	151	118
97	198	93
98	100	237
98	104	204
98	108	201
98	109	179
98	120	161
98	122	159
98	125	154
98	130	144
98	131	143
98	136	131
98	139	128
98	143	123
98	147	118
98	150	107
98	156	105
98	186	97
98	195	94
98	196	93
98	228	90
98	263	87
99	98	260
99	99	247
99	103	220
99	106	193
99	112	174
99	123	144
99	130	139
99	135	135
99	138	130
99	141	125
99	143	121
99	146	113
99	156	103
99	189	92
99	218	91
99	236	89
100	98	230
100	102	218
100	105	201
100	111	171
100	114	169
100	118	165
100	119	164
100	120	151
100	135	128
100	138	125
100	142	123
100	178	97
100	183	93
100	204	91
100	227	90
100	228	89
100	254	87
101	97	246
101	100	227
101	101	210
101	105	184
101	108	180
101	109	175
101	113	170
101	117	158
101	126	143
101	129	135
101	133	130
101	136	121
101	145	115
101	176	97
101	179	95
101	202	88
101	268	85
102	95	262
102	99	229
102	100	212
102	103	192
102	115	163
102	118	151
102	132	125
102	141	114
102	147	111
102	165	98
102	173	95
102	198	89
102	286	83
103	94	259
103	97	242
103	98	226
103	99	223
103	101	191
103	107	175
103	109	169
103	115	159
103	120	148
103	131	133
103	134	120
103	152	103
103	172	97
103	175	94
103	176	91
103	184	89
103	234	84
104	95	253
104	96	237
104	97	216
104	98	190
104	104	182
104	106	175
104	109	167
104	117	154
104	122	133
104	130	129
104	146	111
104	158	102
104	169	94
104	172	89
104	205	87
105	93	238
105	94	231
105	96	224
105	97	206
105	108	171
105	111	161
105	113	159
105	116	154
105	117	153
105	121	143
105	126	130
105	128	129
105	139	115
105	142	110
105	181	87
105	213	84
105	279	81
106	93	223
106	95	211
106	101	178
106	107	171
106	108	167
106	115	147
106	119	144
106	128	126
106	129	125
106	130	118
106	138	117
106	148	107
106	157	101
106	165	96
106	198	85
106	237	83
106	245	82
107	92	254
107	94	213
107	95	199
107	105	176
107	106	169
107	109	164
107	112	154
107	117	141
107	132	115
107	140	111
107	146	105
107	160	98
107	168	93
107	206	84
107	224	83
107	245	80
108	91	269
108	92	239
108	98	189
108	99	188
108	103	170
108	107	165
108	109	163
108	119	137
108	126	128
108	127	123
108	129	115
108	147	102
108	161	96
108	163	94
108	180	88
108	195	85
108	215	82
109	88	250
109	91	228
109	92	212
109	96	198
109	98	180
109	105	166
109	109	157
109	110	154
109	114	146
109	118	138
109	120	130
109	122	123
109	126	122
109	138	113
109	142	108
109	145	106
109	146	99
109	165	90
109	186	86
109	194	84
109	204	83
109	237	81
109	256	79
110	90	223
110	92	211
110	95	195
110	105	162
110	113	153
110	115	144
110	117	137
110	127	119
110	131	114
110	139	111
110	143	107
110	144	106
110	174	86
110	192	85
110	200	83
110	202	81
110	248	79
110	256	78
111	87	224
111	93	203
111	94	185
111	102	177
111	108	157
111	111	149
111	112	146
111	113	143
111	114	136
111	119	134
111	138	107
111	145	105
111	159	93
111	188	81
111	235	79
111	251	78
112	91	213
112	92	210
112	96	182
112	99	177
112	100	176
112	102	169
112	104	158
112	110	150
112	117	131
112	130	110
112	134	105
112	145	102
112	197	79
112	227	77
112	274	76
113	86	240
113	90	217
113	92	205
113	101	165
113	107	157
113	108	152
113	111	147
113	112	144
113	116	135
113	119	127
113	133	100
113	154	91
113	172	86
113	187	85
113	222	77
113	267	75
114	85	237
114	88	206
114	91	197
114	92	181
114	98	173
114	103	158
114	106	157
114	107	154
114	108	150
114	113	137
114	114	132
114	124	119
114	126	118
114	181	84
114	259	73
115	82	236
115	99	165
115	105	157
115	110	142
115	120	125
115	122	122
115	123	108
115	129	106
115	152	98
115	167	87
115	180	85
115	196	80
115	211	77
115	227	75
116	87	222
116	91	194
116	102	164
116	105	154
116	107	153
116	108	148
116	109	145
116	112	141
116	113	135
116	114	126
116	129	104
116	149	98
116	150	95
116	171	85
116	181	82
116	210	76
116	220	75
116	238	73
117	81	252
117	84	233
117	85	230
117	86	226
117	87	217
117	89	193
117	96	168
117	99	163
117	100	152
117	109	142
117	110	140
117	111	132
117	120	119
117	147	98
117	153	94
117	166	89
117	179	84
117	190	78
117	218	75
117	233	73
118	83	227
118	86	220
118	87	193
118	94	173
118	105	148
118	107	144
118	108	142
118	113	128
118	118	116
118	163	90
118	178	82
118	204	75
118	230	74
118	270	69
119	82	234
119	85	211
119	93	177
119	95	169
119	97	163
119	102	151
119	109	140
119	110	139
119	116	125
119	120	112
119	138	99
119	145	96
119	151	93
119	164	89
119	170	86
119	174	83
119	187	80
119	213	73
119	238	71
120	83	214
120	89	190
120	92	179
120	97	160
120	107	142
120	108	140
120	110	133
120	125	104
120	148	95
120	149	92
120	157	90
120	170	83
120	188	78
120	203	77
120	233	71
121	80	242
121	82	229
121	84	205
121	88	184
121	93	176
121	104	149
121	105	144
121	108	127
121	115	124
121	116	122
121	117	121
121	131	100
121	142	95
121	145	90
121	166	87
121	181	81
121	186	79
121	197	76
121	246	70
122	78	239
122	81	232
122	86	193
122	91	183
122	95	168
122	99	153
122	102	148
122	106	141
122	114	120
122	115	111
122	154	88
122	166	85
122	183	79
122	195	77
122	212	74
122	227	71
122	230	69
123	80	223
123	84	196
123	91	179
123	94	172
123	96	164
123	105	138
123	106	135
123	111	125
123	121	108
123	138	97
123	187	77
123	197	75
123	205	73
123	218	69
123	255	68
124	77	255
124	78	226
124	87	188
124	90	175
124	95	158
124	99	150
124	101	147
124	102	144
124	105	135
124	113	119
124	133	99
124	141	94
124	165	82
124	180	79
124	193	73
124	206	72
124	244	67
124	247	66
125	77	246
125	82	206
125	83	196
125	92	169
125	96	155
125	98	152
125	103	139
125	104	134
125	112	119
125	120	103
125	134	97
125	136	95
125	152	88
125	177	80
125	202	71
126	81	214
126	87	181
126	93	163
126	99	149
126	100	147
126	102	139
126	110	123
126	111	118
126	130	102
126	138	91
126	159	87
126	164	86
126	170	80
126	186	78
126	190	75
126	228	68
126	234	67
126	241	65
127	79	217
127	81	212
127	82	203
127	85	184
127	88	174
127	90	173
127	91	172
127	92	162
127	93	154
127	99	146
127	101	140
127	104	131
127	109	123
127	117	107
127	128	102
127	130	101
127	132	99
127	147	87
127	159	86
127	160	84
127	176	79
127	183	78
127	186	77
127	188	76
127	227	67
127	228	66
127	229	65
128	76	245
128	78	220
128	80	208
128	84	192
128	99	139
128	100	138
128	105	126
128	111	115
128	131	99
128	132	94
128	161	82
128	185	77
128	201	72
128	211	70
128	258	62
129	77	236
129	87	176
129	90	165
129	98	151
129	106	123
129	112	110
129	119	104
129	128	101
129	178	77
129	186	74
129	207	70
129	211	69
129	218	68
129	220	67
129	243	63
130	76	226
130	79	212
130	84	191
130	86	170
130	92	158
130	97	147
130	102	137
130	110	115
130	125	100
130	127	92
130	145	87
130	158	85
130	167	79
130	177	78
130	195	70
130	213	68
130	223	65
130	234	61
131	74	229
131	76	224
131	77	216
131	79	209
131	82	200
131	83	183
131	88	166
131	90	162
131	94	151
131	95	148
131	96	147
131	102	134
131	104	127
131	106	122
131	115	108
131	117	106
131	124	101
131	154	85
131	181	74
131	191	73
131	209	65
132	78	209
132	79	208
132	81	198
132	82	193
132	85	180
132	94	150
132	95	145
132	96	142
132	102	132
132	103	131
132	109	118
132	113	106
132	123	100
132	140	88
132	153	86
132	172	77
132	190	73
132	218	63
132	271	59
133	73	262
133	80	200
133	82	190
133	84	178
133	91	159
133	92	156
133	93	150
133	98	139
133	101	135
133	102	130
133	103	129
133	116	105
133	123	96
133	144	86
133	150	84
133	154	83
133	175	75
133	186	72
133	208	69
133	254	59
134	75	223
134	79	203
134	80	191
134	81	179
134	83	170
134	84	166
134	90	158
134	92	152
134	93	141
134	99	138
134	100	134
134	102	126
134	105	123
134	108	119
134	120	99
134	126	95
134	139	90
134	163	79
134	170	77
134	192	71
134	204	68
134	208	67
134	245	57
135	72	228
135	74	221
135	77	212
135	87	164
135	88	161
135	89	158
135	90	156
135	91	150
135	96	138
135	99	133
135	100	125
135	109	110
135	176	74
135	188	71
135	201	69
135	202	68
135	211	64
135	227	62
136	76	207
136	90	152
136	103	122
136	106	117
136	113	102
136	124	94
136	143	87
136	147	84
136	153	83
136	158	81
136	167	78
136	185	72
136	192	69
136	202	66
137	74	210
137	76	194
137	79	192
137	81	178
137	82	173
137	88	159
137	89	150
137	90	149
137	104	120
137	118	100
137	121	98
137	138	90
137	143	84
137	161	79
137	164	78
137	183	71
137	200	68
137	211	62
137	229	60
137	267	56
138	73	225
138	76	191
138	78	190
138	79	178
138	84	158
138	87	153
138	90	146
138	91	145
138	95	139
138	97	133
138	108	114
138	137	90
138	139	88
138	160	79
138	170	76
138	171	75
138	197	67
138	207	65
139	71	261
139	75	207
139	86	157
139	92	138
139	95	137
139	98	129
139	100	124
139	104	114
139	108	110
139	111	109
139	112	107
139	132	91
139	139	86
139	156	80
139	169	77
139	188	69
139	195	67
139	206	65
139	238	58
140	70	236
140	75	199
140	78	188
140	81	175
140	83	168
140	94	137
140	96	129
140	102	121
140	110	106
140	118	98
140	127	89
140	160	78
140	166	76
140	169	75
140	176	73
140	181	72
140	191	67
140	204	65
141	68	249
141	71	206
141	75	198
141	76	190
141	77	185
141	78	182
141	82	168
141	84	153
141	89	149
141	91	142
141	98	127
141	100	123
141	117	101
141	120	97
141	138	83
141	154	82
141	174	74
141	178	71
141	197	65
141	201	64
141	224	59
141	238	57
141	240	56
141	257	55
142	74	199
142	78	178
142	87	151
142	90	144
142	91	137
142	95	134
142	96	128
142	98	121
142	105	111
142	107	107
142	125	89
142	159	78
142	164	76
142	192	66
142	204	63
142	218	60
143	68	246
143	73	203
143	76	181
143	80	177
143	81	174
143	82	167
143	83	166
143	87	143
143	93	135
143	96	127
143	102	118
143	105	105
143	115	95
143	123	93
143	143	81
143	163	76
143	173	74
143	174	73
143	175	72
143	184	68
143	208	61
144	70	211
144	74	198
144	75	180
144	79	174
144	80	167
144	81	161
144	94	125
144	101	119
144	103	111
144	111	103
144	132	87
144	158	76
144	161	75
144	170	74
144	172	73
144	173	72
144	179	69
144	186	66
144	199	64
144	216	60
144	234	58
145	69	231
145	73	197
145	74	191
145	78	165
145	82	157
145	83	148
145	85	147
145	87	142
145	93	134
145	97	124
145	101	109
145	108	104
145	121	93
145	151	80
145	175	71
145	181	68
145	206	62
145	228	58
145	235	55
145	249	53
146	66	250
146	89	139
146	91	132
146	92	131
146	100	118
146	104	108
146	110	97
146	124	91
146	151	78
146	166	73
146	171	72
146	178	70
146	194	65
146	201	62
146	226	58
146	255	52
147	67	227
147	71	200
147	77	171
147	81	160
147	87	141
147	90	129
147	97	123
147	98	119
147	131	86
147	135	85
147	140	80
147	162	74
147	168	71
147	175	70
147	185	67
147	187	65
147	199	62
147	220	59
148	70	192
148	73	180
148	75	179
148	76	168
148	80	161
148	81	144
148	87	136
148	97	113
148	121	88
148	154	75
148	175	69
148	194	63
148	219	58
149	66	231
149	69	216
149	78	163
149	80	159
149	88	128
149	94	120
149	145	78
149	153	77
149	171	70
149	174	68
149	262	50
150	67	224
150	72	186
150	78	155
150	86	143
150	96	117
150	102	104
150	106	103
150	109	101
150	120	94
150	134	84
150	159	73
150	163	72
150	181	66
150	185	65
150	188	63
150	213	60
150	234	55
151	64	246
151	65	228
151	68	209
151	75	176
151	76	159
151	85	137
151	100	109
151	108	102
151	120	87
151	138	82
151	143	78
151	168	70
151	179	67
151	183	65
151	195	61
151	202	58
151	228	57
151	248	53
152	67	211
152	68	193
152	71	180
152	73	178
152	74	160
152	76	156
152	78	154
152	83	142
152	92	117
152	96	116
152	99	112
152	105	102
152	118	94
152	130	86
152	150	76
152	153	75
152	191	62
152	223	57
152	228	55
152	230	54
152	247	53
153	63	252
153	67	208
153	73	170
153	80	151
153	82	140
153	84	132
153	90	126
153	106	101
153	115	92
153	133	83
153	137	82
153	166	70
153	171	69
153	187	64
153	189	62
153	222	57
153	227	56
154	64	242
154	65	217
154	66	210
154	69	191
154	71	177
154	78	153
154	81	141
154	106	99
154	113	92
154	126	86
154	137	79
154	156	72
154	177	66
154	185	64
154	195	59
155	60	240
155	65	209
155	71	171
155	72	156
155	78	148
155	83	135
155	87	129
155	88	125
155	101	106
155	105	101
155	132	85
155	133	80
155	151	75
155	155	74
155	162	70
155	169	67
155	182	65
155	224	56
155	269	49
156	63	205
156	68	192
156	79	140
156	90	119
156	96	115
156	110	94
156	131	84
156	161	70
156	168	68
156	183	64
156	218	56
157	62	237
157	66	195
157	68	188
157	77	155
157	93	116
157	95	115
157	98	112
157	99	106
157	146	76
157	154	73
157	160	71
157	178	65
157	181	64
157	197	58
157	204	55
157	238	53
157	245	50
158	64	203
158	65	202
158	66	189
158	67	171
158	70	169
158	76	153
158	91	118
158	97	110
158	108	94
158	112	93
158	121	85
158	145	75
158	150	74
158	152	73
158	173	65
158	179	62
158	187	61
158	193	60
158	237	53
159	66	186
159	67	168
159	74	154
159	78	147
159	83	129
159	87	128
159	91	117
159	96	114
159	98	109
159	118	91
159	128	83
159	132	79
159	142	77
159	167	69
159	178	64
159	233	53
160	73	152
160	75	144
160	81	138
160	82	132
160	95	110
160	97	109
160	100	105
160	102	101
160	119	85
160	159	71
160	185	59
160	197	56
160	228	54
160	242	52
161	59	218
161	69	165
161	80	137
161	88	122
161	109	91
161	120	84
161	129	81
161	137	77
161	143	75
161	147	74
161	153	72
161	161	69
161	164	67
161	171	64
161	224	53
161	276	47
162	62	183
162	72	155
162	74	147
162	78	141
162	87	121
162	100	101
162	105	99
162	107	98
162	131	78
162	151	71
162	154	69
162	178	62
163	61	207
163	71	164
163	81	131
163	85	128
163	92	116
163	98	107
163	106	98
163	117	90
163	118	84
163	170	66
163	211	54
164	64	180
164	86	121
164	90	118
164	92	112
164	103	99
164	106	96
164	108	90
164	113	89
164	130	80
164	136	76
164	141	72
164	175	62
164	177	61
164	181	59
164	189	58
164	255	49
165	66	178
165	70	158
165	82	130
165	85	123
165	93	105
165	99	104
165	104	98
165	124	83
165	133	77
165	134	76
165	148	70
165	161	67
165	189	57
165	206	54
165	240	52
166	64	174
166	69	159
166	77	142
166	82	129
166	87	118
166	104	96
166	111	89
166	117	88
166	144	71
166	163	66
166	168	65
166	187	56
167	58	258
167	72	154
167	73	144
167	79	139
167	91	116
167	94	102
167	101	95
167	125	82
167	131	77
167	139	74
167	158	66
167	223	53
167	231	52
168	65	171
168	68	163
168	71	149
168	79	134
168	88	113
168	98	100
168	100	99
168	115	86
168	121	83
168	127	81
168	133	75
168	149	69
168	153	68
168	156	66
168	171	62
168	180	59
168	228	51
169	58	251
169	59	212
169	65	170
169	67	160
169	70	157
169	78	133
169	128	80
169	132	76
169	167	63
169	176	61
169	207	53
169	226	52
170	57	269
170	58	210
170	76	140
170	83	128
170	91	110
170	92	108
170	121	82
170	127	80
170	138	73
170	164	65
170	179	58
170	262	48
171	57	227
171	63	178
171	74	141
171	77	133
171	80	131
171	83	124
171	86	120
171	96	101
171	100	96
171	109	88
171	126	80
171	129	78
171	147	70
171	150	67
171	178	60
171	191	54
172	56	237
172	57	213
172	60	207
172	61	194
172	62	175
172	66	161
172	69	154
172	74	140
172	76	135
172	84	117
172	87	115
172	88	112
172	92	107
172	106	94
172	120	82
172	137	74
172	140	72
172	146	68
172	165	63
172	238	49
172	259	48
173	56	229
173	60	201
173	61	191
173	62	173
173	64	172
173	68	157
173	73	143
173	78	130
173	81	124
173	107	88
173	123	81
173	126	79
173	127	78
173	175	60
173	227	51
174	55	277
174	63	166
174	65	158
174	70	149
174	72	146
174	85	114
174	89	110
174	91	109
174	108	87
174	118	83
174	125	80
174	136	74
174	141	69
174	145	68
174	151	66
174	163	65
174	173	59
175	55	266
175	58	190
175	64	163
175	71	148
175	72	145
175	73	142
175	79	125
175	92	106
175	93	102
175	99	99
175	119	81
175	152	63
175	169	60
175	211	52
176	55	225
176	57	188
176	68	155
176	69	152
176	90	107
176	97	100
176	105	93
176	106	87
176	117	85
176	140	71
176	166	62
176	172	58
176	186	57
176	269	46
177	54	268
177	60	187
177	69	151
177	73	141
177	82	122
177	83	120
177	91	102
177	94	99
177	101	92
177	124	79
177	129	75
177	139	72
177	198	53
178	59	185
178	68	153
178	71	143
178	74	137
178	77	132
178	87	113
178	98	98
178	112	86
178	115	83
178	121	80
178	122	79
178	136	73
178	149	67
179	53	279
179	60	181
179	78	127
179	79	124
179	82	118
179	92	99
179	99	92
179	105	91
179	126	77
179	132	73
179	150	65
179	177	57
180	53	264
180	54	254
180	59	179
180	75	134
180	77	126
180	113	83
180	119	80
180	143	67
180	147	65
180	164	60
180	190	54
180	248	48
181	61	176
181	63	158
181	67	156
181	68	149
181	70	148
181	72	140
181	80	122
181	84	110
181	103	89
181	121	78
181	130	73
181	137	72
181	138	71
181	154	60
181	203	52
181	218	51
181	228	50
182	54	203
182	60	174
182	65	156
182	66	153
182	69	145
182	71	142
182	120	79
182	174	55
183	62	165
183	73	138
183	76	129
183	81	119
183	109	85
183	126	76
183	205	51
184	56	200
184	72	138
184	82	114
184	89	107
184	137	70
185	53	226
185	58	182
185	59	165
185	62	163
185	64	155
185	68	147
185	73	134
185	108	86
185	125	77
185	128	74
185	134	71
186	52	242
186	56	194
186	57	180
186	67	149
186	71	140
186	72	132
186	73	130
186	79	122
186	80	118
186	83	111
186	87	107
186	90	104
186	97	97
186	111	84
186	114	82
186	145	64
186	151	62
186	166	57
186	194	53
187	68	138
187	77	125
187	79	116
187	97	96
187	106	86
187	117	81
187	124	77
187	129	72
187	133	71
187	139	69
187	140	68
187	161	59
187	225	49
188	58	171
188	60	163
188	66	148
188	67	146
188	75	122
188	88	104
188	91	101
188	94	98
188	95	97
188	97	95
188	101	91
188	140	66
188	150	63
188	181	54
188	267	47
189	51	265
189	65	152
189	105	88
189	211	50
190	53	216
190	65	151
190	67	144
190	80	115
190	92	98
190	98	94
190	99	91
190	118	80
190	127	75
190	139	67
190	160	58
190	260	47
191	50	276
191	51	226
191	52	214
191	62	161
191	63	150
191	96	95
191	103	86
191	113	82
191	119	79
191	135	70
192	50	236
192	51	212
192	55	196
192	56	190
192	57	177
192	59	164
192	61	160
192	62	159
192	77	121
192	84	109
192	114	80
192	120	76
192	138	68
192	173	56
192	186	53
192	201	52
193	50	228
193	65	147
193	69	136
193	72	131
193	73	127
193	78	119
193	82	113
193	101	86
193	131	70
193	135	68
193	242	47
194	49	276
194	52	209
194	53	207
194	55	186
194	56	177
194	65	142
194	68	137
194	109	84
194	111	83
194	118	76
194	126	74
194	142	63
194	152	60
194	188	52
195	49	265
195	58	163
195	93	97
195	241	47
196	49	251
196	52	194
196	57	171
196	60	160
196	61	158
196	62	154
196	68	136
196	71	134
196	75	121
196	114	79
196	128	73
197	48	267
197	51	192
197	69	135
197	71	127
197	83	110
197	90	103
197	125	73
198	55	172
198	62	152
198	77	119
198	78	118
198	79	115
198	97	92
198	116	77
198	124	74
198	180	54
198	208	50
199	47	278
199	49	247
199	53	190
199	54	170
199	59	160
199	63	148
199	74	124
199	85	108
199	96	94
199	107	84
199	112	82
199	133	67
199	139	65
199	149	62
200	50	204
200	53	181
200	60	156
200	63	144
200	68	135
200	73	125
200	78	116
200	80	114
200	89	103
200	95	92
200	100	90
200	121	75
200	127	72
200	128	71
200	159	59
200	171	56
201	49	231
201	57	167
201	63	143
201	66	139
201	132	69
201	138	66
201	168	56
202	48	265
202	61	153
202	62	151
202	69	132
202	70	127
202	87	103
202	103	85
202	111	82
203	67	138
203	90	100
203	106	83
203	109	81
203	127	70
203	147	62
203	148	61
204	48	243
204	52	182
204	59	157
204	64	141
204	74	122
204	82	112
204	101	85
204	123	73
204	204	51
204	206	50
204	221	49
204	240	48
205	47	225
205	51	185
205	53	177
205	56	168
205	57	166
205	58	155
205	59	149
205	62	147
205	115	78
205	172	55
206	46	273
206	52	175
206	54	169
206	56	165
206	57	157
206	62	145
206	76	120
206	79	114
206	86	107
206	89	102
206	93	96
206	100	89
206	120	75
206	122	73
206	203	51
207	56	161
207	61	143
207	68	132
207	69	129
207	73	124
207	86	104
207	134	66
207	140	63
207	238	48
208	60	147
208	63	142
208	68	127
208	73	123
208	82	111
208	83	109
208	85	107
208	98	91
208	124	72
208	236	48
208	239	47
209	45	264
209	49	224
209	53	171
209	54	164
209	73	122
209	74	121
209	76	119
209	77	118
209	78	115
209	94	94
209	97	91
209	116	76
209	164	57
209	197	51
209	232	48
210	52	169
210	58	150
210	67	134
210	72	126
210	81	112
210	99	88
210	106	81
210	228	47
211	44	275
211	56	155
211	64	140
211	65	139
211	66	132
211	77	117
211	80	112
211	92	97
211	95	91
211	179	54
212	47	224
212	50	197
212	51	184
212	55	163
212	59	148
212	131	68
212	137	65
212	214	48
213	49	194
213	54	161
213	70	126
213	81	109
213	84	108
213	87	102
213	109	78
213	118	75
214	47	222
214	53	167
214	58	147
214	61	142
214	83	106
214	85	105
214	91	99
214	105	84
214	120	72
214	156	59
215	47	218
215	51	182
215	60	146
215	64	135
215	78	113
215	189	51
215	204	50
216	45	263
216	65	134
216	72	124
216	74	120
216	115	77
216	130	67
216	135	65
216	139	64
216	144	62
217	62	140
217	64	132
217	76	117
217	77	113
217	79	110
217	86	103
217	89	101
217	99	87
217	186	52
218	48	181
218	55	156
218	59	146
218	73	121
218	75	117
218	115	76
219	45	262
219	46	244
219	52	167
219	53	166
219	54	154
219	67	129
219	68	126
219	78	110
219	85	103
219	181	53
220	45	248
220	52	164
220	71	125
220	72	123
220	76	114
220	91	97
220	103	84
220	122	69
220	131	66
220	201	50
221	45	244
221	46	233
221	63	138
221	69	125
221	73	118
221	82	107
221	159	58
221	178	54
221	211	48
222	46	220
222	47	213
222	60	145
222	62	137
222	72	120
222	79	109
222	92	96
222	97	90
222	151	60
222	156	58
222	179	53
222	257	46
223	49	170
223	70	124
223	71	118
223	74	115
223	81	108
223	99	86
223	175	54
223	176	53
224	45	231
224	48	168
224	53	156
224	57	153
224	63	136
224	66	131
224	73	117
224	84	105
224	88	101
224	90	99
224	93	93
224	104	80
224	114	77
224	288	45
225	45	228
225	52	154
225	62	134
225	72	115
225	79	108
225	116	75
225	119	71
226	45	224
226	46	196
226	54	153
226	61	141
226	82	104
226	88	100
226	129	68
226	143	62
226	171	55
227	47	194
227	65	131
227	90	96
227	117	73
227	167	56
227	168	55
228	44	240
228	57	150
228	86	102
228	187	51
229	44	236
229	45	222
229	60	144
229	113	77
229	127	67
229	132	65
230	45	218
230	59	144
230	62	133
230	65	130
230	67	127
230	69	123
230	70	121
230	77	112
231	48	167
231	68	125
231	76	113
231	77	111
231	86	98
231	88	97
232	44	222
232	52	153
232	61	137
232	66	128
232	67	123
232	70	120
232	91	92
232	111	77
232	114	75
233	45	207
233	46	195
233	51	164
233	55	146
233	69	122
233	87	97
233	112	76
233	119	69
234	59	142
234	68	120
234	71	117
234	74	114
234	75	113
234	78	107
234	84	102
234	85	101
234	147	61
235	43	248
235	47	192
235	60	140
235	139	63
235	144	61
236	45	204
236	59	139
236	72	114
236	81	105
236	83	103
236	118	72
236	163	57
236	164	56
236	173	54
237	44	202
237	58	145
237	76	111
237	83	102
238	58	141
238	77	110
238	82	103
238	90	95
239	66	126
239	81	102
239	82	101
239	111	75
239	126	68
239	131	65
240	43	214
240	46	191
240	54	149
240	63	131
240	87	95
240	155	59
241	47	189
241	62	129
242	53	149
242	54	147
242	64	128
242	85	100
242	97	89
243	42	240
243	51	162
243	53	145
243	63	126
243	66	125
243	70	119
243	73	113
243	102	83
244	51	160
244	57	144
244	60	136
244	77	108
244	79	106
244	97	87
245	56	142
245	58	140
245	76	110
246	75	108
246	80	105
246	106	79
247	47	176
248	61	132
248	66	124
248	69	119
249	52	152
249	59	136
249	161	57
250	45	198
250	52	148
250	57	139
250	58	134
250	67	119
250	81	101
250	138	64
251	46	182
251	60	133
251	96	89
251	98	86
252	59	131
252	62	128
252	70	116
253	74	111
253	153	59
254	50	164
254	55	144
254	63	125
254	93	91
254	115	73
255	67	118
255	74	110
255	77	107
256	79	104
256	86	97
257	57	137
257	66	122
257	72	113
257	75	107
257	209	49
258	93	90
259	89	94
260	43	210
260	71	112
260	95	89
260	113	74
261	57	136
261	64	124
261	76	106
262	85	99
262	91	91
262	220	47
263	42	236
263	126	67
264	66	119
264	79	103
265	68	117
265	96	88
266	83	100
268	56	139
268	58	130
269	79	102
270	61	127
270	84	96
271	65	122
271	73	109
275	57	133
275	66	118
276	78	105
277	83	99
277	95	88
279	99	85
281	64	123
282	65	121
284	68	115
289	72	109
290	77	103
294	69	114
