-1466.2718151202553	168.62180477782704
-1466.2673474963553	168.2362746905194
-1466.2471314107497	167.64611220684202
-1466.0031147999873	165.84246211743078
-1466.003114799987	165.84246211743073
-1464.6761158255044	158.04938814692434
-1464.4835729345677	156.94071107483444
-1464.2651366434827	155.71105943691896
-1463.4666513818042	151.85509927094216
-1462.686106526607	148.4856435387262
-1462.3268378627313	147.17159225347422
-1461.8889982500546	145.72626598792
-1460.7778202317754	142.36795697882968
-1459.8936533040342	140.56562479494278
-1459.5910423766827	140.00850103827366
-1457.7239645691095	137.18340347181805
-1456.5247173456028	135.57708576848773
-1455.249122217207	134.0131953771811
-1453.9805917310741	132.51799333420223
-1453.2718151202553	28.62180477782948
-1453.2673474963553	28.236274690519394
-1453.2471314107497	27.64611220684202
-1453.1839529419447	27.10436441160371
-1453.0031147999873	25.842462117430756
-1451.6761158255044	18.049388146924343
-1451.4835729345677	16.940711074834468
-1451.2651366434827	15.71105943691893
-1450.4666513818042	11.855099270942162
-1450.1856144041722	10.621815604903787
-1449.8267350615938	9.065498212296404
-1449.686106526607	8.485643538726208
-1449.3268378627313	7.171592253474188
-1448.8889982500546	5.726265987919987
-1447.7778202317754	2.3679569788296817
-1447.4737442900077	1.723937727034908
-1446.8936533040342	0.5656247949427922
-1446.685592018322	-38.78214685804238
-1446.629957901699	-41.94041237741669
-1446.5604074905364	-43.970777908771694
-1446.269290288208	-46.467073015325994
-1445.6761158255044	-49.95061185307564
-1445.4835729345677	-51.05928892516553
-1445.2651366434827	-52.28894056308107
-1444.4666513818042	-56.14490072905784
-1444.1856144041722	-57.37818439509623
-1443.8267350615938	-58.934501787703596
-1443.686106526607	-59.51435646127378
-1443.3268378627313	-60.8284077465258
-1442.8889982500546	-62.273734012079984
-1441.7778202317754	-65.63204302117032
-1441.4737442900077	-66.27606227296508
-1440.8936533040342	-67.43437520505721
-1440.5910423766827	-67.99149896172632
-1438.7239645691095	-70.81659652818196
-1438.624766468159	-70.9566921011136
-1437.5247173456028	-72.42291423151228
-1436.249122217207	-73.98680462281891
-1434.9805917310741	-75.48200666579777
-1431.781315452841	-94.04939707007242
-1430.2651366434827	-108.28894056308107
-1426.7778202317754	-121.63204302117032
-1422.5247173456028	-128.4229142315123
-1418.781315452841	-234.04939707007242
-1418.7642278392234	-235.01943531590055
-1418.5867695355485	-240.19992551014172
-1418.443157860869	-241.43137840223872
-1418.383442943928	-241.8777668113791
-1417.4835729345677	-247.0592889251669
-1417.2651366434827	-248.28894056308107
-1416.4666513818042	-252.14490072905787
-1416.1856144041722	-253.37818439509618
-1415.8267350615938	-254.9345017877036
-1415.686106526607	-255.5143564612738
-1415.3268378627313	-256.8284077465258
-1414.8889982500546	-258.27373401208
-1413.7778202317754	-261.6320430211703
-1413.4737442900077	-262.2760622729651
-1412.8936533040342	-263.4343752050572
-1412.5910423766827	-263.99149896172634
-1410.7239645691095	-266.81659652818195
-1410.624766468159	-266.95669210111356
-1409.5247173456028	-268.4229142315123
-1408.249122217207	-269.9868046228189
-1406.9805917310741	-271.4820066657977
-1402.803928622748	-276.367416179047
-1400.7632927926852	-278.7538228164901
-1398.8726076291493	-280.9304773110598
-1398.752775488031	-281.059664757055
-1396.8160495072138	-283.147591090667
-1395.3192564775927	-284.7612388722669
-1394.3828982188745	-285.72013023951894
-1391.950516335055	-288.211046476481
-1391.6083605697454	-288.47040707391045
-1384.9620397683686	-293.5084450335888
-1382.1408440996458	-295.62171017830315
-1377.4430325410362	-299.1406867361186
-1376.8038240355684	-299.61206659071667
-1374.1306130938603	-301.47021088312744
-1373.4540038927714	-301.918380412828
-1371.3925423104274	-303.0670640062195
-1367.387977812373	-305.1830307009002
-1365.7588411735508	-305.9846099450058
-1362.5153605270027	-307.4482436822208
-1360.2724534356785	-308.22150410906653
-1359.364818667312	-308.41113090129016
-1359.2016450437636	-308.4305717983368
-1358.272240153411	-308.4952322964689
-1355.6752382640047	-308.57367956518976
-1354.8128327338213	-308.58865999526637
-1337.8128327338213	-318.58865999526637
-1317.781315452841	-440.0493970700724
-1317.7642278392232	-441.0194353159005
-1317.5867695355485	-446.1999255101417
-1317.443157860869	-447.4313784022387
-1317.383442943928	-447.8777668113791
-1316.4835729345677	-453.0592889251669
-1316.2651366434827	-454.28894056308104
-1315.4666513818042	-458.1449007290579
-1315.1856144041722	-459.3781843950962
-1314.8267350615938	-460.9345017877036
-1314.686106526607	-461.5143564612738
-1314.3268378627313	-462.8284077465258
-1313.8889982500548	-464.27373401208
-1312.7778202317754	-467.6320430211703
-1312.4737442900077	-468.2760622729651
-1311.893653304034	-469.4343752050572
-1311.5910423766827	-469.9914989617263
-1309.7239645691095	-472.81659652818195
-1309.624766468159	-472.95669210111356
-1308.5247173456028	-474.4229142315123
-1307.249122217207	-475.9868046228189
-1305.9805917310741	-477.4820066657977
-1301.803928622748	-482.367416179047
-1299.7632927926852	-484.7538228164901
-1297.8726076291493	-486.9304773110598
-1297.752775488031	-487.059664757055
-1294.3192564775927	-490.7612388722669
-1293.3828982188745	-491.720130239519
-1290.950516335055	-494.211046476481
-1283.9620397683686	-499.50844503358877
-1281.1408440996458	-501.62171017830315
-1276.4430325410362	-505.1406867361186
-1275.8038240355684	-505.61206659071667
-1273.1306130938603	-507.47021088312744
-1272.4540038927714	-507.918380412828
-1270.3925423104274	-509.0670640062195
-1266.387977812373	-511.1830307009002
-1264.7588411735505	-511.9846099450058
-1261.515360527003	-513.4482436822208
-1259.2724534356787	-514.2215041090665
-1258.364818667312	-514.4111309012901
-1258.2016450437636	-514.4305717983368
-1257.272240153411	-514.4952322964689
-1254.6752382640047	-514.5736795651898
-1253.8128327338216	-514.5886599952664
-1228.2365778176588	-516.6735603966343
-1227.283128577735	-517.1559774751819
-1226.787109565592	-517.3994968659965
-1225.1578528208813	-518.0397002956092
-1224.5153605270027	-518.4482436822208
-1221.6015067622172	-519.3616810501401
-1219.1385990194551	-522.2630487002123
-1213.6398813204728	-525.3715578098929
-1211.2365778176588	-526.6735603966343
-1210.283128577735	-527.1559774751819
-1209.787109565592	-527.3994968659965
-1209.4917800741384	-527.5563763818385
-1207.515360527003	-528.4482436822208
-1205.2724534356787	-529.2215041090665
-1204.6015067622172	-529.3616810501401
-1203.3098921060346	-529.4619386958389
-1199.3847679818145	-529.5782553779361
-1190.4835729345677	-536.0592889251656
-1190.2651366434827	-537.288940563081
-1188.686106526607	-544.5143564612738
-1186.7778202317754	-550.6320430211703
-1185.5910423766827	-552.9914989617264
-1182.5247173456028	-557.4229142315123
-1178.0767057295823	-559.1556580346191
-1174.8205537499764	-564.8243958830226
-1174.781315452841	-599.0493970700725
-1174.7642278392232	-600.0194353159005
-1174.5867695355485	-605.1999255101417
-1174.4026842600242	-606.7784346769133
-1173.9635698640195	-609.3572241374786
-1173.4835729345677	-612.0592889251656
-1173.2651366434827	-613.288940563081
-1172.4666513818042	-617.1449007290579
-1171.8967829540384	-619.6456727971195
-1171.686106526607	-620.5143564612738
-1171.3268378627313	-621.8284077465257
-1170.8889982500546	-623.27373401208
-1169.7778202317754	-626.6320430211703
-1169.4737442900077	-627.2760622729651
-1168.7245484524858	-628.7720400561993
-1167.7899096605167	-630.6084146166081
-1165.084574839044	-635.4907083021037
-1164.9887958580275	-635.6421902834657
-1164.4058185845843	-636.5492425639992
-1162.1330902335942	-640.0162141305601
-1161.9043288145901	-640.3580381445245
-1161.858265314681	-640.424109344917
-1158.597476074916	-644.0594347489068
-1158.1553155087927	-644.4699873315406
-1153.747769494319	-648.5588915800694
-1152.9932401068927	-649.2581463965553
-1152.2115896672756	-649.9810716019228
-1150.577443356439	-651.2197856802378
-1148.1485671293428	-654.8516119304792
-1148.1085051804243	-654.9957317783717
-1147.9336048794485	-655.4960696521949
-1147.8746616906044	-655.8192991978018
-1147.4054209228818	-657.3015113801738
-1146.9630157309707	-658.5912553300442
-1146.5573012340121	-659.7740238813014
-1146.0992011077715	-661.1094886503352
-1145.9256049369474	-661.5418053758972
-1145.1428350543822	-663.3540584332086
-1144.8260063784396	-664.0818318199682
-1143.8181355947963	-665.9383397562126
-1142.5316298917778	-668.2600851536206
-1142.38026184268	-668.5126543551671
-1141.9806363130274	-669.1746702250346
-1141.344926662106	-670.2189774018733
-1141.1306835727119	-670.5695679434164
-1138.4063265548248	-674.6394935544358
-1137.6055412764917	-675.6676131516904
-1136.8271791192365	-676.6175506800213
-1135.8549869342733	-677.719521539171
-1133.9638588280613	-679.8630977746079
-1131.2564543569333	-682.8952311610125
-1131.0330508419868	-683.1454299264842
-1130.476878680009	-683.7654843491298
-1130.4768786800087	-683.76548434913
-1129.6278903706568	-684.6968549932938
-1127.2183442622375	-687.1634861261421
-1126.9041895835846	-687.4850835042488
-1125.3041323060152	-688.9706486954028
-1124.6812959067563	-689.5466915260898
-1117.5825372583545	-694.9276860049953
-1117.3703028194936	-695.0885637584599
-1112.157852820881	-699.0397002956092
-1106.1385990194551	-703.2630487002123
-1103.1940678637402	-704.9333598370611
-1100.8587914598936	-706.2486883199897
-1100.6398813204728	-706.3715578098929
-1098.2365778176588	-707.6735603966343
-1096.4917800741384	-708.5563763818385
-1094.515360527003	-709.4482436822208
-1092.2724534356787	-710.2215041090665
-1091.6015067622172	-710.3616810501401
-1091.2151730247715	-710.3984729414167
-1090.3098921060346	-710.4619386958389
-1087.54868395642	-710.5454813300034
-1086.3847679818145	-710.5782553779361
-1024.577443356439	-722.6045258503874
-1024.5643657131493	-723.3469240834152
-1024.404701814856	-726.1200753269763
-1024.3972698841035	-726.195077369512
-1024.2693778231835	-727.1219178513974
-1023.8573654907559	-729.6110880710493
-1022.1485671293428	-737.8516119304792
-1022.1085051804243	-737.9957317783717
-1021.9336048794484	-738.4960696521949
-1021.8746616906044	-738.8192991978018
-1021.4054209228818	-740.3015113801738
-1020.5573012340121	-742.7740238813014
-1020.0992011077715	-744.1094886503352
-1019.9256049369474	-744.5418053758972
-1019.1428350543822	-746.3540584332086
-1018.8260063784396	-747.0818318199681
-1017.8181355947963	-748.9383397562126
-1016.5316298917778	-751.2600851536206
-1016.1660477221425	-751.8700870479092
-1015.1306835727117	-753.5695679434165
-1014.3886141437057	-754.7839012678343
-1011.7467404378289	-758.797336602835
-1009.6078691147892	-761.8652275810791
-1006.6803384895686	-765.1290160906335
-1005.350221478009	-766.3640492802468
-1002.781315452841	-777.0493970700724
-1002.7642278392233	-778.0194353159005
-1002.5867695355485	-783.1999255101417
-1002.4026842600241	-784.7784346769132
-1001.9635698640195	-787.3572241374786
-1001.2651366434827	-791.288940563081
-1000.4666513818044	-795.1449007290579
-999.8967829540381	-797.6456727971195
-999.6861065266072	-798.5143564612738
-999.3268378627314	-799.8284077465257
-998.8889982500547	-801.27373401208
-997.7778202317754	-804.6320430211703
-997.4737442900077	-805.2760622729651
-996.7245484524858	-806.7720400561993
-995.7899096605167	-808.6084146166081
-993.0845748390441	-813.4907083021037
-992.9887958580275	-813.6421902834657
-992.4058185845843	-814.5492425639993
-990.1330902335942	-818.0162141305602
-989.9043288145901	-818.3580381445245
-989.8582653146808	-818.424109344917
-986.5974760749161	-822.0594347489069
-986.1553155087925	-822.4699873315406
-984.3883598812855	-824.1092016128096
-983.8901445735069	-824.5713986453461
-981.7477694943191	-826.5588915800694
-980.9932401068929	-827.2581463965553
-980.2115896672757	-827.9810716019228
-978.3448520526139	-829.3960943256945
-977.9417992419835	-829.7016160452135
-971.5079576032027	-834.5785907461672
-968.9620397683686	-836.5084450335887
-966.1408440996458	-838.6217101783031
-963.3709987956865	-840.3778708090422
-960.8409917191298	-841.9421840360872
-959.5760673417974	-842.6104017210636
-948.9021481877696	-847.9855814136017
-945.3948265169045	-849.7011572242984
-944.4571348349382	-850.0692370839229
-944.182886301847	-850.1128834781792
-940.8265372770935	-850.2773497840985
-934.0074398018171	-850.4392195132757
-922.8128327338216	-851.5886599952664
-899.6398813204728	-852.3715578098929
-897.2365778176588	-853.6735603966343
-895.4917800741384	-854.5563763818386
-894.1578528208811	-855.0397002956092
-893.5153605270027	-855.4482436822207
-891.2724534356787	-856.2215041090666
-890.6015067622171	-856.3616810501401
-889.3098921060346	-856.4619386958389
-885.3847679818147	-856.5782553779361
-876.781315452841	-860.0493970700724
-876.5867695355485	-866.1999255101417
-876.4026842600241	-867.7784346769132
-875.483572934568	-873.0592889251654
-874.4666513818044	-878.1449007290579
-872.8889982500547	-884.27373401208
-871.7778202317754	-887.6320430211703
-869.7899096605167	-891.6084146166081
-863.1417815694905	-902.4974652441298
-854.6526003732255	-904.7303082034098
-854.2115896672758	-910.9810716019228
-850.1485671293428	-915.8516119304793
-850.1085051804243	-915.9957317783717
-849.9336048794484	-916.496069652195
-849.8746616906044	-916.8192991978019
-849.4054209228818	-918.3015113801738
-848.5573012340121	-920.7740238813014
-848.0992011077716	-922.1094886503352
-847.9256049369474	-922.5418053758971
-847.1428350543822	-924.3540584332086
-846.8260063784396	-925.0818318199681
-845.8181355947963	-926.9383397562126
-844.5316298917778	-929.2600851536206
-844.1660477221425	-929.8700870479095
-843.1306835727117	-931.5695679434165
-842.3886141437057	-932.7839012678343
-839.7467404378289	-936.797336602835
-837.6078691147892	-939.8652275810791
-834.6803384895686	-943.1290160906335
-833.350221478009	-944.3640492802468
-828.1471691514995	-949.1909490320181
-826.6812959067563	-950.5466915260898
-819.3703028194936	-956.08856375846
-809.9118794558194	-961.9172898624497
-805.167199858229	-964.682534710802
-798.6389247455206	-968.0940348797119
-797.5630533331375	-968.6405879845468
-795.3948265169045	-969.7011572242985
-794.4571348349382	-970.0692370839229
-794.1828863018471	-970.1128834781792
-790.8265372770936	-970.2773497840985
-784.0074398018171	-970.4392195132758
-780.7477694943191	-972.5588915800694
-779.9932401068929	-973.2581463965553
-779.2115896672758	-973.9810716019228
-767.9620397683686	-982.5084450335887
-765.1408440996458	-984.6217101783031
-762.3709987956865	-986.3778708090422
-759.8409917191298	-987.9421840360872
-758.5760673417974	-988.6104017210636
-748.1408440996458	-994.6217101783031
-744.3948265169045	-995.7011572242984
-743.4571348349382	-996.0692370839229
-743.1828863018471	-996.1128834781792
-739.8265372770936	-996.2773497840985
-733.0074398018171	-996.4392195132757
-714.3703028194936	-997.08856375846
-704.9118794558194	-1002.9172898624497
-700.167199858229	-1005.682534710802
-693.6389247455206	-1009.0940348797119
-690.3948265169045	-1010.7011572242984
-689.4571348349382	-1011.0692370839229
-689.1828863018471	-1011.1128834781792
-688.781315452841	-1038.0493970700722
-688.7642278392233	-1039.0194353159004
-688.5867695355485	-1044.1999255101418
-688.4026842600241	-1045.778434676913
-687.9635698640195	-1048.3572241374786
-687.2651366434826	-1052.2889405630813
-686.4666513818044	-1056.144900729058
-685.8967829540381	-1058.6456727971195
-685.6861065266071	-1059.5143564612738
-685.3268378627314	-1060.8284077465257
-684.8889982500547	-1062.27373401208
-683.7778202317754	-1065.6320430211704
-683.4737442900077	-1066.2760622729652
-682.7245484524858	-1067.7720400561993
-681.7899096605167	-1069.6084146166081
-679.0845748390441	-1074.4907083021037
-678.9887958580275	-1074.6421902834657
-678.4058185845843	-1075.5492425639993
-676.1330902335942	-1079.0162141305602
-675.1417815694906	-1080.4974652441297
-674.3872509142793	-1081.2831966924955
-673.2373732175513	-1082.4661565495207
-670.3883598812855	-1085.1092016128096
-669.890144573507	-1085.571398645346
-667.7477694943191	-1087.5588915800695
-666.9932401068929	-1088.2581463965553
-666.2115896672757	-1088.9810716019228
-664.3448520526139	-1090.3960943256945
-663.9417992419835	-1090.7016160452135
-662.0310505568559	-1092.15
-656.3722222222221	-1096.439499831438
-655.1451550387596	-1097.3696401653322
-654.9620397683686	-1097.5084450335887
-652.1408440996458	-1099.6217101783031
-649.3709987956865	-1101.3778708090422
-646.8409917191298	-1102.9421840360872
-645.5760673417974	-1103.6104017210637
-634.9021481877696	-1108.9855814136017
-631.3948265169045	-1110.7011572242984
-630.4571348349382	-1111.0692370839229
-630.1828863018471	-1111.1128834781794
-626.8265372770935	-1111.2773497840985
-620.0074398018171	-1111.4392195132757
-601.3703028194936	-1112.0885637584602
-593.4571348349382	-1116.0692370839229
-591.9118794558194	-1117.9172898624497
-587.1671998582289	-1120.682534710802
-580.6389247455206	-1124.094034879712
-579.5630533331375	-1124.6405879845468
-577.3948265169045	-1125.7011572242984
-576.4571348349382	-1126.0692370839229
-576.1828863018471	-1126.1128834781794
-572.8265372770935	-1126.2773497840985
-566.0074398018171	-1126.439219513276
-522.5630533331375	-1129.6405879845468
-519.4571348349382	-1131.0692370839229
-515.8265372770935	-1131.2773497840985
-509.0074398018171	-1131.439219513276
-497.99644536321193	-1132.764553422371
-497.0592360926621	-1134.9643343769762
-496.6561330292916	-1135.7773740521427
-495.5072990811248	-1138.0565369217668
-494.53713732562437	-1139.970950139346
-493.10151554705817	-1142.6153796323006
-491.38583153914453	-1145.375737946788
-489.5102579334615	-1148.2534015294775
-487.53770264996	-1151.2032359990087
-483.0742234265289	-1155.8200601424944
-482.3849313034109	-1156.5330332194653
-481.3810708136466	-1157.5713818067077
-479.7020241357484	-1159.1958426484432
-479.0506600370792	-1159.730510203543
-475.0189677055606	-1163.0398959775082
-473.9328648652919	-1163.931415714902
-471.13759169549365	-1166.1204879583395
-470.44932638323843	-1166.5868837801745
-468.4060615043726	-1167.9546335814139
-466.37030281949376	-1168.08856375846
-466.25714433749454	-1169.2518493647572
-463.09981060710464	-1171.1578061003042
-461.9456003094825	-1171.854556928326
-456.0115976628554	-1175.436678198635
-450.16322816259327	-1178.7257003566326
-446.82930041178656	-1180.595304966035
-444.6395741761507	-1181.663944827799
-442.85385384052876	-1182.321852667579
-441.9561870239422	-1182.5438513051342
-440.8589730455663	-1182.792194934351
-437.8786905223889	-1183.2956816777248
-434.5731040092824	-1183.682888611907
-288.14084409964585	-1194.6217101783031
-254.3703028194937	-1197.08856375846
-250.70202413574833	-1198.195842648443
-247.1023734773575	-1201.150590109452
-244.93286486529192	-1202.931415714902
-242.13759169549363	-1205.1204879583395
-239.40606150437264	-1206.9546335814139
-237.3703028194937	-1207.08856375846
-228.79774001461448	-1211.4913807124103
-227.01159766285545	-1214.436678198635
-220.32580148333844	-1215.095436528866
-219.07655236733063	-1215.7836522504194
-217.82930041178653	-1219.595304966035
-215.6395741761507	-1220.663944827799
-211.8589730455663	-1221.792194934351
-205.57310400928242	-1222.682888611907
-158.6395741761507	-1225.663944827799
-154.79774001461448	-1226.4913807124103
-144.9732888615064	-1227.0805296516949
-143.75577880032452	-1227.395700005233
-140.05434786624278	-1228.3389614887635
-138.8927143370451	-1228.389093196882
-137.81156358533863	-1228.403212912192
-137.54912741497714	-1228.4061080925956
-137.20518570027727	-1228.4094731775053
17.202259985385496	-1235.4913807124103
34.93111737400858	-1237.1556946523722
36.89674989599271	-1238.3780846669556
38.07501384879146	-1239.5968284299206
38.58291436015294	-1240.1221781013232
40.008292172172574	-1241.5965254359262
40.55131434674165	-1242.158203391732
41.214561310945015	-1242.8442365161507
43.44431081529015	-1245.150590109452
43.89129405216018	-1245.549898538408
46.4200071372764	-1247.6598452635662
46.89882370297235	-1248.0243928467846
47.018205552504696	-1248.0973647825995
47.29206035983191	-1248.2602140991655
65.67419851666156	-1259.095436528866
66.37129948748169	-1259.4854977603518
66.92344763266937	-1259.7836522504194
67.89283861574485	-1260.245447853702
70.12782126822135	-1261.2773580898963
71.54458692283332	-1261.916818037584
74.88644169142759	-1263.4098437528107
74.98238062955363	-1263.452104525842
75.67513940650352	-1263.7356495186975
76.98496502052328	-1264.1251899088036
77.68355208552907	-1264.3307339282921
78.00087700520277	-1264.4201552889185
84.0267111384936	-1266.0805296516949
85.24422119967545	-1266.3957000052328
88.94565213375722	-1267.3389614887635
90.1072856629549	-1267.389093196882
91.18843641466137	-1267.403212912192
91.45087258502286	-1267.4061080925956
91.79481429972273	-1267.4094731775053
350.9317898637658	-1268.1597080150823
352.7749276586302	-1269.4819306228273
354.10960375819354	-1270.2914491765803
354.10960375819377	-1270.2914491765805
366.3689895224501	-1277.5577612779975
370.67419851666153	-1280.095436528866
371.3712994874817	-1280.4854977603518
371.9234476326693	-1280.7836522504194
372.89283861574484	-1281.245447853702
375.12782126822134	-1282.2773580898963
376.54458692283333	-1282.916818037584
379.8864416914276	-1284.4098437528107
379.98238062955363	-1284.452104525842
380.6751394065035	-1284.7356495186975
381.9849650205233	-1285.1251899088036
382.6835520855291	-1285.3307339282921
383.0008770052027	-1285.4201552889185
389.02671113849357	-1287.0805296516949
390.2442211996755	-1287.3957000052328
393.9456521337572	-1288.3389614887635
395.1072856629549	-1288.389093196882
396.18843641466134	-1288.403212912192
396.45087258502286	-1288.4061080925956
396.7948142997213	-1288.4094731775053
598.373611867532	-1290.2427855949584
604.6086619798846	-1293.5454425765042
606.9273824318207	-1294.275577648365
607.1263862771403	-1294.3360905699844
607.559426070603	-1294.4560487917447
610.8644904984043	-1295.3274846836703
621.243633155052	-1298.0303908478627
621.4490095711992	-1298.0823840621326
623.4603883371669	-1298.582597829126
624.6384808133547	-1298.587945493563
