793440.6800000218	686844.2499996232
793440.6800000219	686844.2499996226
793474.6799999947	686258.349999994
794140.6799999991	685165.7499999988
794859.6799999964	679099.549999996
794859.6800000027	679099.5499999959
795149.199999999	678686.1267965815
795149.1999999993	678686.1267965812
795149.1999999995	678686.1267965809
795149.1999999997	678686.1267965805
795149.2	678686.1267965802
795149.2000000002	674329.7299999982
795149.2000000003	674329.7299999963
795183.1999999988	673743.8299999987
795230.479999999	673609.3499999989
795394.5722570017	673340.1499999999
795394.5722570019	673340.1499999997
795394.5722570021	673340.1499999992
795844.1799999946	673340.1499999939
795844.1799999964	672602.5502702759
795844.1799999999	672602.5502702703
795844.1800000002	672602.55027027
795844.1800000004	672602.5502702696
795896.4799999979	672516.7499999974
796157.9999999988	672143.3096982667
796158.0000000005	668650.3299999915
796191.999999997	668064.4299999964
796195.0111900998	668043.3415984316
796195.0111900999	668043.3415984305
796299.08	667511.1499999999
797660.2799999978	666931.5499999977
797819.6000000001	666249.6299999997
798756.08	663974.6499999999
799906	661942.6299999994
799939.9999999974	661356.7299999972
799999.7999999996	660937.9299999997
800205.7256639679	660255.9344214494
800212.3999999994	660233.8299999996
800259.6799999995	660213.6981398768
800259.6799999997	660099.3499999997
801567.6000000001	659541.9299999997
801620.8799999949	659519.7499999942
801871.3799999984	659414.5500000006
801871.3799999986	659414.5500000005
801871.3799999988	659414.5500000004
801871.3799999991	659414.5500000003
801871.3799999993	659414.5499999992
801921.2799999999	657698.6499999999
802487.6999999983	657225.2299999981
802487.6999999991	657225.229999998
802700.2999999998	656521.1299999998
802737.1645504886	656521.1299999978
802737.1645504902	656416.2749925988
802737.1645504903	656416.2749925987
802747.5799999986	656386.6499999984
803959.7999999997	655870.4857978255
803959.7999999999	655870.4857978254
804019.6	655241.1300000001
804066.8799999999	655106.6499999999
804108.7800000006	655088.8089479868
804108.7800000007	655088.8089479867
804108.7800000011	655088.8089479866
804355.3999999983	654172.4299999988
804777.709583861	653484.9250023409
804835.2852323055	653428.4679018515
804910.2999999997	653180.0300000008
804910.2999999998	653180.0300000004
804910.3	653180.03
804910.3000000002	653180.0299999997
804957.58	653045.55
804971.6710973084	653039.55
804971.6710973086	653039.5499999999
804971.6710973089	653039.5499999998
804971.6710973092	653039.5499999997
804971.6710973094	653039.5499999996
804971.6710973098	653039.5499999995
804971.67109731	653039.5499999993
804971.6710973103	653039.5499999992
805218.7350034502	652934.3500000002
805218.7350034504	652934.3500000001
805218.7350034507	652934.35
805218.7350034509	652934.3499999999
805218.7350034514	652934.3499999997
805233.107922705	652928.2300000002
805233.1079227051	652928.2300000001
805233.1079227054	652928.23
805233.1079227056	652928.2299999999
805233.1079227058	652928.2299999997
805233.1079227063	652928.2299999996
805538.552092032	652798.1716393316
805538.5520920323	652798.1716393315
805538.5520920325	652798.1716393314
805538.552092033	652798.1716393313
805540.3999999999	652797.3847987071
805540.4000000001	652797.384798707
805540.4000000004	652797.3847987069
805540.4000000006	652797.3847987067
805540.4000000011	652797.3847987066
805548.936383713	652793.75
805548.9363837132	652793.7499999999
805548.9363837134	652793.7499999998
805548.9363837137	652793.7499999997
805548.936383714	652793.7499999995
805548.9363837143	652793.7499999994
805548.9363837147	652793.7499999993
805587.6799999997	652777.2529385837
805587.6799999999	652777.2529385836
805587.6800000002	652777.2529385835
805587.6800000006	652777.2529385834
805587.6800000007	652777.2529385833
805587.6800000011	652777.2529385831
805784.936383712	652709.7580811053
805784.9363837121	652693.2610196888
805784.9363837126	652693.2610196887
805784.9363837128	652693.2610196886
805784.936383713	652693.2610196884
805784.9363837133	652693.2610196883
805784.9363837137	652693.2610196881
805823.6799999997	652676.7639582723
805823.6799999999	652676.7639582722
805823.68	652676.7639582721
805823.6800000004	652676.763958272
805823.6800000006	652676.7639582718
805823.680000001	652676.7639582717
805823.6800000011	652676.7639582716
806035.4363837122	652603.0949897153
806035.4363837123	652586.5979282989
806035.4363837125	652586.5979282988
806035.4363837127	652586.5979282986
806035.436383713	652586.5979282985
806035.4363837133	652586.5979282984
806035.4363837136	652586.5979282983
806035.4363837137	652586.5979282982
806074.1799999997	652570.1008668824
806074.1799999998	652570.1008668822
806074.1799999999	652570.1008668821
806074.1800000004	652570.100866882
806074.1800000006	652570.1008668819
806112.9236162873	652553.6038054656
806151.6672325748	652553.6038054655
806318.7799999994	652482.4470614166
806318.7799999999	652482.4470614165
806318.78	652465.95
806357.5236162872	652449.6792278108
806357.5236162873	652449.6792278107
806533.4814306877	652375.7839700266
806533.4814306879	652375.7839700265
806533.4814306882	652375.7839700264
806569.2799999976	652360.7499999973
806661.212809308	652328.3300000002
806661.2128093084	652328.33
806661.2128093088	652328.3299999998
806661.2128093091	652328.3299999997
806661.2128093094	652328.3299999996
806680.726418219	652321.4485481479
806680.7264182195	652321.4485481477
806680.72641822	652321.4485481476
806680.7264182202	652321.4485481475
806680.7264182207	652321.4485481473
806696.8876194992	652321.4485481472
806696.8876194995	652315.7493190103
806696.8876194998	652315.7493190102
806706.28	652206.95
806989.4000000001	651231.63
807249.2799999999	650393.0499999999
807533.4	649684.6299999998
807707.8	648952.23
807853.08	648427.25
807980.1999999998	647829.3300000002
807980.2	647829.3300000001
808027.48	647694.8500000001
808163.2	647045.9299999999
808375.8	646341.8300000001
808423.0799999993	646207.3499999992
809784.279999996	645627.7499999953
810034.7799999943	645522.5499999949
810220.4000000001	645434.6299999994
810280.2	645015.8300000001
810394.8	644702.23
810454.6	644283.43
810540.08	644177.25
810667.2	643579.3300000001
810714.48	643444.8500000001
810790.4	643214.7299999999
810850.2	642795.93
811110.08	641957.35
812116.2	641882.73
812201.6799999999	641776.55
812328.7999999999	641178.63
812376.08	641044.15
812452	640814.0299999998
812511.7999999999	640395.23
812534.4378227398	640320.256853287
812534.4378227401	640320.2568532866
812724.399999999	639691.1300000031
812724.3999999992	639691.1299999992
812771.6799999995	639556.6499999994
812968.1117961723	639276.1531002105
812968.1117961726	639276.15310021
813567.08	638420.8499999999
814928.2799999972	637841.2500000012
814928.2799999974	637841.249999997
814928.2800000074	637841.2499999967
815178.7799999976	637736.050000001
815178.779999998	637736.0500000007
815178.7799999985	637736.0499999984
816243	637347.33
816302.8	636928.53
816515.3999999999	636224.43
816562.6799999999	636089.95
817265.5	635578.53
817312.78	635444.0499999999
818097.8799999999	635317.8499999999
818097.8800000002	635317.8499999994
818673.9800000001	634864.45
818893.2799999978	634182.0499999975
820254.4799999978	633602.4499999974
821686.8	632771.2299999997
821746.5999999999	632352.43
821841.5999999999	631985.63
821888.8799999999	631851.1499999999
822496.7000000004	631706.5299999984
822543.9800000001	631572.0499999999
822638.9799999985	631205.2499999995
822638.9799999987	631205.2499999993
822638.9799999993	631205.2499999991
824000.1799999989	630625.6500000004
824000.1799999991	630625.6499999989
826533.8799999999	630230.1499999999
826755.5	628917.9299999999
826850.5	628551.1299999999
826897.7799999999	628416.6499999999
827505.6000000001	628272.0299999996
827505.6000000002	628272.0299999992
827600.6000000001	627905.23
827600.6000000002	627905.2299999995
827600.6000000003	627905.229999999
827647.879999998	627770.7499999977
828446.9857142856	627430.4901763151
828446.9857142859	627430.490176315
828446.9857142861	627430.4901763148
828446.9857142863	627430.4901763147
828446.9857142866	627430.4901763146
828446.9857142891	627430.4901763136
829009.0799999954	627191.1500000019
829009.0799999957	627191.149999995
830153.9015229482	626787.4299999998
830153.9015229484	626787.4299999997
830153.9015229491	626787.4299999995
830153.9015229493	626787.4299999994
830153.9015229498	626787.4299999992
830153.90152295	626787.4299999991
830153.9015229505	626787.429999999
830153.901522951	626787.4299999988
830153.9015229512	626787.4299999987
830153.9015229517	626787.4299999985
831341.4851299282	626368.6300000002
831341.4851299284	626368.6300000001
831341.4851299287	626368.63
831341.4851299289	626368.6299999999
831341.4851299294	626368.6299999998
831341.4851299296	626368.6299999997
831341.4851299301	626368.6299999995
831341.4851299303	626368.6299999994
831341.4851299308	626368.6299999993
831341.485129931	626368.6299999992
831341.4851299319	626368.629999999
831341.4851299322	626368.6299999988
831341.4851299326	626368.6299999987
831341.4851299331	626368.6299999985
832292.8800000001	626149.75
832381.6132747233	626001.8300000007
832381.6132747235	626001.8300000005
832381.6132747242	626001.8300000003
832381.6132747247	626001.8300000002
832381.6132747249	626001.8300000001
832381.6132747252	626001.83
832381.6132747256	626001.8299999998
832381.6132747259	626001.8299999997
832381.6132747263	626001.8299999996
832381.6132747266	626001.8299999995
832542.3999999994	625945.128745327
832542.3999999999	625945.1287453269
832542.4000000001	625945.1287453268
832542.4000000006	625945.1287453267
832542.4000000008	625945.1287453265
832542.4000000013	625945.1287453264
832602.2	625924.0403437585
832602.2000000002	625924.0403437584
832602.2000000007	625924.0403437583
832602.2000000009	625924.0403437582
832697.2	625890.5387024711
832697.2000000002	625890.538702471
832697.2000000004	625890.5387024708
832744.48	625873.8654645755
832744.4800000001	625867.3500000001
832762.9557853909	625867.35
832762.9557853914	625867.3499999999
832762.9557853916	625867.3499999997
832762.9557853921	625867.3499999996
832834.1881163535	625842.2300000002
832834.1881163539	625842.2300000001
832834.1881163542	625842.23
832834.1881163544	625842.2299999999
832834.1881163549	625842.2299999997
833181.8	625719.6450670192
833276.8	625475.43
833324.0800000001	625340.95
834105.68	625287.75
834406.5170523596	625287.7499999999
834685.28	624761.35
835899.2200387849	624761.3499999999
836180.5999999999	624617.43
836275.5999999999	624250.63
836322.8799999999	624116.1499999999
837684.0800000001	623536.55
838164.98	623414.55
838434.18	622890.65
839762.38	622789.75
841189.5	621182.9299999999
841284.5	620816.1299999999
841331.7799999999	620681.6499999999
841879.8000000003	620448.3026652952
841962.5800894138	620448.3026652951
843173.88	619980.05
843443.0799999996	619456.1499999996
847337.98	618481.05
847615.7999999989	618107.2299999992
847710.7999999991	617740.4299999994
847710.8000000003	617740.4299999992
849119.2799999972	617026.3500000013
852200.9999999959	616905.0299998771
852260.7999999947	616486.2299999958
852355.8	616119.4299999999
852403.0799999997	615984.9499999997
853184.68	615931.75
853764.2799999986	615405.3500000006
853764.2799999989	615405.3499999989
855092.4799999825	615304.4499999902
858323.5800000001	614175.65
858903.1799999956	613649.2500000019
858903.1799999959	613649.2499999969
860231.3799999933	613548.3500000006
860290.9999999993	613547.7099999994
862745.1799999999	612630.1499999999
864292.5799999984	611886.8500000007
864292.5799999986	611886.8499999986
865620.7799999798	611785.9500000016
865680.3999999937	611785.31
865680.3999999997	611785.3099999997
869207.9255589498	611785.3099999996
869314.6999999748	610671.3300001763
869361.9800000526	610536.8499999102
869623.6799999936	610244.0500000056
869623.6799999938	610244.049999995
870951.8800000001	610143.1499999999
871011.4999999995	610142.5099999995
874849.9799999988	609112.6499999987
874849.9800000009	609112.6499999984
874849.980000001	609112.6499999983
874849.9800000011	609112.6499999982
875111.679999998	608819.8499999983
875468.8799999952	608647.5500000024
876797.08	608546.6499999999
876856.6999998528	608546.0099999913
881084.686762179	608546.0099999903
881519.9299999998	607559.4799999999
881877.1299999972	607387.1800000013
881877.1299999974	607387.1799999981
887278.2226599816	607286.279999996
887350.23	606905.25
887350.2300000001	606905.2499999998
887503.7299999965	606628.2799999972
887668.2047709225	606483.6799999999
887668.2047709227	606483.6799999997
887668.2047709229	606483.6799999996
887668.204770923	606483.6799999995
887668.2047709231	606483.6799999994
887668.2047709232	606483.6799999992
887668.2047709234	606483.6799999991
887668.2047709235	606483.679999999
887668.2047709237	606483.6799999989
887668.2047709238	606483.6799999988
887689.4407663699	606465.0101157102
887697.6800000045	606463.9912520701
887697.680000006	606463.99125207
887697.6800000075	606463.9912520698
887697.6800000079	606463.9912520697
887697.6800000106	606463.9912520696
889018.1299999976	606363.6799999983
894034.141857689	606363.679999998
894076.8999999928	606064.2299999944
894117.9799999978	605871.6299999956
894249.8546615161	605633.6799999991
894249.8546615163	605633.679999999
894249.8546615164	605633.6799999987
894249.8546615165	605633.6799999985
894249.8546615166	605633.6799999984
894249.8546615168	605633.679999998
894269.93	605597.4567654722
894269.9300000002	605597.456765472
894269.9300000003	605597.4567654717
894269.9300000006	605597.456765471
894269.9300000009	605597.4567654707
894269.930000001	605597.4567654706
894269.9300000011	605597.4567654703
894269.9300000013	605597.4567654701
899642.4799999949	604942.8299999959
899795.9799999965	604665.8600000062
905578.88	604414.6599999999
905857.5384647304	604414.6599999997
906064.2799999928	603922.859999997
911847.18	603671.6599999999
912588.5120482838	603594.3599999993
912588.5120482839	603594.3599999987
912610.1699999975	603506.970000001
912610.1699999976	603506.9699999981
912763.6699999981	603229.9999999985
913156.2699999796	603152.6999999983
918546.5700000001	602978.7999999999
919503.4735888364	602901.4999999998
920021.2699999891	602598.3000000021
925411.5699999986	602424.3999999987
926361.87	602324.1597809475
926456.4241705765	602324.1597809473
926456.4241705766	602324.159780947
926456.4241705767	602324.1597809468
926509.9699999997	602295
926515.36999999	602217.800000018
926607.7699999799	602117.4000000218
932292.8699999996	602043.8
932828.5800000001	602039.75
933004.07	601914.5
933096.4699999996	601814.0999999996
934110.488171298	601814.0999999995
934110.4881712995	601814.0999999992
938879.3699999993	601562.8999999994
939807.6799999985	601481.5499999988
945590.5799999996	601230.3499999995
948259.3723456808	601092.4699999995
948259.3723456812	601092.4699999994
948259.3723456819	601092.4699999993
948292.8599999994	601084.4699999994
952972.0799999989	600990.2499999992
959948.3799999995	600735.3499999995
968433.5599999801	600338.2700000047
968433.5599999806	600338.2700000046
