63	385	480
63	388	453
63	399	435
63	419	431
63	458	428
64	376	449
64	387	431
64	411	415
64	472	409
65	380	413
65	441	392
66	357	435
66	392	393
66	482	389
67	368	432
67	406	374
67	505	371
68	311	487
68	319	431
68	330	413
68	356	389
68	398	385
68	496	356
69	349	410
69	370	370
70	290	484
70	379	362
71	308	434
71	359	364
71	379	353
71	388	351
71	403	337
71	459	332
72	288	438
72	376	353
72	391	347
72	398	337
73	263	482
73	322	389
73	328	380
73	335	363
73	356	356
73	359	344
73	391	330
73	430	316
74	260	490
74	264	459
74	287	436
74	297	394
74	304	386
74	316	374
74	317	373
74	332	362
74	348	344
74	382	326
74	474	306
75	249	486
75	289	400
75	313	376
75	316	367
75	343	343
75	378	327
75	389	323
75	390	316
75	480	295
76	237	516
76	250	463
76	261	445
76	272	416
76	283	398
76	306	375
76	312	370
77	232	506
77	292	394
77	298	385
77	401	309
77	475	291
78	232	483
78	258	420
78	280	388
78	301	364
78	313	360
78	314	346
78	328	342
78	335	330
78	342	322
78	373	306
78	399	297
79	240	447
79	299	367
79	302	353
79	330	329
79	456	296
79	468	282
79	498	273
80	226	500
80	227	489
80	242	433
80	253	412
80	268	402
80	295	364
80	304	348
80	319	337
80	324	322
80	447	277
81	210	543
81	229	451
81	239	439
81	253	411
81	280	376
81	299	356
81	307	344
81	343	307
81	364	295
81	390	286
81	463	269
82	206	517
82	207	506
82	231	437
82	244	423
82	266	393
82	272	391
82	273	386
82	281	362
82	282	357
82	296	352
82	314	328
82	370	290
83	200	563
83	216	485
83	262	396
83	268	383
83	272	380
83	298	342
83	301	332
83	302	327
83	332	306
84	196	537
84	198	514
84	230	427
84	258	387
84	290	334
84	323	319
85	196	502
85	205	474
85	268	353
85	314	325
85	321	317
85	337	296
85	361	279
85	476	264
85	512	246
86	216	444
86	251	378
86	303	314
86	440	251
87	185	533
87	187	510
87	241	377
87	259	364
87	333	300
87	360	286
87	411	264
88	192	486
88	216	424
88	266	350
88	285	327
88	306	307
88	338	286
88	374	262
88	425	247
89	179	544
89	198	465
89	219	402
89	224	400
89	277	325
89	295	313
89	297	308
89	312	301
89	314	297
89	394	257
89	401	252
89	438	240
90	199	439
90	207	425
90	281	322
90	311	301
90	324	289
90	362	267
90	385	255
90	418	245
90	434	244
90	468	235
90	484	230
91	183	503
91	192	448
91	201	425
91	217	409
91	255	344
91	299	296
91	315	288
91	330	284
91	337	275
91	347	265
92	172	531
92	173	520
92	194	434
92	198	430
92	212	396
92	217	391
92	220	378
92	254	355
92	255	338
92	268	326
92	275	304
92	300	287
92	361	256
92	415	247
93	191	486
93	202	407
93	217	390
93	248	372
93	263	311
93	283	294
93	289	290
93	306	283
93	315	281
93	417	230
93	453	229
94	166	542
94	207	398
94	210	384
94	304	286
94	321	273
94	352	249
94	480	219
95	172	493
95	173	482
95	282	294
95	304	280
95	324	262
95	337	257
95	348	253
95	352	247
95	452	216
96	189	430
96	196	401
96	208	388
96	261	318
96	273	289
96	297	274
96	330	253
97	166	504
97	185	481
97	186	449
97	207	371
97	259	326
97	291	277
97	323	269
97	359	246
97	385	241
98	184	455
98	187	409
98	198	384
98	210	365
98	216	364
98	238	337
98	239	331
98	260	293
98	289	279
98	334	252
98	446	217
99	175	469
99	189	395
99	197	377
99	201	371
99	218	354
99	259	307
99	274	277
99	306	265
99	330	243
99	356	242
100	164	499
100	165	496
100	169	491
100	170	479
100	188	405
100	241	325
100	259	286
100	307	259
100	327	253
100	413	238
100	436	218
100	458	210
101	157	541
101	176	423
101	189	381
101	245	312
102	157	530
102	158	519
102	175	435
102	178	409
102	186	391
102	213	353
102	251	303
102	256	296
102	258	284
102	297	270
102	303	257
102	323	236
102	405	215
102	412	209
102	426	207
103	169	453
103	197	357
103	199	354
103	246	305
103	247	286
103	264	271
103	289	264
103	292	251
103	302	250
103	304	244
103	355	219
103	417	204
104	173	412
104	190	369
104	205	346
104	232	295
104	265	267
104	269	264
104	291	260
104	320	238
104	339	230
104	350	229
104	453	190
105	163	464
105	169	427
105	175	398
105	186	385
105	222	312
105	260	271
106	151	522
106	152	502
106	157	471
106	161	452
106	162	441
106	211	344
106	247	282
106	285	260
106	295	245
106	306	241
106	363	213
107	180	381
107	198	351
107	220	325
107	235	294
107	237	288
107	240	279
107	249	276
107	315	232
107	355	214
107	416	189
107	462	182
108	185	380
108	195	367
108	197	339
108	226	308
108	242	273
108	265	266
108	272	263
108	273	250
108	313	224
108	343	220
108	346	218
108	375	208
108	390	194
109	156	445
109	166	432
109	187	364
109	192	339
109	210	331
109	255	264
109	267	260
109	275	246
109	288	239
109	341	220
109	350	204
109	380	203
110	154	490
110	155	479
110	172	395
110	186	365
110	205	335
110	206	310
110	209	305
110	258	262
110	298	228
110	496	175
111	152	454
111	162	412
111	222	285
111	254	262
111	258	261
111	262	250
111	282	239
111	310	218
111	314	216
111	397	184
112	247	272
112	264	246
112	326	206
112	357	194
113	159	403
113	164	391
113	167	388
113	199	324
113	237	283
113	240	278
113	242	272
113	287	228
113	379	188
113	422	175
113	466	171
114	148	482
114	149	462
114	150	453
114	151	428
114	178	378
114	179	375
114	190	332
114	197	324
114	217	283
114	249	271
114	271	237
114	299	218
115	188	337
115	233	276
115	259	244
115	303	214
115	333	196
116	179	365
116	228	277
116	234	265
116	250	255
116	258	242
116	266	240
116	271	236
116	283	234
116	327	203
116	340	194
116	377	192
117	139	527
117	142	466
117	150	451
117	162	393
117	172	349
117	181	348
117	186	338
117	201	311
117	229	269
117	246	256
117	247	255
117	281	232
117	337	191
117	425	162
118	138	539
118	196	324
118	197	304
118	199	301
118	212	279
118	234	260
118	240	252
118	256	246
118	272	227
118	357	182
118	384	181
118	441	160
119	140	466
119	180	325
119	192	307
119	241	251
119	246	250
119	306	205
119	327	195
119	385	174
119	464	158
120	155	417
120	229	260
120	289	225
120	392	172
120	438	157
121	158	366
121	179	321
121	182	316
121	227	259
121	235	250
121	251	247
121	375	169
121	421	165
122	136	509
122	144	460
122	146	420
122	191	300
122	223	266
122	253	241
122	254	237
122	282	217
122	292	206
122	315	202
122	332	194
122	395	160
122	477	153
123	135	525
123	158	360
123	163	346
123	203	299
123	211	297
123	237	242
123	248	232
123	278	220
123	360	180
123	384	166
123	388	161
124	147	405
124	178	335
124	215	275
124	222	255
124	267	226
124	331	185
124	404	159
124	431	153
124	455	151
125	136	487
125	153	362
125	163	343
125	170	326
125	186	312
125	189	308
125	199	279
125	224	254
125	230	246
125	263	229
125	277	215
125	299	196
125	322	192
125	349	173
125	379	167
125	471	149
126	132	476
126	141	424
126	162	346
126	181	313
126	186	296
126	192	293
126	197	284
126	209	274
126	214	260
126	217	254
126	231	245
126	236	244
126	247	238
126	267	216
126	270	213
126	321	194
126	413	158
127	138	436
127	152	403
127	170	320
127	180	305
127	210	273
127	217	253
127	236	240
127	266	226
127	281	208
127	282	204
127	362	165
127	384	164
127	402	159
127	444	148
128	139	419
128	147	398
128	208	272
128	264	219
128	294	194
128	314	184
128	396	153
129	128	489
129	148	383
129	156	349
129	203	275
129	207	257
129	221	250
129	225	239
129	236	238
129	265	209
129	307	193
129	344	179
129	377	157
129	401	151
130	127	491
130	138	424
130	142	404
130	143	395
130	149	357
130	155	341
130	167	323
130	199	278
130	209	256
130	217	251
130	248	228
130	338	178
130	394	152
131	126	503
131	140	392
131	145	374
131	161	329
131	183	300
131	190	283
131	192	280
131	199	268
131	212	249
131	239	234
131	309	182
131	359	167
131	461	142
132	129	483
132	136	447
132	177	311
132	188	291
132	242	228
132	246	227
132	331	175
132	340	171
132	349	170
132	350	167
132	477	140
133	138	393
133	141	377
133	168	309
133	184	295
133	202	253
133	238	218
133	261	214
133	285	202
133	311	181
133	348	168
134	127	481
134	160	329
134	162	315
134	182	304
134	195	267
134	201	260
134	249	213
134	260	210
134	268	207
134	299	193
134	348	162
134	421	150
135	126	483
135	128	453
135	135	396
135	146	354
135	151	336
135	177	305
135	180	295
135	192	268
135	211	244
135	223	236
135	224	233
135	231	226
135	341	163
135	371	153
135	382	151
136	129	430
136	215	243
136	226	232
136	233	216
136	251	209
136	277	194
136	304	192
136	306	179
137	123	481
137	136	381
137	141	370
137	151	330
137	172	290
137	183	280
137	185	273
137	187	270
137	197	257
137	217	233
137	229	227
137	257	204
137	275	197
137	321	177
137	325	174
137	379	151
137	395	148
138	122	483
138	134	417
138	153	324
138	219	231
138	266	202
138	304	180
138	359	161
138	365	156
139	148	341
139	160	305
139	184	269
139	187	264
139	209	244
139	213	230
139	214	229
139	230	224
139	246	207
139	266	200
139	280	185
139	321	165
139	333	160
140	120	505
140	121	461
140	201	256
140	212	240
140	256	204
140	270	195
140	309	172
140	430	142
140	499	133
141	123	455
141	139	374
141	190	257
141	198	248
141	261	194
141	301	181
141	360	157
141	413	142
142	117	538
142	129	401
142	136	371
142	139	357
142	144	354
142	148	329
142	158	308
142	165	298
142	181	264
142	196	243
142	214	227
142	219	225
142	244	208
142	253	203
142	298	171
142	404	145
142	409	142
142	439	140
143	119	494
143	149	319
143	162	304
143	169	291
143	177	276
143	185	259
143	192	251
143	204	242
143	207	238
143	232	220
143	237	206
143	247	204
143	253	194
143	276	193
143	285	183
143	337	155
143	370	152
143	406	141
143	408	140
143	423	136
144	122	425
144	127	396
144	142	336
144	156	300
144	164	285
144	181	258
144	191	253
144	194	247
144	212	236
144	213	226
144	353	153
144	357	152
144	395	144
144	399	139
144	451	131
145	139	344
145	175	268
145	185	253
145	189	245
145	200	238
145	213	225
145	226	223
145	256	191
145	293	169
145	355	145
145	467	129
146	117	453
146	125	404
146	130	375
146	169	284
146	199	238
146	225	214
146	316	163
146	341	147
147	116	455
147	131	369
147	146	324
147	154	314
147	202	234
147	207	227
147	209	225
147	246	204
147	289	182
148	119	425
148	126	401
148	185	248
148	192	241
148	196	240
148	219	221
148	247	203
148	321	162
148	384	140
148	416	133
149	124	395
149	134	348
149	166	277
149	196	234
149	231	208
149	245	202
149	315	167
149	444	128
150	114	498
150	122	404
150	156	291
150	169	262
150	173	258
150	179	247
150	188	242
150	200	228
150	217	208
150	240	205
150	244	202
150	251	201
150	268	185
150	275	182
150	280	181
150	291	173
150	302	168
150	303	163
150	310	161
150	348	142
151	119	411
151	128	388
151	151	313
151	173	257
151	204	226
151	208	222
151	211	214
151	246	198
151	256	186
151	282	169
151	297	166
151	309	161
151	334	144
152	113	466
152	140	319
152	143	308
152	155	292
152	159	288
152	167	273
152	188	238
152	216	209
152	246	185
152	308	162
153	109	515
153	122	390
153	127	372
153	130	366
153	137	327
153	140	314
153	179	242
153	193	237
153	195	229
153	198	221
153	228	207
153	232	204
153	237	195
153	305	152
153	377	137
153	489	122
154	109	467
154	133	365
154	143	302
154	153	296
154	164	274
154	274	172
154	293	159
155	112	437
155	133	345
155	140	308
155	149	301
155	157	286
155	159	267
155	167	252
155	179	241
155	185	233
155	223	205
155	229	195
155	292	164
155	321	150
155	343	140
155	351	138
156	125	382
156	134	337
156	173	249
156	187	229
156	190	224
156	194	223
156	206	216
156	215	212
156	226	204
156	236	192
156	283	166
157	115	416
157	123	389
157	127	370
157	139	318
157	196	222
157	213	211
157	269	170
157	279	169
158	125	377
158	129	352
158	132	326
158	138	312
158	152	279
158	163	263
158	171	246
158	183	237
158	188	227
158	196	220
158	204	212
158	209	209
158	217	207
158	263	179
158	292	161
158	298	149
158	318	147
158	386	136
158	443	125
159	122	380
159	135	321
159	148	291
159	153	273
159	162	264
159	175	240
159	178	239
159	203	218
159	210	208
159	221	202
159	240	178
159	290	159
159	308	147
159	514	118
160	117	394
160	120	374
160	141	291
160	162	263
160	178	236
160	262	176
160	329	139
160	337	138
160	369	135
161	106	475
161	118	374
161	130	343
161	138	297
161	159	258
161	163	250
161	167	243
161	197	209
161	220	199
161	238	179
161	269	166
162	103	511
162	109	423
162	120	362
162	125	353
162	135	305
162	146	289
162	166	245
162	179	229
162	194	213
162	207	204
162	246	174
162	286	162
162	289	160
162	353	135
162	377	133
162	402	132
162	404	128
163	103	469
163	113	417
163	115	410
163	131	328
163	146	275
163	154	260
163	155	259
163	157	255
163	163	244
163	221	194
163	237	188
163	254	168
163	267	164
163	352	137
163	412	123
163	491	116
164	112	402
164	117	384
164	141	282
164	150	268
164	158	253
164	167	239
164	171	238
164	197	207
164	217	200
164	219	194
164	224	193
164	226	190
164	250	171
164	284	163
164	308	140
164	437	120
165	115	374
165	132	315
165	137	301
165	146	269
165	154	254
165	187	220
165	240	177
165	280	160
165	281	153
165	294	152
165	383	125
166	102	457
166	107	418
166	131	319
166	150	264
166	158	249
166	181	223
166	190	216
166	205	205
166	230	185
166	237	182
166	238	174
166	244	168
166	261	161
166	269	160
166	297	149
167	127	330
167	133	304
167	168	233
167	172	225
167	173	223
167	177	222
167	195	210
167	208	194
167	221	186
167	224	181
167	255	166
167	269	153
167	452	117
168	99	520
168	110	389
168	115	371
168	135	300
168	140	296
168	182	218
168	188	216
168	192	209
168	199	206
168	208	190
168	240	168
168	295	149
168	482	114
169	106	438
169	120	352
169	141	272
169	153	248
169	159	242
169	161	233
169	165	232
169	185	214
169	244	164
169	252	160
169	261	157
169	276	151
169	516	112
170	101	447
170	103	429
170	120	340
170	169	229
170	179	220
170	183	212
170	196	208
170	206	191
170	213	188
170	216	184
170	235	175
170	250	163
170	274	150
170	369	124
171	97	513
171	106	409
171	118	340
171	123	331
171	125	317
171	132	293
171	139	277
171	144	258
171	152	243
171	191	206
171	193	205
171	219	177
171	284	148
171	363	127
171	476	115
172	103	427
172	104	426
172	107	389
172	112	371
172	162	227
172	196	201
172	198	198
172	211	188
172	248	163
172	312	139
172	449	118
173	101	435
173	109	388
173	114	370
173	128	296
173	182	211
173	187	206
173	194	202
173	214	187
173	262	152
173	289	145
173	292	143
173	407	118
173	438	115
174	134	292
174	199	194
174	203	193
174	208	189
174	243	163
174	393	121
174	486	111
175	115	340
175	132	288
175	165	221
175	170	219
175	173	214
175	206	186
175	229	173
175	244	158
175	310	132
176	97	452
176	100	423
176	114	348
176	137	278
176	150	257
176	177	209
176	182	204
176	188	199
176	189	198
176	209	183
176	214	175
176	277	148
176	284	141
176	353	123
177	93	522
177	108	387
177	113	367
177	135	274
177	153	238
177	182	202
177	192	193
177	208	180
177	213	179
178	99	436
178	123	328
178	125	312
178	143	267
178	168	214
178	169	212
178	179	206
178	202	191
178	204	184
178	212	176
178	225	172
178	248	155
178	393	117
179	97	444
179	104	404
179	111	365
179	135	268
179	145	253
179	152	232
179	179	202
179	184	196
179	200	187
179	204	179
179	262	151
179	304	137
179	343	130
180	99	413
180	111	348
180	125	308
180	132	286
180	157	222
180	161	221
180	165	219
180	187	192
180	217	173
180	238	169
180	511	107
181	96	436
181	102	383
181	134	272
181	142	262
181	156	227
181	182	197
181	202	180
181	231	167
181	269	141
182	97	422
182	140	247
182	148	232
182	177	206
182	190	189
182	195	183
182	253	152
182	290	136
182	445	110
183	98	420
183	102	379
183	107	361
183	112	337
183	130	271
183	158	216
183	174	208
183	178	204
183	179	198
183	185	195
183	198	179
183	211	175
183	251	153
183	261	144
184	111	338
184	125	291
184	128	279
184	135	263
184	151	231
184	163	215
184	167	209
184	182	194
184	185	192
184	248	149
184	252	148
184	295	131
184	326	130
184	377	116
184	492	107
185	89	515
185	114	316
185	127	286
185	128	276
185	133	257
185	141	242
185	157	219
185	166	211
185	170	205
185	177	195
185	187	190
185	204	178
185	214	165
185	230	161
185	244	156
185	284	132
185	288	131
186	89	491
186	92	469
186	95	422
186	114	310
186	163	214
186	166	207
186	169	206
186	171	201
186	180	191
186	189	186
186	192	185
186	202	175
186	212	173
186	228	160
186	237	154
186	331	122
187	92	445
187	99	405
187	101	390
187	117	295
187	134	256
187	142	241
187	148	229
187	173	198
187	175	196
187	178	193
187	184	187
187	190	181
187	212	166
187	272	136
187	279	132
187	366	120
188	100	391
188	102	378
188	103	352
188	108	334
188	149	227
188	152	224
188	155	222
188	160	211
188	178	192
188	183	190
188	185	184
188	188	183
188	193	177
188	204	169
188	235	157
189	101	389
189	132	267
189	164	210
189	261	138
189	314	130
189	350	117
189	442	107
190	111	310
190	132	256
190	148	221
190	163	204
190	175	191
190	180	185
190	191	178
190	210	166
190	224	162
190	230	157
190	237	153
190	245	151
190	257	141
190	391	113
190	517	103
191	106	336
191	114	295
191	131	265
191	132	254
191	144	230
191	152	215
191	155	213
191	161	208
191	170	199
191	183	181
191	199	174
191	242	152
191	254	145
191	313	127
191	322	124
192	89	464
192	138	247
192	161	205
192	178	186
192	195	174
192	222	164
192	245	150
192	299	126
192	503	104
193	95	414
193	125	269
193	134	253
193	135	240
193	142	238
193	143	225
193	161	203
193	164	200
193	169	196
193	172	190
193	175	187
193	183	180
193	187	179
193	194	174
193	198	173
193	214	162
193	220	160
193	232	156
193	245	144
193	248	143
193	254	138
193	274	131
193	321	125
193	344	117
194	86	538
194	98	387
194	104	339
194	154	208
194	159	202
194	162	201
194	177	185
194	178	183
194	186	176
194	190	175
194	202	172
194	218	156
194	222	155
194	232	149
194	428	106
195	86	514
195	124	280
195	152	213
195	158	205
195	162	198
195	170	191
195	173	188
195	181	181
196	95	375
196	107	311
196	134	240
196	145	218
196	151	217
196	153	208
196	157	207
196	164	196
196	166	194
196	168	190
196	173	184
196	177	183
196	184	177
196	189	175
196	196	173
196	216	157
196	240	148
196	294	125
196	321	119
196	458	104
197	110	296
197	130	265
197	148	217
197	167	190
197	176	180
197	180	179
197	208	160
197	241	144
197	250	140
197	256	135
197	269	132
197	292	128
197	315	124
197	374	110
198	92	433
198	98	354
198	130	245
198	138	230
198	144	218
198	155	206
198	156	203
198	161	197
198	163	194
198	166	191
198	170	186
198	171	185
198	207	168
198	293	126
199	84	563
199	88	473
199	93	381
199	105	313
199	124	269
199	127	265
199	133	239
199	141	224
199	148	213
199	151	211
199	164	193
199	174	181
199	182	177
199	187	175
199	223	152
199	231	145
199	266	129
199	270	128
199	317	123
199	328	116
199	467	102
200	117	288
200	147	213
200	168	187
200	193	171
200	205	168
200	212	159
200	215	158
200	220	152
200	224	151
200	227	148
200	263	133
200	315	119
201	96	360
201	126	267
201	127	252
201	128	249
201	137	228
201	143	214
201	155	202
201	171	183
201	180	178
201	204	167
201	212	158
201	289	127
202	103	320
202	108	299
202	123	272
202	124	259
202	150	209
202	155	199
202	160	193
202	173	182
202	177	177
202	181	175
202	182	174
202	186	173
202	201	164
202	264	132
202	471	99
203	124	255
203	138	227
203	152	202
203	156	198
203	157	194
203	163	189
203	170	182
203	189	170
203	204	160
203	210	156
203	239	144
203	240	139
203	299	124
203	399	106
203	484	98
204	102	331
204	132	242
204	140	219
204	144	210
204	145	207
204	154	201
204	160	190
204	165	188
204	180	175
204	192	166
204	202	163
204	345	112
205	90	445
205	91	442
205	121	280
205	126	251
205	153	197
205	163	188
205	165	185
205	169	180
205	172	178
205	216	153
205	305	122
206	83	493
206	101	336
206	113	283
206	130	233
206	131	229
206	150	199
206	153	196
206	154	195
206	155	194
206	158	190
206	159	189
206	164	185
206	165	183
206	167	182
206	171	178
206	299	118
206	370	110
207	118	272
207	142	212
207	146	203
207	151	197
207	161	186
207	162	185
207	168	179
207	178	175
207	197	165
207	219	152
207	242	136
207	457	98
208	120	263
208	139	213
208	141	209
208	154	193
208	176	177
208	183	172
208	200	161
208	214	153
208	232	141
208	250	133
209	88	402
209	110	272
209	133	222
209	138	214
209	149	200
209	151	196
209	152	192
209	156	190
209	157	186
209	164	183
209	176	175
209	181	173
209	186	168
209	208	152
209	218	148
209	228	143
209	236	136
209	240	135
210	101	319
210	120	257
210	132	223
210	148	201
210	160	182
210	164	181
210	173	175
210	187	167
211	100	309
211	125	235
211	141	206
211	143	202
211	147	200
211	148	196
211	156	189
211	167	177
211	190	163
211	222	143
211	260	131
212	95	347
212	98	322
212	101	301
212	119	264
212	128	231
212	129	228
212	136	216
212	151	192
212	156	188
212	166	179
212	188	164
212	195	162
212	226	140
213	83	467
213	86	456
213	96	324
213	109	291
213	120	246
213	135	218
213	147	199
213	165	178
213	184	169
213	196	158
213	258	131
213	318	115
214	119	254
214	133	217
214	134	216
214	138	211
214	139	208
214	146	198
214	148	194
214	152	189
214	157	183
214	174	171
214	232	137
214	254	131
214	268	127
214	269	122
214	306	113
215	99	303
215	136	213
215	138	209
215	156	184
215	160	179
215	195	159
215	205	157
216	112	266
216	128	230
216	145	200
216	155	185
216	172	175
216	199	154
216	297	119
216	342	112
216	348	105
217	103	299
217	149	190
217	153	185
217	158	179
217	162	177
217	169	173
217	173	172
217	177	167
217	181	165
217	185	164
217	194	161
217	210	151
218	118	248
218	155	184
218	156	180
218	161	175
218	165	173
218	176	168
218	180	163
218	184	161
218	188	160
218	193	155
218	208	148
218	212	143
218	216	141
218	220	140
218	264	128
218	323	108
219	93	342
219	131	219
219	132	215
219	152	187
219	284	120
220	81	438
220	91	328
220	96	310
220	105	298
220	117	251
220	135	211
220	141	205
220	142	198
220	145	192
220	172	170
220	238	131
220	264	127
221	104	283
221	107	281
221	122	229
221	139	206
221	141	199
221	144	193
221	155	183
221	298	112
221	302	111
222	121	234
222	127	226
222	128	224
222	133	208
222	139	203
222	152	183
222	156	178
222	205	153
222	212	142
223	128	219
223	131	213
223	132	209
223	136	207
223	144	191
223	150	184
223	153	182
223	156	177
223	172	168
223	207	145
223	245	127
223	346	106
223	496	97
224	143	192
224	148	189
224	162	172
224	371	99
225	89	380
225	97	285
225	107	279
225	115	258
225	125	219
225	135	201
225	139	197
225	141	194
225	210	144
225	231	137
226	120	239
226	129	214
226	134	202
226	152	180
226	153	178
226	157	173
226	172	166
226	176	161
226	180	159
226	184	158
226	237	135
226	337	103
227	87	354
227	103	267
227	114	261
227	119	235
227	120	228
228	76	541
228	95	287
228	111	258
228	116	236
228	131	207
228	150	181
228	232	136
228	316	109
228	368	98
229	114	241
229	123	227
229	125	216
229	130	208
229	165	170
229	186	156
229	200	151
229	214	138
229	290	115
230	82	395
230	85	353
230	101	276
230	136	200
230	149	181
230	152	176
230	159	171
230	175	161
230	242	126
230	317	108
231	92	302
231	106	253
231	137	197
231	141	189
231	151	177
231	168	164
231	172	162
231	236	132
231	262	125
231	280	117
231	509	88
232	128	211
232	193	147
232	264	117
233	90	323
233	143	184
233	179	160
234	148	178
234	163	166
234	494	94
235	83	358
235	103	257
235	128	209
235	138	195
235	204	146
235	287	111
236	95	285
236	104	254
236	122	219
236	133	204
236	135	200
236	137	192
236	156	175
236	169	163
236	181	152
236	314	105
237	80	448
237	81	379
237	89	313
237	94	295
237	109	239
237	113	237
237	130	202
237	138	187
237	160	167
237	163	165
237	176	160
237	234	128
238	80	430
238	100	272
238	115	234
238	117	230
238	124	212
238	137	188
238	146	182
238	147	177
238	191	149
238	214	136
239	93	287
239	119	219
239	129	208
239	141	184
239	164	162
239	219	135
240	76	420
240	108	252
240	114	230
240	117	218
240	132	200
240	141	183
240	143	179
240	145	178
240	158	171
240	161	166
240	232	130
240	279	114
241	74	479
241	86	327
241	148	173
241	153	168
241	175	158
242	110	237
242	121	214
242	128	205
242	129	200
242	131	199
242	134	189
242	178	151
242	221	134
242	231	130
243	84	348
243	303	110
244	102	253
244	103	246
244	127	198
244	136	187
244	177	150
244	256	120
244	292	109
244	353	99
245	91	285
245	93	272
245	107	238
245	112	226
245	141	182
245	143	176
245	152	168
245	196	140
245	247	122
245	256	119
245	304	102
245	419	93
246	72	504
246	82	351
246	98	256
246	126	207
246	161	160
246	230	130
246	255	121
246	291	109
246	397	90
247	73	450
247	83	338
247	88	305
247	90	294
247	124	207
247	141	181
247	175	153
247	205	136
247	352	99
248	79	374
248	90	287
248	109	230
248	119	212
248	151	170
248	174	153
248	235	125
248	265	111
248	415	89
248	416	87
249	81	350
249	85	303
249	96	258
249	121	204
249	146	171
249	149	166
249	349	94
250	104	245
250	133	196
250	135	188
250	139	182
250	303	106
250	516	82
251	90	286
251	115	219
251	171	157
251	207	135
252	100	252
252	171	152
252	219	129
252	241	124
252	255	118
252	319	97
252	373	90
252	403	87
253	78	376
253	117	212
253	134	185
253	138	182
253	157	163
253	160	158
253	166	156
253	230	128
253	298	108
253	462	86
253	467	83
254	76	402
254	83	308
254	93	261
254	125	203
254	138	179
254	159	159
254	162	154
254	185	149
254	241	121
255	70	509
255	91	273
255	102	241
255	123	199
255	147	170
255	184	147
255	266	108
255	334	94
255	468	82
256	73	417
256	104	228
256	128	193
256	224	124
256	248	116
256	300	100
256	357	92
257	71	443
257	134	178
257	212	131
257	241	116
257	327	94
257	369	91
258	80	324
258	114	222
258	115	215
258	148	169
259	79	328
259	85	299
259	231	123
259	372	89
259	489	80
260	76	361
260	113	216
260	130	191
260	167	150
260	193	138
260	342	91
261	78	335
261	102	235
261	140	174
261	145	170
261	179	142
261	420	83
261	514	79
262	69	468
262	82	314
262	84	287
262	137	172
262	161	156
262	163	153
262	191	138
262	211	134
262	215	129
262	260	112
262	297	106
262	305	96
263	73	375
263	82	310
263	91	268
263	112	207
263	152	160
263	154	159
263	206	131
264	77	333
264	96	240
264	120	202
264	136	173
264	140	166
264	259	107
265	108	220
265	111	213
265	129	183
265	153	158
266	94	243
266	100	235
266	123	188
266	187	138
266	206	126
267	80	313
267	120	201
267	313	93
267	413	83
268	74	349
268	131	175
268	151	158
268	159	157
268	175	143
268	196	135
268	284	101
269	79	324
269	117	199
269	153	154
270	68	504
270	70	386
270	133	170
270	168	147
270	237	115
270	246	114
271	70	382
271	84	276
271	181	139
271	201	128
271	256	113
271	402	88
272	76	339
272	78	312
272	230	122
272	437	79
273	73	357
273	76	335
273	100	226
273	116	205
273	161	150
273	164	145
273	219	125
273	246	108
273	269	106
273	332	91
273	366	89
274	93	253
274	109	217
274	130	176
274	143	163
275	66	529
275	75	333
275	147	159
275	496	77
276	74	337
276	175	142
276	349	90
276	360	86
277	109	211
277	208	121
277	223	117
277	266	101
278	67	441
278	148	157
279	79	296
279	81	295
279	99	217
279	110	209
279	132	170
279	140	165
279	198	128
279	266	100
279	332	90
280	107	208
280	117	196
280	144	159
280	149	155
280	187	130
280	293	94
280	348	89
280	458	77
281	96	239
281	128	176
281	154	152
281	174	142
281	329	89
282	70	381
282	110	198
282	167	140
282	222	113
282	432	77
283	65	466
283	85	258
283	118	189
283	119	186
283	331	88
283	344	86
284	78	292
285	69	358
285	129	169
285	131	168
285	132	166
285	326	91
285	472	75
286	67	383
286	74	320
286	81	285
286	112	196
286	120	180
286	165	142
287	128	171
287	204	124
287	377	80
288	155	145
289	73	321
290	102	210
290	182	131
290	239	110
291	65	401
291	66	384
291	89	251
291	177	131
291	257	104
291	291	93
292	114	194
292	126	168
292	141	164
293	71	344
293	74	318
293	113	191
293	190	123
293	213	113
293	241	104
294	92	238
294	112	192
294	348	82
295	94	224
295	149	154
295	168	137
296	95	215
296	133	165
296	141	158
296	145	152
296	150	150
296	175	134
297	75	298
297	124	178
297	154	148
297	158	140
297	187	127
297	196	120
297	199	119
297	225	112
297	281	99
298	63	443
298	64	405
298	87	254
298	134	163
298	421	78
299	72	326
299	102	208
299	125	176
299	132	161
299	144	156
299	174	135
300	68	349
300	125	166
300	180	126
300	231	111
301	66	355
301	91	246
301	93	218
301	106	204
301	133	159
301	307	87
301	429	76
302	116	186
302	148	151
302	217	109
302	280	97
303	76	294
303	100	205
303	151	144
303	388	76
304	83	253
304	117	185
304	119	182
304	121	177
304	285	91
305	70	318
305	229	108
305	294	89
305	376	76
306	62	385
306	81	263
306	106	196
306	120	179
306	122	175
306	130	162
307	69	333
307	82	256
307	172	134
307	194	117
307	418	72
308	68	338
308	113	178
308	164	137
308	170	136
308	266	94
309	76	280
309	147	145
309	293	88
310	80	275
310	88	232
310	112	185
310	257	100
310	359	78
311	60	410
311	91	228
311	179	124
311	209	116
312	90	222
312	391	73
312	399	72
313	80	264
313	128	161
313	208	109
313	332	80
314	138	154
314	157	142
314	203	114
315	304	86
315	355	78
316	61	396
316	62	367
316	101	198
316	152	141
316	161	138
316	244	101
316	473	70
317	63	358
317	105	195
318	87	228
318	150	140
318	365	77
319	59	446
319	175	122
319	362	75
320	59	426
320	73	306
320	79	271
320	81	256
320	140	153
320	239	103
321	59	421
321	60	392
321	106	190
321	109	187
321	130	159
321	166	136
321	208	108
321	280	93
322	115	170
322	162	136
323	106	183
323	128	159
323	153	139
324	57	471
324	70	314
324	116	168
324	160	133
324	169	125
324	249	95
324	321	84
325	57	451
325	107	181
325	134	156
325	523	69
326	77	279
326	123	166
326	137	150
326	140	147
326	246	100
327	58	430
327	103	187
327	184	115
327	235	101
327	266	90
328	342	76
328	489	68
329	67	316
329	80	257
329	95	198
329	122	160
329	240	99
330	74	275
330	84	238
330	103	182
330	286	88
330	307	81
331	56	465
331	157	136
332	56	455
332	72	285
332	104	180
332	179	119
332	193	111
332	341	76
333	60	355
333	73	278
333	134	149
333	294	87
333	327	79
334	101	189
334	360	73
335	114	176
335	488	67
336	71	297
336	79	254
336	82	244
336	99	191
336	112	176
336	115	167
336	119	161
336	233	98
336	335	78
337	87	219
337	163	126
337	248	93
337	345	73
337	353	72
338	58	380
338	90	212
338	109	178
338	149	139
338	419	67
339	71	286
339	89	213
339	130	155
340	147	137
341	92	208
341	293	82
342	146	143
342	209	105
342	356	71
343	221	103
343	256	90
344	78	250
344	128	156
344	143	143
344	162	128
344	313	80
345	172	119
345	282	85
346	70	293
346	81	238
346	133	152
346	160	131
347	155	130
347	321	79
348	250	92
348	323	76
348	339	73
348	403	66
349	82	236
349	108	179
350	91	203
350	167	123
350	302	81
351	99	189
351	275	85
352	68	301
352	97	194
352	110	169
353	57	434
353	101	183
353	146	140
353	334	74
354	56	400
355	86	220
355	98	185
355	129	154
355	292	81
356	78	244
356	100	178
356	174	118
356	249	92
357	57	388
357	215	98
357	283	82
358	101	176
358	115	163
358	144	141
358	333	72
359	54	425
359	77	270
359	235	94
359	309	77
359	390	69
360	106	169
361	124	157
361	145	135
361	207	103
361	272	85
362	55	413
362	74	260
362	320	76
362	462	64
363	87	213
363	336	71
364	147	132
364	329	73
364	381	69
364	387	65
365	89	199
365	215	97
365	274	84
366	111	165
367	103	173
368	100	175
368	140	139
368	247	92
369	157	128
369	271	86
369	319	73
370	101	173
370	220	96
370	259	87
370	286	81
371	191	104
371	242	90
371	282	81
371	316	76
372	56	377
372	163	122
373	165	121
373	262	86
374	83	218
374	99	181
374	308	80
375	82	229
375	93	198
375	110	161
375	149	131
375	294	78
375	299	77
376	129	149
376	138	139
376	200	100
377	54	402
377	84	216
377	97	190
377	137	146
377	232	91
378	59	338
378	61	323
378	70	273
378	72	263
379	92	187
379	127	156
379	242	89
379	271	85
379	301	76
379	359	67
381	212	99
382	102	172
382	136	138
383	76	252
384	80	224
384	200	99
384	286	79
384	365	65
385	67	312
385	106	168
385	309	73
385	323	72
386	59	335
386	123	154
386	184	114
386	199	100
387	69	296
387	130	141
388	57	352
388	139	136
388	213	98
388	278	83
389	87	197
389	98	173
389	138	137
389	179	108
389	319	71
390	109	167
391	99	171
391	257	84
391	259	83
392	75	247
392	163	121
393	55	377
393	60	324
393	69	276
393	125	153
393	128	148
393	298	77
394	83	208
394	174	112
396	81	216
396	108	159
396	172	115
396	183	105
396	217	93
397	158	127
397	198	103
398	344	69
399	74	258
400	137	133
402	180	106
402	305	75
403	56	372
403	100	170
404	55	376
405	60	320
405	67	278
405	114	152
405	135	134
405	284	76
406	164	115
407	105	161
407	334	67
408	53	462
408	154	121
408	347	65
409	412	59
410	72	252
410	96	174
410	244	85
410	282	80
411	58	334
412	111	153
412	128	140
412	343	66
413	53	416
413	60	318
413	130	139
413	148	128
413	152	122
414	101	167
414	403	59
415	54	372
417	108	158
417	178	109
417	215	96
417	314	70
418	143	130
418	432	58
419	212	93
419	231	89
420	91	184
422	177	111
422	195	98
423	120	142
424	211	96
424	287	74
425	55	357
426	169	110
427	150	126
427	180	104
428	57	351
428	104	159
429	98	169
429	247	83
430	111	152
431	103	160
431	137	130
432	59	318
433	110	153
433	149	122
433	239	85
434	60	317
434	283	78
436	222	90
437	327	66
438	86	204
438	216	91
439	163	117
439	275	77
440	210	96
441	70	254
441	117	143
443	56	348
443	164	114
444	82	205
445	55	351
445	128	139
448	251	82
450	78	228
451	53	386
451	159	117
451	169	108
452	59	312
452	76	233
452	193	102
452	242	83
452	277	75
453	174	107
453	275	76
456	90	183
456	132	131
456	273	77
457	187	103
457	227	87
458	395	58
460	76	224
460	158	118
460	261	78
460	337	64
465	156	119
467	96	170
468	203	94
468	377	59
470	84	197
471	53	380
471	88	194
474	142	126
474	152	117
474	293	73
475	179	104
475	208	93
478	258	78
479	163	112
479	179	103
481	78	214
481	325	65
483	318	69
484	120	139
484	132	130
487	211	91
487	304	72
488	82	203
488	228	86
488	261	77
489	313	70
492	84	196
493	78	211
494	89	184
494	121	138
494	133	129
495	76	220
495	319	66
496	156	114
497	74	250
497	97	168
501	372	59
503	239	82
505	145	124
506	136	127
510	235	84
511	82	202
511	87	188
511	509	55
512	108	151
513	164	110
516	137	126
517	116	142
520	247	80
524	146	122
524	496	55
525	284	72
537	493	55
