39	138	174
39	149	154
39	161	143
40	130	150
40	142	139
41	124	166
41	143	131
41	174	127
42	121	137
42	133	126
42	155	123
42	177	121
45	126	121
45	127	115
45	162	112
46	110	174
46	120	121
46	132	110
46	143	108
47	108	146
47	115	140
47	117	137
48	126	120
48	136	108
49	111	127
49	118	116
49	130	105
50	110	120
50	115	119
50	128	111
50	136	95
50	171	92
51	101	158
51	102	157
51	109	107
51	121	96
51	141	90
51	152	88
52	100	148
52	103	123
53	98	161
53	116	98
53	147	89
54	96	133
54	126	92
54	132	91
54	137	90
54	139	85
55	93	154
55	106	120
56	95	143
56	100	122
56	106	118
56	118	87
56	130	76
57	89	131
57	101	120
57	105	109
58	97	103
58	98	97
58	115	91
58	125	78
59	135	72
59	141	71
59	146	70
61	87	168
61	92	112
61	104	93
61	113	88
61	139	70
62	81	114
62	90	106
62	93	96
62	94	90
63	82	109
63	83	103
63	90	97
63	106	89
63	107	77
63	124	71
64	123	70
65	100	86
65	143	67
65	165	63
66	77	137
66	78	131
66	89	99
66	104	79
66	113	73
66	129	67
66	159	60
67	75	121
67	79	113
67	83	100
67	89	94
67	99	86
67	103	70
67	158	63
68	87	91
68	91	88
68	92	83
68	99	77
68	119	63
68	123	62
69	75	119
70	68	151
70	69	144
70	77	108
70	83	98
71	69	137
71	70	131
71	80	103
71	85	87
71	97	82
72	74	100
72	82	96
72	98	80
72	148	60
73	72	119
73	93	74
73	96	71
74	62	144
74	63	137
74	64	131
74	69	123
74	70	117
74	91	77
74	100	70
74	101	64
75	69	110
75	80	90
75	125	59
75	129	58
76	64	129
76	65	123
76	77	95
76	78	89
76	89	81
76	113	63
76	143	56
77	66	108
77	67	102
77	74	96
77	78	88
77	107	60
78	62	133
78	63	126
78	83	81
79	89	80
79	95	73
79	169	53
80	61	139
80	64	118
80	73	98
80	84	78
80	167	55
81	76	91
81	82	85
81	88	77
81	89	71
81	95	69
81	144	52
81	148	51
82	63	109
82	70	96
82	71	90
82	98	67
82	130	56
83	75	89
83	76	83
83	85	73
83	91	66
83	126	53
84	61	107
84	67	101
84	74	86
84	80	79
84	97	65
85	78	78
86	56	124
86	67	91
86	74	85
86	75	84
86	95	63
87	51	143
87	52	137
88	92	62
88	118	58
88	121	57
89	57	114
89	64	101
89	75	77
89	78	74
89	84	67
89	90	64
89	110	57
89	136	52
90	82	73
90	83	67
90	89	60
90	110	56
91	51	132
91	61	99
91	68	87
91	71	79
91	77	76
91	99	58
92	66	89
92	76	72
93	56	122
93	134	50
94	57	109
94	61	97
94	85	63
95	56	112
95	57	106
95	61	96
95	90	56
95	113	54
95	155	45
96	55	115
96	60	104
96	65	87
96	69	82
96	72	75
96	88	58
96	108	53
97	60	94
97	70	77
97	77	68
98	56	107
98	61	89
98	75	70
98	81	63
98	133	50
99	51	117
99	52	116
99	57	104
99	71	74
99	106	50
99	154	45
100	48	129
100	52	113
100	59	93
100	60	87
100	67	81
100	68	75
101	50	122
101	55	111
101	56	100
101	132	47
101	152	43
102	47	134
102	65	84
102	84	61
102	96	52
103	51	114
104	95	50
105	48	120
105	55	102
105	59	92
105	62	83
105	65	77
105	75	68
106	48	110
106	51	107
106	73	71
106	78	62
106	83	61
106	94	54
107	58	93
107	62	80
107	67	75
108	47	108
108	54	102
108	65	74
108	77	60
108	115	45
109	43	121
109	54	87
109	66	73
109	73	67
110	50	107
110	64	72
111	46	120
111	53	85
111	60	79
111	87	54
112	49	98
113	74	66
113	168	40
114	38	128
114	48	95
114	71	63
114	78	57
114	114	47
116	41	127
116	47	93
116	58	75
116	65	69
116	128	43
117	43	106
117	44	105
120	102	46
121	47	91
121	52	83
122	38	113
122	43	104
122	101	44
122	123	43
122	154	42
123	44	100
123	46	99
123	146	40
124	67	67
125	122	43
126	52	81
126	78	55
126	85	49
126	121	39
127	38	111
127	66	66
128	51	89
128	65	67
128	72	61
129	35	120
129	118	40
129	181	38
134	37	117
134	93	46
134	107	40
136	34	126
137	47	90
138	43	103
140	118	38
142	52	80
143	38	110
145	71	62
150	35	117
157	34	123
164	145	37
