53	337	391
53	347	344
53	349	337
54	303	421
54	316	318
54	358	309
55	280	403
55	308	344
55	313	302
55	356	297
56	269	379
56	274	374
56	279	332
57	251	356
57	274	302
57	323	280
57	366	275
58	240	332
59	238	328
59	262	286
59	296	265
59	361	257
60	258	298
60	269	276
61	212	314
61	231	288
61	240	283
61	257	265
61	326	246
62	206	313
62	269	253
62	305	246
62	314	242
62	350	238
63	204	309
63	216	278
63	228	267
63	253	250
63	276	243
63	321	232
64	235	257
64	261	247
64	279	231
65	194	290
65	219	254
65	235	243
65	258	231
65	286	221
66	188	289
66	230	238
66	256	227
66	265	221
66	306	216
67	171	313
67	196	269
67	197	266
67	218	242
67	228	234
67	243	231
67	252	225
67	285	216
67	321	213
68	195	262
68	216	238
68	270	211
69	169	290
69	174	281
69	217	232
69	265	217
69	285	208
70	163	297
70	167	286
70	172	277
70	207	235
70	213	231
70	215	229
70	236	219
70	245	213
70	317	206
71	155	300
71	169	276
71	186	274
71	187	251
71	211	229
71	215	227
71	224	224
71	225	221
71	261	209
71	265	208
71	276	205
71	313	197
72	153	296
72	174	269
72	185	247
72	199	240
72	214	226
72	246	205
72	260	201
72	268	199
73	164	276
73	181	268
73	183	245
73	202	236
73	207	226
73	229	207
73	277	192
74	165	275
74	168	266
74	177	252
74	198	244
74	200	234
74	205	233
74	217	212
74	227	205
74	245	202
74	265	196
74	297	187
75	181	247
75	184	241
75	192	228
75	203	221
75	209	217
75	211	215
75	215	210
76	162	255
76	195	222
76	222	202
76	244	193
76	250	192
76	329	179
77	143	296
77	157	271
77	170	240
77	181	233
77	193	220
77	208	213
77	220	200
77	227	195
77	252	189
78	138	328
78	143	289
78	154	270
78	169	254
78	225	193
78	293	177
79	171	232
79	190	216
79	211	211
79	213	198
79	231	189
79	245	188
80	139	292
80	166	241
80	170	232
80	199	215
80	203	205
80	205	201
80	219	197
80	278	185
80	295	171
81	130	334
81	138	316
81	143	268
81	161	262
81	168	228
81	218	188
81	236	184
81	245	183
81	255	177
81	293	169
81	313	167
82	128	330
82	140	281
82	153	250
82	159	239
82	190	212
82	196	211
82	198	206
82	204	199
82	227	187
82	253	175
82	311	165
83	133	289
83	152	253
83	157	237
83	172	222
83	196	200
83	208	198
83	210	195
83	216	191
83	238	183
84	167	228
84	168	224
84	182	211
84	189	210
84	214	189
84	286	173
85	141	278
85	143	254
85	150	243
85	154	233
85	166	222
85	194	203
85	211	181
85	226	175
85	273	165
85	304	162
85	307	159
86	136	262
86	148	252
86	188	210
86	192	201
86	200	198
86	208	181
86	209	179
86	268	165
87	118	330
87	135	281
87	142	260
87	149	243
87	152	239
87	164	223
87	168	217
87	169	214
87	179	210
87	229	174
87	242	168
88	132	271
88	135	268
88	147	248
88	159	232
88	167	212
88	187	191
88	194	190
88	246	165
88	262	163
88	302	162
89	137	252
89	141	250
89	148	231
89	156	230
89	159	221
89	163	219
89	192	188
89	225	175
89	230	171
89	235	168
89	252	161
90	130	260
90	138	251
90	141	248
90	153	229
90	160	220
90	161	217
90	186	198
90	235	163
90	291	157
91	113	351
91	117	332
91	119	291
91	146	237
91	157	220
91	170	200
91	203	187
91	207	186
91	217	165
91	276	151
91	316	149
92	139	248
92	145	240
92	147	231
92	156	219
92	160	218
92	162	214
92	164	210
92	188	190
92	191	185
92	237	160
92	272	151
93	115	306
93	138	248
93	150	223
93	156	217
93	183	195
93	195	177
93	227	158
94	138	235
94	149	218
94	162	210
94	191	183
94	205	167
94	260	147
94	269	146
94	296	141
95	115	290
95	116	283
95	135	250
95	137	234
95	145	231
95	154	212
95	157	207
95	164	205
95	176	191
95	204	173
96	129	272
96	147	223
96	153	211
96	156	207
96	178	186
96	182	181
96	183	179
96	190	178
96	221	164
96	223	159
97	121	278
97	124	276
97	134	251
97	145	225
97	147	220
97	148	216
97	152	206
97	154	203
97	174	192
97	204	163
97	253	142
97	280	137
97	289	136
98	105	332
98	118	282
98	138	229
98	146	216
98	150	209
98	157	200
98	190	174
98	198	172
98	208	161
98	235	144
98	338	134
99	110	311
99	120	266
99	122	252
99	130	243
99	166	188
99	177	182
99	182	175
99	203	165
99	206	158
100	108	288
100	111	283
100	122	250
100	134	236
100	135	228
100	149	214
100	151	204
100	158	198
100	168	186
100	273	132
101	102	350
101	114	270
101	140	222
101	157	196
101	160	193
101	164	191
101	184	170
101	255	134
102	104	303
102	107	298
102	114	268
102	147	203
102	165	188
102	189	167
102	194	165
102	205	154
103	115	267
103	130	227
103	143	206
103	150	200
103	153	195
103	165	185
103	181	177
103	183	173
103	191	165
103	272	132
104	109	282
104	124	239
104	129	226
104	139	212
104	146	204
104	163	189
104	164	185
104	180	179
104	183	166
105	122	245
105	125	238
105	128	237
105	145	203
105	147	200
105	153	192
105	159	188
105	169	177
105	174	175
105	179	167
105	211	149
105	225	144
105	267	132
106	106	286
106	109	281
106	121	244
106	132	220
106	142	204
106	149	197
106	176	174
106	193	158
107	97	360
107	137	211
107	139	208
107	148	197
107	149	192
107	152	187
107	166	177
107	173	174
107	265	125
107	327	119
108	99	319
108	114	258
108	148	191
108	154	186
108	162	176
108	178	163
108	231	139
108	247	127
109	99	309
109	100	280
109	104	271
109	114	242
109	123	239
109	134	219
109	138	209
109	143	195
109	157	180
109	164	174
109	285	124
110	106	262
110	131	225
110	140	195
110	153	184
110	160	174
110	165	172
110	185	162
110	201	152
110	226	139
110	257	126
110	285	115
111	96	295
111	106	260
111	123	236
111	125	229
111	126	224
111	139	194
111	151	184
111	190	155
111	209	150
111	267	117
112	128	215
112	134	209
112	148	186
112	149	183
112	157	177
112	178	161
112	181	159
112	334	112
113	99	293
113	118	240
113	136	207
113	144	192
113	167	169
113	173	164
113	188	155
113	217	137
113	259	122
114	94	314
114	98	281
114	111	248
114	117	230
114	133	208
114	147	181
114	157	174
114	168	168
114	189	151
114	200	145
114	232	125
115	95	308
115	98	278
115	103	259
115	105	258
115	124	221
115	136	200
115	143	186
115	151	176
115	166	166
115	169	164
115	171	161
115	185	151
115	195	146
115	198	141
115	220	129
115	292	108
116	125	217
116	129	212
116	139	190
116	142	185
116	146	180
116	165	169
116	177	158
116	216	137
117	91	347
117	97	273
117	104	258
117	133	206
117	138	189
117	142	184
117	152	174
117	159	168
117	165	166
117	176	158
117	177	154
117	192	143
117	203	139
118	99	271
118	101	270
118	105	254
118	108	252
118	122	221
118	126	210
118	129	206
118	148	178
118	159	163
118	164	161
118	204	136
118	240	119
119	93	288
119	130	203
119	131	199
119	134	191
119	138	183
119	150	172
119	154	167
119	173	154
119	190	150
119	201	137
119	235	124
119	312	104
120	87	329
120	102	262
120	106	247
120	111	234
120	114	224
120	127	209
120	149	177
120	150	171
120	177	153
120	183	150
120	217	126
120	229	125
120	239	115
120	246	112
120	311	101
121	101	257
121	183	149
121	192	141
121	225	122
121	250	110
121	284	107
122	90	311
122	92	289
122	112	230
122	114	223
122	122	220
122	123	219
122	125	211
122	134	188
122	135	185
122	142	178
122	146	170
122	152	168
122	158	160
122	162	157
122	166	155
122	174	148
122	178	145
122	183	143
122	189	140
122	204	131
122	233	121
122	235	116
123	90	309
123	95	271
123	107	246
123	108	244
123	110	240
123	128	205
123	133	194
123	144	174
123	152	166
123	156	165
123	157	161
123	164	156
123	165	155
123	208	129
123	239	112
124	88	304
124	95	263
124	99	257
124	103	254
124	117	209
124	124	206
124	141	174
124	143	173
124	153	165
124	158	158
124	164	154
124	188	136
124	217	125
124	279	107
124	331	97
125	84	322
125	109	241
125	116	215
125	128	193
125	137	178
125	148	169
125	150	165
125	153	162
125	158	157
125	163	153
125	166	151
125	174	142
125	198	135
125	230	117
125	297	100
125	352	96
126	82	339
126	83	328
126	93	285
126	94	273
126	101	243
126	107	231
126	112	223
126	127	193
126	129	191
126	156	156
126	160	153
126	171	150
126	212	126
127	93	278
127	96	261
127	100	251
127	107	225
127	118	203
127	133	190
127	145	168
127	149	161
127	154	157
127	159	155
127	164	152
127	167	150
127	217	118
127	253	103
127	314	97
128	86	299
128	87	294
128	90	287
128	112	221
128	138	174
128	145	165
128	162	151
128	181	140
128	213	116
128	242	111
128	257	101
128	287	97
129	85	319
129	104	239
129	106	231
129	143	171
129	146	164
129	161	151
129	163	150
129	169	146
129	177	139
129	189	128
129	210	126
129	247	107
129	272	100
130	94	261
130	97	256
130	107	222
130	111	216
130	129	190
130	131	181
130	134	173
130	156	153
130	164	148
130	168	147
130	183	137
130	193	126
130	209	117
130	276	98
131	82	317
131	89	293
131	103	237
131	115	210
131	122	199
131	125	198
131	137	172
131	142	169
131	144	164
131	146	161
131	147	158
131	153	154
131	157	151
131	162	149
131	171	142
131	179	137
131	185	136
131	261	98
131	337	92
132	78	338
132	88	271
132	92	256
132	99	249
132	102	239
132	103	236
132	114	202
132	128	190
132	132	176
132	138	170
132	142	162
132	154	152
132	159	150
132	228	104
132	283	94
132	307	93
133	113	208
133	118	198
133	127	187
133	140	167
133	142	160
133	150	154
133	157	150
133	161	148
133	166	143
133	168	140
133	178	131
133	202	124
133	205	119
133	232	102
133	280	95
133	354	89
134	81	318
134	84	286
134	128	181
134	131	180
134	140	165
134	145	159
134	146	157
134	153	151
134	155	145
134	164	143
134	167	141
134	169	136
134	182	129
134	187	128
134	208	114
134	276	97
134	327	89
135	94	245
135	104	218
135	117	191
135	136	166
135	150	149
135	177	131
135	198	118
135	257	97
135	281	94
136	101	242
136	116	197
136	126	187
136	142	158
136	148	156
136	158	141
136	161	140
136	174	134
136	236	99
136	303	90
137	80	304
137	87	272
137	100	225
137	111	208
137	134	169
137	137	163
137	145	153
137	152	146
137	181	128
137	186	126
137	197	120
137	252	98
138	79	320
138	86	269
138	91	265
138	96	243
138	107	207
138	112	205
138	121	188
138	125	178
138	133	171
138	140	160
138	146	152
138	149	151
138	160	138
138	163	137
138	172	135
138	173	132
138	269	96
138	273	95
138	323	86
138	347	85
139	86	262
139	95	242
139	96	233
139	112	204
139	120	186
139	123	185
139	133	170
139	139	160
139	144	157
139	147	150
139	156	144
139	161	137
139	166	133
139	226	106
139	231	101
140	117	189
140	130	177
140	134	166
140	135	164
140	141	156
140	142	152
140	149	148
140	153	140
140	166	132
140	211	113
140	230	102
140	247	98
140	256	95
140	316	89
141	84	277
141	94	240
141	102	213
141	107	204
141	114	196
141	122	183
141	127	171
141	140	156
141	147	148
141	149	146
141	152	144
141	163	136
141	210	108
141	214	105
141	275	94
141	287	93
142	75	325
142	96	230
142	113	202
142	122	181
142	126	177
142	150	144
142	152	141
142	155	137
142	164	131
142	176	126
142	178	122
142	182	120
142	235	98
142	253	96
142	254	94
142	301	90
142	343	82
143	84	273
143	88	253
143	111	193
143	114	184
143	126	174
143	131	169
143	138	152
143	141	151
143	148	146
143	149	145
143	150	139
143	154	138
143	160	134
143	164	129
143	171	127
143	186	118
143	203	114
143	234	99
143	251	95
143	265	90
144	81	273
144	91	245
144	108	202
144	113	190
144	126	171
144	129	168
144	131	162
144	135	158
144	145	146
144	153	138
144	163	133
144	166	128
144	171	126
144	175	123
144	225	104
144	250	96
144	309	88
145	74	345
145	109	200
145	112	188
145	119	183
145	123	175
145	140	149
145	149	139
145	156	134
145	159	132
145	160	128
145	179	120
145	248	94
145	257	93
145	313	86
146	89	251
146	94	227
146	104	200
146	109	198
146	111	190
146	122	171
146	128	169
146	132	157
146	138	150
146	141	148
146	146	139
146	155	135
146	190	115
146	227	101
146	231	97
146	250	93
146	269	87
146	280	86
147	77	291
147	117	176
147	127	167
147	142	147
147	144	145
147	145	144
147	151	136
147	162	125
147	225	98
147	241	95
147	371	78
148	100	207
148	140	145
148	148	136
148	153	134
148	156	131
148	189	111
148	217	97
148	232	92
148	277	85
148	341	82
149	112	186
149	123	168
149	128	162
149	133	156
149	136	154
149	143	144
149	146	137
149	166	124
149	175	121
149	209	106
149	216	103
149	236	90
149	284	83
149	370	78
150	86	244
150	96	215
150	110	194
150	115	177
150	122	165
150	132	155
150	135	151
150	139	145
150	142	142
150	155	131
150	159	129
150	166	122
150	296	80
150	306	79
151	84	269
151	108	199
151	117	171
151	137	150
151	145	141
151	148	134
151	150	131
151	158	129
151	165	122
151	209	101
152	94	222
152	102	195
152	127	159
152	131	157
152	143	141
152	144	139
152	149	132
152	154	129
152	200	99
152	240	87
152	303	78
153	75	307
153	96	212
153	109	186
153	113	181
153	130	152
153	133	151
153	135	148
153	140	144
153	152	128
153	161	126
153	176	111
153	229	95
153	230	92
153	262	83
154	72	341
154	81	272
154	94	218
154	100	202
154	111	175
154	120	167
154	126	159
154	129	156
154	134	149
154	141	137
154	158	127
155	72	321
155	74	295
155	81	255
155	91	227
155	102	192
155	129	150
155	137	145
155	140	138
155	143	136
155	158	126
155	172	119
155	186	110
155	204	96
155	334	75
156	109	182
156	112	170
156	118	163
156	125	162
156	127	157
156	128	153
156	136	146
156	142	135
156	143	134
156	148	130
156	154	127
156	170	119
156	182	109
156	184	105
156	290	81
157	73	298
157	89	233
157	98	205
157	99	201
157	109	179
157	111	172
157	125	157
157	137	139
157	145	133
157	155	121
157	160	117
157	331	74
158	105	181
158	120	160
158	129	148
158	135	146
158	136	143
158	138	138
158	141	136
158	146	130
158	150	127
158	152	124
158	171	113
158	290	79
158	308	76
159	71	361
159	83	253
159	88	231
159	93	218
159	112	167
159	123	159
159	126	150
159	139	136
159	157	118
159	172	110
159	198	99
160	111	171
160	115	164
160	143	132
160	149	129
160	152	118
160	305	75
161	69	380
161	76	293
161	84	252
161	93	215
161	128	147
161	134	138
161	146	127
161	149	123
161	223	93
161	234	91
161	264	80
161	278	79
162	72	316
162	90	219
162	107	180
162	123	155
162	127	147
162	129	146
162	140	130
162	145	126
162	148	123
162	154	115
162	194	103
162	223	92
162	228	89
163	78	279
163	82	251
163	93	212
163	100	197
163	113	166
163	115	161
163	132	145
163	136	135
163	143	124
163	193	104
163	232	87
163	245	83
163	285	77
164	80	270
164	96	199
164	110	175
164	121	150
164	134	135
164	139	134
164	142	127
164	150	120
164	188	102
164	227	90
164	239	83
165	88	224
165	105	177
165	106	174
165	114	161
165	120	151
165	137	129
165	145	121
165	158	112
165	203	96
166	74	277
166	122	148
166	123	147
166	136	133
166	152	117
166	154	113
166	211	92
166	231	86
166	254	80
167	69	351
167	84	237
167	97	191
167	104	178
167	109	173
167	124	146
167	128	145
167	130	138
167	134	133
167	136	131
167	151	119
167	191	99
167	206	92
167	226	89
167	251	79
168	72	301
168	73	280
168	87	222
168	94	209
168	109	161
168	126	143
168	133	129
168	149	118
168	156	110
168	175	103
168	204	92
168	215	91
169	80	260
169	96	198
169	103	180
169	132	135
169	144	123
169	147	118
169	178	99
169	197	94
169	200	93
169	215	89
169	286	76
170	83	235
170	96	193
170	113	158
170	135	126
170	211	91
170	253	76
170	263	75
170	304	74
171	100	185
171	109	160
171	114	156
171	131	134
171	133	127
171	139	125
171	145	120
171	160	107
171	204	91
171	225	86
172	72	296
172	84	234
172	107	166
172	129	140
172	149	116
172	151	115
172	156	108
172	182	96
172	199	92
172	232	81
172	260	74
173	66	356
173	70	317
173	81	246
173	90	201
173	95	191
173	102	173
173	132	129
173	135	124
173	144	121
173	147	117
173	207	90
173	210	86
174	72	292
174	78	263
174	81	239
174	101	180
174	114	149
174	142	122
175	78	246
175	86	214
175	96	181
175	100	179
175	106	166
175	108	159
175	113	157
175	117	142
175	134	126
175	141	121
175	145	118
175	213	85
175	322	69
176	69	307
176	85	233
176	116	146
176	142	118
176	145	114
176	162	106
177	65	362
177	68	319
177	70	289
177	89	209
177	101	171
177	105	161
177	108	158
177	114	146
177	125	140
177	127	139
177	131	133
177	136	122
177	141	117
177	170	101
177	188	93
177	229	82
178	79	239
178	124	136
178	129	134
178	142	116
178	148	113
178	155	111
178	160	103
178	236	76
179	122	139
179	131	129
179	138	119
179	149	111
179	154	109
179	209	89
179	212	85
179	303	70
180	76	260
180	104	159
180	111	148
180	133	120
180	136	119
180	143	114
180	144	113
180	148	109
180	193	91
180	243	74
180	341	67
181	66	329
181	69	295
181	73	275
181	82	225
181	113	140
181	127	133
181	128	131
181	130	127
181	142	113
181	156	106
181	164	100
181	190	92
182	94	192
182	102	165
182	125	131
182	128	129
182	129	126
182	130	122
182	138	116
182	159	102
183	67	328
183	77	256
183	106	153
183	115	137
183	119	136
183	123	133
183	128	125
183	144	110
184	89	190
184	101	170
184	129	124
184	135	113
184	154	108
184	193	90
185	78	245
185	84	221
185	98	176
185	100	166
185	108	150
185	111	144
185	127	127
185	142	112
185	181	96
185	182	94
185	197	89
185	207	86
185	224	82
186	85	203
186	99	170
186	109	147
186	114	139
186	127	123
186	137	110
186	153	107
186	164	99
186	196	89
186	216	84
187	88	195
187	112	140
187	122	127
187	144	109
187	151	107
187	178	92
187	218	80
187	224	79
187	346	65
188	70	271
188	92	183
188	111	141
188	129	120
188	146	106
188	161	101
188	167	98
188	191	91
188	284	73
188	300	71
189	67	325
189	96	169
189	109	144
189	124	124
189	141	107
189	151	104
189	227	78
190	79	237
190	113	133
190	142	106
190	207	83
190	223	79
191	82	213
191	103	160
191	121	131
191	154	103
191	169	96
191	190	89
191	335	66
192	62	365
192	69	287
192	101	163
192	106	146
192	110	135
192	116	132
192	132	118
192	139	108
192	145	105
192	250	69
193	77	223
193	104	156
193	105	153
193	108	138
193	132	114
194	103	148
194	126	120
194	203	87
194	206	82
194	257	67
195	85	201
195	93	175
195	101	151
195	109	137
195	114	132
195	147	103
195	168	95
195	184	87
195	222	78
195	345	65
196	65	317
196	66	298
196	76	236
196	88	187
196	109	136
196	127	117
196	160	96
197	81	211
197	91	178
197	99	158
197	111	134
197	120	122
197	193	85
197	198	84
197	217	78
198	75	254
198	118	125
198	124	121
198	138	109
198	200	81
199	74	249
199	131	109
199	137	106
199	162	94
199	310	65
200	62	338
200	94	166
200	144	105
200	189	84
200	209	79
201	63	320
201	67	282
201	83	201
201	92	169
201	105	143
201	159	97
201	212	78
201	232	73
202	71	256
202	81	202
202	118	123
202	129	115
202	314	64
203	69	269
203	70	257
203	88	179
203	125	119
203	130	113
203	142	102
203	149	100
203	169	90
203	205	78
203	301	62
204	93	167
204	105	140
204	182	86
204	188	85
204	221	76
205	68	278
205	73	250
205	101	145
205	117	131
205	139	105
205	145	99
205	187	85
205	239	70
206	117	123
206	138	103
206	156	95
206	275	63
207	66	280
207	69	263
207	84	198
207	97	159
207	124	119
207	147	97
207	205	77
207	215	76
208	104	134
208	122	118
208	160	93
208	203	79
209	122	116
209	198	80
209	261	64
209	338	61
210	80	202
210	97	147
210	105	133
210	180	86
211	62	320
211	70	246
211	74	245
211	84	183
211	90	177
211	108	131
211	115	128
211	123	113
212	59	356
212	63	302
212	67	264
212	69	261
212	75	215
212	80	195
212	103	140
212	114	129
212	129	111
212	135	108
212	169	88
212	214	74
213	114	121
213	140	102
213	176	87
213	197	82
213	247	69
214	64	294
214	130	110
214	158	93
214	222	72
215	79	209
215	92	161
215	95	157
215	185	83
215	199	77
216	88	165
216	91	162
216	142	96
216	267	62
217	136	106
217	219	71
217	255	63
218	73	224
218	83	193
218	84	178
218	112	125
218	196	79
218	301	59
219	69	240
219	75	213
219	132	102
219	176	84
219	253	63
219	343	57
220	59	329
220	72	230
220	119	120
220	157	91
220	266	62
220	278	61
221	95	144
221	98	141
221	121	115
221	138	100
221	155	95
221	219	70
221	287	60
222	57	369
222	63	297
222	68	245
222	107	130
222	119	116
222	123	112
222	174	86
222	216	72
222	238	67
223	226	68
224	94	157
224	170	85
225	76	198
225	129	110
225	168	90
226	87	172
226	105	131
226	113	123
226	118	120
226	137	100
227	84	176
227	99	136
227	109	127
227	125	108
227	209	76
227	304	57
228	67	251
228	75	211
228	98	137
228	105	127
228	121	114
228	124	111
228	139	99
228	293	58
228	335	55
229	57	363
229	65	273
229	75	204
229	88	159
229	123	109
229	155	90
229	158	88
229	213	70
230	64	276
230	65	260
230	131	100
230	156	89
230	201	74
231	104	130
231	109	122
231	124	106
231	139	95
232	68	238
232	115	120
232	146	94
232	236	67
233	60	310
233	73	222
233	82	176
233	137	98
233	267	61
234	70	231
234	80	177
234	87	165
234	89	151
234	137	97
234	154	92
234	171	84
234	252	63
235	153	87
235	187	79
236	72	219
236	87	158
236	146	90
236	194	78
236	230	65
236	289	59
237	126	104
237	137	96
237	139	94
237	296	56
238	113	118
238	133	99
238	193	74
238	246	62
238	327	54
239	58	309
239	72	212
239	184	76
240	61	293
240	65	253
240	93	149
241	61	287
241	92	144
241	106	124
241	115	113
241	120	111
241	222	69
241	257	61
242	97	139
242	105	125
242	112	115
242	121	109
242	137	94
242	143	91
242	183	77
242	199	73
243	68	230
243	211	68
243	255	60
244	69	229
244	72	207
244	95	140
244	100	132
244	122	108
244	134	96
244	177	79
244	215	67
245	129	99
246	66	247
246	125	104
246	135	94
246	277	58
247	64	254
247	81	172
247	82	171
247	103	130
247	104	129
247	127	100
247	138	90
248	63	273
248	76	186
248	116	112
248	126	100
248	134	92
248	210	68
249	61	279
249	63	262
249	66	245
249	67	232
249	129	97
249	200	72
249	227	64
249	236	63
249	271	59
249	277	57
250	121	104
250	125	103
250	132	93
250	150	89
250	152	88
250	220	66
251	67	231
251	68	215
251	74	188
251	103	125
251	105	123
251	110	115
251	142	88
251	150	87
252	65	248
252	81	163
252	96	138
253	52	389
253	65	240
253	119	106
253	312	55
254	115	108
255	91	146
255	92	143
255	99	132
255	101	127
255	137	90
255	236	62
255	281	56
256	56	363
256	87	157
256	197	70
256	212	66
256	269	57
257	60	287
257	64	247
257	79	180
257	128	99
257	162	83
258	85	161
258	124	100
259	62	278
259	71	212
259	191	70
260	61	264
260	137	87
260	172	82
261	88	151
261	127	96
261	175	74
261	253	60
262	124	99
262	135	88
262	148	85
262	171	76
263	60	286
263	70	210
263	88	144
263	95	139
263	107	118
263	214	65
264	51	351
264	97	132
264	146	86
264	246	59
264	303	54
265	66	227
265	115	106
265	126	95
265	164	80
266	65	239
266	77	172
266	108	114
266	122	101
266	144	83
267	187	70
268	67	209
268	73	182
268	83	157
269	143	86
270	64	234
270	136	86
270	366	49
271	72	205
271	93	140
271	235	61
271	237	60
271	324	52
272	50	349
272	60	281
272	71	207
272	134	87
273	120	101
273	125	97
274	61	260
274	62	244
274	72	201
274	95	135
274	103	123
274	151	80
274	176	72
274	178	71
275	114	112
276	65	223
276	70	206
276	82	151
276	125	96
276	149	82
276	265	56
276	272	55
277	168	75
278	60	265
278	63	242
278	71	190
278	295	53
279	95	131
279	97	129
279	143	80
280	69	204
280	91	135
280	106	116
280	111	108
280	128	94
280	171	73
280	210	67
281	49	369
281	104	113
281	204	65
281	260	58
282	200	68
282	222	62
283	64	232
283	95	126
283	233	60
283	261	57
284	119	102
284	188	69
286	65	222
286	70	201
286	110	112
286	148	77
286	154	76
287	65	211
287	79	156
287	129	86
288	121	98
288	201	67
289	49	343
289	113	102
289	116	98
289	124	91
289	127	87
290	58	276
290	89	139
291	60	254
291	61	238
292	74	170
293	58	263
293	64	217
293	159	73
293	259	55
294	63	236
295	48	361
295	85	150
295	87	141
296	81	154
296	101	115
296	123	93
297	90	137
298	57	332
298	254	57
299	63	230
299	75	168
299	87	139
299	132	81
300	54	287
300	63	229
301	58	257
301	75	165
301	86	144
301	110	105
301	119	93
301	130	82
301	249	58
302	78	164
303	71	175
303	234	59
305	62	231
306	100	112
306	137	78
307	78	152
307	108	110
307	176	68
308	90	132
308	135	79
309	63	221
309	118	97
309	201	63
310	47	388
310	59	240
311	95	125
312	62	219
312	111	104
313	98	117
314	79	150
314	85	138
314	129	84
315	51	310
315	109	106
315	364	49
316	81	148
316	170	72
317	66	210
317	73	167
317	88	135
317	107	104
318	67	202
318	75	157
318	103	107
318	264	54
319	94	119
320	230	61
321	47	370
321	227	59
322	55	282
322	60	230
322	113	99
324	231	58
325	52	291
325	93	127
326	49	322
327	90	125
328	48	359
328	61	223
328	140	77
329	69	200
330	61	220
330	66	192
330	71	170
331	70	177
332	53	277
332	69	191
332	87	137
333	46	399
333	74	165
334	77	148
335	64	206
336	46	388
337	58	242
337	98	114
338	174	71
340	73	166
340	111	100
341	125	84
342	55	261
342	121	87
343	64	195
344	52	284
345	49	313
346	73	161
347	60	218
348	51	295
348	80	139
348	130	81
350	95	113
352	46	382
357	72	164
357	136	78
358	66	187
358	105	101
360	106	100
364	69	182
365	108	98
366	119	89
367	47	349
370	55	255
370	98	107
371	85	127
372	99	106
373	74	156
376	58	231
376	77	145
376	86	125
378	96	111
384	83	130
389	47	348
391	88	121
423	91	119
424	87	122
432	85	126
