46	266	269
46	284	246
47	252	286
47	253	281
47	259	266
47	277	243
48	240	295
48	247	272
48	253	266
48	266	265
48	270	245
48	274	243
49	234	286
49	247	257
49	263	254
49	268	247
49	279	239
49	291	229
50	242	260
50	256	251
50	263	236
50	273	231
51	229	278
51	260	232
51	268	223
51	283	216
52	216	292
52	224	279
52	229	263
52	242	256
52	253	247
52	265	219
52	278	209
53	242	255
53	246	252
53	249	241
53	255	228
53	263	215
53	275	205
54	215	274
54	222	262
54	227	258
54	232	250
54	235	249
54	242	235
54	243	234
54	256	214
55	206	285
55	219	263
55	227	239
55	237	225
55	253	207
55	272	201
56	213	262
56	248	217
56	250	203
56	269	197
56	280	193
57	193	294
57	201	290
57	204	268
57	212	255
57	214	252
57	217	236
57	230	232
57	235	213
57	264	190
57	277	189
58	207	246
58	221	231
58	233	224
58	262	202
59	195	268
59	203	252
59	213	228
59	227	210
59	239	209
59	249	202
59	261	192
59	284	178
59	309	175
60	193	260
60	198	246
60	199	242
60	212	220
60	223	210
60	239	193
60	256	185
60	262	181
60	306	171
61	189	252
61	205	234
61	207	223
61	224	203
61	241	191
61	253	181
61	257	174
62	183	259
62	186	252
62	194	247
62	196	246
62	198	231
62	215	219
62	218	218
62	220	211
62	248	184
63	180	252
63	190	241
63	194	226
63	202	218
63	207	216
63	220	205
63	238	193
63	249	174
63	282	168
63	286	162
64	165	288
64	191	235
64	197	221
64	206	209
64	219	206
64	229	192
64	238	181
64	245	170
64	274	168
64	308	155
65	177	242
65	186	230
65	189	227
65	192	224
65	195	213
65	203	212
65	210	207
65	215	193
65	228	189
65	242	166
65	277	163
65	306	160
66	161	264
66	172	260
66	173	245
66	202	211
66	213	206
66	227	176
66	265	158
66	317	147
67	179	227
67	260	158
67	262	154
67	267	152
67	287	151
68	168	236
68	177	219
68	199	205
68	201	199
68	222	171
68	229	170
68	284	147
69	176	224
69	204	197
69	207	181
69	213	176
69	221	175
69	297	140
70	146	289
70	189	207
70	218	173
70	238	161
70	250	157
70	265	152
70	276	151
70	281	149
70	283	146
70	293	139
71	163	240
71	164	236
71	173	216
71	174	204
71	203	183
71	211	177
71	228	167
71	251	155
71	256	149
71	265	142
71	279	139
72	146	266
72	151	264
72	172	231
72	190	193
72	193	181
72	210	178
72	224	166
72	307	134
73	144	278
73	160	221
73	170	200
73	178	191
73	235	154
73	278	135
73	292	134
74	151	254
74	157	229
74	165	217
74	184	185
74	191	182
74	201	170
74	213	169
74	220	164
74	228	161
74	254	148
74	261	142
74	267	140
75	139	267
75	152	246
75	186	180
75	198	179
75	213	163
75	227	162
75	242	153
75	246	140
75	264	138
76	133	292
76	145	249
76	152	220
76	161	203
76	167	196
76	172	195
76	210	164
76	213	162
76	226	155
76	243	150
76	271	130
77	145	234
77	154	217
77	179	190
77	181	187
77	188	176
77	198	172
77	218	152
77	238	150
77	263	132
77	268	126
78	133	278
78	137	258
78	148	232
78	159	215
78	167	193
78	180	179
78	184	177
78	188	170
78	196	162
78	245	133
79	130	272
79	138	250
79	147	224
79	155	202
79	165	189
79	169	188
79	173	180
79	181	172
79	212	151
79	239	141
79	266	128
80	139	239
80	147	217
80	156	200
80	168	184
80	208	158
80	215	145
81	142	234
81	152	216
81	162	197
81	164	187
81	166	185
81	183	170
81	185	169
81	200	155
81	209	145
81	221	141
81	234	137
81	237	133
81	239	131
81	255	130
82	132	255
82	133	241
82	147	209
82	156	192
82	179	172
82	180	166
82	184	161
82	192	159
82	206	146
82	209	144
82	226	131
82	282	115
83	142	214
83	149	202
83	154	195
83	160	183
83	169	170
83	187	158
83	194	154
83	246	127
83	251	121
84	132	247
84	152	194
84	161	181
84	166	173
84	167	167
84	184	152
84	220	130
84	243	123
84	248	117
85	119	318
85	126	284
85	137	239
85	138	222
85	150	191
85	158	186
85	160	179
85	169	162
85	205	140
86	132	224
86	134	213
86	143	196
86	155	177
86	172	159
86	203	147
86	204	140
86	208	137
86	219	132
86	228	125
86	237	122
86	242	116
87	131	238
87	141	199
87	181	158
87	189	150
87	195	140
87	213	132
88	112	309
88	119	251
88	153	184
88	186	147
88	222	124
88	274	112
88	279	109
89	110	315
89	118	259
89	125	234
89	129	217
89	137	195
89	156	166
89	178	146
89	188	141
89	213	128
89	222	121
89	262	106
90	121	232
90	131	213
90	145	191
90	147	183
90	155	174
90	202	139
90	216	123
90	240	115
90	261	108
91	114	255
91	118	242
91	127	230
91	171	147
91	196	134
91	201	133
91	248	109
92	124	230
92	132	204
92	143	190
92	146	181
92	152	173
92	167	163
92	185	143
92	190	140
92	191	139
92	202	132
92	206	126
92	234	114
92	259	105
92	266	102
93	116	236
93	126	229
93	140	191
93	148	177
93	158	165
93	161	161
93	162	160
93	166	154
93	189	135
93	198	132
93	201	130
93	207	123
93	229	120
93	242	108
94	131	209
94	134	200
94	140	190
94	142	177
94	151	164
94	153	158
94	168	146
94	226	120
94	233	117
94	259	102
94	304	97
95	102	304
95	121	223
95	127	213
95	128	210
95	129	204
95	131	194
95	139	187
95	148	167
95	149	161
95	166	146
95	174	145
95	176	138
95	180	136
95	192	133
95	196	128
95	202	124
95	223	119
95	225	117
95	243	107
96	100	310
96	125	208
96	132	185
96	140	180
96	142	173
96	151	156
96	162	148
96	170	144
96	187	134
96	257	106
96	258	100
96	263	98
96	282	95
97	107	249
97	131	184
97	139	182
97	148	160
97	154	153
97	155	150
97	165	147
97	190	131
97	191	128
97	198	124
97	205	117
97	219	116
97	236	108
97	256	100
98	106	293
98	112	237
98	118	210
98	123	193
98	136	174
98	156	149
98	163	145
98	175	136
98	177	134
98	230	108
98	239	104
98	275	95
99	109	230
99	115	228
99	122	204
99	147	168
99	168	141
99	178	133
99	204	118
99	224	111
99	260	97
100	97	293
100	103	267
100	104	248
100	106	240
100	116	209
100	119	189
100	127	188
100	128	186
100	129	177
100	138	160
100	155	148
100	160	140
100	170	135
100	188	131
100	195	122
100	210	116
100	237	105
100	242	100
100	256	98
100	277	93
101	101	273
101	113	207
101	128	184
101	141	157
101	158	146
101	198	117
101	218	110
101	230	106
101	269	94
101	277	92
102	112	205
102	133	171
102	153	141
102	160	138
102	163	137
102	178	128
102	183	127
102	195	120
102	218	108
102	221	105
102	268	90
103	106	224
103	129	168
103	147	145
103	159	137
103	170	133
103	184	126
103	188	120
103	190	119
103	249	97
103	274	89
104	95	294
104	100	284
104	171	129
104	180	126
104	189	117
104	192	116
104	206	112
104	229	104
104	244	99
104	246	98
104	281	88
105	93	300
105	135	152
105	150	140
105	152	138
105	182	125
105	233	95
105	252	93
106	105	215
106	111	214
106	123	173
106	133	161
106	142	144
106	158	132
106	162	130
106	174	127
106	177	123
106	178	122
106	197	112
106	200	111
106	211	110
106	224	103
106	225	101
106	231	100
106	263	88
107	97	241
107	111	213
107	121	176
107	132	163
107	134	153
107	144	142
107	156	134
107	173	125
107	191	114
107	215	107
107	223	97
107	227	94
108	89	298
108	95	247
108	99	230
108	107	208
108	113	199
108	114	185
108	118	173
108	128	161
108	137	144
108	173	122
108	178	120
108	180	118
108	187	111
108	214	102
109	91	265
109	126	168
109	129	156
109	135	151
109	138	143
109	145	139
109	153	135
109	161	127
109	171	124
109	185	113
109	209	106
109	212	104
109	217	96
109	272	86
110	89	271
110	106	192
110	151	133
110	166	124
110	171	123
110	172	121
110	173	120
110	201	109
110	202	105
110	204	101
110	248	93
111	100	210
111	104	198
111	113	184
111	118	172
111	128	156
111	130	154
111	133	146
111	137	143
111	141	141
111	170	123
112	99	208
112	110	178
112	127	163
112	140	140
112	145	138
112	146	133
112	157	132
112	197	107
112	214	99
112	224	90
112	284	82
113	117	171
113	124	156
113	158	129
113	162	124
113	195	109
113	198	106
114	91	246
114	103	194
114	107	187
114	124	153
114	131	149
114	135	143
114	150	131
114	164	123
114	182	109
114	203	102
114	204	100
114	214	92
114	228	86
115	97	239
115	98	228
115	109	175
115	112	167
115	120	160
115	123	155
115	130	148
115	139	135
115	159	125
115	166	117
115	179	115
115	197	102
115	204	98
116	95	224
116	111	171
116	114	166
116	116	164
116	119	156
116	132	147
116	134	144
116	137	137
116	142	134
116	164	119
116	171	115
116	188	107
116	201	100
116	210	94
116	218	88
116	255	80
117	87	265
117	100	195
117	108	180
117	116	161
117	133	139
117	134	138
117	194	104
118	94	211
118	98	200
118	105	176
118	114	162
118	120	154
118	127	150
118	129	144
118	132	142
118	141	133
118	142	130
118	153	121
118	167	116
118	187	103
118	197	101
119	83	298
119	87	254
119	90	239
119	92	217
119	108	170
119	121	153
119	123	152
119	124	149
119	128	142
119	132	136
119	139	133
119	149	127
119	151	126
119	155	117
119	162	113
119	170	112
119	195	100
119	209	90
119	237	79
120	102	188
120	109	162
120	113	160
120	120	152
120	125	145
120	126	143
120	145	129
120	148	124
120	160	116
120	177	109
120	183	103
120	194	101
120	200	99
120	235	82
121	86	243
121	88	239
121	95	199
121	108	165
121	113	159
121	116	155
121	124	147
121	125	142
121	127	136
121	145	126
121	148	118
121	155	114
121	167	109
121	195	96
121	196	95
121	216	88
121	222	84
121	227	81
122	80	304
122	89	231
122	102	186
122	112	161
122	115	152
122	120	148
122	137	129
122	144	125
122	145	122
122	169	106
122	180	103
122	190	101
122	194	97
122	202	91
122	224	83
122	246	77
122	247	76
123	82	281
123	88	231
123	95	195
123	99	185
123	101	180
123	106	166
123	119	150
123	120	142
123	122	139
123	134	131
123	141	127
123	143	121
123	151	116
123	161	111
123	174	101
123	184	99
123	186	97
123	206	90
123	212	86
123	213	85
124	110	155
124	132	132
124	134	129
124	140	124
124	150	117
124	154	113
124	192	93
124	196	90
124	211	88
124	219	81
125	88	217
125	115	145
125	129	134
125	136	127
125	138	126
125	140	121
125	146	119
125	157	107
125	164	103
125	178	100
125	185	96
125	186	94
125	191	91
125	203	87
125	219	80
125	279	75
126	80	285
126	87	226
126	100	181
126	104	170
126	109	158
126	114	153
126	129	132
126	133	130
126	135	127
126	149	116
126	153	114
126	155	111
126	179	96
126	186	92
126	213	80
126	224	79
127	77	301
127	79	279
127	83	250
127	85	228
127	90	202
127	102	169
127	114	148
127	133	129
127	135	121
127	149	110
127	173	101
127	181	93
127	209	82
127	235	77
128	79	268
128	80	252
128	81	246
128	87	219
128	88	208
128	118	144
128	128	133
128	143	118
128	148	112
128	158	106
128	171	102
128	176	97
128	192	90
128	203	82
129	77	274
129	79	252
129	94	187
129	100	174
129	127	132
129	130	124
129	144	113
129	161	104
129	166	100
129	189	90
129	201	86
129	250	71
130	76	274
130	95	183
130	98	182
130	109	151
130	121	137
130	125	133
130	128	128
130	147	112
130	152	109
130	175	98
130	193	87
131	83	230
131	89	201
131	90	198
131	93	188
131	94	182
131	98	173
131	111	150
131	119	143
131	122	132
131	134	123
131	139	118
131	156	107
131	161	103
131	179	92
131	186	91
131	224	74
131	268	69
132	81	236
132	83	223
132	87	208
132	92	188
132	106	162
132	114	141
132	116	140
132	120	133
132	123	131
132	130	121
132	142	114
132	157	101
132	170	97
132	192	88
132	230	73
133	77	262
133	81	228
133	86	218
133	89	199
133	100	171
133	101	165
133	102	157
133	117	135
133	129	126
133	140	115
133	142	111
133	153	106
133	154	104
133	167	97
133	173	96
133	179	90
133	201	83
133	214	76
133	245	69
134	76	252
134	84	208
134	107	147
134	115	136
134	125	124
134	137	117
134	152	104
134	163	100
134	166	99
134	170	96
134	174	93
134	208	79
135	75	252
135	77	249
135	97	168
135	99	162
135	135	118
135	137	111
135	148	109
135	149	107
135	171	94
135	196	80
135	224	72
135	270	66
136	80	234
136	84	201
136	95	175
136	97	165
136	114	139
136	159	100
136	160	96
136	186	88
136	187	86
136	219	74
136	256	66
137	77	241
137	82	207
137	85	199
137	89	195
137	91	183
137	93	178
137	96	171
137	110	146
137	128	123
137	132	114
137	146	109
137	182	85
137	191	83
138	89	182
138	92	176
138	113	140
138	122	126
138	127	123
138	143	109
138	149	105
138	155	103
138	169	94
138	176	90
138	225	71
139	88	198
139	96	168
139	101	153
139	121	128
139	142	110
139	146	108
139	147	105
139	155	97
139	172	90
139	181	88
139	190	84
139	194	80
139	243	70
139	265	64
140	71	274
140	75	249
140	85	190
140	94	174
140	103	152
140	106	146
140	111	145
140	118	129
140	122	123
140	128	121
140	144	108
140	212	78
140	229	70
140	254	65
141	68	307
141	72	261
141	79	230
141	93	173
141	98	162
141	108	142
141	115	133
141	116	131
141	142	105
141	147	104
141	150	100
141	217	70
141	275	63
142	70	274
142	81	202
142	83	193
142	100	157
142	104	148
142	109	137
142	117	126
142	128	119
142	165	90
142	223	69
142	238	67
143	81	199
143	84	191
143	91	167
143	102	150
143	107	138
143	137	108
143	140	106
143	142	104
143	149	103
143	179	89
143	180	84
143	190	83
143	213	76
144	71	252
144	73	249
144	89	170
144	105	144
144	116	129
144	127	120
144	130	118
144	141	103
144	147	101
144	154	99
144	158	95
144	164	91
144	165	89
144	170	88
144	178	85
144	200	77
144	201	75
145	78	211
145	80	207
145	93	160
145	96	158
145	100	152
145	114	134
145	134	112
145	135	109
145	137	107
145	160	91
145	177	84
145	186	82
145	222	69
146	71	239
146	74	232
146	76	217
146	81	190
146	98	150
146	124	116
146	132	113
146	153	94
146	160	90
146	181	81
146	194	79
146	202	72
146	214	71
146	225	67
146	234	64
147	72	234
147	105	142
147	129	115
147	130	112
147	144	101
147	198	77
147	214	69
147	222	66
148	77	216
148	108	136
148	112	134
148	113	131
148	121	123
148	148	97
148	162	88
148	167	86
148	173	82
148	184	79
148	192	77
148	243	61
149	68	280
149	77	199
149	79	189
149	87	176
149	106	137
149	112	130
149	119	122
149	126	112
149	134	105
149	139	104
149	145	100
149	201	69
150	76	216
150	83	179
150	92	162
150	104	143
150	108	133
150	113	129
150	120	121
150	157	91
150	228	64
151	67	261
151	73	227
151	90	165
151	92	156
151	109	128
151	115	126
151	121	115
151	129	108
151	140	103
151	144	99
151	156	93
151	194	74
151	208	68
152	64	294
152	69	259
152	71	237
152	72	227
152	74	214
152	102	146
152	135	103
152	141	98
152	168	81
152	218	67
152	241	60
153	66	261
153	77	198
153	106	136
153	153	88
153	192	75
153	199	68
153	262	58
154	70	240
154	73	217
154	80	178
154	96	149
154	100	140
154	116	124
154	119	120
154	127	111
154	131	105
154	149	93
154	161	86
154	163	84
154	197	71
155	67	239
155	72	226
155	76	203
155	78	181
155	93	153
155	98	141
155	128	109
155	139	101
155	146	93
155	148	91
155	177	77
155	192	73
155	195	69
155	255	58
156	63	284
156	82	171
156	105	133
156	119	116
156	122	114
156	124	110
156	126	108
156	129	106
156	133	98
156	144	96
156	145	95
156	166	80
156	213	66
156	238	61
157	65	251
157	72	221
157	87	161
157	108	127
157	118	123
157	156	83
157	163	82
157	187	73
157	235	61
158	68	221
158	73	206
158	76	198
158	111	124
158	115	119
158	119	113
158	126	103
158	128	101
158	149	90
158	162	81
158	183	74
159	67	238
159	86	170
159	123	110
159	149	88
159	175	76
159	244	58
160	66	233
160	72	209
160	77	186
160	112	119
160	113	117
160	121	106
160	139	97
161	66	232
161	70	211
161	72	207
161	73	197
161	81	173
161	109	125
161	137	97
161	149	86
161	185	72
161	219	64
162	79	176
162	81	167
162	85	166
162	99	136
162	120	109
162	139	94
162	142	93
162	177	72
162	211	65
162	212	62
163	68	214
163	89	157
163	100	131
163	142	91
164	62	251
164	67	214
164	69	210
164	71	196
164	110	123
164	131	98
164	136	93
164	170	77
164	178	71
164	189	67
164	219	61
164	231	58
164	260	54
165	75	186
165	89	151
165	95	146
165	107	129
165	108	124
165	109	123
165	116	114
165	118	110
166	66	229
166	87	152
166	124	103
166	126	101
166	129	98
166	131	96
166	175	71
166	183	69
166	209	64
166	210	61
167	61	257
167	63	233
167	92	146
167	93	143
167	111	115
167	120	103
167	146	90
167	155	82
167	159	81
168	77	174
168	106	121
168	116	112
168	119	106
168	124	101
168	129	97
168	143	88
168	148	85
168	163	79
168	169	75
168	173	74
168	180	70
168	206	66
169	66	219
169	67	211
169	81	164
169	94	141
169	108	120
169	113	108
169	191	65
170	70	188
170	77	173
170	86	154
170	139	89
170	158	76
170	251	53
171	60	271
171	128	99
171	136	87
171	184	67
172	62	244
172	107	120
172	132	94
172	153	79
173	64	223
173	74	177
173	76	173
173	88	147
173	110	114
173	123	102
173	128	94
173	129	92
173	131	90
173	201	61
173	231	55
174	61	249
174	65	221
174	79	171
174	80	166
174	85	162
174	89	142
174	145	83
175	64	219
175	80	160
175	87	147
175	102	129
175	118	103
175	121	99
175	123	98
175	124	95
175	147	82
175	165	74
175	210	58
176	57	277
176	62	240
176	105	122
176	135	88
176	161	75
176	168	73
176	183	67
177	60	237
177	63	232
177	69	203
177	78	168
177	84	158
177	88	141
177	111	108
177	116	103
177	227	55
177	244	54
177	278	52
178	81	157
178	82	154
178	99	131
178	130	91
178	177	69
179	59	246
179	64	210
179	66	206
179	69	201
179	73	183
179	86	145
179	99	127
179	100	126
179	102	118
179	114	106
179	167	72
179	185	65
179	186	62
180	61	213
180	83	152
180	96	125
180	123	96
180	141	83
180	148	80
180	168	71
180	207	60
181	56	271
181	57	256
181	92	140
181	107	111
181	118	100
181	120	98
181	131	89
181	164	68
182	94	135
182	106	114
182	114	104
182	123	92
182	268	50
183	60	233
183	69	198
183	76	166
183	89	137
183	109	109
183	113	103
183	146	77
183	181	65
184	56	244
184	59	219
184	70	186
184	116	97
184	220	56
185	63	201
185	66	184
185	85	149
185	91	136
185	102	114
185	138	81
185	151	75
185	157	71
186	60	206
186	71	183
186	72	180
186	98	122
186	134	88
186	173	65
186	177	64
186	207	58
187	55	250
187	73	177
187	88	135
187	94	133
187	103	111
187	131	86
187	134	85
187	195	58
187	237	54
188	71	181
188	73	169
188	77	152
188	99	118
188	131	83
188	145	78
188	149	75
188	186	61
188	244	53
189	56	225
189	72	174
189	82	144
189	91	128
189	96	116
189	115	98
189	127	90
189	129	89
189	155	71
189	174	61
189	214	56
190	58	212
190	65	189
190	76	159
190	111	106
190	124	88
190	240	53
191	54	264
191	59	211
191	85	136
191	94	126
191	122	91
191	146	75
191	191	58
192	75	167
192	88	133
192	90	128
192	151	73
193	54	231
193	70	180
193	71	168
193	73	164
193	101	112
193	105	108
193	137	82
193	163	69
193	220	55
194	55	226
194	78	148
194	105	107
194	116	96
194	134	80
194	213	56
194	232	53
195	57	217
195	84	143
195	99	112
195	106	106
195	123	89
195	158	70
195	286	48
196	62	191
196	127	85
196	154	72
197	99	111
197	111	100
197	115	96
197	136	79
197	150	74
197	216	55
198	53	232
198	71	165
198	75	163
198	92	122
198	113	96
199	57	208
199	59	199
199	73	163
199	97	114
199	155	67
200	61	185
200	65	176
200	80	139
200	85	127
200	143	76
201	59	198
201	63	181
201	70	174
201	72	162
201	76	158
201	90	119
201	142	76
201	172	64
201	251	49
202	121	95
202	123	88
202	151	72
202	166	64
202	199	57
203	54	220
203	57	205
203	69	159
203	139	76
204	59	191
204	66	172
204	88	123
204	99	105
204	104	101
204	116	93
204	123	86
204	209	56
205	57	204
205	122	90
206	73	154
206	77	143
206	84	130
206	97	106
206	146	73
206	223	54
207	55	210
207	56	209
207	76	144
207	93	113
207	111	99
207	144	74
207	145	73
208	52	256
208	56	205
208	82	137
208	90	118
208	194	57
208	227	51
209	55	208
209	58	196
209	85	122
209	201	56
209	215	55
210	51	269
210	52	227
210	84	128
210	113	94
210	126	83
210	165	64
211	65	168
211	75	140
211	91	115
211	109	96
211	150	72
212	54	211
212	70	157
212	80	132
212	118	92
212	142	75
212	150	71
212	251	48
213	52	224
213	57	201
213	60	178
213	84	120
213	169	60
213	199	56
213	213	54
213	221	51
214	99	104
214	133	82
214	144	72
214	152	70
215	60	177
215	64	160
215	78	136
215	90	117
215	200	54
216	51	259
216	97	105
216	119	89
216	131	80
217	58	184
217	73	141
217	91	114
217	93	110
217	100	103
217	108	99
217	136	78
217	193	57
218	56	197
218	61	172
218	65	155
218	77	138
218	81	128
218	131	79
218	203	53
219	58	183
219	72	147
219	79	131
219	84	119
219	91	112
219	106	100
219	146	69
219	230	50
220	74	133
220	93	107
220	182	56
221	50	268
221	63	171
221	73	139
221	87	115
221	89	113
221	110	94
221	116	92
222	138	75
222	199	53
223	82	127
223	84	117
223	130	78
223	142	74
223	220	51
224	51	243
224	53	206
224	61	169
224	63	168
224	82	126
224	103	101
224	115	93
224	150	66
225	71	154
225	106	99
225	169	58
226	50	261
226	51	226
226	60	175
226	67	147
226	86	112
227	53	203
227	73	137
227	82	119
227	103	100
227	124	82
227	186	55
227	227	50
228	55	199
228	59	170
228	64	159
228	76	127
228	78	126
228	101	99
228	134	75
228	248	48
229	50	258
229	51	216
229	56	193
230	73	130
230	79	124
230	108	94
230	230	49
231	50	256
231	71	143
231	116	90
232	49	284
232	50	235
232	57	176
232	62	163
232	107	98
232	111	91
233	48	281
233	49	239
233	66	149
233	72	139
233	73	126
233	85	113
234	54	192
234	72	132
234	115	87
235	52	205
235	68	144
235	142	73
236	85	109
236	106	97
236	116	85
236	129	81
237	50	231
237	81	116
238	62	148
238	78	121
238	82	114
238	98	104
239	66	140
240	58	168
240	112	90
241	48	271
241	63	143
241	68	135
241	79	118
241	99	99
241	107	92
242	52	202
242	60	154
242	119	82
242	130	76
243	50	217
243	52	195
243	67	135
243	72	123
243	206	52
244	55	185
244	139	72
246	85	108
247	105	96
247	115	84
249	51	206
249	53	184
249	59	158
250	50	214
250	55	174
250	61	151
250	64	141
250	91	102
251	61	141
251	71	128
251	106	94
251	111	89
252	66	130
253	46	290
253	48	242
253	107	91
253	118	81
254	47	268
254	62	136
254	67	128
254	84	113
254	158	64
255	59	147
256	46	275
257	50	209
257	57	172
257	75	121
257	80	113
258	50	204
258	54	176
258	122	78
260	58	159
260	91	101
261	48	221
261	180	54
262	56	160
262	57	155
262	201	52
263	49	211
264	51	193
265	47	235
265	64	135
265	204	51
266	54	166
266	66	128
266	74	121
266	111	88
266	137	71
268	48	220
268	77	120
270	46	256
270	95	98
271	48	210
271	69	126
271	126	75
272	51	183
272	52	174
272	55	155
274	104	93
275	47	224
275	99	95
276	45	283
277	68	127
277	125	76
277	158	62
278	50	187
279	78	116
280	60	139
282	129	73
284	60	137
285	57	148
287	71	123
287	81	111
288	50	176
292	47	208
292	51	166
296	64	129
298	45	247
311	46	217
