45	277	222
46	263	233
46	274	194
47	258	227
47	260	205
48	255	199
48	265	172
49	226	222
49	237	192
50	223	194
50	246	177
51	214	241
51	228	170
52	211	213
52	214	172
53	196	256
53	241	159
54	193	228
54	196	200
54	263	153
55	184	275
55	189	200
56	180	247
56	184	203
56	191	185
56	198	184
56	212	176
57	175	250
57	177	219
57	181	213
57	186	188
57	199	174
57	207	157
58	172	222
58	179	208
58	222	150
59	171	211
59	174	207
59	181	193
59	190	178
59	202	168
59	239	140
60	168	219
60	174	202
60	177	201
60	182	185
60	185	184
60	202	163
60	207	154
60	217	147
61	163	222
61	171	192
61	176	189
61	179	175
61	184	170
61	210	150
61	215	145
62	161	229
62	162	215
62	176	185
62	177	182
62	194	162
62	196	161
62	201	155
63	158	227
63	167	194
63	188	162
63	200	156
63	205	151
63	226	140
64	155	243
64	156	231
64	175	176
64	183	163
64	188	160
64	195	153
64	244	132
65	158	204
65	160	199
65	170	182
65	194	150
65	195	148
65	212	144
65	226	135
66	163	190
67	148	257
67	149	217
67	158	193
67	160	180
67	165	177
67	174	169
67	187	147
67	194	140
67	207	139
67	216	132
67	225	131
67	243	130
68	147	224
68	151	203
68	158	187
68	169	169
68	178	163
68	179	159
68	223	131
69	145	264
69	153	188
69	182	153
70	159	173
70	164	164
70	186	140
70	195	139
70	206	133
71	142	250
71	147	192
71	168	162
71	178	155
71	215	123
71	257	121
72	145	199
72	185	141
72	194	138
73	137	245
73	142	220
73	163	157
73	203	130
73	205	120
73	232	118
74	137	222
74	142	216
74	146	185
74	153	179
74	158	172
74	159	168
74	171	151
75	135	275
75	142	210
75	151	181
75	174	143
75	217	117
76	134	217
76	157	170
76	181	135
76	197	127
77	144	203
77	163	152
77	187	132
78	126	254
78	151	177
78	159	153
78	167	150
78	171	147
78	173	136
78	185	132
78	201	116
78	242	114
78	265	113
79	154	162
79	155	158
79	169	136
79	187	128
80	132	192
80	151	158
80	162	145
80	184	131
80	216	112
81	130	212
81	145	179
81	149	176
81	195	127
81	203	114
81	233	111
82	137	178
82	150	169
82	156	155
82	164	143
82	169	132
82	181	129
82	206	109
83	140	175
83	147	158
83	159	152
83	184	125
84	122	213
84	131	183
84	139	177
84	141	169
84	147	157
84	160	137
84	196	112
85	114	269
85	119	244
85	130	174
85	144	160
85	155	148
85	168	136
85	169	129
85	178	126
85	180	116
85	233	108
86	125	198
86	128	181
86	141	150
86	154	147
86	158	145
86	172	125
86	210	108
87	139	157
87	150	146
87	151	141
87	202	105
88	111	249
88	115	240
88	116	224
88	120	188
88	129	167
88	156	131
89	119	206
89	140	143
89	150	140
89	249	99
90	113	228
90	126	173
90	137	163
90	157	128
90	234	100
91	137	146
91	151	138
91	198	104
91	234	98
92	114	199
92	123	173
92	158	121
92	194	106
92	207	102
93	121	178
93	130	166
93	134	149
93	139	145
93	140	138
93	176	115
93	178	110
93	197	101
93	226	96
94	115	174
94	136	139
94	144	128
94	172	119
94	181	105
95	111	201
95	114	193
95	126	150
95	153	124
95	165	120
96	125	169
96	139	131
97	98	277
97	103	252
97	108	203
97	109	192
97	154	117
97	203	98
98	98	254
98	108	196
98	111	177
98	125	156
98	130	145
98	136	137
98	142	130
98	147	121
98	167	114
98	214	97
98	223	90
99	110	174
99	112	173
99	121	172
100	103	243
100	108	180
100	123	149
100	128	135
100	152	119
100	199	93
101	119	156
101	122	154
101	135	127
101	148	120
101	151	119
101	158	113
101	225	88
102	95	234
102	99	217
102	100	209
102	103	170
102	117	151
102	125	138
102	132	124
102	198	99
102	220	92
103	99	206
103	102	196
103	114	146
103	128	127
103	149	113
103	177	104
103	179	103
103	219	86
104	89	290
104	92	240
104	97	215
104	100	176
104	122	144
104	126	134
104	133	117
104	160	110
104	175	109
104	182	98
105	95	196
105	110	164
105	125	133
105	193	97
106	92	202
106	109	156
106	121	141
106	130	123
106	166	109
106	193	92
107	85	319
107	88	263
107	91	246
107	122	137
107	168	103
107	177	102
108	94	185
108	99	178
108	102	175
108	113	145
108	118	144
108	217	87
109	94	183
109	119	143
109	148	115
109	153	108
109	166	107
109	167	99
110	91	191
110	107	155
110	113	134
110	198	86
111	88	228
111	89	208
111	91	185
111	100	174
111	159	106
111	162	105
111	169	97
111	189	88
112	83	217
112	86	209
112	102	165
112	110	140
112	143	114
112	146	111
112	213	84
113	104	157
113	137	109
113	179	91
114	80	223
114	108	151
114	119	131
114	176	96
115	85	198
115	98	176
115	101	166
115	120	129
115	128	121
115	131	119
115	153	107
115	182	88
115	197	86
115	199	84
115	219	79
116	90	174
116	98	170
116	104	149
116	108	136
116	133	111
116	146	103
116	177	95
116	178	92
116	217	83
117	82	204
117	96	167
117	104	147
117	120	128
117	124	127
117	163	98
117	165	93
117	209	80
118	77	244
118	101	155
118	111	132
118	115	129
118	130	117
118	141	105
118	157	101
118	168	88
118	193	86
118	261	77
119	74	230
119	77	221
119	82	200
119	89	191
119	101	153
119	114	124
119	122	121
120	79	206
120	99	165
120	104	145
120	107	144
120	153	102
120	180	87
121	71	236
121	91	171
121	96	162
121	111	130
121	115	121
121	118	119
121	150	99
121	229	76
122	81	189
122	110	133
122	120	111
122	196	84
123	68	287
123	77	211
123	95	162
123	97	158
123	109	135
123	112	127
123	146	98
123	182	83
124	76	216
124	90	172
124	91	169
124	92	153
124	96	150
124	100	138
124	117	117
124	156	97
124	188	80
124	213	78
124	215	76
125	66	261
125	74	217
125	87	177
125	88	173
125	95	145
125	107	133
125	110	132
125	132	109
125	140	108
125	143	104
126	70	221
126	85	184
126	138	107
126	178	86
126	227	75
127	77	210
127	85	179
127	110	124
127	130	107
127	140	102
127	154	97
128	83	178
128	101	132
128	113	120
128	139	100
128	146	97
128	151	94
128	165	91
129	77	205
129	78	179
129	86	172
129	93	147
129	129	104
129	211	77
129	235	72
130	68	224
130	75	199
130	83	168
130	86	166
130	87	161
130	91	153
130	109	126
130	154	91
130	165	88
130	230	73
131	63	305
131	64	253
131	73	220
131	74	211
131	108	127
131	114	116
131	127	108
131	149	92
131	174	81
131	198	78
131	218	73
131	256	70
132	65	230
132	72	210
132	92	151
132	107	128
132	121	109
132	143	98
132	167	84
132	214	74
133	91	145
133	92	141
133	98	137
133	100	133
133	107	123
133	128	107
133	134	103
133	148	88
133	186	80
133	197	78
134	72	204
134	73	201
134	95	130
134	120	105
134	133	97
134	224	69
135	84	162
135	102	129
135	126	104
135	145	94
135	164	86
135	191	77
136	61	287
136	70	207
136	74	192
136	75	187
136	111	120
136	117	111
136	166	85
137	78	174
137	103	122
137	188	79
137	210	69
138	61	236
138	73	191
138	97	125
138	103	121
138	112	115
138	115	113
138	129	99
139	75	176
139	82	169
139	83	164
139	86	152
139	91	138
139	101	123
139	116	109
139	170	83
140	70	190
140	80	170
140	85	158
140	88	150
140	94	131
140	98	122
140	106	116
140	113	108
140	127	103
140	142	95
140	154	87
140	164	80
140	179	76
141	82	164
141	93	136
141	102	117
141	103	112
141	123	101
141	183	74
142	65	223
142	67	206
142	95	128
142	118	106
142	153	83
142	170	78
143	62	233
143	64	212
143	66	200
143	88	148
143	100	118
143	123	100
143	139	96
143	218	68
144	58	280
144	69	190
144	71	189
144	83	154
144	87	146
144	92	127
144	110	107
144	117	102
144	136	93
144	145	90
144	169	74
145	70	187
145	71	185
145	74	179
145	87	137
145	97	121
145	122	96
145	149	87
145	160	82
145	246	64
146	68	194
146	84	153
146	95	125
146	133	91
147	57	253
147	60	232
147	67	193
147	68	188
147	77	169
147	85	144
147	89	135
147	91	131
147	139	90
147	191	71
148	80	153
148	94	125
148	102	116
148	132	93
148	185	72
148	209	68
149	98	120
149	101	117
149	110	106
149	216	67
150	59	247
150	60	226
150	79	168
150	96	122
150	97	118
150	129	95
150	160	81
150	164	79
150	221	66
150	223	63
151	59	233
151	63	199
151	77	166
151	79	163
151	90	129
151	101	112
151	104	110
151	108	107
151	120	98
152	57	230
152	62	195
152	86	137
152	94	122
152	125	92
152	145	86
152	158	79
153	60	205
153	69	187
153	77	152
153	108	105
153	115	103
153	116	98
153	150	85
153	174	69
154	58	211
154	59	201
154	71	168
154	76	156
154	127	91
154	133	88
155	64	190
155	74	158
155	84	134
155	93	123
155	106	109
155	124	93
155	138	86
155	146	81
155	186	68
156	54	262
156	55	234
156	70	185
156	89	128
156	111	103
156	116	93
156	130	88
157	55	232
157	69	176
157	77	138
157	135	82
157	154	78
158	56	209
158	67	176
158	80	136
158	99	110
158	113	101
158	114	97
158	205	63
159	61	198
159	69	174
159	73	154
159	100	109
159	104	107
160	83	125
160	203	63
160	204	62
160	230	59
161	92	121
161	98	109
161	101	107
162	52	278
162	69	167
162	103	103
162	106	101
162	146	79
162	216	61
163	69	164
164	55	229
164	60	186
164	65	173
164	141	81
164	188	64
165	63	179
165	64	169
165	76	144
165	96	120
165	160	70
166	54	239
166	70	156
166	75	149
166	79	131
166	123	92
166	140	77
166	155	73
167	128	88
167	130	85
167	183	63
168	54	224
168	57	194
168	69	149
168	77	133
168	86	122
168	111	94
169	59	187
169	60	177
169	63	171
169	82	127
169	85	118
169	90	114
169	93	113
169	116	88
170	53	242
170	55	213
170	62	175
170	68	159
170	100	106
170	170	67
171	55	205
171	56	195
171	66	158
171	72	142
171	75	136
171	92	109
171	101	105
172	91	113
172	182	66
172	217	57
173	57	185
173	68	152
173	78	130
173	81	128
173	89	115
173	112	91
173	127	85
173	135	81
173	197	61
174	61	175
174	74	139
174	131	80
174	154	75
174	165	65
175	53	203
175	74	135
175	83	121
175	102	97
175	124	87
175	160	68
176	51	233
176	70	145
176	100	103
176	137	79
177	58	184
177	62	167
177	140	75
177	147	72
177	158	70
178	51	232
178	80	122
178	94	107
178	109	92
178	128	84
179	55	197
179	83	118
179	90	113
179	95	106
179	98	104
179	104	92
179	120	87
179	121	81
179	182	64
180	48	265
180	49	237
180	52	226
180	55	182
180	100	100
180	112	89
181	50	236
181	63	166
181	64	162
181	78	129
181	98	102
181	111	90
182	64	153
182	83	113
182	103	96
182	114	88
182	153	69
182	198	56
182	224	53
183	52	214
183	54	201
183	79	125
183	88	107
183	110	89
183	136	75
183	163	66
184	52	212
184	68	150
184	115	83
184	133	76
184	162	67
184	188	62
184	210	55
185	48	240
185	54	185
185	75	132
185	78	122
185	103	95
185	142	74
185	197	58
186	46	281
186	59	173
186	68	140
186	74	128
186	77	126
186	85	112
186	93	101
186	112	85
186	154	67
187	50	231
187	52	211
187	63	156
187	92	104
187	98	95
187	104	91
187	146	69
188	50	219
188	126	76
188	194	58
189	49	231
189	74	127
189	80	115
189	101	89
189	173	62
190	49	216
190	58	169
190	62	164
190	85	109
190	106	83
190	124	78
191	45	284
191	57	165
191	67	147
191	87	106
192	66	152
192	73	135
192	91	102
192	100	94
192	176	60
192	201	55
193	76	126
193	167	62
194	62	148
194	91	101
194	96	99
194	117	80
194	143	70
195	54	173
195	72	139
195	96	95
195	97	94
195	138	74
195	146	68
195	159	62
195	191	55
196	46	260
196	70	133
196	127	75
196	151	64
196	190	58
197	79	120
197	90	98
198	52	203
198	72	130
198	129	74
198	131	71
198	149	66
199	100	92
200	49	202
200	52	196
200	61	159
200	71	128
200	75	126
200	85	107
200	88	103
201	86	106
201	113	78
201	120	75
201	163	61
202	207	51
203	65	146
203	66	137
203	95	96
203	107	82
203	188	59
203	215	50
204	68	128
204	83	110
204	109	81
205	48	205
205	57	153
205	63	145
205	69	125
205	89	101
205	170	58
206	46	246
206	53	185
206	65	144
206	145	67
206	154	62
207	46	217
207	50	196
207	72	124
207	77	112
207	80	110
207	86	98
207	100	90
207	134	68
208	50	184
208	65	128
208	73	123
208	75	112
208	82	106
208	85	100
209	64	141
209	90	94
209	102	88
209	145	63
209	198	54
210	49	199
210	72	119
210	210	50
211	71	115
211	79	110
211	99	92
211	158	61
211	218	49
212	45	220
212	73	114
212	97	89
212	118	74
212	127	70
212	141	66
212	166	59
213	56	156
213	78	106
213	81	102
213	140	67
214	47	211
214	77	108
214	86	96
214	96	91
214	111	78
214	114	77
214	162	59
214	188	57
215	47	199
215	48	193
215	60	140
215	95	87
215	115	76
215	123	73
215	161	56
216	59	136
216	64	134
216	100	81
216	188	53
217	58	146
217	69	118
217	83	95
217	88	94
217	145	61
218	42	264
218	88	89
218	119	72
218	143	63
218	157	59
218	182	53
218	208	50
219	64	129
219	70	116
219	125	68
219	184	52
219	210	49
220	56	144
220	143	62
221	77	107
221	105	80
221	139	66
221	235	48
222	45	208
222	60	132
222	110	74
222	181	52
222	198	50
222	224	47
223	94	83
223	121	70
223	139	65
223	215	48
224	99	77
224	115	72
224	141	63
225	51	173
225	79	103
226	62	125
226	72	109
226	144	60
226	193	49
226	219	46
227	49	183
227	107	76
228	43	229
228	53	164
229	47	187
229	55	147
229	68	112
229	86	94
229	113	71
229	126	67
229	134	63
230	43	219
230	59	131
230	65	116
230	139	60
230	169	53
232	53	152
232	82	100
232	168	54
233	52	155
233	70	109
233	117	69
233	126	64
233	214	48
234	41	245
234	56	139
234	66	115
234	75	104
234	90	88
234	191	49
235	58	135
236	45	196
236	66	112
236	155	53
236	181	51
237	48	181
237	80	95
237	84	94
237	100	75
237	123	67
238	50	174
238	73	104
238	112	68
238	139	58
239	73	101
239	83	93
240	50	164
240	89	79
240	175	49
240	231	44
241	44	207
241	94	73
241	137	59
242	71	107
242	171	50
242	197	47
243	55	135
243	61	127
243	71	104
243	87	90
245	54	138
245	78	97
245	82	85
246	42	218
246	48	179
246	119	67
246	166	49
246	192	46
247	52	143
247	73	96
247	146	57
248	63	115
249	58	131
249	148	56
250	41	223
250	47	177
250	69	107
251	105	69
251	132	61
252	47	172
252	63	112
252	101	68
253	113	65
254	72	97
254	88	83
254	238	43
255	92	75
255	97	71
256	44	199
256	51	146
256	56	134
256	232	42
257	55	130
257	61	115
258	45	184
259	85	83
260	46	172
260	48	154
260	59	126
260	146	56
260	147	53
261	52	138
261	70	99
261	129	60
262	50	152
262	54	134
262	69	95
262	134	59
263	143	56
264	50	151
264	139	57
265	94	71
265	189	47
266	43	194
266	81	89
266	111	65
266	123	62
266	141	56
267	46	163
267	62	114
267	109	65
268	119	64
268	214	41
270	42	190
270	57	126
271	68	104
271	144	55
271	182	46
272	42	187
272	43	180
272	50	150
274	127	61
275	79	88
275	155	50
275	186	45
276	45	171
276	72	93
276	179	45
276	205	42
277	61	112
278	50	146
278	79	83
278	92	71
278	119	62
279	124	60
281	47	159
281	148	51
282	46	160
282	108	64
282	153	49
283	132	56
283	137	55
284	97	69
284	137	54
285	49	143
285	104	67
286	130	57
287	135	55
288	187	41
289	46	151
291	167	48
297	43	177
297	116	61
297	180	43
298	102	66
298	163	48
299	134	55
299	164	47
300	139	53
302	174	44
303	42	183
304	44	170
304	117	60
305	146	51
306	144	52
307	173	43
309	131	56
310	164	46
311	164	44
316	99	67
317	142	51
318	171	42
