46	337	288
46	353	281
46	371	279
47	317	307
47	322	287
48	302	306
49	290	332
49	328	265
49	344	258
49	362	256
50	281	302
50	298	296
50	308	284
50	313	264
51	269	328
51	271	308
51	291	274
51	322	252
51	338	245
51	356	243
52	259	334
52	264	326
52	268	320
52	271	293
52	277	291
52	320	246
53	272	279
53	287	266
53	298	256
53	304	243
53	322	241
54	250	289
54	258	285
54	264	284
54	270	266
54	282	253
54	296	248
54	317	238
55	237	322
55	240	295
55	268	270
55	271	264
55	297	237
56	233	290
56	244	276
56	260	269
56	261	265
56	272	262
56	276	249
56	278	243
56	304	230
56	320	223
57	223	296
57	248	268
57	249	262
57	261	249
57	272	241
58	226	284
58	244	266
58	245	260
58	255	252
58	308	217
59	216	290
59	235	266
59	247	251
59	278	226
59	299	216
59	302	215
60	238	254
60	256	236
60	301	211
60	329	202
61	216	283
61	227	269
61	228	260
61	258	227
61	271	220
61	287	217
61	295	209
62	201	295
62	206	289
62	208	283
62	232	255
62	244	242
62	249	230
62	283	218
63	209	277
63	227	259
63	228	253
63	230	247
63	238	245
63	242	243
63	270	213
63	331	199
64	194	289
64	199	283
64	213	265
64	218	259
64	220	253
64	230	244
64	239	240
64	246	238
64	250	220
64	263	213
64	269	209
64	281	207
64	310	205
64	312	198
64	314	197
64	332	195
65	216	253
65	221	247
65	234	235
65	239	229
65	241	223
65	309	199
66	206	259
66	208	258
66	211	253
66	213	252
66	241	220
66	251	214
66	254	213
66	262	206
66	308	194
67	194	284
67	215	251
67	227	229
67	232	223
67	250	218
67	253	210
67	261	202
67	280	192
67	306	190
67	316	179
68	175	308
68	180	296
68	201	275
68	245	214
68	248	212
68	252	210
68	253	206
69	186	287
69	191	281
69	193	275
69	206	254
69	208	253
69	226	227
69	247	208
69	252	202
69	265	200
69	273	189
69	292	183
70	194	269
70	212	251
70	232	218
70	243	210
70	272	185
71	171	286
71	179	281
71	184	275
71	197	250
71	213	242
71	216	237
71	226	218
71	240	210
71	257	194
71	262	190
71	264	189
71	293	181
71	300	175
71	323	172
72	170	301
72	193	250
72	198	244
72	209	236
72	218	220
72	229	212
72	230	211
72	239	209
72	242	207
72	246	198
72	258	191
72	263	185
72	267	184
72	290	182
72	304	171
73	183	256
73	188	250
73	199	242
73	231	210
73	237	208
73	242	202
73	257	186
73	266	181
73	270	177
73	289	173
73	295	171
73	322	165
74	170	299
74	204	226
74	209	220
74	215	218
74	220	212
74	230	209
74	244	200
74	249	187
74	297	162
75	160	305
75	165	293
75	203	238
75	230	199
75	241	191
75	264	183
75	278	167
76	181	248
76	194	246
76	213	217
76	219	216
76	235	193
76	240	187
76	327	161
77	166	277
77	208	225
77	215	216
77	243	183
77	247	179
77	264	173
78	153	317
78	156	283
78	167	262
78	182	247
78	203	229
78	219	207
78	232	187
78	239	183
78	240	179
78	276	159
78	312	152
79	193	243
79	199	226
79	206	216
79	209	213
79	230	198
79	252	173
79	266	161
80	160	280
80	168	253
80	173	247
80	179	245
80	184	239
80	214	205
80	227	198
80	230	183
80	262	165
81	149	295
81	162	277
81	164	256
81	199	219
81	203	210
81	205	209
81	216	195
81	227	180
81	241	175
81	251	162
81	271	159
81	277	156
82	145	333
82	151	276
82	176	234
82	195	226
82	196	209
82	217	184
82	249	173
82	289	154
82	310	147
83	148	309
83	163	250
83	180	232
83	186	215
83	229	175
84	179	232
84	182	230
84	184	226
84	207	185
84	249	154
85	141	311
85	157	258
85	161	257
85	167	249
85	179	220
85	190	212
85	194	201
85	205	196
85	215	176
85	228	164
85	248	161
85	290	149
85	291	148
85	332	143
86	141	285
86	162	255
86	171	247
86	184	207
86	226	175
86	227	167
86	268	153
86	287	149
87	137	323
87	144	281
87	150	255
87	155	249
87	161	247
87	166	241
87	171	238
87	175	224
87	180	214
87	205	177
87	242	161
88	159	242
88	173	231
88	196	194
88	226	156
88	281	148
88	318	141
89	143	284
89	161	231
89	166	225
89	177	217
89	193	202
89	195	200
89	199	191
89	268	150
89	293	142
89	330	138
90	133	301
90	135	288
90	155	246
90	171	212
90	182	210
90	189	201
90	194	199
90	198	184
90	245	155
90	260	150
91	140	264
91	163	230
91	164	229
91	167	215
91	176	208
91	182	199
91	192	182
91	206	176
91	219	163
91	238	154
91	256	150
91	263	144
91	283	141
92	134	278
92	154	235
92	158	234
92	160	232
92	179	193
92	188	185
92	213	161
92	258	147
93	132	294
93	147	252
93	151	240
93	159	221
93	166	209
93	187	184
93	201	177
93	210	173
93	249	152
93	286	139
94	142	251
94	149	239
94	165	211
94	180	191
94	191	181
94	225	159
94	228	153
94	233	150
94	257	144
95	132	280
95	158	228
95	160	217
95	170	208
95	177	185
95	192	178
95	234	149
95	240	146
95	260	143
95	274	142
95	322	131
96	153	234
96	158	226
96	167	203
96	170	202
96	173	200
96	186	181
96	198	164
96	217	156
96	293	136
96	300	134
96	307	132
97	125	309
97	133	257
97	146	226
97	153	214
97	170	199
97	174	189
97	181	184
97	189	173
97	263	141
97	271	138
98	130	280
98	132	261
98	142	246
98	151	225
98	159	212
98	190	172
98	202	163
98	210	152
98	234	146
98	257	142
99	124	292
99	126	286
99	141	246
99	164	190
99	182	179
99	186	177
99	211	151
99	241	145
99	246	143
99	299	133
100	122	311
100	125	290
100	157	207
100	162	201
100	185	169
100	203	158
100	220	150
100	241	144
100	270	138
100	284	134
100	309	129
101	126	270
101	137	255
101	141	239
101	152	222
101	174	186
101	176	178
101	227	147
101	240	144
101	242	143
101	248	140
101	289	131
101	303	130
102	123	290
102	168	187
102	177	177
102	197	157
102	266	136
102	301	128
103	118	300
103	119	299
103	121	295
103	123	284
103	152	215
103	169	184
103	180	175
103	194	165
103	198	156
103	237	144
104	114	318
104	130	253
104	133	241
104	163	196
104	212	149
104	218	146
104	246	141
104	282	133
104	286	131
105	124	279
105	126	264
105	154	206
105	168	183
105	184	166
105	217	146
105	236	143
105	263	137
105	266	133
105	271	132
105	283	130
106	112	358
106	129	255
106	145	212
106	181	172
106	221	145
106	238	142
106	243	138
106	252	136
106	278	130
106	307	126
107	123	275
107	130	241
107	166	182
107	167	180
107	171	179
107	180	171
107	181	170
107	209	154
107	232	140
107	246	134
107	274	130
108	107	351
108	118	293
108	121	282
108	124	261
108	134	238
108	150	201
108	179	173
108	188	159
108	205	151
108	210	149
108	227	141
108	282	126
109	119	277
109	122	272
109	137	230
109	142	224
109	144	219
109	171	171
109	240	139
109	260	132
109	262	130
110	112	310
110	115	305
110	117	282
110	163	192
110	182	166
110	195	153
110	216	146
110	223	140
110	318	124
111	109	328
111	113	300
111	130	236
111	137	224
111	166	177
111	169	175
111	183	163
111	190	155
111	223	136
111	251	132
111	279	126
112	114	289
112	117	265
112	144	218
112	153	193
112	163	189
112	165	181
112	172	167
112	204	143
112	249	131
112	326	122
113	111	285
113	114	283
113	116	269
113	128	255
113	131	221
113	136	215
113	145	211
113	158	190
113	162	185
113	164	176
113	173	166
113	178	165
113	181	162
113	191	151
113	193	146
113	239	132
113	252	129
113	259	128
114	120	263
114	122	260
114	125	241
114	130	225
114	148	196
114	152	191
114	169	171
114	182	158
114	189	155
114	203	144
114	256	128
114	278	121
115	123	243
115	129	230
115	139	209
115	157	182
115	162	179
115	170	169
115	173	165
115	177	160
115	187	155
115	192	147
116	110	278
116	115	274
116	117	261
116	121	257
116	129	224
116	152	190
116	159	172
116	191	148
116	202	143
116	213	141
116	239	131
116	259	126
117	104	298
117	107	290
117	115	263
117	121	253
117	124	234
117	128	228
117	158	176
117	162	171
117	174	163
117	178	156
117	180	151
117	203	142
117	216	136
117	229	131
117	245	126
117	265	123
117	299	119
118	100	316
118	113	276
118	118	254
118	123	238
118	135	209
118	141	208
118	169	168
118	176	160
118	177	157
118	211	140
118	225	134
118	233	130
118	242	128
118	255	123
118	309	116
119	97	340
119	116	261
119	119	251
119	138	203
119	145	196
119	147	193
119	155	186
119	179	152
119	215	134
120	107	277
120	110	267
120	120	243
120	144	200
120	146	195
120	150	187
120	165	169
120	168	163
120	173	162
120	189	148
120	224	133
120	236	128
120	241	127
121	97	318
121	101	297
121	117	252
121	121	233
121	124	223
121	131	212
121	157	174
121	164	166
121	201	142
121	202	139
121	235	129
121	270	121
122	130	216
122	143	191
122	149	189
122	163	165
122	164	162
122	170	158
122	178	153
122	194	143
122	200	141
122	207	138
122	224	130
123	114	256
123	118	243
123	129	212
123	168	159
123	181	147
123	197	141
123	217	133
123	224	128
123	232	126
123	236	125
123	306	111
124	103	280
124	109	265
124	122	226
124	127	219
124	141	200
124	147	184
124	152	174
124	193	142
124	217	132
124	225	127
124	260	119
124	286	115
125	98	303
125	99	298
125	100	290
125	106	274
125	114	255
125	117	236
125	133	208
125	138	202
125	141	194
125	145	187
125	150	178
125	157	171
125	174	155
125	176	153
125	189	144
125	215	131
126	96	322
126	108	273
126	109	261
126	140	198
126	157	163
126	166	157
126	173	156
126	180	146
126	192	140
126	203	137
126	214	135
126	215	129
126	229	126
126	251	124
127	95	330
127	108	270
127	113	250
127	114	247
127	133	199
127	138	198
127	149	182
127	151	177
127	172	156
127	187	138
127	204	132
127	208	130
127	241	124
127	246	123
127	326	107
128	92	320
128	100	279
128	113	244
128	141	192
128	150	173
128	154	169
128	161	159
128	175	148
128	185	137
128	263	117
128	276	114
128	321	108
129	88	331
129	90	318
129	107	264
129	112	248
129	114	235
129	138	194
129	148	182
129	228	121
130	93	307
130	102	274
130	110	257
130	116	227
130	142	191
130	149	171
130	155	162
130	167	151
130	179	145
130	254	113
130	260	112
131	104	263
131	134	197
131	144	190
131	152	165
131	174	143
131	195	135
131	198	129
131	307	109
132	97	285
132	105	258
132	134	191
132	140	184
132	148	171
132	168	147
132	172	142
132	217	126
132	253	116
132	269	111
132	295	107
133	88	310
133	95	304
133	96	286
133	108	243
133	119	214
133	133	195
133	144	178
133	153	164
133	161	154
133	218	123
133	307	104
133	324	103
134	116	220
134	127	213
134	129	206
134	131	200
134	157	157
134	183	140
134	206	128
135	107	257
135	137	190
135	147	172
135	156	156
135	184	139
135	185	134
135	196	131
135	209	126
135	229	118
136	87	313
136	91	299
136	96	279
136	106	246
136	115	223
136	140	183
136	145	169
136	147	165
136	162	152
136	176	136
136	237	112
136	265	111
137	90	303
137	100	266
137	107	241
137	112	230
137	132	193
137	140	179
137	160	155
137	169	146
137	218	119
137	263	107
138	111	229
138	150	164
138	160	149
138	170	145
138	193	133
138	205	127
138	273	104
139	93	285
139	99	277
139	117	219
139	127	200
139	128	197
139	130	196
139	143	174
139	155	157
139	159	151
139	171	144
139	194	128
139	217	121
139	230	115
139	320	101
140	81	327
140	86	307
140	87	292
140	124	212
140	126	190
140	135	187
140	151	161
140	153	159
140	158	151
140	163	141
140	173	138
140	182	135
140	206	123
140	224	117
141	80	331
141	98	255
141	104	241
141	106	240
141	123	212
141	139	179
141	147	160
141	152	154
141	187	129
141	205	124
141	259	111
141	302	101
142	92	291
142	100	247
142	120	207
142	125	197
142	134	180
142	139	178
142	144	173
142	160	147
142	252	110
143	83	313
143	95	267
143	97	266
143	99	249
143	108	224
143	141	175
143	142	162
143	151	158
143	181	133
143	184	132
143	239	110
143	322	99
144	90	286
144	101	241
144	116	218
144	141	170
144	145	156
144	154	153
144	160	143
144	195	127
144	252	106
145	88	283
145	89	280
145	103	234
145	119	200
145	133	179
145	136	178
145	151	155
145	168	138
145	202	124
145	271	103
145	284	97
146	82	319
146	92	267
146	111	211
146	121	193
146	138	172
146	146	155
146	151	154
146	155	151
146	220	115
146	222	114
147	95	266
147	100	241
147	104	228
147	127	184
147	171	137
147	196	126
147	213	115
147	219	114
148	96	260
148	98	253
148	121	192
148	134	178
148	137	169
148	140	164
148	180	134
148	182	132
148	238	111
149	78	326
149	85	310
149	96	250
149	98	249
149	116	210
149	118	205
149	119	197
149	136	174
149	138	160
149	149	152
149	155	143
149	178	124
149	189	122
149	207	115
149	230	113
149	267	105
150	94	260
150	102	236
150	106	220
150	109	217
150	110	215
150	117	201
150	133	170
150	137	167
150	146	153
150	164	139
150	167	138
150	217	112
150	315	92
151	82	308
151	85	302
151	100	234
151	122	190
151	125	187
151	137	164
151	153	151
151	172	133
151	263	102
152	84	285
152	90	271
152	91	253
152	97	247
152	104	223
152	110	210
152	120	194
152	122	184
152	131	178
152	140	158
152	153	147
152	176	132
152	201	114
152	218	108
152	282	99
153	88	271
153	90	263
153	95	248
153	101	224
153	165	129
154	78	323
154	81	315
154	96	238
154	97	236
154	116	195
154	129	180
154	141	157
154	157	141
154	163	139
154	211	112
154	241	106
154	254	100
155	72	336
155	80	309
155	83	302
155	88	267
155	89	255
155	94	240
155	123	181
155	154	146
155	161	137
155	162	135
156	78	295
156	83	279
156	107	215
156	109	213
156	111	207
156	130	179
156	134	166
156	136	163
156	143	153
156	151	149
156	188	119
156	205	113
156	250	100
157	79	289
157	88	254
157	114	198
157	130	176
157	132	167
157	133	162
157	146	151
157	149	149
157	150	145
158	85	272
158	86	270
158	87	262
158	106	216
158	112	200
158	119	190
158	129	166
158	244	103
158	263	95
158	291	94
159	70	337
159	81	285
159	96	232
159	108	204
159	111	197
159	114	195
159	115	193
159	118	189
159	139	157
159	154	142
159	162	134
159	209	110
160	75	333
160	81	281
160	82	278
160	83	263
160	92	238
160	103	217
160	107	211
160	127	173
160	144	152
160	152	137
161	74	309
161	80	287
161	94	226
161	105	216
161	106	215
161	107	206
161	121	182
161	123	178
161	138	153
161	147	150
161	148	143
161	199	114
162	87	257
162	91	252
162	93	235
162	96	225
162	103	216
162	114	193
162	118	188
162	122	181
162	127	171
162	137	160
162	145	149
162	162	132
162	186	123
162	237	100
162	288	91
163	76	308
163	77	290
163	79	267
163	95	225
163	110	191
163	114	190
163	119	185
163	125	169
163	143	150
163	146	144
163	148	141
163	166	127
163	235	105
163	260	97
163	262	96
164	72	306
164	75	290
164	77	283
164	78	272
164	81	263
164	90	230
164	103	208
164	106	205
164	109	200
164	114	187
164	130	163
164	134	161
164	179	119
164	191	116
164	202	109
165	89	234
165	105	206
165	118	186
165	126	168
165	137	156
165	143	148
165	164	130
165	171	124
165	178	120
165	187	114
165	218	107
165	234	105
165	241	97
166	94	221
166	109	194
166	121	172
166	126	165
166	144	147
166	280	94
167	71	295
167	85	257
167	100	220
167	114	186
167	133	159
167	140	150
167	186	116
167	197	112
167	225	99
167	242	93
168	79	261
168	80	258
168	87	252
168	102	202
168	107	198
168	118	173
168	126	163
168	159	130
168	182	118
168	311	88
169	68	321
169	75	267
169	90	223
169	106	198
169	108	196
169	113	183
169	133	155
169	146	143
169	160	129
169	165	125
169	209	107
169	222	102
169	235	97
170	70	307
170	86	230
170	102	200
170	112	189
170	125	160
170	131	155
170	135	149
170	142	141
170	163	126
170	200	111
170	219	104
171	67	319
171	79	254
171	83	247
171	98	213
171	109	192
171	113	180
171	186	113
171	229	98
171	288	87
172	85	241
172	124	168
172	164	122
172	286	91
173	89	217
173	97	204
173	121	170
173	149	139
173	194	110
173	268	88
173	311	85
174	72	276
174	76	258
174	78	257
174	131	154
174	139	147
174	141	136
174	150	131
174	233	95
174	295	86
175	74	263
175	88	228
175	94	212
175	116	179
175	117	174
175	129	156
175	156	127
175	164	120
175	286	86
176	121	165
176	138	142
176	163	124
176	177	115
176	200	109
177	79	250
177	105	193
177	109	179
178	62	304
178	93	215
178	97	202
178	113	175
178	126	157
178	186	109
178	259	90
179	84	231
179	98	199
179	124	158
180	66	276
180	89	215
180	118	166
180	125	153
180	161	122
180	175	118
180	197	107
180	211	99
180	236	90
181	64	292
181	68	272
181	77	239
181	85	226
181	117	173
181	133	147
181	283	84
182	101	190
182	114	173
182	148	133
182	172	116
182	221	97
183	76	250
183	110	176
183	208	103
183	263	85
184	61	310
184	90	210
184	106	181
184	116	169
184	122	161
184	124	148
184	133	143
184	142	134
184	185	112
184	233	92
184	246	87
185	67	267
185	71	264
185	86	222
185	112	168
185	146	132
185	160	125
185	314	82
186	184	110
186	223	92
186	242	89
187	72	253
187	81	233
187	86	221
187	88	205
187	96	192
187	106	176
187	151	128
187	161	121
187	285	82
188	120	165
188	155	127
188	160	122
188	177	114
188	218	95
189	71	255
189	80	226
189	153	126
189	265	84
190	77	237
190	105	186
190	114	165
190	129	144
190	155	120
190	274	83
191	66	273
191	78	233
191	85	221
191	95	204
191	116	159
191	117	157
191	138	141
191	201	104
191	256	83
192	75	252
192	78	232
192	81	223
192	87	212
192	110	174
192	141	132
192	177	111
192	186	102
193	60	296
193	76	248
193	97	187
193	105	177
193	106	174
193	154	124
194	93	202
194	101	183
194	112	166
194	125	146
194	151	124
194	171	117
194	306	81
195	75	249
195	82	221
195	85	216
195	152	121
195	162	118
195	164	113
195	221	92
196	61	295
196	65	280
196	108	168
196	113	161
196	130	143
196	140	127
196	160	117
196	184	109
196	235	87
196	255	85
197	76	238
197	138	140
197	172	111
197	246	83
198	70	261
198	89	198
198	123	145
198	136	141
198	162	115
198	201	100
198	222	91
198	264	80
199	61	290
199	65	279
199	80	217
199	104	178
199	134	141
199	151	118
199	163	113
199	175	107
200	65	259
200	74	244
200	75	241
200	112	156
200	157	114
201	58	300
201	73	246
201	103	180
201	136	136
201	166	112
201	206	96
201	228	90
201	251	80
202	64	286
202	120	155
202	163	111
202	167	109
202	195	97
203	62	272
203	94	189
203	96	183
203	132	139
203	279	79
203	287	78
204	60	288
204	73	235
204	109	164
204	118	149
204	143	122
205	57	308
205	129	143
205	133	136
205	180	103
205	238	85
206	69	253
206	78	226
206	94	186
206	225	89
207	56	338
207	86	210
207	91	188
207	99	179
207	102	177
207	104	167
207	105	165
207	149	120
207	160	113
207	210	87
207	270	78
208	63	263
208	69	242
208	191	97
208	204	89
209	134	130
209	150	119
209	165	110
209	172	105
209	180	101
210	84	201
210	86	200
210	113	155
210	161	112
210	284	77
211	59	287
211	73	233
211	81	216
211	90	194
211	101	175
211	118	145
211	123	139
211	283	76
212	89	192
212	97	181
212	102	171
212	115	154
212	196	93
212	239	84
213	61	278
213	156	114
213	225	85
213	228	82
213	257	76
214	55	326
214	80	208
214	88	194
214	95	182
214	97	176
214	154	113
214	245	79
215	71	240
215	163	110
215	296	74
216	55	322
216	79	220
216	91	186
216	121	144
216	139	128
216	147	121
216	189	94
216	230	81
216	250	77
216	252	75
217	79	217
217	94	183
217	128	135
217	142	119
217	152	113
217	154	111
217	162	110
217	219	82
217	267	74
218	54	339
218	56	299
218	98	174
218	108	164
218	110	163
218	139	123
218	177	99
219	57	291
219	61	276
219	73	226
219	100	168
219	117	146
219	185	93
220	54	330
220	97	172
220	116	147
220	138	126
220	153	108
221	110	152
221	115	147
221	120	141
222	61	275
222	70	240
222	76	213
222	176	98
223	89	187
223	99	166
223	107	161
223	134	124
223	139	118
223	149	116
223	215	82
223	255	74
224	55	316
224	70	235
224	81	204
224	90	185
224	98	167
224	131	129
224	152	110
224	196	90
225	66	246
225	67	239
225	84	192
225	92	182
225	127	132
225	145	114
226	60	280
226	95	181
226	97	169
226	175	96
226	204	88
226	239	76
226	266	73
227	60	279
227	87	191
227	106	153
227	111	147
227	125	138
227	220	78
227	281	72
228	54	324
228	63	259
228	138	119
228	173	103
228	229	77
229	134	123
229	148	111
229	152	109
229	287	71
230	59	271
230	95	175
230	121	138
230	124	132
230	189	91
230	210	85
230	242	73
230	256	72
231	53	325
231	71	233
231	78	205
231	81	203
231	83	196
231	142	113
231	207	87
231	213	79
231	251	72
231	271	71
232	55	309
232	70	233
232	87	187
232	92	175
233	64	250
233	65	243
233	70	229
233	74	214
233	113	144
233	149	110
234	53	316
234	100	159
234	131	128
234	201	86
234	204	84
234	209	78
234	235	74
235	68	236
235	119	138
235	165	103
235	173	96
236	51	339
236	141	114
236	154	105
236	208	80
237	52	331
237	79	199
237	123	128
237	182	92
237	186	89
237	200	83
237	231	73
238	63	258
238	110	150
238	154	104
238	270	71
239	81	195
239	141	113
239	184	87
240	99	163
240	147	109
240	155	103
240	256	71
241	72	223
241	90	182
241	92	170
241	100	154
241	105	148
241	119	134
241	137	121
241	140	116
241	265	70
241	285	69
242	87	186
242	135	118
242	166	101
242	175	92
242	276	69
243	85	186
243	91	179
243	110	144
243	129	126
243	151	108
243	271	69
243	291	68
244	58	278
244	60	269
244	88	183
244	111	141
244	151	104
244	223	76
245	52	323
245	70	222
245	126	123
245	217	76
245	264	69
246	53	315
246	173	92
246	229	75
246	279	68
247	76	208
247	77	200
247	245	71
248	51	324
248	54	309
248	104	148
248	109	142
248	136	116
248	142	112
248	239	71
248	297	67
249	50	338
249	52	316
249	143	109
249	150	105
249	158	99
249	186	84
249	251	70
249	257	69
250	68	226
250	80	191
250	85	179
251	81	188
251	147	106
252	61	266
252	88	178
252	99	156
252	212	75
252	257	68
252	264	67
253	94	164
253	122	128
253	205	82
253	207	77
254	67	236
254	116	133
254	133	116
255	60	258
255	122	126
256	79	192
256	116	132
256	175	89
256	229	72
256	273	66
257	55	295
257	71	220
257	98	153
257	104	147
257	109	141
257	125	124
257	139	112
257	185	83
258	66	230
258	97	162
258	115	136
258	131	119
258	135	114
258	156	99
258	162	96
258	272	66
259	57	272
259	78	199
259	93	158
259	112	140
259	169	94
259	254	67
260	53	300
260	69	223
260	70	220
260	75	213
260	162	95
260	201	78
260	263	66
260	283	65
261	54	292
261	72	216
261	107	144
261	132	115
262	71	216
262	80	186
262	89	177
262	92	169
262	130	119
262	136	111
262	152	100
263	51	316
263	64	245
263	75	206
263	76	195
263	118	128
263	187	81
263	221	72
264	63	253
264	178	87
264	182	85
265	56	281
265	115	131
265	128	119
265	219	74
266	97	152
266	144	105
266	240	70
266	243	67
266	268	64
267	87	178
267	159	95
268	49	330
268	81	184
268	92	166
268	120	126
268	157	96
269	50	322
269	82	182
269	87	173
269	92	163
269	125	123
269	135	110
270	71	209
270	84	178
270	92	162
270	119	124
270	178	85
271	87	168
271	103	147
271	131	118
271	170	89
271	229	70
272	55	291
272	79	188
272	84	172
272	131	115
272	178	83
272	199	77
272	291	63
274	48	338
274	86	171
274	96	150
274	115	130
274	136	109
274	164	94
274	186	79
274	251	65
275	54	288
275	143	107
275	144	104
276	62	247
276	74	203
276	77	187
276	82	175
276	90	167
276	142	107
276	151	102
277	138	106
278	47	357
278	91	162
278	126	120
278	167	88
278	261	64
279	117	127
279	133	114
279	135	108
279	153	96
280	52	302
280	133	113
280	134	110
281	63	242
281	83	171
281	113	128
281	134	108
281	147	100
281	150	99
281	224	69
282	77	185
282	144	101
282	200	75
283	47	346
283	71	207
283	131	110
283	185	80
284	49	317
284	58	259
284	65	237
284	126	119
285	50	309
285	70	219
285	90	154
285	95	148
285	142	105
286	53	296
286	55	279
286	73	203
286	112	138
286	190	76
287	89	166
287	130	114
287	285	63
288	77	182
288	215	72
289	75	195
290	85	168
290	121	120
290	126	117
291	88	163
291	142	102
291	170	86
291	199	74
291	237	67
292	53	290
293	139	103
293	187	76
294	84	170
294	128	111
295	86	165
295	120	123
295	126	113
296	114	124
296	144	100
296	230	68
297	67	225
297	70	209
297	73	199
297	84	164
297	124	119
297	165	87
297	272	63
298	47	340
298	76	184
298	81	168
298	137	107
298	148	99
298	218	70
298	278	61
299	98	146
299	119	123
299	164	92
299	182	82
299	248	65
300	55	275
300	63	238
300	132	107
301	75	190
301	78	174
301	142	100
301	160	88
301	268	62
302	105	136
302	129	109
303	121	118
304	69	213
304	151	93
304	157	92
304	208	70
304	219	69
305	122	115
305	138	102
306	64	229
306	196	72
307	48	328
307	74	198
307	75	186
307	108	128
308	61	242
308	120	118
308	150	96
308	218	69
309	70	204
310	124	113
310	241	66
311	74	196
311	90	148
311	145	97
312	66	228
312	149	95
312	246	64
312	267	63
313	121	115
314	68	219
314	87	154
314	100	139
314	124	112
314	172	80
314	223	67
316	148	95
316	211	69
317	143	99
317	163	85
318	67	220
318	128	110
319	51	305
319	83	162
322	55	272
322	68	212
322	71	196
322	80	168
323	120	115
324	116	118
324	136	101
325	165	83
325	258	62
326	102	131
326	280	60
326	308	59
327	178	77
328	74	191
328	77	175
328	156	88
329	199	71
330	149	92
331	133	105
332	190	73
336	123	111
337	67	212
337	226	66
338	145	94
338	158	86
338	248	63
339	66	224
339	172	79
339	214	68
340	113	127
341	104	128
342	119	114
343	68	207
343	135	100
345	60	245
346	58	255
346	139	98
349	65	220
350	167	81
351	232	65
358	141	97
361	160	84
362	121	110
362	134	102
363	108	123
364	151	89
366	144	93
369	141	95
371	134	99
373	130	104
374	131	103
388	355	57
397	341	57
