55	210	302
55	212	282
55	221	273
55	236	261
56	192	305
56	194	285
56	198	274
56	207	265
56	224	254
56	239	242
57	180	321
57	182	301
57	187	268
57	196	259
57	210	246
58	190	249
58	199	240
58	233	232
58	265	224
59	165	313
59	167	293
59	171	278
59	175	267
59	180	262
59	218	234
59	233	222
60	159	324
60	161	304
60	170	274
60	182	239
60	191	230
60	232	223
60	259	214
61	159	323
61	160	282
61	165	278
61	169	262
61	174	254
61	259	204
62	155	286
62	160	275
62	168	268
62	173	244
62	193	226
62	208	221
62	215	217
62	217	212
62	230	205
63	154	283
63	164	265
63	175	233
63	179	222
63	188	213
63	235	200
64	142	316
64	150	284
64	153	272
64	165	259
64	168	252
64	170	241
64	226	209
65	147	272
65	153	265
65	162	250
65	167	248
65	169	235
65	186	207
65	195	198
66	141	303
66	143	273
66	161	242
66	191	206
67	140	293
67	143	266
67	151	250
67	162	230
67	167	224
67	171	221
67	228	181
67	266	177
67	273	172
68	130	318
68	142	275
68	148	264
68	155	232
69	135	305
69	137	290
69	139	272
69	141	267
69	148	256
69	183	200
69	195	186
70	129	295
70	130	294
70	131	275
70	144	255
70	169	209
70	176	200
70	185	191
70	259	161
71	130	287
71	136	273
71	138	271
71	141	258
71	150	244
71	152	234
71	175	203
71	191	184
71	202	171
71	217	169
72	128	281
72	134	270
72	136	259
72	149	252
72	150	238
72	159	222
72	165	215
72	174	206
72	176	194
72	181	189
72	225	165
72	232	160
73	122	281
73	132	257
73	139	248
73	140	241
73	146	236
73	174	197
73	198	169
73	218	164
73	235	154
74	118	296
74	119	284
74	129	260
74	137	244
74	152	217
74	161	213
74	162	205
74	164	202
75	122	272
75	143	233
75	154	214
75	159	212
75	161	209
75	190	173
75	202	163
75	251	147
75	257	145
76	114	298
76	119	275
76	126	267
76	135	256
76	139	241
76	142	222
76	151	213
76	176	182
76	217	154
77	111	301
77	126	254
77	136	230
77	160	208
77	166	187
77	196	168
77	198	161
77	262	144
78	118	292
78	133	233
78	142	221
78	152	210
78	156	199
78	162	194
78	183	167
79	110	288
79	126	245
79	129	240
79	155	202
79	210	160
79	234	152
79	263	139
80	117	269
80	123	248
80	132	239
80	140	221
80	151	209
80	161	192
80	163	184
80	216	153
80	220	149
81	115	270
81	119	257
81	139	215
81	148	204
81	155	198
81	156	191
81	181	176
81	182	175
81	226	142
82	107	296
82	142	212
82	183	159
82	212	157
82	213	150
82	240	140
83	111	279
83	114	261
83	125	245
83	130	233
83	133	222
83	153	196
83	154	187
83	219	146
83	242	135
84	111	263
84	121	242
84	122	240
84	127	230
84	172	174
84	177	164
84	276	129
85	119	243
85	120	242
85	134	214
85	143	202
85	153	184
85	166	179
85	167	169
85	187	155
85	202	154
85	203	152
85	214	144
86	111	257
86	114	247
86	142	193
86	156	182
86	202	146
86	213	142
87	110	282
87	163	173
87	190	151
87	240	133
87	246	128
88	124	224
88	148	184
88	161	170
88	171	159
88	211	137
88	282	123
89	97	301
89	102	265
89	118	232
89	130	211
89	134	201
89	141	197
89	149	183
89	154	177
89	186	149
90	98	278
90	115	230
90	149	179
90	159	176
90	171	155
90	179	152
90	180	149
90	231	128
91	99	266
91	102	261
91	110	243
91	126	219
91	132	201
91	140	191
91	141	184
91	158	173
91	164	162
91	194	146
91	218	136
92	94	289
92	105	250
92	109	237
92	125	216
92	130	193
92	135	192
92	156	174
92	159	172
92	161	168
92	163	155
92	175	150
92	244	123
93	96	268
93	124	201
93	153	166
93	182	145
93	221	133
93	233	125
94	92	294
94	93	276
94	103	257
94	104	242
94	121	228
94	122	218
94	140	188
94	143	172
94	171	147
94	195	142
94	204	140
94	210	136
94	225	125
94	259	122
94	268	115
95	95	265
95	103	239
95	106	234
95	113	227
95	114	216
95	118	211
95	122	210
95	186	143
95	205	131
95	211	129
95	224	127
95	246	120
96	91	281
96	104	236
96	107	229
96	112	219
96	136	186
96	138	177
96	160	162
96	182	144
96	193	136
96	204	135
96	208	127
97	90	311
97	92	266
97	121	195
97	148	164
97	156	163
97	160	148
97	175	143
97	221	124
97	227	122
97	251	118
97	270	112
98	101	238
98	105	227
98	115	203
98	130	188
98	133	175
98	150	161
98	151	155
98	172	144
98	196	135
98	206	130
98	221	122
99	89	289
99	95	253
99	98	252
99	102	230
99	112	206
99	129	190
99	139	170
99	142	166
99	192	141
99	193	134
100	99	235
100	105	218
100	127	194
100	131	172
100	159	147
100	168	143
100	187	140
100	190	135
100	202	124
100	245	114
101	95	238
101	99	230
101	102	221
101	150	155
101	155	153
101	165	144
101	174	139
101	180	137
101	190	131
102	98	230
102	100	224
102	121	187
102	129	185
102	141	158
102	145	154
102	157	149
102	167	140
102	171	139
102	186	132
102	190	126
102	217	122
102	249	113
103	88	301
103	89	264
103	92	240
103	111	204
103	125	183
103	130	181
103	139	167
103	148	148
103	168	139
103	178	132
103	187	127
103	188	126
103	223	114
103	307	108
104	89	248
104	93	234
104	105	209
104	108	206
104	115	201
104	116	193
104	121	175
104	139	159
104	151	143
104	167	139
104	168	136
104	273	105
104	280	104
105	85	278
105	87	271
105	96	231
105	98	223
105	115	183
105	137	169
105	160	140
105	170	133
105	175	132
105	236	111
106	100	219
106	107	207
106	112	186
106	128	166
106	131	161
106	134	157
106	207	122
106	209	117
106	225	111
106	246	110
107	88	238
107	97	226
107	100	218
107	109	193
107	126	171
107	130	163
107	138	155
107	142	147
107	198	125
107	206	121
107	260	109
108	83	311
108	90	234
108	101	214
108	102	201
108	123	174
108	129	158
108	133	154
108	140	152
108	141	146
108	152	137
108	159	135
108	164	132
108	171	131
108	190	124
108	201	121
108	218	114
108	233	109
108	248	104
109	85	265
109	92	225
109	118	168
109	136	152
109	148	136
109	164	131
109	166	130
109	187	120
109	200	113
109	222	111
110	79	322
110	90	223
110	95	221
110	99	216
110	106	188
110	128	158
110	139	143
110	146	136
110	157	135
110	158	131
110	183	124
110	192	116
110	272	96
111	83	249
111	84	246
111	93	214
111	99	205
111	115	181
111	126	165
111	131	150
111	172	123
111	181	122
112	78	309
112	86	235
112	88	231
112	96	203
112	102	199
112	106	186
112	109	182
112	119	161
112	122	157
112	151	135
112	156	131
112	165	129
112	168	127
112	179	122
112	184	121
112	206	109
113	82	251
113	101	190
113	114	178
113	116	164
113	118	163
113	127	154
113	130	147
113	138	139
113	152	133
113	153	132
113	191	118
113	228	104
113	235	103
114	80	263
114	86	225
114	92	222
114	95	204
114	97	202
114	105	187
114	107	182
114	113	174
114	115	166
114	132	143
114	137	142
114	140	137
114	143	136
114	152	132
114	167	128
114	178	121
114	224	102
115	88	219
115	91	205
115	97	190
115	110	175
115	124	152
115	131	145
115	136	136
115	143	129
115	160	123
115	222	103
116	80	259
116	83	238
116	84	219
116	115	163
116	119	160
116	134	136
116	141	135
116	155	127
116	174	122
116	178	118
116	198	109
116	205	108
117	80	250
117	87	205
117	103	186
117	108	173
117	109	171
117	110	170
117	116	154
117	119	150
117	129	144
117	133	140
117	142	131
117	148	128
117	161	119
117	182	113
117	277	94
118	94	201
118	97	186
118	106	176
118	107	170
118	111	163
118	115	156
118	126	145
118	146	128
118	154	127
118	157	121
118	179	111
118	222	101
119	82	247
119	84	215
119	94	189
119	102	182
119	104	181
119	105	169
119	109	162
119	123	145
119	126	139
119	129	136
119	130	135
119	133	134
119	149	124
119	154	122
119	159	119
119	206	101
119	227	95
120	81	218
120	87	201
120	93	193
120	97	185
120	100	173
120	101	170
120	107	168
120	120	143
120	129	134
120	148	127
120	177	116
121	77	256
121	80	218
121	84	204
121	96	184
121	104	169
121	111	159
121	112	154
121	117	146
121	119	145
121	124	137
121	131	129
121	138	128
121	149	123
121	162	118
121	165	117
121	187	109
121	261	94
122	74	281
122	76	272
122	83	210
122	97	170
122	106	167
122	116	148
122	128	133
122	131	128
122	137	127
122	138	124
122	145	123
122	173	111
122	192	107
123	84	199
123	93	187
123	102	169
123	107	160
123	119	140
123	125	136
123	126	133
123	143	121
123	149	119
123	160	115
124	79	233
124	81	209
124	87	185
124	101	169
124	104	161
124	107	155
124	113	148
124	116	143
124	122	137
124	191	104
124	198	101
124	224	98
125	71	311
125	103	166
125	111	154
125	112	152
125	117	136
125	118	135
125	121	134
125	125	132
125	126	127
125	132	126
125	146	120
125	157	117
125	161	111
125	203	97
125	229	94
126	75	237
126	76	235
126	82	201
126	94	169
126	98	168
126	105	153
126	110	151
126	112	145
126	116	138
126	117	134
126	124	131
126	137	124
126	141	121
126	144	119
126	150	118
126	157	113
126	172	110
126	178	107
126	179	103
126	222	93
126	248	90
127	70	298
127	73	292
127	80	210
127	81	198
127	87	181
127	103	163
127	106	151
127	107	148
127	114	137
127	123	133
127	124	129
127	127	126
127	128	121
127	177	108
127	196	99
127	206	93
127	253	86
128	74	219
128	80	204
128	84	184
128	94	167
128	101	166
128	104	149
128	110	144
128	113	143
128	119	128
128	125	127
128	146	113
129	69	279
129	77	205
129	83	190
129	93	174
129	95	163
129	101	152
129	111	143
129	112	141
129	113	136
129	116	131
129	187	101
129	215	92
130	92	170
130	98	152
130	99	151
130	106	143
130	110	140
130	130	120
130	241	90
131	71	233
131	103	146
131	114	127
131	120	126
131	134	116
131	144	111
131	164	108
131	177	105
132	82	187
132	88	167
132	94	161
132	95	159
132	105	145
132	108	142
132	109	137
132	111	134
132	121	122
132	127	121
132	211	92
132	248	88
133	79	201
133	80	199
133	85	173
133	91	160
133	93	158
133	97	149
133	98	148
133	99	147
133	101	142
133	107	139
133	116	121
133	126	119
133	132	118
133	165	105
133	174	104
133	187	97
133	190	96
134	68	271
134	71	224
134	83	183
134	92	158
134	95	151
134	99	143
134	106	137
134	123	116
134	136	115
134	150	110
134	179	100
134	246	83
135	65	283
135	69	234
135	74	210
135	75	206
135	103	136
135	109	133
135	120	119
135	128	113
135	150	106
135	177	100
135	211	89
136	75	201
136	82	184
136	85	166
136	91	156
136	95	143
136	98	140
136	101	137
136	109	132
136	113	129
136	146	105
136	169	103
136	176	102
136	208	89
137	68	238
137	78	187
137	88	155
137	92	150
137	94	148
137	113	126
137	131	112
137	173	95
138	81	174
138	84	166
138	97	137
138	100	134
138	111	126
138	122	116
138	130	112
138	142	110
138	159	103
138	165	98
138	224	86
139	65	251
139	76	195
139	88	154
139	95	139
139	154	103
140	69	227
140	74	200
140	75	199
140	84	165
140	85	153
140	92	142
140	108	132
140	109	131
140	113	122
140	219	86
140	232	85
140	279	79
141	69	226
141	77	186
141	89	149
141	91	144
141	94	141
141	97	133
141	107	131
141	114	120
141	140	108
141	190	88
142	64	278
142	66	238
142	72	206
142	81	171
142	94	136
142	115	116
143	67	235
143	71	214
143	76	186
143	81	169
143	93	138
143	96	135
143	106	129
143	108	125
143	137	111
143	157	98
144	61	268
144	72	196
144	78	168
144	84	155
144	91	140
144	105	131
144	106	128
144	119	113
144	132	109
144	142	105
144	228	83
144	231	81
145	65	243
145	67	234
145	69	220
145	70	219
145	72	195
145	81	154
145	88	143
145	96	133
145	152	101
146	62	255
146	71	199
146	73	193
146	85	150
146	86	149
146	93	134
146	103	128
146	109	124
146	112	121
146	125	112
146	128	110
146	189	94
147	66	233
147	69	215
147	76	170
147	90	137
147	101	132
147	137	102
147	207	87
147	226	82
147	254	80
147	255	79
148	75	173
148	78	162
148	97	131
148	111	118
148	117	111
148	123	110
148	127	106
148	165	91
149	61	261
149	78	159
149	100	129
149	106	124
149	109	120
149	114	117
149	124	106
149	134	101
149	149	98
149	155	96
149	161	95
149	217	85
149	221	82
149	249	79
150	63	242
150	66	226
150	67	219
150	87	145
150	92	134
150	96	131
150	99	125
150	110	117
150	116	112
150	267	77
151	65	232
151	87	142
151	111	114
151	119	110
151	157	90
151	253	76
151	260	75
152	62	250
152	64	238
152	74	191
152	75	167
152	84	144
152	98	125
152	101	122
152	118	109
152	126	105
152	128	104
152	153	94
152	190	85
152	208	81
153	66	221
153	68	216
153	70	199
153	71	193
153	76	163
153	93	132
153	96	127
153	113	111
153	121	106
153	133	101
153	145	98
153	151	95
153	203	83
153	205	81
153	232	80
153	252	74
154	59	279
154	63	236
154	73	181
154	74	180
154	83	146
154	89	141
154	90	136
154	93	130
154	103	120
154	137	100
154	141	98
154	183	87
155	57	286
155	65	224
155	66	219
155	67	212
155	70	195
155	87	139
155	95	126
155	98	121
155	233	78
155	256	72
156	61	249
156	73	172
156	79	158
156	81	149
156	86	141
156	92	130
156	95	124
156	105	114
156	123	102
156	129	101
157	69	198
157	73	168
157	76	157
157	78	154
157	80	145
157	89	133
157	90	132
157	116	106
157	119	105
157	126	101
157	152	93
157	203	79
158	58	265
158	60	244
158	62	230
158	68	209
158	87	135
158	89	132
158	94	128
158	126	100
158	146	96
159	69	188
159	70	181
159	86	137
159	87	134
159	92	126
159	97	121
159	114	110
159	115	109
159	117	105
159	125	101
159	186	85
159	189	84
160	65	220
160	66	204
160	69	187
160	77	153
160	79	143
160	83	140
160	89	129
160	110	109
160	138	99
160	178	88
160	196	80
160	212	76
161	57	281
161	73	162
161	88	131
161	89	128
161	94	124
161	102	117
161	133	95
161	143	94
161	174	87
161	178	84
161	191	82
161	210	77
161	244	74
162	58	255
162	74	155
162	77	151
162	86	131
162	91	127
162	94	123
162	98	119
162	109	109
162	115	107
162	120	101
162	145	93
162	158	86
162	272	71
163	76	147
163	83	136
163	104	116
163	127	96
163	184	83
163	246	72
163	255	69
164	66	200
164	88	127
164	100	113
164	124	99
165	62	223
165	71	177
165	85	130
165	106	110
165	113	108
165	114	104
165	117	102
165	122	100
165	157	88
165	189	82
165	208	75
165	236	72
166	57	268
166	65	208
166	72	167
166	97	120
166	102	111
166	118	100
166	124	97
166	129	95
166	130	94
166	140	89
166	193	80
167	55	275
167	63	216
167	66	197
167	73	152
167	93	122
167	98	117
167	99	115
167	116	103
167	123	99
167	126	96
167	170	81
167	189	76
167	213	74
168	63	213
168	64	206
168	67	188
168	90	126
168	91	124
168	94	118
168	97	117
168	104	105
168	134	93
168	217	72
169	61	232
169	68	183
169	82	135
169	115	101
169	156	86
169	243	69
170	60	219
170	64	204
170	70	174
170	72	164
170	90	124
170	93	118
170	96	115
170	99	111
170	125	94
170	166	82
170	179	78
170	231	71
170	245	68
170	253	66
171	71	157
171	87	129
171	88	125
171	90	121
171	91	120
171	96	114
171	106	104
171	112	100
171	119	96
171	139	92
171	158	84
171	187	74
171	230	69
172	53	299
172	59	233
172	64	193
172	72	156
172	74	146
172	78	134
172	88	123
172	118	98
173	63	199
173	86	127
173	90	119
173	93	114
173	101	110
173	212	71
174	63	198
174	67	173
174	73	146
174	82	131
174	87	125
174	90	117
174	98	111
174	100	107
174	108	100
174	116	97
174	196	71
175	54	278
175	56	257
175	75	138
175	80	133
175	85	127
175	88	122
175	123	95
175	132	89
175	160	83
175	168	81
176	54	275
176	64	189
176	84	125
176	87	124
176	95	111
176	113	96
177	62	217
177	63	197
177	82	127
177	86	122
177	87	121
177	92	114
177	99	109
177	105	101
177	156	78
177	230	67
177	239	64
178	59	216
178	60	210
178	74	136
178	79	130
178	96	109
178	120	93
178	129	90
178	149	86
179	54	268
179	57	243
179	70	162
179	72	143
179	78	132
179	84	121
179	87	120
179	101	103
179	128	92
180	60	208
180	68	172
180	69	162
180	81	124
180	88	119
180	89	116
180	93	112
180	120	92
180	133	84
180	274	63
181	68	170
181	70	161
181	71	154
181	103	101
181	154	76
182	64	182
182	95	106
182	111	98
182	201	67
183	61	198
183	83	121
183	102	100
183	105	95
183	126	91
183	130	85
183	192	71
184	51	288
184	53	260
184	54	248
184	66	179
184	80	125
184	88	116
184	92	111
184	97	104
184	163	73
185	68	159
185	71	148
185	85	117
185	90	115
185	129	87
185	214	64
186	70	158
186	71	146
186	99	98
186	112	93
186	120	88
186	237	62
187	50	293
187	56	232
187	62	193
187	74	134
187	79	124
187	128	87
187	209	64
188	54	247
188	56	231
188	61	184
188	71	145
188	87	116
188	90	111
188	125	87
188	161	75
188	184	69
189	83	119
189	87	114
189	114	91
189	122	87
189	129	85
189	132	82
190	51	272
190	54	243
190	58	214
190	73	127
190	81	123
190	146	75
190	206	65
190	219	63
191	59	194
191	67	166
191	69	156
191	70	145
191	81	120
191	96	101
191	101	95
192	55	240
192	62	181
192	67	163
192	68	153
192	82	119
192	88	110
192	94	109
192	109	90
192	126	86
192	134	81
193	57	206
193	65	166
193	85	115
193	93	105
193	97	99
193	128	83
193	179	72
194	51	262
194	55	228
194	64	161
194	68	147
194	90	104
194	103	94
194	120	87
194	257	61
195	60	190
195	85	114
195	124	83
195	180	71
195	181	66
195	204	63
196	69	143
196	72	132
196	77	122
196	79	118
196	87	111
196	88	108
196	91	102
196	141	78
196	244	60
197	51	257
197	56	215
197	87	107
197	97	97
197	105	90
197	117	88
197	164	70
197	176	66
197	221	62
197	270	59
198	64	155
198	116	86
198	133	80
198	141	74
198	157	71
199	48	282
199	67	152
199	72	129
199	78	119
199	81	115
199	84	112
199	86	108
200	56	201
200	57	194
200	64	151
200	70	138
200	77	121
200	81	111
200	102	91
200	141	73
200	173	67
200	197	65
200	240	61
201	61	170
201	67	143
201	69	131
201	71	126
201	101	89
201	202	61
202	49	255
202	53	226
202	107	88
202	132	81
202	241	59
203	59	174
203	78	114
203	114	87
203	150	70
203	197	61
203	256	58
204	65	147
204	95	98
204	116	82
204	183	65
204	228	60
205	52	218
205	63	168
205	77	115
206	76	120
206	94	101
206	111	85
206	124	80
206	156	69
206	168	65
206	218	60
206	265	57
207	66	137
207	89	101
207	108	84
207	125	79
208	129	76
208	163	67
209	47	288
209	57	184
209	61	163
209	68	136
209	92	95
209	96	88
209	119	81
209	145	68
209	185	62
210	63	146
210	105	85
210	216	59
211	93	93
211	169	63
211	179	62
211	192	60
212	60	165
212	63	142
212	70	127
212	80	109
212	111	81
212	154	65
212	189	61
213	59	169
213	77	114
213	164	63
213	236	56
214	72	115
214	125	78
215	54	186
215	79	109
216	61	154
216	66	135
216	70	120
216	136	74
216	233	58
217	59	165
217	82	104
217	87	94
217	197	59
218	57	171
218	59	163
218	62	147
218	72	114
218	121	78
218	137	67
218	220	58
219	61	149
219	65	128
219	88	92
219	188	61
219	218	57
220	94	87
220	184	60
220	215	58
221	46	288
221	146	64
221	165	62
222	67	120
222	103	85
222	117	77
222	206	57
222	234	54
223	51	210
223	78	101
224	47	261
224	49	217
224	51	198
224	61	141
224	66	121
224	110	81
224	200	57
224	207	56
225	58	160
225	64	133
225	70	114
226	67	119
226	77	108
226	120	73
226	132	66
226	157	62
226	195	57
227	75	112
227	110	77
228	74	105
228	124	72
228	152	62
229	54	177
229	62	139
229	91	91
229	105	80
230	48	238
230	54	175
230	63	127
230	85	98
230	86	91
230	112	76
230	128	67
231	53	194
231	60	140
231	97	84
232	116	71
232	136	65
232	183	58
232	191	57
232	202	55
233	53	189
233	57	148
233	61	133
233	65	119
233	77	101
233	99	80
233	125	68
233	158	61
233	168	60
234	56	171
234	115	72
234	168	58
235	105	76
235	145	62
236	74	104
236	114	73
236	143	63
236	153	61
237	52	185
237	56	158
237	77	100
237	100	79
237	144	62
238	142	63
239	45	246
239	83	95
239	94	83
239	188	56
239	195	55
240	62	128
240	124	70
240	141	63
240	247	51
241	72	106
241	100	78
241	237	52
242	48	220
242	58	139
243	91	84
244	228	53
245	52	160
245	125	66
245	141	62
245	211	52
246	59	128
246	137	63
247	47	210
247	84	93
247	119	70
248	64	113
248	162	57
248	181	56
249	50	208
249	86	87
249	134	64
249	200	54
250	66	107
250	142	61
251	51	181
251	92	82
251	110	75
251	136	63
252	53	155
252	79	98
252	152	60
252	187	55
252	191	54
253	108	72
254	66	106
254	179	55
255	50	183
255	59	120
255	157	59
255	235	50
257	178	56
258	61	112
258	98	80
258	161	58
259	218	51
260	74	103
260	98	79
260	199	51
261	82	94
261	134	63
261	147	60
261	240	49
263	76	95
263	150	56
263	188	53
263	224	49
264	55	139
264	85	92
265	82	93
266	122	66
266	175	54
267	47	203
267	54	132
268	139	60
268	189	52
269	49	182
269	135	61
270	129	63
271	160	55
272	143	57
272	178	53
273	53	153
273	128	65
273	177	53
274	131	61
275	48	185
275	164	54
277	52	155
277	216	48
277	224	47
278	212	48
280	167	53
281	163	53
281	201	50
282	82	87
284	131	60
285	104	76
286	148	54
286	186	51
287	50	169
290	161	53
291	183	51
292	179	50
294	166	51
295	141	55
304	146	54
315	152	52
