62	438	387
62	443	383
62	458	375
62	500	356
64	469	312
68	346	352
68	349	345
68	418	275
68	445	264
68	452	263
69	337	369
69	340	362
69	426	261
70	342	315
70	360	299
70	411	277
70	420	265
70	448	251
70	484	244
71	330	331
71	432	250
71	434	240
72	295	427
72	296	385
72	301	359
72	314	335
72	317	328
72	321	318
72	327	311
72	351	284
72	369	268
72	379	267
72	466	228
73	420	242
74	290	361
74	303	345
74	404	230
74	426	228
75	271	438
75	281	386
75	282	362
75	290	346
75	292	339
75	297	323
75	309	319
75	322	286
75	348	260
75	373	251
75	376	238
75	388	232
75	445	224
75	455	213
76	273	402
76	283	345
76	284	340
76	301	304
76	303	297
76	315	283
76	327	270
76	371	258
76	389	226
77	256	462
77	275	342
77	279	332
77	280	326
77	290	313
77	307	282
77	342	249
77	361	234
77	381	230
77	382	226
77	396	218
77	420	216
77	422	212
77	471	206
78	256	405
78	286	300
78	312	266
78	350	235
78	359	233
79	290	285
79	381	214
79	438	201
80	261	362
80	277	315
80	295	269
80	333	238
81	251	376
81	275	325
81	285	293
81	304	257
81	352	223
81	394	206
81	454	194
82	243	400
82	254	330
82	271	311
82	275	286
82	352	216
82	394	199
83	224	436
83	275	279
83	280	270
83	379	202
84	247	321
84	251	311
84	265	298
84	335	219
84	379	195
84	466	185
85	229	393
85	263	282
85	306	238
85	394	192
86	244	346
86	293	254
86	410	182
86	428	180
87	252	290
87	266	267
87	280	259
87	282	251
87	324	219
87	337	207
87	351	199
87	381	183
87	442	177
88	226	400
88	291	239
88	321	216
88	413	176
89	218	402
89	237	368
89	307	222
89	360	191
89	464	172
90	214	354
90	246	277
90	262	261
90	301	226
90	314	218
90	375	181
90	401	173
91	203	426
91	231	313
91	238	287
91	268	248
91	282	240
91	291	231
91	335	214
91	343	205
91	344	203
91	435	168
92	248	266
92	277	236
92	306	223
92	321	212
92	342	205
92	353	198
92	362	179
92	386	177
92	449	165
93	198	433
93	208	383
93	235	305
93	293	219
93	338	196
93	397	173
93	423	165
94	233	308
94	248	258
94	262	245
94	289	224
94	309	213
94	316	199
94	431	164
94	437	162
94	471	160
95	197	386
95	199	376
95	217	310
95	227	303
95	233	294
95	240	268
95	243	262
95	260	249
95	277	228
95	279	225
95	293	212
95	358	179
95	408	169
96	209	320
96	237	272
96	251	254
96	329	182
96	359	171
96	378	165
96	451	158
97	233	287
97	282	219
97	296	206
97	386	164
97	425	158
98	192	371
98	204	370
98	206	316
98	212	313
98	225	288
98	236	275
98	256	243
98	263	235
98	279	219
98	288	214
98	315	205
98	364	166
98	433	157
98	439	155
98	473	153
99	216	304
99	245	243
99	258	236
99	262	230
99	265	222
99	279	209
99	295	207
99	299	205
99	302	193
99	344	176
99	349	170
99	420	156
100	211	301
100	216	284
100	239	253
100	240	250
100	260	229
100	274	219
100	326	174
101	237	269
101	248	242
101	339	167
102	195	359
102	202	334
102	208	297
102	216	280
102	255	229
102	273	213
102	282	204
102	322	189
102	361	158
102	403	156
103	195	338
103	202	332
103	204	316
103	207	311
103	212	294
103	233	260
103	240	249
103	253	231
103	268	211
103	299	185
103	310	182
103	335	167
103	359	159
104	183	376
104	191	329
104	223	268
104	228	261
104	242	231
104	254	220
104	262	210
104	276	197
104	279	194
104	296	189
104	312	178
104	315	173
104	331	172
104	372	152
104	425	151
105	170	410
105	184	363
105	201	306
105	213	272
105	325	171
105	330	166
105	349	161
105	419	145
105	453	143
106	184	333
106	192	311
106	201	297
106	211	286
106	218	261
106	229	257
106	230	254
106	255	219
106	272	203
106	283	193
106	305	182
106	336	161
106	347	155
107	209	288
107	210	271
107	250	223
107	307	174
107	314	170
107	316	166
107	349	154
107	410	144
107	476	139
108	179	340
108	207	290
108	209	269
108	230	246
108	239	223
108	252	221
108	259	202
108	273	189
108	276	186
108	296	182
108	356	149
109	190	303
109	196	300
109	222	256
109	225	246
109	292	174
109	363	146
109	432	139
110	194	292
110	196	287
110	213	267
110	228	241
110	231	238
110	252	211
110	280	185
110	285	184
110	325	159
111	176	347
111	181	315
111	186	307
111	192	291
111	207	263
111	217	259
111	223	248
111	224	244
111	272	183
111	288	182
111	296	173
111	335	151
111	425	137
111	455	135
112	216	254
112	230	229
112	239	220
112	267	197
112	288	171
113	178	329
113	181	314
113	187	295
113	192	284
113	198	281
113	214	255
113	228	234
113	237	226
113	244	218
113	245	216
113	247	210
113	258	207
113	261	197
113	263	187
113	301	164
113	337	147
113	373	140
114	161	377
114	179	307
114	191	282
114	199	270
114	216	242
114	225	239
114	228	230
114	251	208
114	272	179
114	282	176
114	295	170
114	296	168
114	297	166
114	323	162
115	155	411
115	176	346
115	225	226
115	234	224
115	244	213
115	245	210
115	269	181
115	310	159
115	356	142
116	217	236
116	241	214
116	259	184
116	306	155
116	425	131
117	158	390
117	189	276
117	194	273
117	203	264
117	235	221
117	239	213
117	244	203
117	250	199
117	252	196
117	268	176
117	278	173
117	312	150
117	364	139
117	408	132
118	155	373
118	169	358
118	176	299
118	182	291
118	195	267
118	210	249
118	215	244
118	230	222
118	244	198
118	248	192
118	258	185
118	261	182
118	281	169
118	325	143
118	346	141
119	170	310
119	172	303
119	181	284
119	200	261
119	213	230
119	220	220
119	225	218
119	240	211
119	242	202
119	255	182
119	298	159
119	350	137
119	399	131
120	161	355
120	211	241
120	217	228
120	244	192
120	297	165
121	162	342
121	165	317
121	192	274
121	195	261
121	206	239
121	232	208
121	234	200
121	244	190
121	248	187
121	253	186
121	268	175
121	286	160
121	296	159
121	421	126
122	168	302
122	178	280
122	187	273
122	195	259
122	200	242
122	219	221
122	254	182
122	265	174
122	281	168
122	292	155
122	302	154
122	338	136
123	173	294
123	179	274
123	192	252
123	215	217
123	225	209
123	240	191
123	264	177
123	267	173
123	278	162
123	305	148
123	315	147
123	382	131
123	409	126
124	153	354
124	163	309
124	208	233
124	235	197
124	245	185
124	249	183
124	251	182
124	263	174
124	275	172
124	284	157
124	370	134
125	143	395
125	155	350
125	156	340
125	195	251
125	201	238
125	202	237
125	231	193
125	239	192
125	242	189
125	249	182
125	254	177
125	262	176
125	277	170
125	309	142
125	317	138
125	357	134
125	383	126
125	411	124
125	431	121
126	141	413
126	146	361
126	165	294
126	184	262
126	208	221
126	223	209
126	236	189
126	241	186
126	268	172
126	298	149
126	379	128
127	158	320
127	188	253
127	196	243
127	200	231
127	238	188
127	241	183
127	274	168
127	433	119
128	152	343
128	156	338
128	160	301
128	169	292
128	180	263
128	207	224
128	219	211
128	225	202
128	227	191
128	238	186
128	242	180
128	258	167
128	271	166
128	277	162
128	286	151
128	455	118
129	145	385
129	156	315
129	180	261
129	190	248
129	199	228
129	217	210
129	235	189
129	237	183
129	261	166
129	264	162
129	271	160
129	292	146
129	353	134
129	366	132
129	380	126
129	393	121
130	145	379
130	152	319
130	171	279
130	175	270
130	181	255
130	189	237
130	199	225
130	204	220
130	206	215
130	223	202
130	224	200
130	229	188
130	234	185
130	250	176
130	277	155
130	289	147
130	297	143
130	305	139
130	329	135
130	355	130
131	168	278
131	175	268
131	181	247
131	196	230
131	208	212
131	211	209
131	223	199
131	224	189
131	232	182
131	261	164
131	278	154
131	304	140
131	315	137
131	344	133
131	360	123
131	395	119
132	138	367
132	166	286
132	192	234
132	195	228
132	205	217
132	218	203
132	245	179
132	250	172
132	251	170
132	311	136
132	345	132
133	158	296
133	173	270
133	186	237
133	196	220
133	205	216
133	214	203
133	217	194
133	226	186
133	235	179
133	249	176
133	253	168
133	255	164
133	266	156
133	345	129
133	350	128
134	135	372
134	147	325
134	158	291
134	164	285
134	170	264
134	178	247
134	182	246
134	201	212
134	207	206
134	214	198
134	234	181
134	244	171
134	270	155
134	272	151
134	279	149
134	302	141
134	319	132
134	339	130
134	348	127
135	153	311
135	166	283
135	177	248
135	182	240
135	187	228
135	193	222
135	212	196
135	221	191
135	241	173
135	268	155
135	285	144
135	419	118
136	179	238
136	217	191
136	221	188
136	229	179
136	240	171
136	295	142
136	336	127
136	385	118
136	391	115
137	153	306
137	167	273
137	172	255
137	194	216
137	204	200
137	222	187
137	302	137
137	304	135
137	349	121
137	365	118
138	127	425
138	137	360
138	140	355
138	170	250
138	185	229
138	186	226
138	227	181
138	233	174
138	244	165
138	259	161
138	300	141
138	314	128
138	450	109
139	127	409
139	139	327
139	156	280
139	168	267
139	176	240
139	197	213
139	199	207
139	211	197
139	212	193
139	231	174
139	237	170
139	303	130
139	336	126
139	348	124
139	418	113
140	140	320
140	153	286
140	165	257
140	184	232
140	185	223
140	194	212
140	210	191
140	217	188
140	281	147
140	286	139
140	301	132
140	337	124
140	353	119
141	138	340
141	158	274
141	171	247
141	175	232
141	195	210
141	202	201
141	208	193
141	237	168
141	333	125
141	363	118
141	377	115
141	465	107
142	167	242
142	181	222
142	189	219
142	199	206
142	202	195
142	231	173
142	233	170
142	266	149
142	282	142
142	284	140
142	377	114
142	433	111
143	126	414
143	127	390
143	129	361
143	162	264
143	164	263
143	173	232
143	194	209
143	203	192
143	215	190
143	220	177
143	231	171
143	239	165
143	246	160
143	252	154
143	255	152
143	273	143
143	278	138
143	296	132
143	355	117
143	380	113
143	405	110
144	134	335
144	144	318
144	162	249
144	169	236
144	182	215
144	190	214
144	205	191
144	217	182
144	219	179
144	235	167
144	237	165
144	261	147
144	328	127
144	346	118
145	126	370
145	146	289
145	158	263
145	168	239
145	174	225
145	188	210
145	190	205
145	198	202
145	214	180
145	230	170
145	254	153
145	301	128
145	303	127
145	341	121
145	380	110
146	119	424
146	131	340
146	142	308
146	152	282
146	164	243
146	173	223
146	194	201
146	196	200
146	204	188
146	224	176
146	241	164
146	246	159
146	288	130
147	131	332
147	148	285
147	151	282
147	154	279
147	159	261
147	165	233
147	169	232
147	177	220
147	185	214
147	196	196
147	220	173
147	238	164
147	258	146
147	271	139
147	322	120
147	328	118
147	402	108
147	408	105
148	146	284
148	169	230
148	175	218
148	180	214
148	184	211
148	198	194
148	206	185
148	221	170
148	241	161
148	250	158
148	283	134
148	310	125
148	317	120
149	160	240
149	162	238
149	167	228
149	209	182
149	212	179
149	218	176
149	230	166
149	235	160
149	274	135
149	283	133
149	289	129
149	315	122
150	127	330
150	136	323
150	140	296
150	154	266
150	171	224
150	181	207
150	188	200
150	218	174
150	241	155
150	262	142
150	280	130
150	301	125
150	322	119
150	336	117
151	145	284
151	152	266
151	157	245
151	162	236
151	164	233
151	171	218
151	189	196
151	208	180
151	215	178
151	224	169
151	232	160
151	239	156
151	260	140
151	290	127
151	313	121
151	372	115
151	417	102
152	118	366
152	124	335
152	137	301
152	152	265
152	163	228
152	172	215
152	180	211
152	195	191
152	209	179
152	247	151
152	266	135
152	282	129
152	357	114
153	142	289
153	152	253
153	173	213
153	178	206
153	180	204
153	187	197
153	191	193
153	200	185
153	207	178
153	213	173
153	229	159
153	237	156
153	253	146
153	258	141
154	141	281
154	149	259
154	156	246
154	158	235
154	165	223
154	167	222
154	170	215
154	172	214
154	174	210
154	190	193
154	197	188
154	199	182
154	212	174
154	225	164
154	235	154
154	244	148
154	268	134
154	287	127
154	328	116
154	432	100
155	133	299
155	162	225
155	182	199
155	194	189
155	196	188
155	198	184
155	205	177
155	231	158
155	252	144
155	310	118
156	138	286
156	151	253
156	160	230
156	165	221
156	169	217
156	172	210
156	174	209
156	177	208
156	196	185
156	211	176
156	226	158
156	239	152
156	242	151
156	257	137
156	264	136
156	268	133
156	277	128
156	307	124
156	387	106
157	120	340
157	130	304
157	145	275
157	152	243
157	157	232
157	164	220
157	203	180
157	219	164
157	232	153
157	240	148
157	245	147
157	272	132
157	273	128
157	285	127
157	297	124
157	351	115
157	352	113
157	412	100
158	148	258
158	180	202
158	189	189
158	195	186
158	203	178
158	209	171
158	221	161
158	231	155
158	246	143
158	256	139
158	284	126
158	297	123
158	345	108
159	110	381
159	117	345
159	147	250
159	177	204
159	183	196
159	185	190
159	194	184
159	202	180
159	203	177
159	207	171
159	238	149
159	261	136
159	269	132
159	298	119
159	322	116
159	402	104
159	414	99
160	112	363
160	122	335
160	170	211
160	177	200
160	188	189
160	191	185
160	200	179
160	202	178
160	213	166
160	233	150
160	260	133
160	313	115
161	144	255
161	149	245
161	166	219
161	173	207
161	180	199
161	197	180
161	209	170
161	234	147
161	250	140
161	270	130
161	283	126
161	291	124
161	302	117
162	153	241
162	155	235
162	181	196
162	204	170
162	220	158
162	224	155
162	237	145
162	240	142
162	253	136
162	259	134
162	262	132
162	274	127
162	290	121
162	382	104
162	384	101
163	121	327
163	131	299
163	168	218
163	178	197
163	183	191
163	187	187
163	199	177
163	203	172
163	218	161
163	227	151
163	230	150
163	255	133
163	278	126
163	320	114
163	340	113
164	106	413
164	123	314
164	175	200
164	179	194
164	182	193
164	193	179
164	200	176
164	233	146
164	242	141
164	260	132
164	292	119
164	315	114
164	408	99
165	141	268
165	163	218
165	167	210
165	171	206
165	173	204
165	187	183
165	209	165
165	211	163
165	249	140
165	250	139
165	252	138
165	429	96
166	135	287
166	140	260
166	150	242
166	155	234
166	158	224
166	163	216
166	177	194
166	179	193
166	196	175
166	200	174
166	207	166
166	214	159
166	224	153
166	226	149
166	238	142
166	240	141
166	257	131
166	261	127
166	278	124
167	114	336
167	132	289
167	145	250
167	165	212
167	169	204
167	170	203
167	180	190
167	190	180
167	201	173
167	212	159
167	230	148
167	232	144
167	235	142
167	252	135
167	276	123
167	344	110
167	363	102
168	137	265
168	153	231
168	158	223
168	160	221
168	168	208
168	179	189
168	198	169
168	229	146
168	248	138
168	253	129
168	265	125
168	306	112
169	109	363
169	132	283
169	142	255
169	148	248
169	152	235
169	156	230
169	173	199
169	188	181
169	189	179
169	196	171
169	204	164
169	218	153
169	226	148
169	235	141
169	283	119
170	129	291
170	149	238
170	191	177
170	193	176
170	216	154
170	225	146
170	232	143
170	240	140
170	294	117
170	299	116
170	399	100
171	106	368
171	124	309
171	126	307
171	143	252
171	147	234
171	164	214
171	174	197
171	181	185
171	187	181
171	190	175
171	194	172
171	198	168
171	212	158
171	235	140
171	251	137
171	308	110
171	361	102
172	104	386
172	120	305
172	146	243
172	198	167
172	209	157
172	232	139
172	241	135
172	263	125
172	323	106
172	399	97
172	418	96
172	423	93
173	138	259
173	155	229
173	163	214
173	166	209
173	184	178
173	192	171
173	195	170
173	203	166
173	207	158
173	215	152
173	236	137
173	238	134
173	252	133
173	293	114
173	312	108
174	103	389
174	167	202
174	181	183
174	201	165
174	204	161
174	212	154
174	225	144
174	330	105
174	334	104
174	347	103
174	354	101
175	101	397
175	105	371
175	117	329
175	152	227
175	157	221
175	168	199
175	172	194
175	175	193
175	177	189
175	179	188
175	189	174
175	200	162
175	211	153
175	220	150
175	240	132
175	265	124
175	401	95
176	127	290
176	146	240
176	156	216
176	164	204
176	176	188
176	184	177
176	186	175
176	203	158
176	206	157
176	227	143
176	250	127
176	298	113
176	340	103
177	114	333
177	145	244
177	148	226
177	154	222
177	158	213
177	168	198
177	195	165
177	217	149
177	223	141
177	253	126
177	301	112
177	338	101
177	388	100
178	108	341
178	158	211
178	216	148
178	234	138
178	248	126
178	255	124
178	271	118
178	375	97
179	99	392
179	104	368
179	107	366
179	145	231
179	150	221
179	168	197
179	174	189
179	183	178
179	186	173
179	188	171
179	197	161
179	199	160
179	214	150
179	237	136
179	264	122
179	270	120
179	355	99
179	379	95
180	105	344
180	135	256
180	138	238
180	154	217
180	183	175
180	194	163
180	206	155
180	211	152
180	214	145
180	256	122
180	316	107
180	415	93
181	111	333
181	147	226
181	161	206
181	181	178
181	204	157
181	220	140
181	229	135
181	277	116
181	442	90
182	129	287
182	134	267
182	135	243
182	153	216
182	156	212
182	178	182
182	197	160
182	199	157
182	208	152
182	235	130
183	124	295
183	128	289
183	132	260
183	165	203
183	182	177
183	188	167
183	194	162
183	197	159
183	203	155
183	205	152
183	213	148
183	216	141
183	261	121
183	268	120
184	119	324
184	127	269
184	137	238
184	156	209
184	181	176
184	191	163
184	211	150
184	215	144
184	222	136
184	231	134
184	303	111
184	316	105
185	150	214
185	165	195
185	176	182
185	303	105
185	323	102
185	347	98
186	98	366
186	175	181
186	199	155
186	207	150
186	217	139
186	227	134
186	350	97
187	106	343
187	144	231
187	152	209
187	193	159
187	205	150
187	206	147
187	213	146
187	226	133
187	243	125
187	318	101
187	324	99
188	105	324
188	124	287
188	129	267
188	140	236
188	143	229
188	163	195
188	177	177
188	185	173
188	202	151
188	308	104
189	101	350
189	123	278
189	128	253
189	142	231
189	151	213
189	155	205
189	178	175
189	188	166
189	192	162
189	198	158
189	201	151
189	203	149
189	207	145
189	214	142
189	251	121
189	254	120
189	287	109
189	293	107
189	359	95
190	94	405
190	145	224
190	161	204
190	162	198
190	166	190
190	171	185
190	186	165
190	190	162
190	191	160
190	196	157
190	208	143
190	231	129
190	258	117
190	281	111
191	104	334
191	193	155
191	200	153
191	214	138
191	255	119
191	322	99
192	96	391
192	110	319
192	116	317
192	120	291
192	131	252
192	141	225
192	145	217
192	157	198
192	173	184
192	180	174
192	183	167
192	190	161
192	199	150
192	230	132
192	237	127
192	250	119
192	266	113
192	334	97
193	104	318
193	111	293
193	122	284
193	153	204
193	172	181
193	186	162
193	229	131
193	259	116
193	291	107
193	303	103
193	334	96
193	395	93
193	400	91
193	419	89
193	424	87
194	96	350
194	122	272
194	129	247
194	139	226
194	141	222
194	145	214
194	148	211
194	180	169
194	188	161
194	195	151
194	226	132
194	229	127
194	245	121
194	301	105
195	135	241
195	157	197
195	176	174
195	201	146
195	205	145
196	108	317
196	126	264
196	139	224
196	143	216
196	144	215
196	148	207
196	151	206
196	156	201
196	164	191
196	190	160
196	216	133
197	118	287
197	169	184
197	175	172
197	211	142
197	252	118
197	366	92
197	390	88
198	97	335
198	107	307
198	110	287
198	120	282
198	121	263
198	131	235
198	143	215
198	151	205
198	159	194
198	173	175
198	181	167
198	187	158
198	191	156
198	196	149
198	222	130
198	239	125
198	241	123
198	248	118
198	298	104
198	317	101
199	90	413
199	95	385
199	128	241
199	131	234
199	150	204
199	152	200
199	177	171
199	182	161
199	199	147
199	220	130
199	238	125
199	255	117
199	283	107
199	309	98
199	315	96
200	120	280
200	139	217
200	144	210
200	154	199
200	162	186
200	171	179
200	188	155
200	194	150
200	209	139
200	213	138
200	232	125
200	255	116
200	304	98
200	328	95
201	120	267
201	138	219
201	149	204
201	161	190
201	168	178
201	178	167
201	185	157
201	215	134
201	247	120
201	252	115
201	264	113
201	278	106
201	284	104
201	362	92
202	98	323
202	124	257
202	126	243
202	130	229
202	133	227
202	137	223
202	141	215
202	164	181
202	191	152
202	203	141
202	207	137
202	273	106
202	320	95
202	443	84
203	92	395
203	172	171
203	208	135
203	229	123
203	241	117
203	268	111
203	282	103
203	300	99
204	116	284
204	122	255
204	123	248
204	151	201
204	187	154
204	193	147
204	235	122
205	89	418
205	142	213
205	146	205
205	150	198
205	159	188
205	177	166
205	202	145
205	211	133
205	249	113
205	269	107
205	418	84
206	108	297
206	116	280
206	118	269
206	124	244
206	129	229
206	136	217
206	152	197
206	175	167
206	204	140
207	88	397
207	92	384
207	111	282
207	114	273
207	121	254
207	126	242
207	135	221
207	139	213
207	153	194
207	161	185
207	166	177
207	169	170
207	178	162
207	182	159
207	188	153
207	195	143
207	240	116
207	350	93
207	386	88
208	125	237
208	144	205
208	145	204
208	146	198
208	173	169
208	214	131
208	220	129
208	257	111
208	264	110
209	116	266
209	122	243
209	138	214
209	173	166
209	175	164
209	177	163
209	184	156
209	191	151
209	219	130
209	234	120
209	294	100
209	331	93
209	362	91
209	386	87
209	417	83
210	95	323
210	105	295
210	108	275
210	112	267
210	124	242
210	141	205
210	176	162
210	198	141
210	199	140
210	205	139
210	213	132
211	101	313
211	144	203
211	158	193
211	265	108
211	342	91
211	366	87
212	102	310
212	152	193
212	171	169
212	183	152
212	209	133
212	216	129
213	93	326
213	120	258
213	122	239
213	124	233
213	132	216
213	151	187
213	170	169
213	181	157
213	188	147
213	190	146
213	194	143
213	303	97
213	311	92
214	88	383
214	96	311
214	119	248
214	164	178
214	167	174
214	172	168
214	178	159
214	180	155
214	202	138
214	207	134
214	228	126
214	237	118
214	292	97
214	437	81
215	87	397
215	117	260
215	127	227
215	134	211
215	154	184
215	159	180
215	174	158
215	221	128
215	290	100
215	338	91
215	361	87
215	377	86
215	401	82
216	85	406
216	104	301
216	105	279
216	115	251
216	131	224
216	149	192
216	153	184
216	190	143
216	212	129
216	220	128
216	278	103
216	290	96
217	101	304
217	144	196
217	164	177
217	178	154
217	182	151
217	186	146
217	201	139
217	218	124
217	251	109
218	89	353
218	113	264
218	120	241
218	124	228
218	131	220
218	170	164
218	172	161
218	282	102
219	113	254
219	123	225
219	181	153
219	194	140
219	199	136
219	276	101
219	284	99
219	347	86
219	382	83
220	114	244
220	147	189
220	189	144
220	191	141
220	203	135
220	210	127
220	212	125
220	236	118
220	267	102
220	316	90
221	87	357
221	110	259
221	120	231
221	121	227
221	125	219
221	143	203
221	149	187
221	156	175
221	170	159
221	176	153
221	193	138
221	203	132
221	223	123
221	230	120
221	311	91
221	339	89
221	368	85
222	145	194
222	155	179
222	185	145
222	189	143
222	207	129
222	256	107
223	98	289
223	108	261
223	179	149
223	228	121
223	230	115
223	328	87
224	82	443
224	132	205
224	142	199
224	195	134
224	259	106
224	374	84
224	398	80
225	81	468
225	84	386
225	91	314
225	103	277
225	113	249
225	122	221
225	123	220
225	126	213
225	142	194
225	169	161
225	178	152
225	206	127
225	209	125
225	224	121
225	470	79
226	118	230
226	166	163
226	190	141
226	296	95
227	107	254
227	119	226
227	120	225
227	141	197
227	145	190
227	164	172
227	174	154
227	183	144
227	185	141
227	254	107
227	321	88
227	367	85
227	376	82
228	81	452
228	122	219
228	129	208
228	140	192
228	163	169
228	178	147
228	190	140
228	194	136
228	200	132
228	263	103
228	344	84
228	370	83
229	146	186
229	158	172
229	169	160
229	174	153
229	175	148
229	212	121
229	224	115
229	271	98
229	293	95
230	94	311
230	203	130
230	308	94
231	85	375
231	116	231
231	138	196
231	145	189
231	152	179
231	153	177
231	200	127
231	208	124
232	83	422
232	96	287
232	106	259
232	122	218
232	130	206
232	135	193
232	189	140
232	191	139
232	307	92
232	370	82
232	384	81
233	85	345
233	90	315
233	124	213
233	145	186
233	177	146
233	240	111
233	248	110
233	254	105
233	302	92
233	319	88
233	337	84
234	84	376
234	94	310
234	100	278
234	104	272
234	127	211
234	147	183
234	168	156
234	172	155
234	180	143
234	187	138
234	198	133
234	301	93
234	336	86
234	489	76
235	114	238
235	134	192
235	146	185
235	147	181
235	148	176
235	159	168
235	162	159
235	193	134
235	251	104
235	281	95
235	299	94
235	349	82
235	365	81
236	105	252
236	118	223
236	124	208
236	128	200
236	129	199
236	142	185
236	178	144
236	191	135
236	199	127
236	219	117
236	269	97
236	324	87
237	81	385
237	89	337
237	113	233
237	117	225
237	144	184
237	174	148
237	247	108
237	283	93
237	389	80
237	444	76
238	89	314
238	121	213
238	190	130
238	353	81
239	78	450
239	93	306
239	124	206
239	128	198
239	184	136
239	219	115
239	231	109
239	467	75
240	95	294
240	140	181
240	419	77
241	85	331
241	87	318
241	138	190
241	154	173
241	163	155
241	172	152
241	174	143
241	182	136
241	200	124
241	265	99
242	77	451
242	144	178
242	162	156
242	179	140
242	186	135
243	102	272
243	133	196
243	139	180
243	141	178
243	153	164
243	178	141
243	240	104
243	299	90
243	336	83
244	210	118
244	251	101
244	332	86
245	170	143
245	215	117
245	279	94
245	475	74
246	77	428
246	84	351
246	94	288
246	192	129
246	203	121
247	91	300
247	93	291
247	107	239
247	119	211
247	133	186
247	257	100
248	90	299
248	141	175
248	168	154
248	185	134
248	352	80
248	416	78
249	125	201
249	296	90
249	311	87
249	406	79
250	83	362
250	101	277
250	119	209
250	169	151
250	178	135
250	224	114
250	270	96
250	374	79
251	81	367
251	137	180
251	143	171
251	144	168
251	163	146
251	175	141
251	202	121
251	286	92
251	317	84
251	416	76
252	109	232
252	136	181
252	138	177
252	152	165
252	169	141
252	173	140
252	179	131
252	233	106
252	244	102
252	291	91
253	101	276
253	190	127
253	285	88
254	140	176
254	153	160
254	161	149
254	174	139
254	305	84
254	330	81
254	390	76
254	444	74
254	482	72
255	92	286
255	138	174
255	178	132
255	183	128
255	201	123
255	343	80
255	363	77
256	81	353
256	146	163
256	180	129
256	192	123
256	277	93
257	80	420
257	89	308
257	104	258
257	111	229
257	267	94
258	80	351
258	96	267
258	115	220
258	136	180
258	142	169
258	157	159
258	168	145
258	209	117
258	226	113
259	76	420
259	86	328
259	88	317
259	99	259
259	126	190
259	148	159
259	189	127
259	192	121
259	204	115
260	87	304
260	114	226
260	186	126
260	227	110
260	256	95
260	315	81
261	79	359
261	125	193
261	218	114
261	444	72
262	73	455
262	115	216
262	269	92
262	302	85
262	420	73
263	73	430
263	106	233
263	131	179
263	171	136
263	191	124
264	106	229
264	118	215
264	122	198
264	153	151
264	183	124
264	195	118
265	83	317
265	91	289
265	119	199
265	137	175
265	138	171
265	163	141
265	179	126
265	300	84
265	344	78
266	102	252
266	112	224
266	147	157
266	295	87
266	327	78
266	404	74
266	433	72
267	77	389
267	126	189
267	175	135
267	221	113
267	447	71
268	235	101
268	302	83
269	134	178
269	135	174
269	190	121
269	307	82
270	117	201
270	129	183
271	89	291
271	133	172
271	432	71
272	80	334
272	88	294
272	101	256
272	146	160
272	166	140
272	200	117
273	77	373
273	79	339
273	112	211
273	293	84
273	338	76
274	110	227
274	162	145
274	164	140
274	282	90
274	283	85
274	306	81
274	312	79
274	377	73
275	133	171
276	76	374
276	96	261
276	194	117
277	147	153
277	163	139
277	351	75
278	128	176
278	157	142
278	175	133
278	186	122
278	213	113
278	279	87
278	300	82
279	71	452
279	91	275
279	263	93
280	116	196
281	76	359
281	211	109
281	278	89
282	70	473
282	254	99
283	123	191
283	243	100
283	255	98
284	81	326
284	190	120
284	202	113
284	210	108
285	76	357
285	88	285
285	144	153
285	167	135
285	205	110
285	251	92
286	74	365
286	307	79
287	79	322
287	85	292
287	93	259
287	122	183
287	170	131
287	171	126
287	180	123
287	322	78
287	325	76
288	72	386
288	131	168
288	277	87
288	353	73
288	418	72
289	71	409
289	101	236
289	103	220
289	186	120
289	392	70
289	482	67
290	80	311
290	99	245
290	101	228
290	177	124
290	196	113
290	265	88
291	69	448
291	142	153
291	154	149
291	219	105
292	313	78
293	119	195
293	388	71
294	71	394
294	88	273
294	95	245
294	105	217
294	154	148
294	243	93
294	299	81
294	336	74
294	469	68
295	98	237
295	126	172
295	219	102
295	310	77
296	75	347
296	99	232
296	102	222
296	113	200
296	279	84
296	285	82
296	308	78
297	83	292
297	125	175
297	134	165
297	159	136
297	184	122
297	325	75
298	81	309
298	164	135
298	177	120
298	188	118
299	73	364
299	89	264
299	148	144
299	166	134
299	235	98
299	254	88
299	308	77
299	341	73
300	121	180
300	145	150
300	161	131
300	169	127
301	70	433
301	73	353
301	97	241
302	193	117
303	71	374
303	384	70
304	129	169
304	276	82
305	155	141
305	212	104
305	291	79
306	122	176
306	240	93
306	274	85
307	77	329
307	97	240
307	101	226
307	110	210
307	116	184
307	217	99
307	442	66
308	98	229
308	110	208
308	162	128
308	199	107
308	271	85
308	275	84
308	379	70
309	75	340
309	81	302
309	99	222
309	115	195
310	75	330
311	90	255
311	234	95
311	263	85
312	76	316
312	139	153
312	216	103
312	239	92
312	282	80
313	97	236
313	108	198
313	189	116
313	341	72
314	77	310
314	203	106
314	234	91
314	315	75
314	345	71
314	401	69
315	73	336
315	93	250
315	98	228
316	92	246
316	99	221
316	103	208
316	209	103
316	221	97
316	328	73
317	71	357
317	178	118
317	275	81
318	91	248
318	94	245
319	99	217
319	123	174
319	157	135
319	158	130
319	225	94
320	102	211
320	155	137
320	169	120
320	281	79
321	80	291
321	88	262
321	96	243
321	114	196
321	175	117
321	260	86
322	86	290
322	118	181
322	191	115
322	262	83
323	75	323
323	180	112
323	192	106
325	81	290
325	94	234
325	113	184
326	83	277
326	278	79
326	402	66
327	82	277
327	98	226
327	186	109
327	324	74
327	348	70
328	143	146
328	489	63
329	97	231
329	130	154
329	140	149
329	151	142
329	219	97
330	209	98
330	258	83
330	474	63
331	72	327
331	87	253
331	185	110
332	73	323
333	85	267
333	153	132
333	160	126
333	180	110
333	257	84
334	271	81
334	274	79
335	90	245
335	92	237
335	251	87
336	69	363
336	91	240
336	125	158
336	158	129
336	342	70
336	390	66
337	124	168
337	148	141
337	151	137
337	167	124
337	248	85
337	279	78
337	458	63
338	74	316
338	82	273
338	102	201
338	146	143
338	316	74
339	66	494
339	95	232
339	97	226
339	333	70
339	527	62
340	155	126
340	506	62
341	88	246
341	160	122
341	263	81
341	316	72
342	75	301
342	89	242
342	168	118
342	269	79
343	118	167
343	202	103
344	76	295
344	83	265
344	86	263
344	100	204
344	475	62
345	94	228
345	172	112
346	94	222
346	133	147
346	376	66
347	147	142
348	88	241
348	127	155
348	215	93
349	85	263
349	102	199
350	389	65
351	79	276
351	89	236
351	107	197
351	117	178
351	150	130
351	243	84
351	459	62
352	82	264
353	68	430
353	139	137
353	206	96
354	83	261
354	132	152
354	264	80
355	106	194
355	116	166
355	122	159
355	170	115
355	190	108
355	259	80
356	212	94
356	271	78
357	128	150
357	288	77
358	170	113
358	359	66
359	69	340
359	99	201
359	143	131
361	71	312
361	77	288
361	114	182
362	103	196
362	116	165
362	289	74
363	186	103
363	223	88
363	476	61
364	85	249
364	97	216
364	98	213
364	158	119
365	92	220
365	95	219
365	97	204
365	121	163
366	122	157
366	163	114
366	229	86
367	96	209
368	80	264
368	314	71
368	349	67
369	68	350
369	156	123
370	83	256
370	180	106
370	245	82
371	81	259
371	148	125
371	247	81
372	456	62
374	66	420
374	113	167
374	181	104
374	301	73
374	304	72
375	201	97
375	263	77
376	199	99
378	78	280
378	129	147
378	134	139
378	261	79
378	350	66
379	90	235
379	91	219
380	189	101
380	212	93
380	261	78
380	405	63
381	192	98
382	274	75
383	202	96
383	227	85
384	148	124
384	154	120
384	169	109
384	277	74
385	106	189
385	186	101
385	209	92
385	213	90
385	253	80
386	87	229
386	104	182
386	233	83
388	209	90
389	139	131
389	315	69
389	405	62
390	249	79
391	94	206
391	117	158
391	162	113
391	174	107
391	215	88
391	270	75
391	355	65
392	66	385
393	200	93
397	92	217
397	104	180
397	125	155
397	186	99
397	226	87
397	295	72
398	75	274
398	82	253
398	93	210
398	125	148
399	243	82
399	266	76
400	78	263
401	104	178
401	208	91
402	97	197
403	95	202
404	70	296
404	86	247
404	310	71
404	330	67
404	346	66
405	83	238
405	393	62
406	79	258
406	86	237
406	95	201
406	106	174
407	81	244
407	222	86
408	130	139
409	65	411
411	101	187
415	140	129
415	146	124
415	187	97
415	238	82
416	98	188
416	301	70
418	91	210
418	303	69
419	136	137
419	164	111
419	322	68
420	105	172
420	211	89
420	336	66
421	85	226
421	231	82
421	371	63
422	67	358
422	85	222
423	87	214
423	180	100
423	182	99
425	100	183
425	247	78
425	280	72
425	384	62
426	213	87
426	299	70
427	80	245
427	126	146
427	204	90
427	261	75
427	287	71
429	82	241
430	67	345
430	122	154
430	123	149
431	59	479
431	175	102
432	83	236
433	94	205
434	131	137
435	230	84
437	76	252
437	379	62
438	83	230
438	554	57
439	93	201
439	522	57
440	102	174
441	59	467
441	147	122
441	507	57
442	79	241
443	71	274
443	83	225
443	177	101
446	83	222
446	125	143
446	369	63
448	491	57
449	116	155
450	82	235
450	98	181
451	170	104
451	242	81
452	78	249
453	65	380
453	73	260
453	84	220
454	186	97
454	230	82
456	97	185
458	283	71
458	304	68
459	80	235
459	104	169
460	79	234
460	81	233
460	138	130
461	287	70
462	68	290
462	80	230
464	241	79
465	84	219
465	86	211
466	360	63
468	257	75
469	161	110
470	271	72
471	98	179
472	75	247
473	94	189
474	70	273
475	59	438
475	154	115
475	358	63
476	76	242
477	60	400
478	83	218
483	59	432
489	81	222
490	369	62
510	79	227
518	59	425
524	88	202
540	85	210
542	78	229
543	75	240
