-19521	-18007	-12922
-19314	-17876	-13369
-19313	-18100	-13353
-19267	-18565	-13549
-19266	-18789	-13533
-19095	-19293	-13498
-19085	-17637	-14016
-19016	-18383	-13888
-19015	-18607	-13872
-19010	-18193	-14046
-18872	-19244	-13987
-18796	-18800	-14017
-18763	-19152	-14101
-18680	-18766	-14415
-18675	-19595	-13483
-18667	-19377	-13766
-18577	-18864	-14371
-18576	-19088	-14355
-18571	-18674	-14529
-18550	-19490	-13681
-18549	-19759	-14072
-18405	-19592	-14320
-18357	-19281	-14500
-18188	-19636	-14187
-18159	-17829	-14547
-18151	-19920	-13280
-18134	-18846	-14795
-18119	-19333	-14425
-18064	-19344	-14603
-17981	-19964	-13317
-17969	-18091	-14797
-17961	-19952	-13623
-17867	-19772	-13929
-17862	-20042	-13168
-17805	-19774	-13640
-17793	-18217	-14895
-17764	-20019	-14042
-17756	-20164	-13216
-17754	-18922	-14752
-17751	-19738	-14327
-17731	-20222	-13265
-17720	-18310	-15030
-17707	-18930	-14659
-17635	-18460	-14825
-17616	-20105	-13418
-17606	-20117	-13463
-17605	-18646	-14986
-17590	-19133	-14616
-17577	-18752	-14827
-17567	-20075	-13603
-17565	-19388	-14425
-17563	-17369	-15125
-17549	-19081	-14625
-17547	-20063	-13909
-17535	-19144	-14794
-17508	-19376	-14426
-17490	-17462	-15260
-17461	-20219	-14102
-17433	-19047	-15023
-17420	-20360	-12312
-17418	-19385	-14507
-17385	-20313	-12900
-17367	-20039	-14408
-17367	-17592	-15218
-17363	-19396	-14685
-17347	-17904	-15057
-17345	-19478	-14642
-17315	-19085	-14865
-17305	-20041	-14119
-17290	-19489	-14820
-17269	-20279	-13298
-17249	-20268	-13604
-17241	-20427	-12349
-17230	-19814	-14598
-17211	-19861	-14425
-17207	-17294	-15268
-17202	-20275	-13511
-17185	-17444	-15321
-17178	-20102	-14291
-17168	-20357	-12767
-17163	-19550	-14605
-17150	-20357	-13149
-17122	-20565	-12007
-17077	-17845	-15115
-17070	-17780	-15277
-17064	-16688	-15437
-17044	-18107	-15303
-17036	-18463	-15106
-17019	-18362	-15112
-16997	-17873	-15412
-16971	-20424	-13186
-16946	-20482	-13235
-16943	-20632	-12044
-16923	-19110	-14866
-16916	-18062	-15470
-16904	-20420	-13399
-16904	-18847	-15214
-16894	-20433	-13444
-16880	-20307	-13986
-16834	-19196	-14876
-16816	-19278	-14833
-16786	-18885	-15056
-16779	-20506	-12833
-16777	-19147	-14990
-16761	-19289	-15011
-16741	-17203	-15522
-16726	-20676	-11911
-16713	-18978	-15191
-16709	-19577	-14704
-16707	-18312	-15291
-16684	-18788	-15285
-16664	-20468	-13841
-16663	-20351	-13853
-16622	-19041	-15024
-16600	-20573	-12870
-16570	-20288	-14147
-16548	-19827	-14455
-16544	-19333	-14878
-16541	-19230	-15082
-16533	-20569	-13083
-16454	-20407	-14041
-16433	-17439	-15485
-16383	-20617	-12737
-16369	-17981	-15505
-16357	-20715	-12293
-16337	-20551	-13103
-16316	-20613	-12950
-16307	-18131	-15338
-16292	-18813	-15286
-16272	-20493	-13842
-16226	-18423	-15302
-16217	-20656	-12495
-16178	-18112	-15482
-16171	-17682	-15544
-16170	-17906	-15528
-16156	-20612	-13736
-16149	-19255	-15083
-16057	-18202	-15514
-16014	-20656	-13119
-16012	-19030	-15273
-15997	-18379	-15326
-15955	-16391	-15646
-15942	-16869	-15642
-15867	-16136	-15768
-15850	-18376	-15408
-15837	-18143	-15585
-15829	-20134	-14294
-15818	-16877	-15655
-15810	-20702	-13699
-15803	-16678	-15788
-15795	-19074	-15140
-15786	-18207	-15609
-15780	-19896	-14431
-15765	-19105	-15141
-15761	-18462	-15418
-15746	-19539	-14925
-15746	-18263	-15551
-15738	-20288	-14398
-15710	-19116	-15319
-15688	-20856	-12369
-15686	-20576	-14091
-15682	-19370	-15126
-15631	-17428	-15691
-15622	-20407	-14292
-15622	-19547	-14938
-15603	-18705	-15348
-15593	-21020	-12440
-15586	-16794	-15785
-15570	-19835	-14631
-15547	-17472	-15627
-15535	-16858	-15809
-15526	-21016	-12653
-15522	-17336	-15805
-15506	-19666	-14832
-15463	-20964	-12796
-15462	-17513	-15617
-15455	-20171	-14587
-15447	-16603	-15931
-15406	-20842	-12975
-15394	-17521	-15791
-15356	-18254	-15596
-15347	-21083	-12690
-15339	-20838	-13188
-15308	-17943	-15776
-15305	-18759	-15351
-15290	-20961	-12869
-15253	-20903	-12996
-15244	-20895	-13235
-15223	-20957	-13082
-15147	-18504	-15417
-15129	-20777	-13388
-15119	-20790	-13433
-15066	-16872	-15819
-15018	-17272	-15818
-15e3	-19383	-14983
-14961	-18857	-15581
-14940	-20420	-14149
-14909	-19145	-15274
-14847	-19398	-15013
-14840	-16638	-15843
-14824	-19679	-14689
-14665	-21096	-12547
-14608	-20974	-12726
-14582	-15502	-15989
-14541	-20970	-12939
-14434	-17587	-15841
-14434	-16876	-16022
-14380	-18945	-15465
-14259	-16017	-16074
-14163	-18989	-15332
-14144	-16205	-16064
-13631	-17589	-15896
-13624	-21152	-12986
-13522	-16922	-15924
-13065	-16286	-16179
