-33078	-28409	-28033
-33010	-28482	-28392
-32929	-29687	-29154
-32906	-29877	-29942
-32868	-28692	-30322
-32851	-29749	-30274
-32813	-28564	-30654
-32787	-30062	-29645
-32773	-29459	-30953
-32761	-30604	-29573
-32736	-30364	-29772
-32732	-29934	-29977
-32697	-30068	-30291
-32693	-30677	-29932
-32688	-29189	-31129
-32621	-29160	-31267
-32619	-30746	-30072
-32619	-29778	-30970
-32615	-30387	-30611
-32606	-30434	-30294
-32606	-28880	-31278
-32594	-31243	-28456
-32574	-30862	-29635
-32564	-30618	-30404
-32548	-30898	-29547
-32525	-30487	-30472
-32521	-28610	-31454
-32505	-28719	-31680
-32497	-30090	-30773
-32489	-29275	-31224
-32485	-30387	-30707
-32477	-30953	-29536
-32464	-31096	-28612
-32462	-31112	-29679
-32451	-29588	-31510
-32447	-30197	-31151
-32437	-30792	-30237
-32412	-31289	-28621
-32412	-30319	-30718
-32410	-31305	-29688
-32410	-31102	-29970
-32410	-30937	-30421
-32397	-31426	-29911
-32372	-30802	-30521
-32371	-30806	-30489
-32369	-30949	-30490
-32362	-29927	-31327
-32358	-31130	-30430
-32353	-28420	-31994
-32351	-29038	-31697
-32348	-30572	-30713
-32293	-30516	-31168
-32292	-30640	-30583
-32288	-31249	-30224
-32285	-30559	-30883
-32280	-29618	-31476
-32276	-30075	-31214
-32269	-30602	-30777
-32266	-31726	-29479
-32256	-29919	-31596
-32252	-30528	-31237
-32251	-28890	-31730
-32250	-31123	-30478
-32239	-31444	-29957
-32236	-31442	-30233
-32222	-31636	-29745
-32220	-28838	-31760
-32219	-31966	-29239
-32204	-30612	-31061
-32199	-28739	-32011
-32195	-29348	-31652
-32194	-30907	-30685
-32191	-31489	-29818
-32188	-29789	-31644
-32187	-31434	-30248
-32184	-30398	-31285
-32183	-28848	-32237
-32179	-29457	-31878
-32175	-30219	-31330
-32173	-30809	-30927
-32171	-30828	-30971
-32160	-31579	-30432
-32158	-30626	-31058
-32157	-30852	-30821
-32154	-31976	-29523
-32135	-31609	-29829
-32118	-31206	-30583
-32118	-30858	-30719
-32117	-30369	-31423
-32115	-31589	-30461
-32115	-30921	-30794
-32114	-31815	-30224
-32107	-32420	-29321
-32089	-31227	-30559
-32085	-31029	-30774
-32083	-28559	-32260
-32082	-30933	-31018
-32079	-29168	-31901
-32071	-30383	-31420
-32058	-31982	-29561
-32050	-30931	-31078
-32047	-31078	-31047
-32047	-29460	-31878
-32045	-29991	-31671
-32043	-31241	-30556
-32043	-30069	-31519
-32039	-29796	-31732
-32038	-31891	-30235
-32037	-28902	-32161
-32035	-30405	-31373
-32033	-29511	-31802
-32031	-32500	-29014
-32025	-29776	-31895
-32023	-31145	-30605
-32020	-29599	-32184
-32016	-30208	-31825
-32014	-30581	-31493
-32009	-30943	-31147
-32008	-32058	-29518
-32006	-31108	-30763
-32004	-30945	-31075
-32003	-31171	-30838
-32002	-30559	-31567
-32001	-30785	-31330
-31997	-31394	-30971
-31988	-29179	-32323
-31985	-30713	-31339
-31977	-31681	-30641
-31976	-30226	-31736
-31969	-32443	-29701
-31963	-30688	-31440
-31959	-30272	-31723
-31950	-31147	-31083
-31950	-31016	-31123
-31946	-31625	-30764
-31943	-29069	-32425
-31931	-31695	-30638
-31928	-31252	-31035
-31918	-30833	-31171
-31917	-30702	-31437
-31914	-31571	-30790
-31911	-31167	-31174
-31904	-31694	-30737
-31901	-31761	-30334
-31898	-32091	-29828
-31882	-31266	-31032
-31872	-31036	-31242
-31867	-29961	-32133
-31862	-30527	-31842
-31860	-28427	-32614
-31859	-31795	-30347
-31856	-32589	-28389
-31851	-30938	-31484
-31847	-32755	-29504
-31836	-29312	-32344
-31834	-30764	-31614
-31832	-32105	-30080
-31827	-30957	-31262
-31826	-31272	-31034
-31825	-29930	-32270
-31822	-28569	-32498
-31820	-31573	-30834
-31816	-30541	-31839
-31814	-30341	-31912
-31813	-31738	-30386
-31811	-28724	-32679
-31810	-30950	-31553
-31809	-31871	-30304
-31807	-29333	-32320
-31805	-30591	-31740
-31797	-31930	-30230
-31794	-31181	-31085
-31793	-31718	-31018
-31792	-31944	-30781
-31789	-30967	-31252
-31788	-30778	-31611
-31786	-32545	-29910
-31785	-29997	-32083
-31778	-32179	-29975
-31777	-29645	-32354
-31776	-28490	-32750
-31775	-31222	-31215
-31772	-30399	-31906
-31767	-28386	-32962
-31766	-31978	-30146
-31765	-31404	-31117
-31764	-30603	-31809
-31763	-31158	-31331
-31761	-31957	-30245
-31760	-28913	-32525
-31759	-30605	-31737
-31759	-30535	-31857
-31750	-30643	-31711
-31746	-31958	-30778
-31744	-30230	-32004
-31740	-29048	-32782
-31739	-31521	-31063
-31737	-32107	-30150
-31729	-31250	-31287
-31720	-32196	-29992
-31719	-31412	-31236
-31717	-31172	-31328
-31714	-30411	-31884
-31710	-32625	-29603
-31709	-32629	-29571
-31708	-31823	-30878
-31706	-32812	-29123
-31703	-31039	-31409
-31703	-29298	-32403
-31692	-32880	-29057
-31692	-30827	-31705
-31691	-32050	-30189
-31687	-32183	-30107
-31686	-29464	-32498
-31685	-32241	-29976
-31683	-32006	-30537
-31683	-31091	-31400
-31678	-30835	-31591
-31673	-31276	-31279
-31671	-32030	-30821
-31669	-30015	-32170
-31663	-32861	-29681
-31662	-30863	-31558
-31659	-30856	-31811
-31658	-31082	-31574
-31654	-32185	-30099
-31653	-29652	-32337
-31650	-30328	-31965
-31649	-28867	-32926
-31644	-32290	-29949
-31637	-31105	-31397
-31631	-30542	-31910
-31629	-31284	-31300
-31628	-32230	-30094
-31622	-31507	-31072
-31621	-29984	-32193
-31619	-32129	-30687
-31617	-33040	-28460
-31615	-28087	-33276
-31612	-31096	-31571
-31609	-29850	-32338
-31606	-30777	-31849
-31606	-30598	-32146
-31602	-32582	-30287
-31598	-29684	-32345
-31596	-30962	-31728
-31595	-31188	-31491
-31587	-32941	-29374
-31586	-29175	-32521
-31582	-29976	-32440
-31581	-31519	-31141
-31577	-32943	-28953
-31576	-32220	-30385
-31575	-29998	-32190
-31571	-31139	-31509
-31570	-31700	-31081
-31569	-30180	-32277
-31560	-30791	-31846
-31560	-30542	-32263
-31559	-31153	-31619
-31550	-31712	-31100
-31548	-31743	-30964
-31546	-30221	-32424
-31545	-31193	-31521
-31544	-31471	-31309
-31537	-31968	-31025
-31537	-29472	-32586
-31534	-29741	-32555
-31532	-32730	-29767
-31530	-32234	-30382
-31528	-33319	-28075
-31525	-32884	-30061
-31520	-29469	-32671
-31516	-31020	-31647
-31515	-31246	-31410
-31515	-30990	-31949
-31513	-29479	-32567
-31510	-30050	-32542
-31509	-29624	-32852
-31508	-31182	-31575
-31506	-31588	-31443
-31505	-31772	-31088
-31505	-31175	-31828
-31504	-31401	-31591
-31501	-32586	-30238
-31500	-30235	-32421
-31500	-29254	-32895
-31500	-28875	-33014
-31496	-30647	-31982
-31493	-33340	-28054
-31491	-29795	-32584
-31490	-30431	-32355
-31489	-33320	-28891
-31487	-33180	-29432
-31486	-32248	-30382
-31485	-32161	-31034
-31480	-32894	-30090
-31479	-32898	-30058
-31479	-30842	-31997
-31475	-32263	-30825
-31475	-31603	-31317
-31467	-31608	-31534
-31465	-32448	-30704
-31464	-32674	-30467
-31464	-31187	-31897
-31458	-31415	-31588
-31454	-33341	-28870
-31450	-33463	-28347
-31446	-30065	-32567
-31443	-31770	-31210
-31441	-29124	-33160
-31440	-33133	-29456
-31434	-32392	-30827
-31429	-30777	-32009
-31427	-31838	-31158
-31426	-31646	-31362
-31418	-32688	-30464
-31414	-33281	-29611
-31394	-31341	-31604
-31393	-28938	-33230
-31388	-32958	-30198
-31375	-32031	-31167
-31370	-33009	-29614
-31351	-30552	-32510
-31350	-31524	-31607
-31349	-31750	-31370
-31348	-29387	-32916
-31343	-32556	-30469
-31342	-32986	-30270
-31342	-29803	-32672
-31339	-28472	-33540
-31335	-30998	-31902
-31334	-33150	-29612
-31330	-29703	-32773
-31328	-30616	-32411
-31328	-29768	-32729
-31326	-30245	-32529
-31323	-28827	-33322
-31322	-33359	-28985
-31320	-28946	-33220
-31319	-29408	-32892
-31317	-33535	-27854
-31317	-31206	-31756
-31315	-30381	-32628
-31314	-33100	-29840
-31314	-30621	-32125
-31312	-32704	-30630
-31308	-31532	-31737
-31307	-30729	-32195
-31306	-31821	-31436
-31306	-31182	-32234
-31305	-32563	-30688
-31305	-29736	-32801
-31298	-31717	-31616
-31297	-30072	-32655
-31296	-33e3	-30267
-31295	-29178	-33084
-31294	-32331	-30901
-31292	-31558	-31807
-31278	-30868	-32333
-31275	-28499	-33336
-31271	-30610	-32429
-31269	-31824	-31341
-31268	-32050	-31104
-31267	-32849	-30354
-31266	-33270	-30001
-31266	-29670	-33022
-31262	-31744	-31454
-31260	-32150	-31322
-31258	-32033	-31350
-31258	-28581	-33512
-31251	-31596	-31635
-31250	-30086	-32651
-31249	-31425	-31835
-31248	-30976	-32312
-31247	-32571	-30661
-31237	-32341	-30871
-31235	-29866	-32888
-31229	-31247	-31900
-31223	-33549	-29282
-31219	-29998	-32685
-31217	-32841	-30395
-31216	-32201	-30995
-31211	-31858	-31541
-31210	-32859	-30324
-31208	-31437	-31904
-31208	-29196	-33264
-31205	-31610	-31632
-31184	-31494	-32037
-31183	-32875	-30491
-31180	-32270	-30951
-31169	-28772	-33403
-31165	-33309	-29989
-31165	-31872	-31538
-31165	-29755	-32980
-31162	-33339	-29688
-31161	-28942	-33498
-31159	-32051	-31550
-31158	-33023	-30647
-31156	-29389	-33273
-31155	-32497	-31015
-31154	-30015	-32891
-31153	-29718	-33002
-31152	-32570	-30734
-31151	-30357	-32647
-31146	-30560	-32646
-31146	-28831	-33556
-31145	-33161	-30157
-31131	-30576	-32615
-31129	-32237	-31197
-31128	-33592	-28904
-31128	-29158	-33408
-31127	-31746	-31792
-31120	-30987	-32257
-31097	-30631	-32479
-31096	-32658	-30939
-31092	-32578	-30980
-31089	-33389	-29682
-31088	-33171	-30127
-31087	-33638	-28835
-31087	-30073	-32762
-31085	-33821	-28510
-31084	-28113	-33712
-31083	-33681	-29051
-31083	-30641	-32357
-31076	-33453	-29580
-31075	-29244	-33300
-31073	-33272	-30042
-31072	-30866	-32418
-31072	-30796	-32538
-31072	-30617	-32835
-31068	-31180	-32266
-31067	-32353	-31028
-31066	-29475	-33159
-31062	-30981	-32417
-31061	-31277	-32060
-31061	-31207	-32180
-31061	-31021	-32599
-31060	-33175	-30086
-31053	-29977	-32953
-31052	-33465	-29294
-31052	-28938	-33516
-31051	-29846	-33071
-31050	-31432	-32241
-31050	-30124	-32922
-31049	-29547	-33158
-31049	-29085	-33485
-31046	-29694	-33127
-31045	-33761	-29251
-31043	-33621	-29792
-31042	-31967	-31623
-31035	-30269	-32846
-31031	-32464	-31135
-31028	-32735	-30770
-31023	-30085	-32932
-31022	-30125	-33114
-31017	-33094	-30341
-31017	-28704	-33587
-31016	-29380	-33381
-31014	-33189	-30083
-31013	-32074	-31348
-31013	-30835	-32669
-31012	-33279	-30169
-31012	-31865	-31947
-31012	-30310	-32993
-31012	-28950	-33586
-31011	-33099	-30361
-31008	-29559	-33227
-31006	-33904	-28707
-31006	-28952	-33513
-31004	-32400	-31329
-31003	-33148	-30200
-31003	-31987	-31714
-31003	-29870	-33156
-31002	-30506	-32927
-30998	-31069	-32358
-30998	-30317	-32931
-30997	-32679	-30893
-30997	-31644	-31984
-30991	-31096	-32272
-30988	-29759	-33214
-30987	-32812	-30701
-30986	-27801	-33926
-30985	-29528	-33542
-30981	-31079	-32518
-30980	-31711	-31952
-30978	-28346	-33681
-30976	-30139	-33111
-30975	-29713	-33421
-30972	-31607	-32132
-30971	-33108	-30338
-30971	-30322	-33062
-30970	-31490	-32160
-30968	-28430	-33826
-30967	-33701	-29485
-30966	-33307	-30241
-30966	-32053	-31591
-30961	-32267	-31357
-30960	-33918	-28704
-30958	-32414	-31326
-30955	-32748	-30866
-30951	-32180	-31723
-30949	-32472	-31336
-30947	-33239	-30426
-30945	-31110	-32269
-30941	-33378	-30072
-30941	-31622	-32006
-30940	-32780	-30790
-30934	-31725	-31949
-30933	-32700	-30903
-30932	-31923	-31866
-30930	-32763	-31036
-30930	-32303	-31537
-30921	-31195	-32328
-30912	-29995	-33247
-30910	-29150	-33596
-30903	-31137	-32416
-30895	-33392	-30069
-30894	-32794	-30787
-30894	-30955	-32630
-30892	-31931	-31799
-30891	-30013	-33143
-30890	-33591	-29972
-30888	-30080	-33168
-30885	-33510	-30014
-30883	-32588	-31227
-30882	-31255	-32341
-30878	-33800	-29345
-30878	-33527	-30088
-30878	-30646	-32711
-30870	-33955	-27728
-30870	-32480	-31457
-30870	-31191	-32466
-30864	-33064	-30521
-30857	-29269	-33602
-30856	-28680	-33870
-30854	-32843	-30729
-30846	-33005	-30657
-30846	-30149	-33141
-30843	-32998	-30910
-30840	-33111	-30480
-30839	-33199	-30505
-30837	-32602	-31224
-30835	-33224	-30532
-30829	-31559	-32205
-30829	-29648	-33435
-30827	-30456	-33200
-30826	-32657	-31142
-30822	-31594	-32257
-30822	-29035	-33673
-30820	-33195	-30616
-30820	-32556	-31414
-30819	-32875	-30984
-30818	-32208	-31542
-30817	-30641	-33079
-30816	-30867	-32842
-30813	-33906	-28748
-30813	-28252	-33977
-30811	-31379	-32381
-30811	-29283	-33599
-30808	-33075	-30839
-30807	-33333	-30126
-30806	-31231	-32424
-30804	-31994	-32120
-30800	-32608	-31405
-30797	-30642	-32847
-30796	-30764	-32893
-30795	-29725	-33456
-30794	-33966	-28202
-30794	-33209	-30534
-30792	-33143	-30787
-30790	-31198	-32531
-30789	-31424	-32294
-30781	-30470	-33197
-30779	-31609	-32173
-30776	-33284	-30368
-30775	-31208	-32670
-30774	-31621	-32306
-30771	-32652	-31257
-30770	-31633	-32266
-30770	-30881	-32839
-30768	-31664	-32130
-30766	-30872	-32872
-30761	-33731	-29490
-30761	-29774	-33410
-30758	-33840	-29307
-30758	-31647	-32376
-30756	-28391	-33893
-30748	-33380	-30113
-30748	-33320	-30472
-30747	-29901	-33543
-30746	-30756	-32934
-30744	-30957	-32902
-30743	-33159	-30715
-30742	-33385	-30478
-30742	-31629	-32412
-30741	-34067	-26679
-30738	-32243	-31697
-30737	-33906	-29164
-30735	-28664	-33961
-30734	-31883	-32212
-30732	-34082	-28033
-30732	-29906	-33256
-30731	-33095	-30831
-30730	-33594	-29851
-30729	-29412	-33662
-30728	-3e4	-33254
-30723	-32294	-31854
-30723	-30577	-33130
-30722	-33700	-29584
-30721	-33310	-30713
-30720	-33869	-29322
-30720	-32615	-31470
-30717	-32895	-30983
-30715	-33759	-29562
-30715	-32829	-31236
-30713	-31324	-32501
-30711	-30718	-32952
-30708	-28425	-34016
-30707	-33392	-30182
-30705	-31097	-32762
-30704	-31323	-32525
-30704	-30507	-33164
-30703	-31655	-32226
-30700	-30770	-32931
-30699	-30344	-33241
-30697	-28569	-34091
-30696	-33399	-30475
-30695	-31141	-32739
-30694	-29178	-33733
-30684	-33608	-29848
-30684	-32595	-31633
-30679	-34103	-28552
-30676	-30193	-33263
-30672	-31518	-32504
-30671	-32487	-31863
-30669	-33415	-30091
-30661	-32851	-30993
-30661	-31929	-32146
-30658	-31337	-32522
-30657	-30756	-33063
-30656	-30245	-33254
-30652	-32901	-30927
-30650	-32107	-32091
-30647	-33448	-30110
-30643	-31213	-32593
-30642	-33579	-30001
-30639	-34043	-29293
-30639	-32915	-31204
-30638	-32609	-31630
-30637	-30653	-33114
-30635	-32514	-31701
-30629	-33873	-29454
-30626	-33692	-29916
-30622	-33596	-30266
-30621	-33202	-31022
-30615	-29188	-33864
-30611	-30770	-33060
-30610	-33380	-30967
-30610	-30259	-33251
-30607	-30093	-33427
-30607	-29733	-33619
-30604	-32653	-31552
-30603	-32056	-32153
-30601	-28710	-33909
-30600	-30056	-33542
-30596	-31772	-32228
-30596	-30891	-32947
-30594	-33017	-31134
-30593	-33150	-31193
-30586	-31255	-32529
-30584	-31072	-32886
-30583	-33818	-29470
-30581	-31976	-32183
-30580	-32820	-31280
-30575	-30288	-33406
-30574	-32714	-31349
-30570	-33485	-30277
-30570	-29496	-33855
-30568	-30926	-32909
-30567	-33530	-30305
-30565	-33699	-30043
-30564	-32183	-32075
-30561	-30107	-33424
-30558	-32667	-31549
-30555	-33739	-29678
-30553	-33908	-29416
-30553	-33635	-30159
-30553	-33038	-31357
-30550	-27704	-34164
-30547	-33727	-29894
-30541	-33746	-30002
-30539	-29497	-33749
-30538	-30885	-33107
-30537	-33864	-29726
-30535	-30359	-33475
-30534	-33460	-30660
-30534	-31448	-32538
-30534	-29320	-34038
-30531	-34095	-28564
-30530	-31047	-33035
-30527	-31296	-32749
-30526	-31661	-32320
-30525	-31441	-32602
-30524	-33711	-30112
-30524	-32195	-32145
-30518	-30185	-33605
-30518	-29033	-34057
-30516	-31119	-32918
-30513	-34110	-27807
-30509	-34085	-29101
-30506	-30561	-33201
-30496	-31484	-32773
-30495	-32456	-31870
-30491	-33751	-29990
-30490	-33637	-30345
-30490	-31503	-32692
-30487	-33409	-30722
-30487	-29588	-33728
-30484	-34242	-27609
-30483	-32927	-31449
-30483	-31282	-32860
-30477	-33919	-29890
-30476	-32724	-31806
-30476	-31381	-32824
-30476	-30577	-33309
-30475	-34264	-27160
-30475	-30052	-33633
-30474	-33478	-30550
-30472	-33338	-31091
-30470	-32489	-31898
-30470	-32217	-31902
-30469	-34308	-26736
-30469	-34287	-27492
-30469	-27978	-34200
-30468	-31163	-32866
-30466	-31729	-32354
-30463	-33485	-30487
-30463	-33456	-30681
-30459	-34118	-29064
-30458	-31315	-32888
-30457	-33502	-30562
-30453	-31748	-32272
-30452	-34130	-28542
-30451	-31580	-32480
-30450	-31498	-32770
-30450	-31105	-32954
-30448	-33797	-30080
-30448	-31511	-32822
-30448	-28528	-34092
-30446	-31800	-32521
-30445	-30231	-33539
-30444	-34182	-28350
-30443	-33586	-30407
-30443	-32649	-31879
-30443	-29209	-34062
-30442	-32363	-31952
-30441	-33814	-3e4
-30438	-31696	-32701
-30438	-29461	-33856
-30438	-29455	-34061
-30438	-27954	-34208
-30437	-31922	-32464
-30434	-30064	-33702
-30433	-33948	-29378
-30433	-32091	-32162
-30432	-33281	-31093
-30428	-33056	-31489
-30427	-32286	-32046
-30427	-30965	-33047
-30423	-31800	-32596
-30422	-34489	-26911
-30419	-34058	-29805
-30419	-32318	-31974
-30416	-31882	-32479
-30413	-33461	-30669
-30413	-28294	-34163
-30411	-33077	-31220
-30409	-34407	-28367
-30407	-33467	-30641
-30407	-29651	-33927
-30406	-32613	-31898
-30400	-32804	-31499
-30399	-30245	-33536
-30396	-33418	-30784
-30395	-33024	-31540
-30394	-30647	-33196
-30391	-31936	-32461
-30382	-27993	-34347
-30380	-29755	-33746
-30378	-31077	-33042
-30376	-30248	-33696
-30369	-33832	-30058
-30368	-31185	-32970
-30367	-34614	-27734
-30367	-30674	-33161
-30366	-33172	-31320
-30365	-34421	-28366
-30365	-32766	-31711
-30365	-30659	-33338
-30363	-33644	-30326
-30362	-32790	-31583
-30360	-31347	-32898
-30360	-28578	-34112
-30358	-33655	-30190
-30358	-32427	-31968
-30354	-31998	-32310
-30353	-30373	-33590
-30352	-33543	-30423
-30343	-30374	-33355
-30341	-33768	-30484
-30340	-31018	-33050
-30340	-28760	-34203
-30335	-33467	-31066
-30334	-30890	-33071
-30333	-32659	-31832
-30333	-32222	-32097
-30332	-30752	-33159
-30330	-34442	-28345
-30329	-30488	-33456
-30322	-32837	-31777
-30319	-33308	-31271
-30316	-32196	-32361
-30314	-31075	-33172
-30313	-33227	-31312
-30307	-33517	-30644
-30307	-33244	-31387
-30305	-32607	-32003
-30305	-28992	-34089
-30295	-33355	-31230
-30287	-32312	-32088
-30286	-29635	-34018
-30285	-30137	-33720
-30281	-29925	-33762
-30280	-32223	-32199
-30280	-30383	-33719
-30279	-30609	-33482
-30279	-28586	-34241
-30278	-33320	-31340
-30278	-31811	-32685
-30278	-29570	-34045
-30276	-33625	-30501
-30274	-31121	-33021
-30272	-34193	-28898
-30272	-29939	-33778
-30271	-30773	-33254
-30269	-30794	-33361
-30268	-33588	-30543
-30268	-29755	-33924
-30266	-34135	-29669
-30265	-28405	-34259
-30261	-33947	-30027
-30259	-32260	-32259
-30256	-32949	-31576
-30255	-31513	-32863
-30254	-29805	-33817
-30253	-32100	-32459
-30248	-29540	-34148
-30247	-29766	-33911
-30245	-33360	-31218
-30245	-32879	-31679
-30244	-33500	-31107
-30244	-28895	-34226
-30242	-31769	-32788
-30239	-29983	-33756
-30238	-32383	-32073
-30237	-29951	-33790
-30236	-32913	-31761
-30233	-31375	-32906
-30233	-30623	-33479
-30230	-28064	-34269
-30229	-30614	-33512
-30221	-30776	-33440
-30217	-29863	-33791
-30216	-34042	-30127
-30216	-32706	-31863
-30215	-33636	-30518
-30215	-32235	-32268
-30215	-30782	-33370
-30213	-30983	-33338
-30211	-32543	-32054
-30209	-30408	-33546
-30209	-28444	-34398
-30207	-32310	-32151
-30207	-31913	-32680
-30206	-32655	-31932
-30205	-30037	-33750
-30204	-34251	-29500
-30203	-30425	-33621
-30201	-28467	-34333
-30199	-30683	-33453
-30196	-33632	-30629
-30196	-32925	-31831
-30195	-30071	-33747
-30192	-33090	-31446
-30192	-32320	-32290
-30192	-30603	-33566
-30191	-28768	-34291
-30190	-31009	-33434
-30188	-31094	-33095
-30182	-31946	-32708
-30180	-31404	-33080
-30179	-33606	-30893
-30179	-31420	-33076
-30177	-30807	-33521
-30175	-32651	-32174
-30174	-33648	-30587
-30173	-33667	-31033
-30173	-32158	-32378
-30170	-31412	-33094
-30168	-32214	-32459
-30167	-33186	-31556
-30166	-31218	-33163
-30162	-30086	-33881
-30161	-32069	-32522
-30160	-32669	-31929
-30154	-34637	-28145
-30154	-27402	-34456
-30151	-32102	-32657
-30151	-31099	-33169
-30150	-32684	-32202
-30146	-27736	-34455
-30145	-28782	-34288
-30143	-34316	-28450
-30141	-31544	-32940
-30140	-32513	-32299
-30140	-32126	-32485
-30139	-34348	-28749
-30137	-34247	-29621
-30134	-32229	-32503
-30133	-31434	-33073
-30129	-32304	-32430
-30122	-34105	-29760
-30121	-33772	-30411
-30121	-32816	-32048
-30120	-30498	-33703
-30110	-30683	-33582
-30109	-30172	-33773
-30108	-32941	-31640
-30099	-31704	-32814
-30097	-31632	-32931
-30095	-31090	-33192
-30094	-32166	-32555
-30092	-27403	-34598
-30091	-33272	-31524
-30088	-31882	-32759
-30085	-28784	-34447
-30084	-29010	-34210
-30083	-34610	-28182
-30083	-31658	-33009
-30079	-30839	-33531
-30077	-29329	-34202
-30075	-31128	-33427
-30074	-33953	-30586
-30074	-30512	-33700
-30071	-29346	-34277
-30071	-27953	-34490
-30070	-30574	-33660
-30069	-31812	-32793
-30068	-29560	-34061
-30066	-32967	-31640
-30063	-33043	-31570
-30054	-32951	-31687
-30054	-30872	-33559
-30052	-30209	-33824
-30050	-34163	-29806
-30046	-32449	-32350
-30044	-30314	-33842
-30043	-31283	-33201
-30041	-32874	-31967
-30040	-30407	-33838
-30040	-29943	-34046
-30029	-33144	-31680
-30025	-34749	-27096
-30023	-30011	-33893
-30020	-31309	-33297
-30018	-29219	-34342
-30016	-33163	-31741
-30016	-32540	-32395
-30015	-31702	-32818
-30006	-32936	-31945
-30005	-34443	-28755
-30002	-31958	-32743
-29999	-34084	-30214
-29998	-28910	-34417
-29997	-33639	-31035
-29997	-31011	-33475
-29995	-29948	-33975
-29994	-29957	-34043
-29992	-34614	-28314
-29991	-33558	-31076
-29990	-29844	-34116
-29989	-34433	-28776
-29989	-27143	-34611
-29988	-33111	-31912
-29988	-31004	-33539
-29987	-31937	-32785
-29987	-30453	-33758
-29985	-28495	-34470
-29982	-31751	-32845
-29981	-32402	-32520
-29975	-32118	-32724
-29973	-31549	-33057
-29971	-34198	-29784
-29970	-33454	-31147
-29969	-33587	-31206
-29967	-34296	-29027
-29964	-28010	-34497
-29962	-31970	-32813
-29962	-31573	-33342
-29953	-33428	-31411
-29950	-29330	-34368
-29944	-30078	-34069
-29941	-33364	-31527
-29941	-31696	-33156
-29939	-32466	-32446
-29939	-32145	-32562
-29936	-30575	-33721
-29929	-33475	-31370
-29928	-32556	-32204
-29925	-34437	-29450
-29924	-32541	-32436
-29923	-30626	-33646
-29922	-32386	-32719
-29921	-31783	-32861
-29921	-31057	-33528
-29920	-32046	-32790
-29919	-30257	-33860
-29919	-29526	-34234
-29918	-30893	-33631
-29914	-32568	-32209
-29913	-34301	-29739
-29913	-30274	-33935
-29912	-30910	-33706
-29912	-29235	-34498
-29911	-32797	-32361
-29911	-29461	-34261
-29908	-27417	-34647
-29906	-30511	-33775
-29904	-34487	-28862
-29901	-29646	-34140
-29898	-28207	-34532
-29891	-33856	-30849
-29890	-31849	-32983
-29889	-32857	-31983
-29889	-32279	-32784
-29886	-33192	-31696
-29879	-33480	-31358
-29879	-32643	-32366
-29879	-31331	-33448
-29878	-30162	-33946
-29877	-28894	-34508
-29877	-27393	-34655
-29872	-34826	-27961
-29871	-29642	-34209
-29867	-34188	-30003
-29865	-33648	-31258
-29864	-33050	-31976
-29863	-30929	-33550
-29860	-30147	-34e3
-29857	-34537	-28565
-29854	-34492	-28850
-29854	-30704	-33784
-29852	-33161	-31819
-29851	-33782	-30851
-29850	-31026	-33537
-29850	-29351	-34329
-29849	-32432	-32653
-29848	-33956	-30267
-29848	-33775	-31104
-29845	-29856	-34071
-29844	-30146	-34067
-29837	-31126	-33459
-29835	-33081	-32092
-29831	-32855	-32280
-29831	-30927	-33610
-29831	-29535	-34232
-29828	-30342	-33979
-29826	-33464	-31372
-29826	-29781	-34231
-29823	-31089	-33538
-29822	-30399	-34026
-29819	-33923	-30884
-29816	-29376	-34316
-29813	-34551	-28564
-29809	-29415	-34267
-29808	-30718	-33781
-29807	-33787	-31173
-29804	-33493	-31502
-29802	-33970	-30264
-29802	-33166	-31807
-29800	-28115	-34573
-29798	-33412	-31543
-29798	-32663	-32446
-29798	-30160	-34064
-29795	-29977	-34097
-29795	-28194	-34698
-29791	-32863	-32213
-29790	-29445	-34352
-29788	-33334	-31707
-29784	-34277	-29909
-29784	-30193	-34053
-29782	-34799	-28665
-29782	-33253	-31748
-29782	-31975	-32996
-29774	-28744	-34590
-29772	-30410	-33849
-29771	-33461	-31553
-29771	-31996	-33019
-29765	-33380	-31594
-29761	-33133	-32039
-29760	-30515	-33857
-29757	-32964	-32323
-29755	-33139	-32011
-29754	-30163	-34156
-29753	-29345	-34371
-29752	-32686	-32582
-29743	-31147	-33457
-29743	-30574	-33798
-29742	-31210	-33569
-29742	-29850	-34162
-29738	-30207	-34050
-29734	-34092	-30203
-29733	-30282	-34082
-29731	-31738	-33204
-29730	-33973	-30463
-29729	-31196	-33576
-29725	-33392	-31664
-29721	-32991	-32161
-29720	-34915	-27495
-29719	-30579	-33795
-29718	-31678	-33219
-29717	-31147	-33649
-29716	-29904	-34174
-29712	-29557	-34433
-29709	-31631	-33311
-29709	-31248	-33567
-29704	-27844	-34706
-29700	-30711	-33829
-29694	-32155	-32914
-29694	-32126	-33108
-29693	-30570	-33887
-29692	-34165	-30212
-29691	-30915	-33758
-29690	-32740	-32393
-29689	-33664	-31325
-29686	-31091	-33772
-29686	-27891	-34775
-29683	-33681	-31400
-29683	-28334	-34673
-29677	-33500	-31483
-29676	-34500	-28712
-29674	-30446	-33930
-29674	-29961	-34188
-29673	-34277	-29936
-29673	-30463	-33890
-29672	-32744	-32501
-29672	-32442	-32643
-29668	-34089	-30294
-29668	-30709	-33889
-29664	-30097	-34183
-29655	-30782	-33941
-29654	-29539	-34466
-29653	-28620	-34615
-29648	-33078	-32113
-29645	-34161	-30380
-29645	-33382	-31723
-29645	-31688	-33348
-29645	-31421	-33455
-29644	-32677	-32610
-29642	-33693	-31469
-29636	-29866	-34318
-29635	-29573	-34332
-29634	-32303	-33028
-29633	-34370	-29753
-29632	-32454	-32713
-29631	-33759	-31175
-29626	-31268	-33692
-29625	-32693	-32563
-29622	-28924	-34547
-29621	-33797	-31231
-29620	-31710	-33229
-29619	-32710	-32638
-29613	-32426	-32842
-29601	-34210	-29942
-29600	-33286	-31890
-29599	-31786	-33145
-29599	-30850	-33811
-29598	-32330	-32866
-29594	-31919	-33141
-29593	-34531	-28713
-29592	-32870	-32619
-29587	-34609	-29419
-29586	-27602	-34798
-29584	-31640	-33392
-29581	-29103	-34606
-29580	-28184	-34755
-29577	-32976	-32358
-29576	-31829	-33270
-29575	-31816	-33296
-29572	-33362	-31844
-29571	-33469	-31527
-29560	-33298	-31960
-29560	-30468	-34016
-29558	-31036	-33870
-29557	-32345	-32930
-29557	-31908	-33195
-29555	-30575	-33974
-29554	-30485	-34091
-29553	-31584	-33515
-29553	-28688	-34613
-29547	-31043	-33820
-29544	-34389	-29888
-29544	-31154	-33863
-29543	-33979	-31022
-29541	-34018	-30394
-29537	-30485	-34103
-29536	-29577	-34341
-29531	-31464	-33550
-29531	-27341	-34873
-29530	-32986	-32450
-29526	-33121	-32215
-29524	-33570	-31621
-29524	-32426	-32971
-29523	-32009	-33305
-29520	-33040	-32256
-29519	-34189	-30242
-29513	-31451	-33588
-29513	-28342	-34826
-29512	-34740	-29047
-29512	-30277	-34140
-29511	-31276	-33630
-29510	-28785	-34724
-29509	-34098	-30581
-29508	-30824	-33873
-29502	-30595	-34046
-29502	-29719	-34423
-29498	-33414	-31791
-29496	-31772	-33448
-29496	-30467	-34124
-29495	-31640	-33521
-29495	-30622	-33960
-29494	-33155	-31976
-29492	-30037	-34329
-29487	-26736	-34933
-29485	-33189	-32177
-29485	-32566	-32831
-29482	-34855	-27516
-29481	-34095	-30853
-29481	-28814	-34629
-29478	-33880	-31104
-29477	-31336	-33604
-29477	-30532	-34089
-29477	-30124	-34315
-29473	-29110	-34617
-29472	-32240	-33098
-29469	-34096	-30700
-29467	-28356	-34823
-29466	-33665	-31471
-29463	-31454	-33597
-29460	-33584	-31512
-29459	-28168	-34846
-29457	-34305	-30073
-29457	-29587	-34472
-29454	-32315	-33063
-29453	-33864	-31339
-29451	-29406	-34490
-29447	-34214	-30412
-29447	-32031	-33138
-29446	-31280	-33727
-29444	-32144	-33160
-29443	-32726	-32705
-29440	-30739	-34032
-29436	-31348	-33673
-29430	-30153	-34160
-29426	-30857	-34025
-29425	-31529	-33613
-29423	-34315	-30106
-29422	-31466	-33666
-29419	-33983	-30898
-29417	-33311	-31980
-29416	-31705	-33517
-29415	-30971	-33896
-29410	-35049	-26496
-29410	-31722	-33592
-29407	-28635	-34806
-29405	-33581	-31693
-29405	-29420	-34487
-29403	-32738	-32775
-29401	-33187	-32181
-29400	-28674	-34757
-29395	-30374	-34312
-29394	-30600	-34075
-29393	-27744	-34924
-29390	-34131	-30678
-29387	-30919	-34067
-29386	-29236	-34587
-29381	-32361	-32997
-29378	-34340	-30051
-29377	-31343	-33683
-29377	-29455	-34473
-29376	-31330	-33709
-29375	-26536	-34934
-29374	-31952	-33325
-29374	-29740	-34491
-29373	-28821	-34640
-29371	-34608	-29538
-29368	-34802	-28558
-29367	-33010	-32436
-29362	-29226	-34636
-29361	-34431	-29937
-29360	-27570	-34929
-29359	-34817	-28911
-29358	-31821	-33458
-29358	-27792	-34924
-29356	-29974	-34337
-29355	-30610	-34108
-29353	-32309	-33168
-29350	-32998	-32485
-29348	-31357	-33884
-29345	-29422	-34646
-29343	-29936	-34357
-29338	-32202	-33271
-29336	-34214	-30439
-29336	-33422	-31846
-29335	-31018	-33933
-29333	-29915	-34461
-29333	-29109	-34652
-29331	-34203	-30745
-29328	-33390	-31898
-29325	-31035	-33898
-29325	-30460	-34216
-29324	-33066	-32218
-29324	-29541	-34572
-29322	-33186	-32183
-29320	-34443	-30006
-29319	-31052	-33973
-29317	-33801	-31540
-29317	-32336	-33006
-29314	-34966	-27663
-29314	-27584	-34926
-29311	-34867	-28064
-29311	-34629	-29129
-29309	-31383	-33698
-29308	-30500	-34282
-29303	-33024	-32327
-29298	-33998	-31116
-29298	-31998	-33378
-29296	-32031	-33432
-29294	-32480	-32838
-29293	-33062	-32383
-29293	-27041	-35039
-29293	-25726	-35055
-29292	-34813	-29032
-29292	-32440	-32915
-29287	-29123	-34649
-29286	-28619	-34897
-29281	-32445	-32872
-29277	-34671	-29171
-29270	-28974	-34679
-29270	-26522	-35044
-29269	-34319	-30576
-29265	-34094	-30972
-29265	-29220	-34678
-29260	-27281	-34952
-29259	-29968	-34379
-29256	-31889	-33554
-29255	-33917	-31371
-29255	-28815	-34763
-29253	-35031	-26613
-29252	-30962	-33982
-29251	-33076	-32347
-29251	-32897	-32644
-29251	-31611	-33813
-29247	-32546	-32982
-29246	-33470	-31914
-29245	-32262	-33225
-29241	-26751	-35124
-29240	-33487	-31989
-29240	-32022	-33455
-29234	-33406	-32030
-29230	-34929	-28863
-29230	-33558	-31902
-29227	-29125	-34808
-29222	-30154	-34354
-29216	-30668	-34149
-29215	-29618	-34623
-29213	-33039	-32406
-29213	-32579	-32907
-29209	-32726	-32805
-29207	-33253	-32032
-29205	-33135	-32288
-29202	-33647	-31599
-29200	-35044	-27332
-29195	-31159	-33900
-29194	-33140	-32245
-29193	-31647	-33608
-29189	-31727	-33644
-29189	-31152	-33962
-29188	-32215	-33464
-29187	-31704	-33655
-29178	-33603	-31820
-29178	-32317	-33255
-29178	-31657	-33747
-29176	-34499	-29877
-29171	-32830	-32713
-29168	-32681	-32837
-29168	-32502	-33134
-29164	-33702	-31562
-29160	-33241	-32355
-29160	-30941	-34194
-29159	-32766	-32829
-29159	-31167	-33957
-29158	-33690	-31761
-29157	-33092	-32479
-29155	-34636	-29675
-29154	-33366	-32081
-29148	-34647	-29188
-29147	-33163	-32392
-29146	-30965	-34044
-29143	-34845	-29048
-29143	-27382	-35082
-29140	-33242	-32123
-29135	-32923	-32876
-29135	-30413	-34353
-29132	-33246	-32116
-29129	-32579	-32922
-29127	-28836	-34831
-29126	-33274	-32280
-29126	-32331	-33295
-29124	-34415	-30297
-29120	-32927	-32590
-29114	-34187	-30816
-29114	-33867	-31446
-29113	-31181	-33954
-29111	-35105	-27338
-29099	-30083	-34363
-29098	-30482	-34343
-29097	-26973	-35095
-29096	-33657	-31792
-29093	-28978	-34913
-29092	-28059	-35062
-29090	-33823	-31667
-29088	-32435	-33203
-29088	-29703	-34564
-29087	-29726	-34614
-29082	-32452	-33278
-29081	-33376	-32210
-29080	-31400	-33867
-29075	-29305	-34765
-29072	-33461	-32202
-29072	-31894	-33561
-29069	-34682	-29166
-29068	-29791	-34579
-29067	-33513	-32135
-29063	-30044	-34376
-29059	-31649	-33753
-29059	-29398	-34653
-29058	-32528	-33043
-29057	-30546	-34281
-29053	-34454	-30317
-29053	-30097	-34360
-29052	-34303	-30647
-29049	-31091	-34036
-29048	-28846	-34962
-29046	-33002	-32794
-29040	-34512	-30020
-29037	-34331	-30482
-29036	-31218	-33921
-29031	-29794	-34484
-29029	-33128	-32459
-29028	-31593	-33876
-29026	-32070	-33495
-29026	-30490	-34404
-29022	-34754	-29414
-29022	-26608	-35132
-29020	-32568	-33109
-29020	-32087	-33570
-29018	-31035	-34159
-29017	-30116	-34515
-29011	-34934	-28044
-29006	-32736	-33009
-29004	-34020	-31001
-29003	-34341	-30515
-29003	-33580	-32029
-29001	-33130	-32576
-28995	-33147	-32651
-28990	-35e3	-28283
-28989	-33066	-32692
-28986	-29633	-34802
-28985	-29859	-34565
-28981	-31224	-33942
-28978	-34110	-31066
-28978	-30178	-34557
-28976	-27937	-35113
-28974	-34489	-30295
-28972	-35164	-27366
-28968	-28714	-34963
-28967	-33152	-32412
-28966	-28306	-34979
-28960	-31726	-33782
-28959	-33697	-32167
-28950	-31168	-34065
-28947	-33906	-31540
-28946	-28529	-34974
-28945	-33979	-31123
-28945	-31741	-33601
-28944	-26489	-35224
-28941	-34457	-30346
-28939	-30616	-34374
-28935	-29906	-34571
-28934	-29195	-34847
-28932	-32788	-32956
-28927	-33182	-32523
-28927	-31301	-33889
-28925	-32496	-33216
-28923	-32341	-33499
-28921	-31271	-33928
-28916	-34240	-30848
-28913	-31783	-33782
-28912	-32752	-33141
-28912	-28549	-35064
-28911	-30298	-34415
-28910	-30311	-34463
-28902	-33419	-32431
-28900	-33820	-31745
-28897	-35040	-28447
-28897	-33813	-31998
-28889	-35240	-26260
-28888	-34009	-31334
-28882	-33013	-32736
-28882	-26989	-35194
-28878	-27588	-35144
-28870	-31596	-33864
-28869	-28863	-34975
-28868	-29744	-34593
-28868	-27243	-35167
-28861	-31976	-33791
-28859	-32211	-33544
-28859	-31044	-34173
-28858	-35179	-26694
-28857	-31342	-33958
-28853	-31422	-33994
-28852	-25982	-35251
-28850	-32868	-32972
-28850	-32387	-33433
-28848	-34637	-29647
-28844	-35074	-28338
-28842	-30870	-34303
-28836	-33036	-32872
-28835	-25924	-35317
-28833	-34321	-30626
-28832	-31671	-33880
-28830	-34457	-30373
-28828	-28232	-35136
-28828	-26806	-35338
-28826	-34125	-31165
-28822	-31113	-34163
-28821	-34530	-29999
-28820	-33878	-31664
-28819	-33024	-32921
-28814	-34334	-30538
-28813	-29413	-34844
-28813	-29168	-34849
-28812	-28260	-35087
-28811	-30561	-34472
-28807	-29927	-34639
-28805	-35203	-27460
-28801	-31615	-34003
-28799	-32618	-33226
-28795	-27508	-35264
-28791	-31057	-34286
-28790	-32026	-33645
-28787	-34735	-29452
-28782	-28246	-35133
-28775	-34944	-28825
-28772	-29150	-34870
-28770	-28946	-34924
-28762	-33088	-32819
-28761	-26547	-35344
-28757	-34129	-31069
-28756	-34525	-30286
-28753	-32794	-32978
-28752	-32130	-33553
-28751	-30200	-34684
-28749	-35055	-28386
-28738	-34345	-31012
-28732	-33719	-32294
-28731	-34854	-29135
-28728	-34694	-29574
-28728	-34673	-29597
-28725	-32742	-33149
-28717	-34534	-30033
-28712	-32557	-33278
-28710	-29018	-34931
-28704	-30255	-34532
-28699	-34955	-29299
-28695	-30662	-34384
-28690	-31765	-33845
-28686	-24855	-35444
-28680	-34542	-30400
-28668	-33893	-31763
-28655	-27257	-35389
-28654	-28853	-35032
-28653	-33463	-32381
-28652	-34008	-31398
-28652	-28649	-35086
-28651	-27730	-35235
-28648	-29805	-34771
-28640	-24869	-35441
-28636	-34661	-30264
-28632	-33254	-32456
-28632	-31232	-34015
-28627	-35020	-28890
-28624	-34662	-30111
-28624	-31865	-33793
-28622	-27959	-35315
-28621	-35119	-27705
-28616	-27704	-35349
-28615	-35229	-28263
-28615	-31182	-34096
-28612	-34871	-29484
-28599	-32031	-33575
-28591	-33265	-32526
-28590	-28336	-35107
-28579	-34234	-31233
-28574	-28721	-35033
-28570	-33068	-32871
-28567	-35279	-26415
-28565	-29767	-34777
-28561	-33508	-32348
-28560	-31492	-34033
-28558	-34136	-31475
-28558	-29198	-34888
-28542	-32326	-33550
-28540	-34844	-29520
-28539	-28661	-35043
-28532	-31768	-33833
-28525	-32152	-33680
-28514	-32563	-33322
-28509	-34715	-29697
-28507	-28404	-35093
-28500	-33346	-32630
-28498	-32764	-33276
-28498	-28837	-35100
-28496	-35021	-29205
-28494	-33352	-32602
-28492	-29351	-34895
-28484	-35044	-28546
-28472	-34353	-31e3
-28463	-31787	-33972
-28461	-30855	-34354
-28461	-29161	-34902
-28459	-35026	-28719
-28458	-30283	-34542
-28453	-34760	-29705
-28452	-32198	-33614
-28447	-34445	-30733
-28436	-33968	-31594
-28435	-28871	-35011
-28429	-28318	-35331
-28423	-30930	-34370
-28420	-30663	-34389
-28419	-29420	-34914
-28413	-30372	-34653
-28412	-30598	-34416
-28410	-34483	-30782
-28407	-35054	-28814
-28405	-31317	-34054
-28403	-31232	-34055
-28402	-35292	-25672
-28394	-25595	-35490
-28389	-30607	-34512
-28387	-32914	-33118
-28387	-28987	-34942
-28387	-26477	-35511
-28377	-26540	-35394
-28373	-32332	-33637
-28366	-30612	-34413
-28364	-33287	-32653
-28363	-35291	-26868
-28362	-34806	-29690
-28358	-35266	-27697
-28352	-29330	-34923
-28348	-35297	-26394
-28341	-34851	-29926
-28337	-30947	-34383
-28329	-35060	-29299
-28324	-33112	-32674
-28322	-29761	-34859
-28302	-29050	-35123
-28300	-31211	-34200
-28294	-25306	-35513
-28287	-35302	-27342
-28283	-33568	-32381
-28269	-33093	-32695
-28267	-35346	-26395
-28267	-33440	-32484
-28265	-35062	-28525
-28257	-29918	-34777
-28252	-32003	-33751
-28251	-34372	-31003
-28238	-34021	-31626
-28237	-33807	-32047
-28235	-33045	-33028
-28234	-31247	-34234
-28232	-32222	-33719
-28226	-27282	-35403
-28222	-34079	-31546
-28216	-27132	-35508
-28214	-26928	-35562
-28209	-34665	-30003
-28207	-34549	-30688
-28200	-29438	-34893
-28196	-28313	-35334
-28182	-30807	-34400
-28177	-27579	-35468
-28175	-27375	-35522
-28173	-35380	-27011
-28164	-32365	-33565
-28160	-32936	-33245
-28159	-35342	-27241
-28156	-33080	-33006
-28123	-34645	-30412
-28123	-31027	-34323
-28116	-35154	-28535
-28112	-32558	-33574
-28105	-35526	-25371
-28103	-33454	-32519
-28098	-29796	-34909
-28096	-35046	-29326
-28096	-29388	-34925
-28084	-35255	-28699
-28074	-25181	-35614
-28067	-26063	-35635
-28061	-32789	-33367
-28061	-31337	-34198
-28052	-34379	-31409
-28050	-33617	-32390
-28040	-34588	-30782
-28036	-35305	-27852
-28028	-26510	-35595
-28021	-34961	-29664
-28021	-34736	-30077
-28020	-33059	-33009
-28007	-29185	-35115
-28004	-34702	-30317
-27995	-30485	-34519
-27974	-33484	-32740
-27971	-31207	-34280
-27965	-35348	-27119
-27958	-34442	-31042
-27958	-27640	-35514
-27957	-35408	-27148
-27942	-28146	-35350
-27941	-32307	-33656
-27938	-35292	-28106
-27937	-35367	-27556
-27925	-35144	-28920
-27925	-33126	-32795
-27915	-31669	-33980
-27912	-29363	-35002
-27902	-31022	-34381
-27900	-33520	-32425
-27891	-31637	-34061
-27887	-30012	-34688
-27846	-31484	-34081
-27839	-27751	-35437
-27839	-26617	-35671
-27836	-26628	-35640
-27833	-28499	-35138
-27818	-33252	-32975
-27817	-35323	-27831
-27812	-34982	-29538
-27808	-31932	-33993
-27807	-34574	-30809
-27803	-29808	-34874
-27800	-28568	-35172
-27796	-30069	-34762
-27795	-34783	-30182
-27795	-30499	-34563
-27793	-35355	-28420
-27772	-29752	-34997
-27770	-35269	-28473
-27767	-29197	-35047
-27765	-26866	-35564
-27759	-31400	-34090
-27758	-34688	-30487
-27747	-35106	-29090
-27742	-34641	-30559
-27738	-32718	-33406
-27733	-33559	-32519
-27727	-33731	-32483
-27713	-35410	-26725
-27704	-30538	-34520
-27695	-32657	-33435
-27677	-29930	-34884
-27673	-30482	-34643
-27669	-35356	-27608
-27669	-29357	-35084
-27648	-34463	-31030
-27648	-28419	-35272
-27647	-33041	-33029
-27640	-29052	-35173
-27635	-34112	-31653
-27620	-27769	-35416
-27619	-28114	-35361
-27609	-30125	-34705
-27601	-35502	-25968
-27599	-33270	-32954
-27589	-26127	-35739
-27574	-35552	-26808
-27574	-35163	-28737
-27567	-35177	-28938
-27543	-28884	-35249
-27540	-35382	-27448
-27532	-31566	-34146
-27516	-27719	-35448
-27506	-30928	-34470
-27493	-31193	-34282
-27478	-35165	-29175
-27476	-32028	-33846
-27466	-33107	-33080
-27463	-35454	-27058
-27434	-29924	-34966
-27430	-34826	-30257
-27427	-27038	-35533
-27426	-35434	-27584
-27426	-30613	-34527
-27415	-29190	-35100
-27406	-35036	-29477
-27402	-28379	-35353
-27400	-28175	-35407
-27396	-35268	-28901
-27380	-31746	-34103
-27379	-34968	-29627
-27358	-35580	-25944
-27345	-31212	-34329
-27338	-29529	-35064
-27331	-35602	-27376
-27324	-32208	-33803
-27297	-35460	-27424
-27296	-26472	-35677
-27292	-35621	-25191
-27283	-28490	-35276
-27242	-26638	-35648
-27201	-33153	-33122
-27198	-30839	-34537
-27163	-35167	-29144
-27156	-34971	-29683
-27154	-35619	-25899
-27141	-35016	-29566
-27125	-35359	-27807
-27093	-34677	-30648
-27081	-34678	-30495
-27069	-34887	-29868
-27059	-35119	-29292
-27049	-35671	-25759
-27027	-30689	-34630
-27009	-35408	-27884
-26971	-31151	-34330
-26967	-31274	-34284
-26923	-34446	-31093
-26921	-29736	-35011
-26920	-35396	-28121
-26915	-31467	-34293
-26874	-34695	-30627
-26806	-35474	-27790
-26694	-35162	-29367
-26651	-35304	-28511
-26632	-35673	-25467
-26555	-35745	-25077
-26444	-35554	-27438
-26428	-29635	-35012
-26389	-35723	-26035
-26012	-35722	-26134
-25927	-35476	-27677
-25796	-35750	-25270
