-32304	-25372	-31617
-32273	-26495	-31147
-32225	-25586	-31591
-32140	-26686	-30994
-32118	-26714	-31100
-32092	-26098	-31664
-32090	-26290	-31548
-32065	-25981	-32276
-32027	-25966	-32753
-32025	-26630	-31690
-32011	-26733	-31035
-32003	-26512	-31897
-31955	-26546	-32625
-31920	-25985	-32688
-31916	-26774	-31379
-31906	-25459	-33046
-31896	-27398	-31455
-31876	-26760	-32599
-31853	-27392	-32520
-31848	-27631	-31592
-31838	-26110	-32657
-31805	-26650	-33108
-31800	-26765	-32578
-31732	-27416	-32189
-31728	-26675	-33006
-31721	-26979	-32552
-31712	-26338	-33440
-31700	-27538	-31873
-31684	-27649	-32326
-31678	-27167	-32532
-31663	-26769	-32780
-31650	-26869	-33061
-31649	-26889	-32980
-31635	-26363	-33338
-31626	-27020	-32896
-31621	-27760	-31973
-31605	-26357	-33375
-31573	-26894	-32959
-31558	-26496	-33207
-31549	-27654	-32770
-31543	-26888	-32996
-31519	-27039	-32831
-31519	-26938	-33081
-31494	-27108	-32933
-31490	-27147	-32818
-31486	-27765	-32417
-31482	-27307	-32950
-31470	-27810	-31243
-31463	-27030	-33430
-31449	-27818	-32089
-31442	-27380	-32955
-31424	-27996	-32013
-31421	-27810	-32151
-31408	-26600	-33690
-31401	-27561	-33051
-31399	-27149	-33277
-31393	-27776	-32836
-31358	-27885	-32343
-31353	-27794	-33188
-31344	-26837	-33850
-31323	-28045	-31008
-31319	-28016	-31247
-31318	-27034	-33842
-31313	-25763	-33859
-31311	-27346	-33514
-31287	-26093	-33983
-31275	-28278	-31145
-31265	-27051	-33824
-31238	-27995	-32789
-31236	-28018	-32439
-31232	-28165	-32192
-31222	-28107	-32783
-31208	-26307	-33957
-31207	-27454	-33329
-31206	-27474	-33248
-31203	-27582	-33445
-31203	-27289	-33695
-31181	-27520	-33474
-31179	-27835	-32839
-31163	-27253	-33795
-31149	-28303	-31219
-31149	-26760	-34272
-31145	-28132	-32681
-31127	-28185	-31426
-31115	-27849	-33024
-31111	-28515	-31572
-31111	-28296	-31879
-31110	-27688	-33561
-31106	-27309	-33662
-31098	-28228	-32310
-31095	-26872	-34025
-31093	-28141	-32875
-31090	-27902	-33070
-31087	-27291	-33893
-31071	-27430	-33675
-31069	-27960	-32880
-31067	-28275	-32245
-31066	-28346	-32655
-31066	-27958	-33076
-31057	-27705	-33543
-31056	-26979	-33980
-31044	-27840	-33283
-31040	-27099	-34100
-31027	-28030	-33205
-31015	-28625	-30832
-31008	-25075	-34327
-30995	-28236	-33164
-30994	-26979	-34225
-30993	-28617	-31346
-30989	-28588	-31585
-30988	-28350	-32392
-30983	-28739	-31457
-30982	-25405	-34451
-30980	-27838	-33412
-30980	-27334	-33736
-30979	-28710	-31696
-30974	-26240	-34312
-30973	-26457	-34308
-30970	-27853	-33436
-30968	-27143	-34116
-30961	-27313	-34074
-30955	-27907	-33514
-30951	-27528	-33615
-30947	-26787	-34432
-30945	-28850	-31483
-30945	-28155	-33174
-30935	-28972	-31594
-30932	-28280	-32689
-30915	-27349	-34009
-30910	-27395	-33828
-30906	-28409	-32335
-30905	-28163	-33301
-30902	-27924	-33496
-30897	-28502	-32711
-30888	-27962	-33349
-30886	-27268	-34085
-30885	-27318	-34053
-30883	-28676	-32570
-30879	-27945	-33612
-30877	-27525	-33712
-30870	-28486	-33073
-30869	-27457	-33835
-30868	-27001	-34406
-30863	-27579	-33621
-30862	-27628	-33965
-30826	-26147	-34593
-30825	-28057	-33365
-30824	-27799	-33706
-30824	-27135	-34198
-30813	-27362	-34069
-30808	-27641	-33826
-30806	-27532	-34027
-30800	-28159	-33586
-30797	-28757	-31764
-30796	-28948	-32277
-30778	-27044	-34238
-30778	-26380	-34730
-30776	-28310	-33421
-30760	-28167	-33713
-30758	-28926	-32479
-30754	-27387	-34073
-30753	-27967	-33793
-30736	-28420	-33107
-30735	-28583	-32851
-30732	-27679	-33924
-30731	-27487	-34038
-30714	-27335	-34117
-30714	-26831	-34441
-30709	-28524	-33137
-30709	-28249	-33467
-30707	-27847	-33918
-30706	-27088	-34254
-30699	-27258	-34212
-30688	-28599	-32992
-30687	-28816	-32988
-30685	-27025	-34320
-30675	-29319	-31281
-30675	-27601	-34047
-30672	-28418	-33236
-30669	-26719	-34558
-30668	-25769	-34776
-30660	-27655	-34125
-30659	-29121	-31729
-30655	-29092	-31968
-30653	-27893	-33898
-30642	-26099	-34900
-30639	-28796	-33053
-30639	-27367	-34256
-30628	-28217	-33702
-30621	-28529	-33374
-30621	-27023	-34449
-30614	-27984	-33810
-30598	-28186	-33746
-30598	-27522	-34238
-30597	-28964	-32543
-30597	-26763	-34574
-30590	-27724	-33935
-30590	-26933	-34532
-30573	-27283	-34286
-30562	-27080	-34336
-30560	-27581	-34230
-30553	-27674	-34060
-30552	-28821	-33432
-30544	-26969	-34467
-30536	-29295	-31964
-30535	-27905	-34034
-30534	-27142	-34351
-30520	-29097	-32412
-30518	-29167	-32057
-30516	-28379	-33530
-30515	-26888	-34543
-30514	-28447	-33559
-30497	-27316	-34319
-30491	-27912	-33931
-30491	-27248	-34423
-30491	-26544	-34618
-30477	-27679	-34039
-30476	-28896	-32878
-30476	-26256	-34867
-30473	-28436	-33655
-30469	-26426	-34825
-30467	-28255	-33766
-30462	-28459	-33480
-30453	-26565	-34607
-30452	-26776	-34579
-30445	-28547	-33617
-30444	-28016	-33781
-30432	-29250	-32110
-30431	-28314	-33725
-30429	-27779	-34044
-30428	-29221	-32349
-30427	-27699	-34134
-30422	-27271	-34330
-30407	-26695	-34643
-30406	-27915	-33941
-30402	-28887	-32965
-30400	-28002	-33812
-30398	-28391	-33666
-30396	-29404	-31009
-30391	-27992	-33959
-30390	-27138	-34452
-30389	-27787	-34171
-30383	-27007	-34531
-30383	-26639	-34654
-30382	-27587	-34251
-30379	-29143	-32740
-30376	-26809	-34612
-30367	-28181	-33871
-30364	-26031	-35026
-30361	-28876	-33061
-30361	-27299	-34382
-30355	-29400	-31706
-30352	-28528	-33699
-30352	-28235	-33949
-30343	-26955	-34575
-30343	-26451	-34899
-30333	-29515	-30656
-30330	-27444	-34298
-30326	-27796	-34070
-30317	-28463	-33892
-30313	-27603	-34273
-30312	-28474	-33719
-30307	-29500	-32019
-30307	-26513	-34673
-30305	-28712	-33492
-30304	-27221	-34505
-30293	-29226	-32793
-30291	-27619	-34198
-30290	-28766	-33570
-30282	-27513	-34356
-30280	-29036	-33296
-30278	-28322	-33957
-30273	-27842	-34043
-30272	-27918	-34087
-30268	-27280	-34464
-30265	-26346	-34917
-30261	-27080	-34544
-30257	-27837	-34160
-30253	-26864	-34628
-30250	-29583	-31937
-30243	-27604	-34268
-30236	-29390	-32528
-30227	-25663	-35101
-30211	-27604	-34292
-30208	-27307	-34614
-30207	-27468	-34367
-30183	-28785	-33505
-30182	-27792	-34171
-30181	-26538	-34747
-30175	-27393	-34464
-30174	-26708	-34705
-30168	-29476	-32702
-30168	-26836	-34691
-30165	-27644	-34272
-30161	-27006	-34649
-30153	-26913	-34709
-30145	-29133	-33074
-30143	-28067	-34017
-30142	-27809	-34214
-30136	-27929	-34204
-30135	-27105	-34618
-30135	-26567	-34770
-30134	-28318	-34058
-30133	-27555	-34375
-30132	-27888	-34371
-30109	-28579	-33763
-30105	-26571	-34780
-30098	-26741	-34738
-30097	-29366	-33211
-30090	-28473	-33837
-30087	-26800	-34907
-30085	-29869	-31504
-30079	-27384	-34642
-30078	-26319	-34999
-30074	-28167	-34075
-30071	-28927	-33332
-30060	-28629	-33638
-30060	-27934	-34183
-30057	-28810	-33579
-30043	-26505	-34982
-30035	-27535	-34399
-30035	-27031	-34723
-30034	-28534	-33774
-30020	-27612	-34417
-30018	-28669	-33644
-30016	-28267	-34095
-30011	-29484	-32033
-30008	-27552	-34729
-30004	-29054	-33543
-29982	-28765	-33590
-29981	-28843	-33612
-29981	-28148	-34157
-29964	-28498	-33911
-29963	-26222	-35054
-29959	-29367	-32738
-29959	-27064	-34756
-29956	-26392	-35012
-29948	-29595	-31680
-29946	-28083	-34350
-29934	-28332	-33950
-29928	-29717	-32280
-29920	-25950	-35110
-29916	-27289	-34876
-29909	-28656	-33754
-29909	-28292	-34075
-29907	-27942	-34415
-29897	-29073	-33478
-29888	-28531	-33944
-29883	-29078	-33212
-29881	-28767	-33716
-29874	-28569	-33797
-29867	-28534	-33824
-29854	-27820	-34497
-29832	-27942	-34454
-29825	-27576	-34643
-29823	-28867	-33736
-29812	-28405	-33963
-29800	-27668	-34600
-29788	-28748	-33798
-29788	-28455	-34048
-29765	-28244	-34117
-29764	-29427	-32818
-29763	-28633	-33971
-29754	-29477	-32838
-29753	-28683	-33991
-29738	-28199	-34221
-29732	-27959	-34430
-29727	-29777	-31566
-29726	-28986	-33669
-29724	-28005	-34493
-29719	-28788	-33750
-29718	-26008	-35217
-29716	-28892	-33716
-29708	-29828	-32103
-29698	-29501	-32367
-29695	-29960	-30226
-29695	-29131	-33585
-29693	-27697	-34508
-29692	-28834	-33907
-29680	-29618	-32347
-29672	-26820	-34895
-29647	-28289	-34102
-29645	-29939	-31750
-29645	-28582	-34008
-29628	-29771	-32363
-29625	-28116	-34242
-29619	-29005	-33604
-29617	-27692	-34514
-29616	-27343	-34959
-29610	-28463	-34070
-29609	-29518	-32517
-29606	-29384	-33119
-29605	-29174	-33417
-29599	-28522	-34239
-29598	-29835	-32098
-29588	-28857	-33770
-29579	-29499	-32849
-29574	-26766	-35094
-29572	-29526	-32441
-29570	-28174	-34478
-29563	-29214	-33423
-29554	-27874	-34580
-29546	-29593	-32709
-29545	-29409	-33053
-29545	-27604	-34789
-29535	-29946	-31745
-29530	-29417	-33152
-29528	-29788	-32339
-29526	-29388	-33391
-29526	-28693	-33936
-29522	-29453	-32893
-29521	-30001	-29877
-29516	-27360	-34935
-29506	-29670	-32546
-29503	-28189	-34255
-29493	-29030	-33678
-29461	-28257	-34367
-29458	-29849	-32229
-29454	-28889	-33743
-29454	-27891	-34556
-29452	-29182	-33649
-29433	-29076	-33723
-29429	-27983	-34513
-29415	-29434	-32898
-29403	-28537	-34069
-29400	-28718	-34010
-29380	-29695	-32620
-29378	-29643	-32623
-29357	-29739	-32460
-29352	-29485	-32864
-29343	-28857	-33969
-29340	-29622	-33055
-29338	-30239	-30458
-29336	-26382	-35299
-29324	-28751	-34043
-29320	-29904	-32210
-29308	-27476	-34806
-29295	-3e4	-31620
-29286	-29629	-32969
-29279	-28906	-33758
-29271	-30292	-30121
-29268	-28162	-34553
-29257	-30015	-31857
-29256	-27707	-34622
-29246	-30074	-30906
-29245	-27658	-34872
-29244	-29831	-32348
-29236	-28583	-34154
-29212	-29423	-33227
-29199	-28489	-34391
-29192	-29529	-33336
-29191	-27771	-34671
-29190	-30146	-30739
-29178	-29899	-32244
-29173	-29275	-33528
-29172	-29811	-32491
-29168	-28179	-34529
-29162	-29723	-32687
-29158	-29694	-32926
-29155	-29008	-33849
-29137	-29850	-32283
-29136	-30297	-30565
-29136	-30081	-30901
-29132	-30268	-30804
-29118	-30198	-30881
-29100	-29863	-32633
-29098	-29554	-33073
-29081	-28802	-34107
-29080	-28963	-33860
-29056	-27940	-34562
-29052	-29554	-33198
-29051	-24998	-35388
-29046	-28811	-34098
-29034	-26856	-35161
-29015	-29719	-32948
-29006	-28757	-34118
-29004	-30380	-30403
-28985	-29200	-33632
-28971	-29369	-33445
-28960	-28295	-34400
-28956	-27761	-34705
-28951	-30084	-31947
-28948	-25984	-35371
-28937	-30433	-30066
-28917	-29809	-32706
-28914	-28930	-34086
-28912	-30215	-30851
-28908	-28526	-34216
-28896	-29612	-33180
-28892	-29583	-33419
-28872	-29865	-32574
-28847	-29007	-33869
-28841	-30091	-31942
-28830	-27038	-35056
-28821	-29149	-33794
-28820	-28086	-34584
-28809	-29976	-32221
-28807	-29816	-32701
-28802	-30222	-30846
-28798	-30409	-30749
-28797	-30004	-31948
-28783	-29258	-33739
-28725	-30497	-29351
-28714	-30397	-30750
-28704	-30434	-30486
-28694	-30518	-29349
-28676	-28984	-33924
-28662	-30259	-31245
-28658	-30550	-29014
-28652	-29824	-32997
-28640	-26564	-35195
-28615	-27843	-34842
-28608	-28580	-34299
-28607	-29921	-32424
-28573	-29646	-33183
-28555	-29310	-33458
-28549	-30115	-32241
-28547	-29061	-33952
-28539	-29470	-33556
-28522	-28761	-34121
-28521	-29203	-33877
-28521	-26822	-35348
-28519	-30526	-29697
-28503	-30045	-32311
-28502	-30276	-30929
-28460	-29292	-33742
-28458	-27979	-34652
-28455	-30117	-31710
-28447	-30299	-31238
-28439	-30182	-31756
-28415	-27053	-35232
-28410	-29836	-33007
-28399	-28543	-34448
-28393	-30052	-32306
-28381	-30581	-29678
-28367	-28980	-34074
-28351	-25283	-35416
-28350	-30602	-29676
-28329	-28126	-34589
-28307	-27410	-34912
-28293	-28774	-34332
-28283	-30004	-32734
-28266	-30358	-31114
-28266	-29863	-32853
-28261	-30010	-32604
-28239	-30576	-29712
-28235	-30584	-30482
-28205	-30140	-31868
-28179	-30526	-30596
-28173	-30011	-32729
-28172	-30629	-29375
-28159	-29882	-32788
-28156	-30365	-31109
-28133	-30456	-30666
-28113	-27527	-35094
-28107	-30141	-32090
-28104	-29555	-33644
-28081	-30234	-31586
-28077	-30205	-31825
-28051	-28058	-34715
-28042	-28983	-33997
-28035	-30670	-29858
-28033	-30605	-30058
-28018	-29627	-33237
-28014	-30360	-31143
-27991	-26213	-35402
-27939	-29841	-33211
-27888	-28956	-34149
-27845	-30667	-30541
-27826	-29487	-33770
-27765	-30043	-32367
-27765	-28346	-34688
-27760	-25707	-35475
-27733	-29175	-34102
-27688	-27955	-34806
-27653	-30719	-28680
-27597	-28956	-34228
-27566	-30784	-29489
-27553	-30375	-31328
-27545	-30721	-30624
-27505	-30447	-30727
-27492	-30157	-32082
-27443	-30382	-31323
-27395	-30454	-30722
-27242	-29625	-33345
-27066	-30236	-32239
-27044	-30466	-31397
-26250	-30886	-28839
