-35469	-28430	-30468
-35361	-29540	-31388
-35275	-29549	-31328
-35177	-30476	-29362
-35175	-29885	-30865
-35137	-29193	-31607
-35127	-28922	-31849
-35115	-30024	-31389
-35114	-30151	-31843
-35092	-29934	-32025
-35088	-30443	-30965
-35087	-30133	-32051
-35074	-29021	-32278
-35065	-29492	-32216
-35036	-30583	-32410
-35003	-29766	-32747
-34956	-30658	-32127
-34939	-30961	-30284
-34885	-30258	-32717
-34880	-30140	-33138
-34879	-31100	-30808
-34850	-30928	-31887
-34800	-30668	-32437
-34792	-31105	-31093
-34787	-30353	-33158
-34778	-30451	-32619
-34773	-30717	-32570
-34773	-30650	-32645
-34770	-31003	-31604
-34744	-30026	-33238
-34739	-30435	-32782
-34722	-30536	-32782
-34706	-31107	-32303
-34705	-31351	-31486
-34702	-30763	-32878
-34689	-30283	-33341
-34661	-31109	-32498
-34656	-30419	-33017
-34651	-30825	-32517
-34602	-31248	-32462
-34583	-30100	-33519
-34577	-30742	-33194
-34540	-29336	-33883
-34532	-30345	-33370
-34525	-31037	-33145
-34517	-31658	-32182
-34506	-31672	-31639
-34495	-31686	-31520
-34475	-30737	-33480
-34470	-30619	-33901
-34466	-31e3	-33199
-34448	-30786	-33613
-34445	-31765	-30860
-34434	-29153	-34061
-34413	-31429	-33073
-34410	-31085	-33362
-34363	-31196	-33333
-34356	-31797	-31559
-34355	-31487	-32645
-34351	-31045	-33624
-34345	-31811	-31440
-34337	-31342	-33111
-34331	-30916	-33896
-34310	-31391	-33244
-34265	-31886	-31157
-34260	-31131	-33794
-34234	-30432	-34205
-34230	-31466	-32961
-34225	-31801	-32964
-34211	-31406	-33515
-34211	-31244	-33695
-34193	-31521	-33527
-34185	-31619	-33218
-34180	-31859	-31509
-34168	-29730	-34327
-34158	-30094	-34434
-34154	-30948	-33972
-34153	-31908	-31642
-34147	-30102	-34308
-34146	-31811	-33200
-34145	-31876	-32681
-34130	-32160	-32660
-34126	-31188	-33786
-34122	-32294	-31487
-34116	-31680	-33478
-34115	-31516	-33908
-34113	-31125	-34002
-34080	-32239	-32e3
-34068	-30622	-34220
-34063	-30504	-34641
-34061	-31161	-33992
-34050	-32235	-32377
-34039	-31429	-33946
-34031	-32456	-31477
-34010	-30942	-34308
-34006	-31702	-33434
-33996	-29309	-34756
-33980	-31915	-33137
-33976	-31571	-33712
-33970	-30745	-34514
-33963	-31091	-34175
-33960	-30946	-34182
-33950	-31963	-33048
-33943	-31332	-34041
-33938	-30732	-34615
-33933	-31246	-34124
-33924	-31743	-33806
-33924	-30801	-34636
-33918	-30478	-34788
-33903	-32007	-33163
-33903	-31637	-33895
-33891	-31258	-34100
-33879	-30907	-34504
-33876	-32056	-33296
-33873	-31841	-33720
-33873	-31792	-33844
-33857	-30908	-34353
-33856	-31927	-33568
-33855	-30976	-34269
-33854	-31954	-33982
-33851	-31809	-33989
-33846	-32052	-33673
-33846	-31093	-34257
-33845	-30569	-34681
-33839	-30246	-34833
-33828	-31025	-34402
-33827	-32472	-31039
-33821	-29994	-35097
-33818	-30618	-34814
-33817	-31129	-34287
-33810	-32587	-31913
-33807	-32431	-32340
-33806	-31153	-34204
-33804	-31288	-34211
-33796	-32131	-33013
-33791	-32466	-33016
-33790	-31178	-34420
-33789	-31425	-34540
-33780	-32480	-32473
-33775	-32098	-33981
-33769	-32494	-32354
-33768	-31821	-34341
-33758	-32022	-34009
-33752	-30917	-34622
-33744	-32152	-33458
-33744	-31427	-34735
-33732	-32235	-33712
-33731	-32479	-32895
-33725	-32997	-31633
-33717	-30476	-34867
-33698	-33046	-31766
-33690	-32502	-32864
-33688	-32237	-33621
-33684	-31893	-34196
-33682	-31935	-34047
-33668	-32299	-33459
-33663	-32551	-32997
-33659	-32562	-33178
-33655	-31984	-34180
-33653	-31448	-34409
-33650	-31866	-34601
-33639	-30968	-35025
-33633	-30645	-35177
-33623	-31999	-34134
-33622	-33078	-31438
-33619	-31655	-34709
-33616	-32785	-32100
-33610	-32577	-32581
-33608	-32312	-33338
-33605	-31724	-34730
-33603	-32647	-33341
-33599	-31401	-34882
-33592	-32596	-33603
-33570	-32394	-33900
-33560	-32870	-32263
-33553	-32585	-33923
-33532	-32800	-33048
-33526	-31492	-34775
-33524	-31889	-34306
-33518	-30272	-35245
-33508	-32229	-34299
-33508	-31240	-35039
-33499	-31541	-34908
-33494	-30942	-35172
-33493	-31218	-35060
-33489	-32396	-33954
-33485	-32214	-34349
-33485	-32052	-34529
-33485	-31348	-35109
-33475	-32365	-33975
-33473	-32660	-33640
-33467	-31134	-35133
-33447	-33210	-32768
-33439	-32298	-34324
-33439	-32136	-34504
-33436	-33224	-32649
-33420	-32619	-34034
-33414	-31951	-34628
-33411	-31219	-35296
-33409	-31261	-35147
-33404	-32968	-33494
-33404	-32806	-33674
-33392	-31734	-34810
-33387	-31933	-34836
-33380	-30774	-35509
-33374	-30451	-35661
-33368	-32978	-32813
-33355	-32967	-33916
-33354	-33047	-32834
-33344	-32981	-33373
-33341	-32393	-34765
-33336	-31819	-34973
-33328	-31381	-35006
-33324	-33043	-33211
-33322	-32714	-34475
-33320	-31891	-35119
-33311	-32728	-33932
-33310	-32092	-34787
-33305	-33264	-32311
-33288	-30521	-35554
-33270	-31702	-35208
-33262	-32161	-34810
-33255	-32439	-34481
-33253	-32281	-34852
-33246	-31993	-34879
-33236	-31348	-35323
-33235	-32210	-34943
-33229	-32053	-35109
-33226	-32330	-34985
-33213	-32478	-34897
-33212	-31540	-35449
-33212	-31378	-35629
-33204	-33300	-32159
-33199	-32524	-34644
-33175	-31865	-35266
-33171	-33326	-31823
-33166	-32271	-35203
-33162	-31441	-35571
-33156	-33288	-34069
-33156	-33126	-34249
-33153	-31655	-35268
-33150	-32620	-34663
-33138	-30264	-35965
-33137	-31978	-35306
-33131	-32941	-34373
-33122	-32273	-35112
-33113	-31054	-35667
-33111	-33346	-32614
-33096	-31633	-35311
-33084	-33395	-32747
-33084	-32027	-35256
-33076	-33363	-33786
-33072	-32488	-35008
-33069	-31682	-35444
-33061	-31697	-35603
-33055	-31374	-35755
-33054	-33425	-32079
-33044	-30586	-35984
-33043	-32677	-34588
-33012	-32762	-34543
-33008	-33427	-32419
-33e3	-32845	-34797
-33e3	-32683	-34977
-32999	-33805	-32467
-32991	-32965	-34839
-32991	-32178	-35238
-32981	-31360	-35832
-32978	-31844	-35434
-32965	-33515	-33967
-32963	-32397	-35220
-32950	-30915	-36045
-32944	-31466	-35975
-32923	-32594	-35265
-32923	-32432	-35445
-32917	-32109	-35597
-32915	-33809	-31791
-32914	-32857	-34984
-32900	-33127	-34829
-32899	-33226	-34272
-32890	-33593	-32934
-32885	-33590	-33684
-32874	-33604	-33565
-32873	-32647	-35341
-32872	-33275	-34405
-32862	-31560	-35912
-32858	-32942	-35147
-32846	-32166	-35592
-32839	-31878	-35619
-32836	-32736	-35346
-32834	-33678	-33097
-32819	-33733	-33297
-32814	-34070	-32026
-32808	-33747	-33178
-32806	-32363	-35637
-32806	-32201	-35817
-32801	-33017	-35001
-32797	-32366	-35638
-32792	-30080	-36078
-32787	-33172	-34482
-32783	-32619	-35433
-32782	-31681	-35985
-32782	-31519	-36165
-32778	-32687	-35348
-32757	-33006	-35039
-32746	-32869	-35234
-32736	-32412	-35739
-32733	-33638	-34046
-32729	-29935	-36243
-32726	-33429	-34605
-32723	-34128	-31704
-32723	-29612	-36395
-32713	-32604	-35510
-32713	-32442	-35690
-32707	-32119	-35842
-32703	-32643	-35358
-32683	-32898	-35324
-32673	-33099	-34992
-32671	-30266	-36314
-32670	-34086	-33364
-32667	-31146	-36233
-32666	-32777	-35662
-32659	-33101	-35480
-32647	-33197	-34650
-32645	-32574	-35729
-32638	-33153	-35060
-32635	-33837	-33430
-32635	-33591	-34595
-32631	-31838	-36139
-32620	-33892	-33630
-32620	-33246	-34783
-32620	-31050	-36368
-32617	-30370	-36450
-32615	-34229	-32359
-32612	-33261	-34942
-32609	-33906	-33511
-32609	-33342	-34640
-32584	-32063	-35978
-32584	-31901	-36158
-32570	-32824	-35513
-32557	-33114	-35382
-32556	-33359	-34640
-32555	-33666	-34312
-32540	-32e3	-36129
-32537	-33217	-34952
-32535	-34189	-32747
-32535	-33656	-34503
-32529	-33408	-34773
-32520	-33685	-34073
-32516	-33243	-35052
-32516	-31317	-36184
-32507	-33511	-34766
-32505	-30677	-36436
-32493	-32735	-35801
-32493	-32573	-35981
-32479	-34313	-33262
-32474	-33199	-35188
-32471	-31932	-36146
-32467	-31526	-36264
-32451	-33229	-35139
-32449	-33111	-35725
-32446	-34021	-33469
-32446	-32826	-35755
-32444	-33818	-34493
-32443	-32788	-35877
-32440	-31460	-36352
-32439	-33312	-35393
-32431	-33646	-34711
-32427	-32004	-36110
-32420	-33660	-34592
-32420	-33376	-34883
-32419	-30752	-36443
-32412	-33731	-34969
-32410	-31491	-36450
-32410	-30771	-36503
-32409	-32019	-36155
-32402	-33116	-35420
-32402	-32897	-35791
-32402	-32735	-35971
-32395	-33484	-35171
-32395	-33314	-35302
-32393	-31609	-36219
-32389	-31141	-36596
-32385	-32222	-36311
-32376	-32504	-36173
-32358	-33273	-35715
-32352	-32950	-35867
-32344	-34416	-32645
-32341	-31863	-36438
-32339	-33337	-35205
-32332	-33806	-34686
-32317	-33348	-35243
-32317	-31328	-36516
-32299	-30076	-36779
-32298	-34116	-33311
-32296	-33374	-35343
-32288	-34501	-32808
-32287	-34191	-33894
-32273	-32784	-35894
-32261	-31969	-36421
-32259	-34329	-32887
-32259	-31500	-36581
-32258	-34019	-33973
-32255	-34248	-33367
-32252	-33696	-35125
-32236	-31508	-36467
-32235	-33882	-34073
-32229	-33242	-36016
-32226	-32957	-36046
-32222	-31422	-36583
-32221	-33955	-34168
-32220	-30911	-36776
-32219	-33443	-35684
-32212	-33941	-34572
-32212	-31873	-36443
-32207	-34278	-33301
-32207	-32601	-36181
-32204	-30170	-36846
-32203	-33275	-35753
-32192	-34276	-33884
-32192	-32745	-36216
-32184	-33613	-35204
-32182	-33495	-35790
-32181	-34290	-33765
-32180	-34327	-33434
-32179	-33967	-34236
-32172	-33771	-34842
-32168	-33981	-34117
-32168	-33329	-35821
-32154	-34062	-34024
-32139	-31632	-36587
-32138	-33497	-35699
-32131	-33697	-34993
-32128	-33698	-35367
-32126	-34059	-34237
-32122	-33960	-34712
-32121	-32545	-36266
-32121	-32383	-36446
-32116	-32763	-36171
-32115	-34345	-34225
-32114	-32869	-36084
-32109	-34022	-34377
-32109	-29658	-36925
-32108	-33243	-35884
-32104	-34359	-34106
-32103	-33574	-35526
-32101	-34365	-33482
-32094	-34532	-32885
-32089	-33707	-35271
-32086	-31458	-36720
-32074	-32608	-36285
-32070	-34513	-32926
-32063	-32755	-36221
-32059	-32985	-36086
-32053	-31997	-36551
-32047	-33659	-35689
-32044	-33824	-34784
-32037	-31829	-36620
-32037	-31667	-36800
-32033	-33792	-35434
-32028	-31940	-36628
-32026	-32639	-36333
-32026	-32477	-36513
-32024	-34434	-33823
-32021	-34448	-33794
-32020	-30889	-36849
-32017	-33405	-35874
-32014	-33856	-34924
-32013	-33895	-34950
-32013	-32032	-36776
-32010	-34462	-33675
-32009	-33453	-35929
-32e3	-32850	-36195
-31997	-32638	-36456
-31995	-34635	-32242
-31993	-33285	-35998
-31990	-34151	-34275
-31986	-33083	-36180
-31972	-33995	-34637
-31968	-33927	-34714
-31968	-33147	-36076
-31965	-33625	-35707
-31965	-33455	-35838
-31957	-34481	-33409
-31956	-32371	-36521
-31952	-33753	-35756
-31930	-34537	-33392
-31928	-33414	-36251
-31923	-34450	-34204
-31922	-34057	-34940
-31921	-30309	-37005
-31918	-34704	-32583
-31918	-33615	-35919
-31913	-31109	-36852
-31912	-34464	-34085
-31904	-32879	-36329
-31902	-30779	-36925
-31902	-30617	-37105
-31899	-32564	-36462
-31881	-33983	-35091
-31878	-32235	-36593
-31874	-33787	-35697
-31874	-33617	-35828
-31874	-31767	-36970
-31866	-33994	-34942
-31866	-32733	-36340
-31864	-32618	-36530
-31857	-34332	-34430
-31841	-33627	-35949
-31832	-34539	-33802
-31828	-34160	-34509
-31827	-34244	-34700
-31823	-34007	-35155
-31820	-32555	-36681
-31819	-31842	-36785
-31816	-34258	-34581
-31815	-34563	-33072
-31813	-33041	-36319
-31807	-33839	-35224
-31805	-33826	-35312
-31804	-32658	-36529
-31803	-33847	-35163
-31801	-34058	-34808
-31794	-33991	-35259
-31793	-33103	-36253
-31792	-34321	-34527
-31791	-34096	-34704
-31773	-32780	-36520
-31769	-32712	-36597
-31767	-34804	-33334
-31766	-34494	-34420
-31763	-33491	-36021
-31754	-33754	-35740
-31750	-33789	-35939
-31749	-34108	-34772
-31736	-34406	-34690
-31736	-33053	-36349
-31735	-34753	-33463
-31731	-33135	-36256
-31730	-34162	-34919
-31727	-34596	-34017
-31726	-34809	-32562
-31725	-34420	-34571
-31722	-33895	-35341
-31714	-31861	-36977
-31714	-31430	-37005
-31714	-31268	-37185
-31712	-32129	-36710
-31712	-31967	-36890
-31710	-33552	-35967
-31703	-34153	-35249
-31702	-33966	-35462
-31701	-33838	-35529
-31700	-34258	-34694
-31698	-33839	-35903
-31692	-34167	-35130
-31690	-31326	-37055
-31686	-33222	-36369
-31684	-33932	-35552
-31682	-33452	-36343
-31680	-34823	-33490
-31678	-32874	-36587
-31673	-33715	-36062
-31668	-33585	-36088
-31667	-34597	-33777
-31663	-33916	-35730
-31659	-33848	-35807
-31658	-34270	-34762
-31658	-32917	-36421
-31658	-32071	-36910
-31653	-34607	-33491
-31645	-34495	-34288
-31639	-33475	-36143
-31638	-34428	-34739
-31637	-33263	-36394
-31636	-34758	-34007
-31625	-34017	-35321
-31619	-31362	-37252
-31618	-32674	-36654
-31617	-33800	-36225
-31612	-34176	-34965
-31610	-34e3	-35519
-31607	-34001	-35893
-31603	-33933	-35970
-31602	-32506	-36723
-31601	-34263	-35238
-31595	-33384	-36359
-31589	-32847	-36705
-31588	-32113	-36832
-31587	-33546	-36410
-31581	-32885	-36499
-31574	-32201	-36775
-31568	-34010	-35797
-31565	-32312	-36783
-31563	-33011	-36488
-31560	-34292	-34811
-31558	-34622	-34079
-31547	-34590	-34729
-31546	-34312	-34746
-31542	-33357	-36461
-31534	-32901	-36543
-31534	-32433	-36781
-31527	-32972	-36553
-31521	-34338	-34955
-31512	-34095	-35960
-31510	-31815	-37084
-31496	-33927	-36029
-31494	-32543	-36805
-31493	-34159	-35450
-31490	-33557	-36322
-31486	-34619	-34396
-31472	-33173	-36478
-31469	-34454	-34801
-31456	-34784	-33650
-31455	-34474	-34736
-31453	-32437	-36899
-31451	-34124	-35627
-31451	-33519	-36451
-31450	-32848	-36674
-31446	-34336	-35646
-31443	-33063	-36533
-31442	-32916	-36717
-31439	-32995	-36610
-31435	-34350	-35527
-31432	-34170	-35677
-31432	-32468	-36994
-31431	-31535	-37154
-31419	-33606	-36434
-31415	-34106	-35872
-31415	-31909	-37151
-31414	-33035	-36722
-31411	-32139	-37125
-31411	-30854	-37312
-31399	-33719	-36312
-31397	-35090	-33459
-31397	-32522	-37062
-31395	-33651	-36389
-31385	-33852	-36057
-31385	-33394	-36604
-31381	-32595	-36759
-31376	-34115	-35776
-31372	-32712	-36746
-31362	-34462	-35063
-31353	-34183	-35916
-31353	-33445	-36457
-31352	-31746	-37317
-31345	-33889	-36086
-31341	-34433	-35457
-31341	-32630	-36984
-31337	-34051	-36137
-31324	-32071	-37141
-31320	-34200	-35939
-31320	-33930	-36475
-31314	-33032	-36834
-31310	-33943	-36154
-31306	-34547	-35226
-31301	-34884	-33955
-31296	-33395	-36553
-31295	-34561	-35107
-31287	-34611	-34716
-31277	-34690	-34125
-31275	-32337	-37082
-31273	-34294	-35785
-31273	-33036	-36787
-31264	-33039	-36788
-31262	-34308	-35666
-31251	-31802	-37160
-31248	-32871	-36857
-31246	-32484	-37119
-31243	-32779	-37026
-31240	-34062	-36049
-31233	-33955	-36184
-31223	-34748	-34027
-31223	-33194	-36824
-31219	-33126	-36901
-31217	-32657	-37170
-31215	-34636	-34824
-31215	-33356	-36875
-31205	-35112	-33088
-31204	-34802	-34174
-31203	-34886	-34365
-31193	-33499	-36583
-31184	-34649	-34762
-31178	-34745	-34517
-31172	-33379	-36675
-31168	-34391	-35596
-31159	-34238	-35836
-31156	-31896	-37227
-31149	-34224	-36039
-31149	-33020	-36909
-31148	-32293	-37216
-31147	-32808	-37160
-31145	-34156	-36116
-31142	-34117	-36174
-31135	-35104	-33358
-31128	-34035	-36454
-31125	-34750	-34437
-31118	-33778	-36669
-31117	-34731	-35265
-31110	-34415	-35660
-31109	-32069	-37379
-31107	-34239	-36040
-31097	-30028	-37549
-31096	-33679	-36689
-31095	-34266	-36019
-31088	-34466	-35313
-31087	-31428	-37544
-31079	-34447	-35356
-31074	-33780	-36578
-31071	-32884	-36981
-31060	-32740	-37176
-31054	-34318	-36106
-31037	-35106	-33768
-31037	-34197	-36444
-31035	-33789	-36482
-31026	-34925	-34186
-31025	-34615	-35272
-31023	-34814	-35195
-31023	-33872	-36736
-31023	-33461	-36854
-31021	-35262	-32915
-31020	-34952	-34001
-31018	-35151	-33924
-31016	-34494	-35723
-31013	-33204	-37069
-31012	-34828	-35076
-31007	-31920	-37461
-31e3	-34360	-36086
-30990	-34561	-35754
-30983	-34241	-36282
-30979	-34575	-35635
-30979	-33874	-36645
-30974	-35153	-34135
-30965	-34374	-35866
-30946	-35069	-34762
-30932	-34903	-34793
-30932	-33623	-36844
-30929	-35302	-32986
-30929	-33151	-37200
-30925	-32472	-37242
-30918	-33298	-37136
-30911	-34574	-35993
-30909	-35154	-33358
-30907	-32510	-37365
-30907	-31917	-37573
-30905	-32616	-37278
-30901	-34617	-35514
-30883	-31975	-37443
-30882	-33885	-36557
-30852	-35371	-33327
-30832	-33892	-36511
-30831	-34649	-35710
-30824	-34285	-36305
-30821	-33309	-37048
-30818	-35316	-33348
-30818	-30841	-37619
-30812	-32011	-37640
-30810	-34199	-36421
-30808	-32241	-37614
-30796	-34714	-35325
-30794	-34031	-36490
-30791	-34047	-36547
-30787	-33979	-36624
-30785	-34294	-36209
-30780	-34104	-36480
-30775	-34211	-36343
-30774	-35418	-31867
-30773	-35027	-34901
-30763	-33709	-36796
-30754	-34790	-35298
-30741	-33731	-36738
-30741	-33718	-36823
-30738	-35529	-32884
-30737	-35219	-33970
-30733	-34761	-35692
-30729	-34379	-36372
-30726	-34872	-34908
-30712	-35167	-34034
-30709	-33362	-37113
-30700	-34508	-36251
-30688	-33723	-36788
-30679	-33656	-36927
-30668	-33803	-36863
-30665	-34622	-36020
-30665	-33364	-37022
-30658	-35167	-34233
-30656	-33367	-37023
-30654	-34636	-35901
-30642	-33462	-36987
-30639	-35231	-33723
-30636	-33157	-37138
-30632	-34390	-36284
-30632	-34171	-36655
-30624	-33805	-36772
-30618	-34884	-35483
-30618	-34304	-36400
-30616	-34003	-36724
-30616	-32346	-37593
-30611	-30102	-37729
-30607	-33684	-37110
-30604	-32788	-37513
-30597	-33885	-36778
-30595	-33051	-37232
-30588	-35292	-34460
-30574	-33082	-37327
-30560	-34719	-35831
-30558	-34717	-35869
-30555	-34909	-35042
-30551	-35546	-33342
-30541	-34552	-36274
-30539	-33136	-37395
-30537	-34265	-36722
-30532	-35008	-34938
-30529	-34267	-36467
-30527	-34466	-36390
-30527	-32309	-37660
-30525	-32508	-37583
-30521	-34097	-36791
-30515	-32014	-37677
-30511	-34298	-36459
-30505	-31827	-37741
-30494	-34960	-35517
-30493	-31373	-37842
-30492	-34478	-36312
-30476	-35093	-35101
-30473	-34727	-35999
-30469	-34490	-36454
-30449	-33740	-36950
-30445	-34842	-35622
-30438	-34009	-36886
-30429	-33406	-37152
-30422	-33841	-36955
-30412	-34036	-36839
-30401	-35350	-34630
-30385	-34675	-36008
-30382	-34889	-35989
-30369	-33528	-37288
-30368	-34554	-36346
-30357	-34189	-36837
-30354	-33834	-37017
-30337	-34640	-36131
-30333	-34602	-36420
-30323	-32856	-37559
-30321	-34918	-35656
-30321	-33055	-37482
-30317	-34434	-36489
-30315	-35592	-33560
-30308	-35670	-33420
-30305	-35144	-35556
-30303	-31675	-37935
-30301	-32374	-37640
-30297	-32590	-37592
-30290	-35459	-34294
-30290	-34326	-36506
-30290	-30677	-37937
-30286	-34930	-35578
-30270	-34649	-36787
-30256	-32484	-37686
-30255	-33578	-37181
-30251	-32683	-37712
-30240	-35098	-35607
-30235	-32515	-37781
-30229	-32042	-37877
-30228	-35308	-34769
-30223	-33755	-37099
-30208	-31769	-38002
-30200	-32569	-37849
-30190	-34724	-36504
-30188	-35025	-36019
-30181	-35153	-34776
-30177	-35039	-35900
-30165	-35355	-35136
-30165	-34075	-37187
-30157	-34077	-36932
-30155	-34789	-36119
-30155	-34276	-36855
-30132	-35102	-35695
-30099	-33442	-37340
-30094	-35471	-33879
-30080	-32926	-37483
-30068	-32252	-38007
-30067	-33156	-37370
-30063	-32801	-37626
-30040	-33324	-37394
-30034	-33790	-37222
-30031	-32894	-37625
-30022	-35389	-34717
-30022	-32291	-37891
-30011	-35490	-34481
-30006	-35827	-33210
-30005	-35156	-35222
-3e4	-35504	-34362
-29987	-35891	-32700
-29987	-32896	-37534
-29982	-34747	-36258
-29980	-34745	-36296
-29968	-32895	-37693
-29958	-34252	-36907
-29957	-34842	-36046
-29949	-35241	-35385
-29941	-32153	-38067
-29938	-35255	-35266
-29931	-34082	-37241
-29920	-35579	-34079
-29891	-33709	-37282
-29884	-33188	-37553
-29866	-35623	-33917
-29856	-35561	-34175
-29851	-33359	-37517
-29849	-35593	-34702
-29826	-33508	-37641
-29823	-34835	-36214
-29816	-33709	-37309
-29814	-35849	-32839
-29814	-35098	-35933
-29793	-35165	-35601
-29785	-34883	-36203
-29781	-34845	-36492
-29776	-35199	-35524
-29765	-35650	-33773
-29765	-35213	-35405
-29765	-34677	-36561
-29760	-35425	-35424
-29758	-32960	-37926
-29750	-32962	-37671
-29743	-31197	-38299
-29742	-32792	-37995
-29737	-35803	-33313
-29734	-35173	-35650
-29729	-34968	-36366
-29725	-34930	-36655
-29709	-34762	-36724
-29701	-33279	-37758
-29694	-35204	-35438
-29676	-35551	-34841
-29676	-34271	-36892
-29664	-34354	-37146
-29662	-35126	-36034
-29648	-35635	-34035
-29646	-35654	-33919
-29645	-35005	-36372
-29644	-33742	-37284
-29631	-35251	-35805
-29620	-34356	-37055
-29619	-33685	-37361
-29616	-35695	-33529
-29594	-34389	-36792
-29593	-34613	-36813
-29587	-35383	-35563
-29584	-34429	-36863
-29576	-35968	-33746
-29557	-36032	-33236
-29550	-33521	-37404
-29536	-33640	-37409
-29532	-35479	-35071
-29477	-35670	-34585
-29472	-33871	-37282
-29455	-32546	-38053
-29437	-33925	-37350
-29435	-34513	-36900
-29416	-31304	-38229
-29414	-35717	-34952
-29386	-34363	-37109
-29381	-35464	-35511
-29365	-33752	-37503
-29290	-34936	-36499
-29281	-33789	-37509
-29272	-32115	-38348
-29254	-34046	-37267
-29249	-32642	-38023
-29244	-36070	-32165
-29240	-35164	-36071
-29240	-33523	-37620
-29231	-35109	-36074
-29215	-35193	-36028
-29204	-35778	-34211
-29197	-33073	-37863
-29196	-35729	-35070
-29187	-34430	-37077
-29153	-36031	-34422
-29134	-36095	-33912
-29124	-35859	-34501
-29123	-34673	-36725
-29112	-34114	-37285
-29106	-33336	-37721
-29065	-32756	-38021
-29032	-33241	-38039
-29031	-34294	-37236
-29025	-35561	-35340
-29018	-33639	-37561
-29014	-35575	-35221
-29006	-36189	-33072
-28992	-35308	-35899
-28987	-36253	-32562
-28981	-35322	-35780
-28981	-32135	-38078
-28935	-36043	-34540
-28925	-35913	-34657
-28867	-34973	-36536
-28856	-34987	-36417
-28836	-35745	-35379
-28814	-36211	-32701
-28807	-35573	-35458
-28802	-36104	-33712
-28781	-35841	-34887
-28727	-32396	-38216
-28707	-35925	-34775
-28678	-33831	-37374
-28669	-34429	-37229
-28638	-32014	-38370
-28608	-34331	-37273
-28588	-35089	-36235
-28587	-35197	-35909
-28578	-34561	-36864
-28561	-33617	-37589
-28442	-36120	-34021
-28330	-33862	-37683
-28323	-33957	-37312
-28313	-36300	-33417
-28293	-36363	-32907
-28224	-36132	-34139
-28218	-33316	-37877
-28190	-35796	-35131
-28084	-36181	-33652
-28006	-33614	-37779
-27959	-32900	-38095
-27766	-31413	-38453
-27753	-36186	-33612
