-786.3934911242603	273.36686390532543	-427.4674556213018
-785.3825503355704	273.6510067114094	-427.87919463087246
-785	275	-428
-770.1306666666667	-138.488	-224.7386666666667
-755.0402588670365	182.10489157841653	-355.3566145570684
-740.5385230338763	9.481163185769958	-329.6013790346757
-738.4062040413829	10.426410956109255	-331.227988744655
-722.5184789683718	-144.58487716901882	-44.25516884647172
-719.3199489585029	-274.8099967153804	127.3391942059001
-719.3199489585029	-185.63679276355725	38.353429495758235
-715.9789473684211	-190.06315789473683	35.19999999999999
-711.1880804633506	-312.2890704040535	60.091225613302896
-710.8745076699834	-268.48924647595356	-18.784929519071312
-703.0225878367869	292.58723190985603	-493.4391925755664
-701.6200141761711	-403.0969564190133	114.25194922353242
-699.780779617236	-356.3916666666666	64.51185276505808
-699.5333333333333	-356.3916666666666	63.1999999999999
-699	296	-494
-698.7196509935677	-397.5171464664701	112.607778545792
-697.75	107.5	-361
-697.647437522468	294.08832460364187	-493.9667558186342
-697.4677716390424	-265.9171270718232	-284.00920810313073
-697.0272373540856	110.56031128404669	-362
-697	108	-363.75
-696.977532194365	296.78995732683796	-494.5146599898534
-696.4249373308166	-313.29357357522696	61.820466256230986
-696.123839009288	-441.2523219814242	5.820433436532511
-696	107.39130434782608	-360.5652173913043
-696	107.75	-362.4921875
-695.6086956521739	107.65217391304347	-362
-695.2864782276547	-441.34912146676857	5.970970206264326
-695	269	-424
-694.2173913043478	107.30434782608697	-360.25
-694.0839443742099	167.00845223044968	-449.34155679971104
-693.004325403427	-439.25702878056893	5.3240725336882235
-692.7920393053637	-439.4076120180225	5.779948830574881
-681.1334661133865	193.69089866927447	-602.0903490759754
-681.1160164271047	191.72892266806565	-595.7049695612687
-681.1160164271047	191.9594455852156	-602.0903490759754
-677	130	-616
-674	-332	-4
-671.5358851674641	-358.3492822966507	-47.9377990430622
-670	-354	-49
-666.9098712446353	-356.0343347639485	-51.16309012875536
-661.4204980842912	-133.38697318007664	-424.40900383141764
-645.4253899716232	-381.35113591436846	-0.9940485326320356
-640.8847407255953	-258.1067507120361	-373.41139881016437
-640.877851938531	-256.67019974840065	-373.9670292365885
-639.8512012760979	-257.12284899444705	-379.46303014105354
-639.5467111534795	-261.77764537654906	-375.1706387035272
-639.5091532376092	-257.13276153774103	-376.4135961869049
-639.201070012479	-257.3706267030525	-377.7257843928707
-639	-259	-377
-638.3619325281132	-260.61266139108704	-383.07330279050393
-638.0879265091863	-504.56167979002623	5.606299212598401
-635.2857142857142	104.78571428571429	-449.07142857142856
-627.0377358490566	-548.811320754717	25.528301886792462
-624.2629068678098	-547.4096754999877	25.528301886792434
-624	-441	-98
-615	15	-475
-610.6800000000001	68.1	-612.8199999999999
-610	69	-613
-609.8473423104182	69.7764705882353	-614
-609.547331639136	70.08163913595934	-614.1229351969505
-605.6769815418024	-414.60510314875137	-324.77719869706846
-605	-415	-321
-604.2844553878053	-415.2187983078931	-323.6857568660847
-604	-309	-446
-604	-308.8901326699834	-446.46019900497515
-603.8571428571429	-309	-446.2673992673993
-603.6666666666666	-309.1428571428571	-445.95238095238096
-600.2054507337526	14.002795248078257	-448.5457721872816
-584.7901744705848	359.1788247930546	-652.3044673563604
-583.728045325779	-6.169971671388112	-491.80453257790373
-583.5284087773833	95.39961741497598	-616.0586707009767
-581.7236966727121	-555.9194973665964	-104.04237869786014
-581.444381430958	-557.3334317338768	-103.64226596150262
-579.5203455231501	-565.8038408782348	-106.69378404232661
-579.5203455231501	-558.3522557281951	-107.05715890979596
-579.1802701203744	-566.4428895366952	-106.47283116856514
-579.1802701203744	-566.4428895366951	-106.47283116856521
-577.9480107118854	49	-553.8223686075746
-577.449677187695	-561.648709211944	-106.74800559329694
-577.3876650428374	-559.6531559979835	-108.35386959524891
-576.1167493680367	53.2106544331055	-563.853852635521
-575.7375	47.837500000000006	-555.525
-575.2771739130435	44.40760869565217	-560.1413043478261
-574.4940328256109	118.15812396958589	-650.8642190998794
-574.0911918743057	118	-651.0980161879066
-573.2040037850754	-449.2216588792789	-137.5508345207719
-573.0244648318043	-23.69724770642202	-467.262996941896
-572.1124744376278	-23.482617586912067	-467.3517382413088
-572	117.66182879697394	-649.5390387303676
-561	-428	-161
-559.7772340039877	-137.74605764002175	-536.0831369705758
-559.4028907820427	-215.3895376663157	-493.4261031875179
-556	-574	325
-545.027275306029	44.830784001396495	-590.0707412337167
-542.5416666666666	46.704166666666666	-590.0875
-540.4334244473209	-589.6437929356974	69.13396114266314
-539.6333092033478	-591.3629887531592	70.59078083420042
-539.3539901638792	-591.2148330241534	70.18224912783094
-539.129311724675	-589.9796291261725	69.95845342256925
-538.6671707385083	-592.0104809632796	67.33774069136541
-538.5891701280632	-586.4342541444283	65.81795554909021
-537.7509993664524	-596.8771846422042	64.17459018648609
-537.7509993664523	-596.8771846422042	64.17459018648606
-537.7509993664523	-596.877184642204	64.17459018648597
-534.5019780219781	11.971208791208824	-638.9971428571428
-532.9545454545455	-231.77272727272728	-552.909090909091
-532	14	-639
-531.9106038991916	-610.585354255825	239.93865905848787
-531.6305384074392	-231.32023130421192	-553.4634680003126
-529.723880597015	-468.0820895522388	-374.8731343283582
-529.1855140835299	-469	-374.12945747190236
-528.5901704495275	-469.0247946657247	-373
-528.1175986842106	-228.66241776315792	-554.875
-520.3491827637445	-453.1277860326894	-377.64933135215455
-516.6	-517	-149.7
-516.1647331786543	-546.2134570765661	-226.4199535962877
-516.089430894309	-545.873532068654	-227.4977416440831
-516	-546	-227
-503.4963503649635	-243.9197080291971	-447.5620437956204
-498.76270602944066	-625	238.689793964858
-497.3759129242793	-629.4464577732341	232.79655045792353
-489.9467084639498	390.75548589341696	-656.7335423197492
-488	-577	-109
-484.2514637146371	-623.2395362398069	110.62345086784202
-481.6674785125572	-48.65047166481355	-577.3268650394451
-480.41824841086503	383.6297977187408	-681.675492191863
-467.280701754386	-530.561403508772	-279.9122807017544
-461.04651162790697	-38.372093023255815	-637.8139534883721
-459.410928281262	-546.7801956556586	-168.71253197423144
-458.9	234.075	-676.15
-458.63861386138615	-548.6287128712871	-173.33168316831683
-454	-419	-408
-453	-313	-533
-452.34367943959205	-605.8359859457436	-66.75809276249846
-451	-244	-624
-450	-379.82001352265047	-442.45665990534144
-449.8544600938967	-379.8779342723004	-442.55868544600935
-444	-425	-439
-440	-512	-308
-439.65155824327155	-94.79319222824299	-684.7692123461965
-435.977291319497	-445.860371676789	-538.4514782757827
-435.977291319497	-445.74180897899805	-538.603574990665
-435.977291319497	-445.26587259506135	-541.4268368429026
-435.977291319497	-323.4935635237863	-568.0856598391596
-435.0309319928279	-445.2658725950614	-541.5257900799504
-432	-323	-569
-429.62542211129056	-657.2055498458377	299.8091322860079
-425.83333333333337	256.0022522522522	-732.650900900901
-415.1932642487046	-488.07168911917097	-401.7133264248705
-413.79057591623035	-527.0602094240837	-348.0863874345549
-413.3911009174312	-526.5190825688073	-349
-412.2631578947369	-525.6480263157895	-350.25
-410.6	-523.85	-350.9
-407.7777777777778	-594.6666666666666	-85.1111111111111
-407.24754049537546	-467.9096411257632	-435.2204222439153
-402.5903560812132	-592.8323283899388	-85.67649435790051
-402.19303010817816	-591.9968341219472	-85.80438323372383
-402.0024276858981	-592.2452142096784	-85.84828858806935
-401.16987387462575	-590.4029251906486	-87.33964134074714
-400.67396098173447	-591.00241749454	-87.08477509538564
-400.10169608492464	-440.1593517751555	-582.394308204227
-399.79476894667533	-441.5024785445078	-582.1093511132638
-399.21469411092056	-440.1538021726701	-589.1114922813036
-398.9513637963199	-440.92299672226153	-585
-398.9157142857143	-550.1757142857143	-458.3228571428571
-398.54260520970035	-441	-588.8120517015118
-398.53194888178916	-549.3466453674122	-460.60063897763575
-397.47755287237527	-441.06775730382395	-589
-396.85345241799007	-547.7926644365325	-461.9048863522953
-396.07155345891204	-441.3120773265596	-586.2605152904695
-396	-546.9783350257676	-462.0792385951253
-395.93678185881424	-547.5256235240763	-462.6845853079228
-395.7066766023934	-547.5402448425928	-462.33858710631034
-394.7403005140829	-441.56935110761844	-585.5323849091928
-394.380596786988	-547.2250438185301	-463.09938694372096
-394.2597150545627	-547.8521044802901	-462.04745957983823
-394.2528735632184	-547.1226053639847	-463.2107279693487
-392	-627	61
-388.20000000000005	-587.5333333333334	-210.06666666666666
-377.56509136735986	-20.377315689981096	-704.5169502205418
-377.56509136735986	-20.377315689981042	-704.516950220542
-375.6904623391755	-20.377315689981096	-704.6054864121085
-374.454556303989	-244.5275750439499	-602.9236452342091
-373.96935616670305	-246.15519720257177	-603.1421514707738
-373.662817502855	-245.4698650749674	-604
-370.90704822761063	-591.3193897454587	-134.56791260608452
-370	-9	-753
-369.33846153846156	-9.430769230769217	-754.6461538461539
-368.7692307692308	-8.73076923076923	-754.7692307692307
-368.27042253521125	-8.52112676056338	-755.2394366197183
-361.5866758338542	-596.3727409438641	-109.16686321304172
-361.15681170641744	-596.877184642204	-108.56746715100618
-354.42894056847547	-588.0981912144703	-254.03423772609818
-353.50706713780914	-587.6634275618375	-255.00000000000003
-353	-149	-657
-352.9277777777778	-592.4083333333333	-210.78333333333333
-352	-591	-211
-350.2846187237737	-657.670235855882	94
-350.22222222222223	-658	93.61111111111111
-350.141592920354	-657.933628318584	93.44469026548673
-345.7142857142857	-595.4285714285714	-374.42857142857144
-344.41999999999996	-593.48	-374.82
-344	-593	-375
-340	-661	253
-339.64597949271456	-612.0766324878575	-200.52995143011333
-339.07527406925	-612.0466189080647	-201.00000000000003
-338.0453120978608	-242.81098511801133	-648.5770820401799
-338.0449409285882	-242.81224521356154	-648.5755890183809
-335.90819578102094	-469.3396453380919	-486.2237110445478
-334	-470	-482
-333.80072366939993	-469.54245314148864	-485.7859208769057
-327.5408163265306	-522.5	-590.8020408163266
-327.5408163265306	-522.1386507265627	-590.809594251902
-327.5408163265306	-522.0593781087028	-590.9691013776264
-327.5408163265306	-464.9480410150812	-594.4617544064993
-327.26259430518377	-522.440983207593	-591
-325.6971736204576	-521.7294751009422	-592
-324.8354580453376	-521.1621700489904	-592.5328794609356
-310	-302	-617
-308.285277059224	-592.1057699115045	-422.289410483322
-305	-55	-686
-299.8648693560418	-274.166296157578	-639.6615231588307
-293.0653752076493	-514.802527108867	-635.8940497835215
-292	-514.8336818517466	-635.8053839338733
-291.99999999999994	-516.604951005673	-637.4467174755983
-291.0564899802297	-518.48963140563	-637.5492174930525
-291.0025494368567	-518.6276248250117	-632.2114862010579
-290.9897340177322	-519.0356127929615	-634.6504199275823
-290.9897340177322	-519.0128373900922	-634.7344039593322
-290.9897340177322	-518.6276248250117	-637.4944003733085
-289.9169889092674	-517.0557438672645	-638.2588963701583
-289.6077831188972	-622.4174169316436	29.38492178653601
-288.8318115905248	-518.6276248250117	-638.3087460598258
-288.81260078363084	-515.941943752721	-638.4564310549993
-288.7759399803024	-520	-637.1925728520944
-286.47600441975385	-517.0973251281422	-638.4789724072311
-285.2391304347826	-517.4565217391305	-638.891304347826
-284.8989566574034	-519.6094430626201	-637.5492174930525
-278.52462110214276	260.0756924684978	-779.1078044248301
-277.8487171684067	257.66776300388597	-785.0291036565382
-264.76190375154965	-663.8139895791971	12.29234928785118
-262.2931633835458	-665.7798377752027	10.259559675550406
-260.49805601251455	-331.97091164151993	-676.2439481253468
-252.2752544752217	-625.8999302296169	-47.11580520855745
-252	-65	-729
-238.675	-631.75	-97.87500000000001
-238	-631	-98
-237.8528363811095	-618.8198805066229	-377.3138423739109
-234.6832374012765	-620	-376.5379091671907
-233.62962962962962	-632.6296296296297	-99.03703703703704
-228.92082625919636	-624.6152235427278	-258.20888511601584
-213.16666666666666	-352.66666666666663	-675
-207.67342614047536	-644.3008808568655	-31.826134878814905
-206.2925672113864	-567.2224565102795	-449.7749077490775
-198.21934065594715	-429.3067758303562	-705.2353793804921
-197.79057591623035	-614.0602094240837	-420.0863874345549
-197.23683168316833	-639.9625082508252	-262.45082508250823
-196.67230546157566	-432.2986950217496	-713.1687207990979
-196.54326171750927	-615.6405148207909	-424.09849822760367
-195.347625244143	-611.7186817673903	-424.6889378338426
-195.2614216825297	-612	-424.35738015882276
-195	-637	-263
-176.44121910365163	171.8541933098416	-788.655473401181
-172.40200012258714	172.26274993500115	-789.3505944062745
-171.7124768253682	172.63155174912671	-789.5926402569202
-167.87179487179486	-670.8333333333334	145.56410256410254
-163	-670	142
-136.67171415293976	-127.66144548033446	-742.5922056922959
-126.91925310372447	163.4151106327593	-757.1077167601121
-126.54713585352457	164.42238809481088	-758
-118.72900827842543	155.1083797938841	-776.1093934786281
-109.88905820404662	-560.1069772823344	-609.0069221995047
-107.0493827160494	-635.5061728395062	-497.69135802469134
-107	-636	-496
-106.89743589743591	-636.0512820512821	-495.94871794871796
-106.54594667749359	-636.2855596156448	-495.4582487481391
-106.52258816671525	-636.3408627222384	-495.55406587000874
-106.20348741228702	-557.4684954739876	-610.090099073835
-99.32419261950116	-639.7274620121384	-317.2464448677624
-96.63762116316639	-78.00333198707591	-749.3870153473345
-96.60130276626342	-81.9570256323492	-751.3448100837493
-96.54120662460568	-80.18000788643533	-751.7653785488959
-95.52556818181822	-83.64772727272728	-751.6875
-94.98507462686564	-84.77611940298507	-752.3432835820896
-94.9047619047619	-81.87301587301587	-753.2063492063492
-94.09354159354157	-84.20164970164973	-753
-81.8172757475083	114.07641196013289	-762.0265780730897
-56.94250845463901	-240.93103955300688	-729.4644905161006
-56.530338849487805	-243.60007880220644	-730.7312844759654
-29.931882704462282	75.8322821177069	-758
-28.527514189731892	-685.0084001141134	-268.4464673095595
-28.057078869317834	-687.3566975364688	-271.4756370679741
-23.24891961547334	-624.6976816982515	-534.2811305623632
-23	-464	-658
-20.496856224675152	-698.5296912114014	-185.5341623585301
-15.680070406726713	-620.4175199097151	-534.9841854801537
-15.604083032548886	-624.6976816982516	-529.3904183344347
-8.643092265279442	-479.48158121445124	-665.4202190149515
-4.810985141249027	-482.1541061020423	-657.8874290206674
-3.203563915801322	-474.4172112610189	-666.711877460324
80.79666930070545	-601.1846655431209	-562.1330935503347
82.19666479902202	-597.118007702215	-562.8852694683762
88.72987413915934	-597.7174958442175	-566.4997328425552
112.97325373134329	-591.920023880597	-613.4165014925373
124.17328147558854	-340.611538348213	-745.3083767936591
124.19385602211686	-340.6407888833651	-745.2995355943301
147.16227018385294	-695.8705035971224	-379.28697042366105
147.16351761138327	-695.1033356659669	-380
150.36220765318456	-692.1260116519414	-381.8258957244972
163.32716049382714	-531.2098765432098	-620.4197530864197
163.32716049382714	-530.594387802483	-620.4964031250547
163.32716049382717	-531.2098765432098	-620.4197530864199
164	-531	-621
253.07744107744108	116.94444444444444	-780.9444444444446
265.87704918032784	-508.688524590164	-650.6967213114754
267.8285714285714	-507.11428571428576	-650.7428571428572
275.9380589599205	-673.7424643921828	-434.6119576018549
