63	399	435
68	330	413
72	447	321
85	512	246
93	263	311
114	151	428
115	333	196
119	180	325
122	395	160
125	153	362
127	444	148
134	162	315
137	136	381
154	109	467
164	308	140
165	383	125
167	269	153
171	219	177
172	162	227
176	100	423
191	183	181
193	143	225
197	208	160
199	266	129
207	457	98
209	152	192
211	143	202
213	490	94
218	161	175
220	91	328
225	97	285
228	95	287
237	138	187
256	104	228
267	313	93
296	95	215
312	399	72
327	184	115
343	55	457
356	78	244
389	87	197
413	53	416
453	348	62
467	96	170
474	152	117
511	509	55
