65	457	415
81	338	343
85	305	355
101	245	354
101	519	213
102	405	228
103	521	209
105	333	254
110	192	560
127	198	338
129	519	168
138	163	397
148	317	180
151	298	184
162	429	142
163	467	137
196	297	140
203	94	481
207	141	265
212	108	356
212	183	198
213	94	425
222	204	170
231	247	137
232	189	175
233	83	458
242	329	107
254	270	116
266	167	174
303	234	110
314	380	80
315	105	230
347	171	130
352	80	281
371	93	217
373	138	154
390	85	226
392	152	133
394	98	197
400	86	217
414	158	125
430	137	138
431	86	207
448	79	227
461	99	177
482	58	423
513	531	61
