53	426	331
59	349	259
63	329	234
65	294	244
72	356	187
78	309	188
85	261	198
86	354	160
87	313	167
90	332	157
101	152	290
107	156	247
108	175	210
110	200	188
111	131	325
120	227	154
121	298	122
126	251	135
127	137	231
127	161	192
129	117	310
140	280	115
143	327	104
147	186	152
160	144	176
163	180	145
166	127	193
166	386	87
166	431	84
170	120	200
172	93	302
184	102	224
191	81	366
215	130	157
236	234	93
254	195	102
265	90	188
291	195	96
297	126	128
309	278	72
361	68	198
363	54	368
374	147	109
388	451	51
392	76	170
