-555.0953930116668	17.608334964455153	-419.48358179602235
-545.8154514091422	-133.47216369169865	-369.66816993758346
-517.8756841413681	-354.6654015719146	-371.6734007259697
-470.2402980696104	-340.1272827697476	-423.1126547017865
-360.4676222967008	-431.9660738222692	-312.46596569151103
-144.62340481027877	-496.58156749859995	-370.51339813013993
-134.52330790425384	-496.75773549243036	-365.2660310743633
156.1515360956421	-482.3466513110421	-389.0170112997945
158.29003131326553	-483.0461773322924	-387.1725696071517
159.74573850439475	-483.13297281281655	-384.01995198784766
189.54236860250236	-744.9888829661409	246.94733165720794
212.4656747130985	-567.768306292046	104.90913599788945
