-697.3146385004462	-156.1328473668551	-467.58687890508776	-227.99940493900624
-687.9732360097323	-518.9221411192215	-518.6496350364964	-421.9318734793187
-685.4427612604113	-523.5497722310574	-523.9798646863798	-425.0406749508073
-684.5223079817599	-529.4017661814581	-519.553163252607	-427.1890638776463
-683.8594140845787	-522.3803918314362	-524.3105144894798	-426.45601381043554
-681.6470588235294	-523.6470588235294	-526.8970588235294	-426.5735294117647
-680.3433528892277	-527.5297101794478	-534.5776850267321	-423.15963106418997
-563.4824000546902	-693.0001992503967	-476.10596356806	-282.82114713842054
-560.465780403742	-706.0220334810438	-478.99199901526345	-286.290866568193
-559.7629828963318	-686.6462417116988	-484.24307442190786	-280.31503269392647
-559.468085106383	-610.6117021276596	-520.0372340425532	-475.54255319148933
-559.2968373430699	-688.9266621913235	-485.17580791648794	-279.20224996657913
-559.292037947973	-696.2306893813748	-480.48872288826743	-282.2399155789007
-557.2835820895523	-438.089552238806	-447.92537313432837	-588.8656716417911
-556.8738259836844	-699.7635501319876	-482.48938177549815	-277.65020018566446
-551.1803523119917	-697.5852829834914	-488.3792501093721	-279.0938184691481
-523.2360778485719	-701.506423180653	-589.7393219147839	68.2697025772468
-518.8712200021714	-706.4634033515395	-587.0707099287281	69.32708996747678
-474.4555329260014	-438.3503054989817	-280.7780040733197	-653.6279701289884
-414.15133617516085	-697.0625875688044	-588.1968716782467	-172.04815245439212
-405.0012845215157	-622.3561335902377	-529.7292870905587	-258.16955684007706
-400.5696434250981	-622.6401738700216	-534.1118139732126	-263.1173127893416
-333.3212099387829	-551.8375945264675	-610.1224342815989	220.9625495138639
-294.2821672411144	-773.4293209808786	-354.65100656407105	141.41906873614192
-257.5734480639213	-535.0331899200984	-610.8377381684081	72.9618930547019
-194.71069379833898	-206.65819991057583	38.359599303633104	-719.146646118135
