-764.691666423762	-289.3139301017285	-652.2519019442096
-580.0480625204659	-388.29264024855155	-494.8071877893327
-577.239399452842	-391.41774008059406	-486.12267531860573
-569.2453138402489	-465.4022380006726	-473.7850521824163
-567.4355623752208	-467.5502148397386	-466.3284061455331
-566.1007450066072	-465.98826261416696	-469.23049713439553
-558.1055178972736	-484.95118234589756	-432.42549965398496
-556.4698269998087	-483.9033829812908	-435.12042658667417
-369.54679309142665	-480.5902908937394	-450.4203003014036
-345.77974852829124	-503.85043043250215	-518.8655967607041
-344.7753388006672	-506.76384509346076	-518.7921395286379
-72.13899425559094	-401.66874437016753	-520.0606773919537
