-1965.1448122015645	34.3176839202911
-1964.9471115223314	30.140626098680258
-1964.6907568710008	25.750004646139814
-1964.427711914036	23.77865385990617
-1963.215289803753	14.692339079602363
-1962.1817739542416	6.946810307529347
-1962.1435579197464	6.660405996577282
-1962.1077351713993	6.391937807967992
-1961.686142100536	3.6582929310642385
-1961.0402345366228	0.7446515699822811
-1960.9241215297752	0.2509469676164855
-1960.9032276947416	0.16389687476242898
-1960.028768459772	-3.4102817327724324
-1959.6749360923982	-4.69728896750604
-1958.830086840288	-7.456819403011565
-1957.9801126228986	-10.12866185548205
-1957.228224989554	-12.269974862816852
-1956.4773738806957	-14.264525470148143
-1954.831949542851	-18.476392353319156
-1952.7229032643588	-21.90429199166836
-1950.154287914781	-25.26172839506168
-1949.9320824615268	-25.552173080720962
-1946.620460229975	-29.594486616530318
-1946.3083676268861	-29.951446720045652
-1944.30292072869	-32.24520352584565
-1943.712783624658	-32.760894146621894
-1943.2906548969502	-33.04698806974835
-1935.1271713284978	-37.95303810932569
-1930.1334247725647	-40.60169678913371
-1927.4976217452784	-41.86362985485903
-1924.2081868375672	-43.037173783315865
-1921.1448122015645	-216.68231607970887
-1920.9471115223314	-220.85937390131977
-1920.6907568710008	-225.24999535386019
-1918.6189304327954	-240.77698634818978
-1918.1077351713993	-244.60806219203204
-1917.686142100536	-247.34170706893576
-1917.0402345366228	-250.2553484300177
-1916.9241215297752	-250.74905303238353
-1916.9032276947416	-250.8361031252375
-1916.028768459772	-254.41028173277243
-1915.6749360923982	-255.69728896750598
-1914.830086840288	-258.45681940301154
-1913.9801126228986	-261.12866185548205
-1913.228224989554	-263.26997486281687
-1912.4773738806957	-265.2645254701481
-1911.5608254948697	-267.6106557079812
-1909.5407586332242	-271.09491609893155
-1908.794104503287	-292.6286771145915
-1908.7525480579377	-293.5066896523211
-1908.4777349474296	-298.5841696423516
-1908.410633908843	-299.20796564965093
-1905.448930124894	-320.3957254599877
-1904.686142100536	-325.34170706893576
-1904.0402345366228	-328.2553484300177
-1903.9241215297752	-328.74905303238353
-1903.9032276947416	-328.8361031252375
-1903.028768459772	-332.41028173277243
-1902.6749360923982	-333.697288967506
-1901.830086840288	-336.45681940301154
-1900.9801126228986	-339.12866185548205
-1900.228224989554	-341.26997486281687
-1899.4773738806957	-343.2645254701481
-1898.5608254948697	-345.6106557079812
-1896.5407586332242	-349.09491609893155
-1894.3133871679684	-352.5840626686477
-1893.0161283031662	-354.2617283950617
-1890.428401857348	-357.608277094998
-1889.620460229975	-358.59448661653033
-1889.3083676268861	-358.9514467200456
-1887.30292072869	-361.2452035258458
-1886.7127836246577	-361.7608941466219
-1886.2906548969502	-362.04698806974835
-1878.1271713284978	-366.9530381093257
-1873.6636430747594	-369.32047160227825
-1873.0542061780263	-369.62380660401027
-1869.727811040489	-371.07627764954174
-1868.5104814834513	-371.57256511416233
-1867.2081868375672	-372.0371737833159
-1864.2974714531558	-373.02394306358553
-1861.5390891612276	-373.93313733624063
-1860.794104503287	-418.6286771145915
-1860.7525480579377	-419.5066896523211
-1860.4777349474296	-424.5841696423516
-1860.410633908843	-425.20796564965093
-1857.448930124894	-446.3957254599877
-1856.686142100536	-451.34170706893576
-1855.9032276947416	-454.8361031252375
-1854.6749360923982	-459.697288967506
-1852.9801126228986	-465.12866185548205
-1852.228224989554	-467.26997486281687
-1851.4773738806957	-469.2645254701481
-1850.5608254948697	-471.6106557079812
-1848.5407586332242	-475.09491609893155
-1846.3133871679684	-478.5840626686477
-1842.0128460060305	-484.1456901187842
-1839.30292072869	-487.2452035258457
-1838.2906548969502	-488.0469880697483
-1835.794104503287	-545.6286771145915
-1835.7525480579377	-546.506689652321
-1835.4777349474296	-551.5841696423515
-1835.410633908843	-552.207965649651
-1833.14156716951	-568.4406629663666
-1831.4516462571726	-578.0406341291696
-1831.4222923152413	-578.1960078826916
-1831.0127878966032	-580.0472560272574
-1830.1469163561242	-583.1983621592444
-1829.4360071154215	-585.5818871565103
-1829.0039337904204	-587.0187275556652
-1828.7583761665587	-587.7273769425633
-1827.7719420232238	-590.3758355721038
-1826.4321683172498	-593.8785188166892
-1823.194705148216	-602.2632502012204
-1822.90133268923	-602.8808992889653
-1822.5471099385004	-603.4969737615824
-1821.3539745415821	-605.5204350632573
-1821.3516934134968	-605.5240564652509
-1821.3133871679684	-605.5840626686477
-1820.0161283031662	-607.2617283950617
-1817.0128460060305	-611.1456901187842
-1816.3083676268861	-611.9514467200456
-1814.30292072869	-614.2452035258459
-1813.7127836246577	-614.7608941466219
-1813.2906548969502	-615.0469880697483
-1805.1271713284978	-619.9530381093257
-1804.0039337904204	-644.0187275556652
-1791.3083676268861	-664.2617283950616
-1789.30292072869	-671.2452035258457
-1762.794104503287	-728.6286771145915
-1762.7525480579377	-729.5066896523211
-1762.4777349474296	-734.5841696423515
-1762.410633908843	-735.2079656496509
-1760.14156716951	-751.4406629663666
-1758.4516462571726	-761.0406341291695
-1758.4222923152413	-761.1960078826916
-1758.0127878966032	-763.0472560272574
-1757.1469163561242	-766.1983621592444
-1756.4360071154215	-768.5818871565103
-1756.0039337904204	-770.0187275556652
-1755.7583761665587	-770.7273769425633
-1754.7719420232238	-773.3758355721038
-1753.4321683172498	-776.8785188166892
-1750.194705148216	-785.2632502012204
-1749.90133268923	-785.8808992889653
-1749.5471099385004	-786.4969737615824
-1748.3539745415821	-788.5204350632573
-1748.3516934134968	-788.5240564652509
-1748.3133871679684	-788.5840626686477
-1747.0161283031662	-790.2617283950617
-1744.0128460060305	-794.1456901187842
-1743.3083676268861	-794.9514467200456
-1741.30292072869	-797.2452035258459
-1740.7127836246577	-797.7608941466218
-1740.2906548969502	-798.0469880697483
-1732.1271713284978	-802.9530381093257
-1727.6636430747594	-805.3204716022782
-1727.0542061780263	-805.6238066040103
-1723.727811040489	-807.0762776495418
-1722.7394090516564	-807.4792346912301
-1722.6373450324354	-807.5180794343648
-1720.1193635013815	-808.3225614891295
-1717.0587848774876	-809.2741220825744
-1714.4485947379612	-809.9728072848701
-1709.95697093129	-811.0627125282815
-1707.3832137966251	-811.6426583726677
-1705.7168583128337	-811.9004392883054
-1698.7941045032871	-812.7463173774121
-1698.794104503287	-873.6286771145915
-1698.7525480579377	-874.506689652321
-1698.4777349474296	-879.5841696423515
-1698.410633908843	-880.2079656496509
-1696.14156716951	-896.4406629663666
-1694.4516462571726	-906.0406341291695
-1694.4222923152413	-906.1960078826916
-1694.0127878966032	-908.0472560272574
-1693.1469163561242	-911.1983621592443
-1692.4360071154215	-913.5818871565103
-1692.0039337904204	-915.0187275556652
-1691.7583761665587	-915.7273769425633
-1690.7719420232238	-918.3758355721038
-1689.4321683172498	-921.8785188166892
-1689.2009158489022	-922.4774414075782
-1687.0617199322644	-928.0177617767657
-1686.194705148216	-930.2632502012204
-1685.90133268923	-930.8808992889653
-1685.5471099385004	-931.4969737615824
-1684.3539745415821	-933.5204350632573
-1684.3516934134968	-933.5240564652509
-1684.3133871679684	-933.5840626686477
-1683.0161283031662	-935.2617283950617
-1680.0128460060305	-939.1456901187842
-1679.3083676268861	-939.9514467200456
-1677.30292072869	-942.2452035258458
-1676.7127836246577	-942.7608941466218
-1676.2906548969502	-943.0469880697483
-1668.1271713284978	-947.9530381093257
-1663.6636430747594	-950.3204716022782
-1663.0542061780263	-950.6238066040103
-1659.727811040489	-952.0762776495418
-1658.7394090516564	-952.4792346912301
-1658.6373450324354	-952.5180794343648
-1656.1193635013815	-953.3225614891295
-1653.0587848774876	-954.2741220825744
-1650.4485947379612	-954.9728072848701
-1645.95697093129	-956.0627125282815
-1643.3832137966251	-956.6426583726677
-1641.7168583128337	-956.9004392883054
-1620.7979568163835	-959.4564799783016
-1618.3133871679684	-963.5840626686477
-1613.3083676268861	-976.2617283950617
-1612.3133871679684	-977.5840626686477
-1608.3133871679684	-978.5840626686477
-1607.3133871679684	-1045.5840626686477
-1602.3083676268861	-1047.2617283950617
-1599.2906548969502	-1055.0469880697483
-1591.1271713284978	-1059.9530381093257
-1586.0542061780263	-1062.6238066040103
-1581.4702726384035	-1068.7827827381525
-1580.6225326006074	-1073.7019919183133
-1579.7074765789848	-1077.480112659503
-1575.4321683172498	-1088.8785188166892
-1571.90133268923	-1097.8808992889653
-1570.3133871679684	-1100.5840626686477
-1565.3083676268861	-1102.2617283950617
-1563.30292072869	-1109.2452035258457
-1562.2906548969502	-1110.0469880697483
-1557.7247341439402	-1120.3838617428974
-1557.6758610692661	-1121.4164614265494
-1557.4814995188494	-1125.0075087432035
-1557.4522448480582	-1125.5085575226828
-1557.1183153370011	-1128.0111419164868
-1555.1191034847707	-1142.3133218862076
-1553.226511964594	-1153.0646084606378
-1553.205196369514	-1153.1774343299494
-1553.0127878966032	-1154.0472560272574
-1552.1469163561242	-1157.1983621592444
-1551.4360071154215	-1159.5818871565102
-1551.0039337904204	-1161.0187275556652
-1550.7583761665587	-1161.7273769425633
-1549.7719420232238	-1164.3758355721038
-1548.4321683172498	-1167.8785188166892
-1545.194705148216	-1176.2632502012204
-1544.90133268923	-1176.8808992889653
-1544.5471099385004	-1177.4969737615825
-1543.3539745415821	-1179.5204350632573
-1543.3516934134968	-1179.5240564652509
-1543.3133871679684	-1179.5840626686477
-1542.0161283031662	-1181.2617283950617
-1539.0128460060303	-1185.1456901187842
-1538.3083676268861	-1185.9514467200456
-1536.30292072869	-1188.2452035258457
-1535.7127836246577	-1188.760894146622
-1535.2906548969502	-1189.0469880697483
-1529.3377203855948	-1192.6245532537955
-1527.1271713284978	-1193.9530381093257
-1522.6636430747594	-1196.3204716022783
-1522.0542061780263	-1196.6238066040105
-1518.8964819309467	-1198.002627474357
-1518.727811040489	-1198.0762776495417
-1518.1426902535163	-1198.3148228406812
-1517.5882330397153	-1201.7261052389545
-1516.953908527348	-1205.57008616037
-1516.8433378076716	-1206.1809625944675
-1516.4068076646142	-1208.5926858603334
-1515.7074765789848	-1211.480112659503
-1514.4713468984396	-1214.813135124984
-1512.7719420232238	-1219.3758355721038
-1511.4321683172498	-1222.8785188166892
-1508.194705148216	-1231.2632502012204
-1507.90133268923	-1231.8808992889653
-1507.5471099385004	-1232.4969737615825
-1506.3539745415821	-1234.5204350632573
-1506.3516934134968	-1234.5240564652509
-1506.3133871679684	-1234.5840626686477
-1502.0128460060305	-1240.1456901187842
-1499.30292072869	-1243.2452035258457
-1498.7127836246577	-1243.760894146622
-1498.2906548969502	-1244.0469880697483
-1490.1271713284978	-1248.9530381093257
-1485.6636430747594	-1251.3204716022783
-1485.0542061780263	-1251.6238066040105
-1481.727811040489	-1253.0762776495417
-1480.7394090516564	-1253.47923469123
-1480.6373450324354	-1253.5180794343648
-1478.1193635013815	-1254.3225614891296
-1475.0587848774876	-1255.2741220825744
-1472.4485947379612	-1255.9728072848702
-1467.95697093129	-1257.0627125282815
-1467.0393344506715	-1257.2694839662017
-1465.3832137966251	-1257.6426583726677
-1463.7168583128337	-1257.9004392883053
-1445.0299698674348	-1260.4509997441965
-1444.6225326006074	-1262.701991918313
-1444.2634796995706	-1286.460566498953
-1444.2595363215585	-1286.5180300768739
-1444.1769263920241	-1287.5706218792075
-1443.8702288594916	-1290.2664963079262
-1443.6094010874103	-1292.2823303590496
-1441.8964819309467	-1304.6245532537955
-1441.1426902535163	-1310.0171104348954
-1440.5882330397153	-1313.7261052389545
-1439.953908527348	-1317.57008616037
-1439.4068076646142	-1320.5926858603334
-1438.7074765789848	-1323.480112659503
-1437.4713468984396	-1326.813135124984
-1435.7719420232238	-1331.3758355721038
-1434.4321683172498	-1334.8785188166892
-1431.1947051482161	-1343.2632502012198
-1431.194705148216	-1343.2632502012204
-1430.90133268923	-1343.8808992889653
-1430.5471099385004	-1344.4969737615825
-1429.3539745415821	-1346.5204350632573
-1429.3516934134968	-1346.5240564652509
-1429.3133871679684	-1346.5840626686477
-1428.0161283031662	-1348.2617283950617
-1425.0128460060305	-1352.1456901187842
-1424.3083676268861	-1352.9514467200456
-1422.30292072869	-1355.2452035258457
-1421.7127836246577	-1355.760894146622
-1421.2906548969502	-1356.0469880697483
-1413.1271713284978	-1360.9530381093257
-1408.6636430747594	-1363.3204716022783
-1408.3821753951638	-1363.460566498953
-1408.0542061780263	-1363.6238066040105
-1404.727811040489	-1365.0762776495417
-1403.7394090516564	-1365.47923469123
-1403.6373450324354	-1365.5180794343648
-1401.1193635013815	-1366.3225614891296
-1398.0587848774876	-1367.2741220825744
-1395.4485947379612	-1367.9728072848702
-1390.95697093129	-1369.0627125282815
-1388.3832137966251	-1369.6426583726677
-1386.7168583128337	-1369.9004392883053
-1385.2634796995706	-1370.0780248500569
-1382.8964819309467	-1381.6245532537955
-1382.1426902535163	-1387.0171104348954
-1381.5882330397153	-1390.7261052389545
-1380.953908527348	-1394.57008616037
-1380.4068076646142	-1397.5926858603334
-1379.7074765789848	-1400.480112659503
-1378.4713468984396	-1403.813135124984
-1376.7719420232238	-1408.3758355721038
-1375.4321683172498	-1411.8785188166892
-1372.1947051482161	-1420.2632502012198
-1372.194705148216	-1420.2632502012204
-1371.90133268923	-1420.8808992889653
-1371.5471099385004	-1421.4969737615825
-1370.3539745415821	-1423.5204350632573
-1370.3133871679684	-1423.5840626686477
-1369.0161283031662	-1425.2617283950617
-1366.0128460060303	-1429.1456901187844
-1365.3083676268861	-1429.9514467200456
-1363.30292072869	-1432.2452035258457
-1362.7127836246577	-1432.760894146622
-1362.2906548969502	-1433.0469880697483
-1354.1271713284978	-1437.9530381093257
-1349.6636430747594	-1440.3204716022783
-1349.0542061780263	-1440.6238066040105
-1345.727811040489	-1442.076277649542
-1344.7394090516564	-1442.47923469123
-1344.6373450324354	-1442.5180794343648
-1342.1193635013815	-1443.3225614891296
-1339.0587848774876	-1444.2741220825744
-1336.4485947379612	-1444.9728072848702
-1331.95697093129	-1446.0627125282815
-1329.3832137966251	-1446.6426583726677
-1327.7168583128337	-1446.9004392883053
-1320.8964819309467	-1448.6245532537955
-1320.1426902535163	-1454.0171104348954
-1319.5882330397153	-1457.7261052389545
-1318.953908527348	-1461.57008616037
-1318.4068076646142	-1464.5926858603334
-1317.7074765789848	-1467.480112659503
-1316.4713468984396	-1470.813135124984
-1314.7719420232238	-1475.3758355721038
-1313.4321683172498	-1478.8785188166892
-1310.194705148216	-1487.2632502012207
-1309.90133268923	-1487.8808992889653
-1309.5471099385004	-1488.4969737615825
-1308.3539745415821	-1490.5204350632573
-1308.3133871679684	-1490.5840626686477
-1307.0161283031662	-1492.2617283950617
-1304.0128460060303	-1496.1456901187842
-1303.3083676268861	-1496.9514467200456
-1301.30292072869	-1499.2452035258457
-1300.7127836246577	-1499.760894146622
-1300.2906548969502	-1500.0469880697483
-1292.1271713284978	-1504.9530381093257
-1287.6636430747594	-1507.3204716022783
-1287.0542061780263	-1507.6238066040105
-1283.7278110404893	-1509.0762776495417
-1282.7394090516564	-1509.47923469123
-1282.6373450324354	-1509.5180794343648
-1280.1193635013815	-1510.3225614891296
-1277.0587848774876	-1511.2741220825744
-1274.4485947379612	-1511.9728072848702
-1269.95697093129	-1513.0627125282815
-1267.3832137966251	-1513.642658372668
-1265.7168583128341	-1513.9004392883053
-1247.7719420232238	-1516.0930943960605
-1246.4321683172498	-1518.8785188166892
-1243.194705148216	-1527.2632502012204
-1242.90133268923	-1527.8808992889653
-1242.5471099385004	-1528.4969737615825
-1241.3539745415821	-1530.5204350632573
-1241.3516934134968	-1530.5240564652509
-1241.3133871679684	-1530.5840626686477
-1237.01284600603	-1536.1456901187842
-1234.30292072869	-1539.2452035258457
-1233.7127836246577	-1539.760894146622
-1233.2906548969502	-1540.0469880697483
-1232.0393344506715	-1540.7990004519027
-1225.30292072869	-1544.2452035258457
-1225.1271713284978	-1544.9530381093257
-1224.2906548969502	-1545.0469880697483
-1220.0542061780263	-1547.6238066040105
-1216.1271713284975	-1549.9530381093257
-1211.0542061780263	-1552.6238066040105
-1201.0587848774878	-1556.2741220825744
-1198.4485947379612	-1556.9728072848702
-1193.95697093129	-1558.0627125282815
-1189.7168583128337	-1558.9004392883053
-1187.3908506832345	-1559.072873326785
-1187.2442176686682	-1560.913613414395
-1185.8964819309467	-1570.6245532537955
-1185.1426902535163	-1576.0171104348954
-1184.5882330397153	-1579.7261052389545
-1183.953908527348	-1583.57008616037
-1183.4068076646142	-1586.5926858603334
-1182.7074765789848	-1589.480112659503
-1181.4713468984396	-1592.813135124984
-1179.7719420232238	-1597.3758355721038
-1178.4321683172498	-1600.8785188166892
-1175.194705148216	-1609.2632502012207
-1174.90133268923	-1609.8808992889653
-1174.5471099385004	-1610.4969737615825
-1173.3539745415821	-1612.5204350632573
-1173.3516934134968	-1612.5240564652509
-1173.3133871679684	-1612.5840626686477
-1172.0161283031662	-1614.2617283950617
-1169.0128460060303	-1618.1456901187844
-1168.3083676268861	-1618.9514467200456
-1166.30292072869	-1621.2452035258457
-1165.7127836246577	-1621.760894146622
-1165.2906548969502	-1622.0469880697483
-1157.1271713284975	-1626.953038109326
-1152.6636430747594	-1629.3204716022783
-1152.0542061780263	-1629.6238066040105
-1148.727811040489	-1631.076277649542
-1147.7394090516564	-1631.47923469123
-1147.6373450324354	-1631.5180794343648
-1145.1193635013815	-1632.3225614891296
-1142.0587848774878	-1633.2741220825744
-1139.4485947379612	-1633.9728072848702
-1134.95697093129	-1635.0627125282815
-1132.3832137966251	-1635.642658372668
-1130.7168583128341	-1635.9004392883053
-1109.7979568163835	-1638.4564799783016
-1106.3133871679684	-1652.5840626686477
-1101.3083676268861	-1654.2617283950617
-1099.30292072869	-1661.2452035258457
-1098.2906548969502	-1662.0469880697483
-1090.1271713284975	-1666.9530381093257
-1085.0542061780263	-1669.6238066040105
-1075.0587848774878	-1673.2741220825744
-1072.4485947379612	-1673.9728072848702
-1067.95697093129	-1675.0627125282815
-1063.7168583128337	-1675.9004392883053
-1056.8964819309467	-1677.6245532537955
-1056.1426902535163	-1683.0171104348954
-1055.5882330397153	-1686.7261052389545
-1054.953908527348	-1690.57008616037
-1054.4068076646142	-1693.5926858603334
-1053.7074765789848	-1696.480112659503
-1052.4713468984396	-1699.813135124984
-1052.3133871679684	-1702.5840626686477
-1050.7719420232238	-1704.3758355721038
-1049.4321683172498	-1707.8785188166892
-1046.194705148216	-1716.2632502012207
-1045.90133268923	-1716.8808992889653
-1045.5471099385004	-1717.4969737615825
-1044.3539745415821	-1719.5204350632573
-1044.3516934134968	-1719.5240564652509
-1044.3133871679684	-1719.5840626686477
-1043.0161283031662	-1721.2617283950617
-1040.0128460060303	-1725.1456901187842
-1039.3083676268861	-1725.9514467200456
-1037.30292072869	-1728.2452035258457
-1036.7127836246577	-1728.760894146622
-1036.2906548969502	-1729.0469880697483
-1028.1271713284978	-1733.9530381093257
-1023.6636430747593	-1736.3204716022783
-1023.0542061780263	-1736.6238066040105
-1019.7278110404893	-1738.0762776495417
-1018.7394090516564	-1738.47923469123
-1018.6373450324355	-1738.5180794343648
-1016.1193635013815	-1739.3225614891296
-1013.0587848774878	-1740.2741220825744
-1010.4485947379612	-1740.9728072848702
-1005.95697093129	-1742.0627125282815
-1003.3832137966251	-1742.642658372668
-1001.7168583128341	-1742.9004392883053
-980.7979568163835	-1745.4564799783016
-977.2906548969502	-1752.0469880697483
-969.1271713284976	-1756.9530381093257
-964.0542061780263	-1759.6238066040105
-936.1947051482159	-1762.2632502012207
-935.9013326892301	-1762.8808992889653
-935.5471099385005	-1763.4969737615825
-934.3539745415821	-1765.5204350632573
-934.351693413497	-1765.5240564652509
-934.3133871679684	-1765.5840626686477
-930.0128460060303	-1771.1456901187842
-927.30292072869	-1774.2452035258457
-926.7127836246577	-1774.760894146622
-926.2906548969502	-1775.0469880697483
-918.1271713284976	-1779.9530381093257
-913.6636430747593	-1782.3204716022783
-913.0542061780263	-1782.6238066040105
-909.7278110404893	-1784.0762776495417
-908.7394090516564	-1784.47923469123
-908.6373450324355	-1784.5180794343648
-906.1193635013815	-1785.3225614891296
-903.0587848774878	-1786.2741220825744
-900.4485947379612	-1786.9728072848702
-895.95697093129	-1788.0627125282815
-893.3832137966251	-1788.642658372668
-891.7168583128337	-1788.9004392883053
-870.7979568163835	-1791.4564799783016
-867.2906548969502	-1798.0469880697483
-859.1271713284976	-1802.9530381093257
-854.0542061780263	-1805.6238066040105
-841.7719420232238	-1807.3758355721038
-840.4321683172498	-1810.8785188166894
-837.1947051482159	-1819.2632502012204
-836.9013326892301	-1819.8808992889653
-836.5471099385005	-1820.4969737615825
-835.3539745415821	-1822.5204350632573
-835.3133871679684	-1822.5840626686477
-831.0128460060303	-1828.1456901187842
-828.30292072869	-1831.2452035258457
-827.2906548969502	-1832.0469880697483
-822.7074765789848	-1832.480112659503
-821.4713468984395	-1835.813135124984
-819.7719420232238	-1840.3758355721038
-818.4321683172498	-1843.8785188166894
-815.1947051482159	-1852.2632502012204
-814.9013326892301	-1852.8808992889653
-814.5471099385005	-1853.4969737615825
-813.3539745415821	-1855.5204350632573
-813.351693413497	-1855.5240564652509
-813.3133871679684	-1855.5840626686477
-812.0161283031663	-1857.2617283950617
-809.0128460060303	-1861.1456901187842
-808.3083676268861	-1861.9514467200456
-806.3029207286901	-1864.2452035258457
-805.7127836246577	-1864.760894146622
-805.2906548969502	-1865.0469880697483
-797.1271713284976	-1869.9530381093255
-792.6636430747593	-1872.320471602278
-792.0542061780263	-1872.6238066040103
-788.7278110404893	-1874.0762776495417
-787.7394090516564	-1874.47923469123
-787.6373450324355	-1874.5180794343648
-785.1193635013815	-1875.3225614891296
-782.0587848774878	-1876.2741220825744
-779.4485947379612	-1876.9728072848702
-774.95697093129	-1878.0627125282815
-772.3832137966251	-1878.6426583726677
-770.7168583128341	-1878.9004392883053
-749.7979568163835	-1881.4564799783016
-744.7906453147482	-1881.883073255455
-737.0393344506714	-1882.1809625944675
-709.1271713284976	-1882.9530381093255
-704.6636430747594	-1885.320471602278
-704.0542061780263	-1885.6238066040103
-700.7278110404893	-1887.0762776495417
-699.6373450324355	-1887.5180794343648
-694.0587848774878	-1889.2741220825744
-691.4485947379612	-1889.9728072848702
-691.266016404141	-1890.0171104348951
-686.95697093129	-1891.0627125282815
-684.3832137966251	-1891.6426583726677
-682.7168583128341	-1891.9004392883053
-661.7979568163835	-1894.4564799783016
-656.7906453147482	-1894.883073255455
-649.0393344506714	-1895.1809625944675
-594.953908527348	-1897.57008616037
-594.4068076646142	-1900.5926858603334
-593.7074765789848	-1903.480112659503
-592.4713468984395	-1906.813135124984
-590.7719420232238	-1911.3758355721038
-589.4321683172498	-1914.8785188166894
-586.1947051482159	-1923.2632502012204
-585.9013326892301	-1923.8808992889653
-585.5471099385005	-1924.4969737615825
-584.3539745415821	-1926.5204350632573
-584.351693413497	-1926.5240564652509
-584.3133871679684	-1926.5840626686477
-583.0161283031663	-1928.2617283950617
-580.0128460060303	-1932.1456901187842
-579.3083676268861	-1932.9514467200456
-577.3029207286901	-1935.2452035258457
-576.7127836246577	-1935.760894146622
-576.2906548969501	-1936.0469880697483
-568.1271713284976	-1940.9530381093255
-563.6636430747594	-1943.320471602278
-563.0542061780263	-1943.6238066040103
-559.7278110404892	-1945.0762776495417
-558.7394090516564	-1945.47923469123
-558.6373450324355	-1945.5180794343648
-556.1193635013815	-1946.3225614891296
-553.0587848774878	-1947.2741220825744
-550.4485947379612	-1947.9728072848702
-545.95697093129	-1949.0627125282815
-543.3832137966251	-1949.6426583726677
-541.7168583128341	-1949.9004392883053
-520.7979568163835	-1952.4564799783016
-515.7906453147482	-1952.883073255455
-508.0393344506714	-1953.1809625944675
-399.79795681638336	-1954.4564799783016
-394.7906453147482	-1954.883073255455
-387.0393344506714	-1955.1809625944675
-385.12717132849764	-1957.9530381093255
-380.05420617802633	-1960.6238066040103
-370.05878487748777	-1964.2741220825744
-362.95697093129	-1966.0627125282815
-358.71685831283366	-1966.9004392883053
-337.79795681638336	-1969.4564799783016
-332.7906453147482	-1969.883073255455
-279.12717132849764	-1973.9530381093255
-274.6636430747594	-1976.320471602278
-274.05420617802633	-1976.6238066040103
-270.7278110404892	-1978.0762776495417
-269.73940905165637	-1978.47923469123
-269.6373450324355	-1978.5180794343648
-267.1193635013815	-1979.3225614891296
-264.05878487748777	-1980.2741220825744
-261.4485947379613	-1980.9728072848702
-256.95697093129	-1982.0627125282815
-254.38321379662514	-1982.6426583726677
-252.71685831283406	-1982.9004392883053
-231.79795681638342	-1985.4564799783016
-226.7906453147482	-1985.883073255455
-219.0393344506714	-1986.1809625944675
-110.79795681638339	-1987.4564799783016
-105.79064531474819	-1987.883073255455
-98.03933445067139	-1988.1809625944675
