932608.4800000025	882275.7599999744
933197.1234190945	876971.7599999976
933197.1234190946	876971.7599999973
933197.1234190947	876971.7599999967
933197.1234190948	876971.7599999958
933197.123419095	876971.7599999954
933197.1234190951	876971.7599999945
933197.1234190952	876971.759999994
933197.1234190953	876971.759999993
933197.1234190954	876971.7599999924
933197.1234190955	876971.7599999916
933197.1234190956	876971.7599999909
933197.1234190958	876971.7599999899
933197.1234190959	876971.7599999894
933197.123419096	876971.7599999887
933197.1234190961	876971.7599999879
933197.1234190962	876971.7599999872
933197.1234190963	876971.7599999866
933197.1234190965	876971.7599999856
933197.1234190966	876971.7599999851
933197.1234190967	876971.759999984
933197.1234190968	876971.7599999838
933197.1234190969	876971.7599999828
933197.123419097	876971.7599999823
933197.1234190972	876971.7599999812
933197.1234190973	876971.7599999809
933197.1234190974	876971.75999998
933197.1234190975	876971.7599999795
933197.1234190976	876971.7599999785
933197.1234190977	876971.7599999778
933197.1234190979	876971.7599999771
933197.123419098	876971.7599999765
933197.1234190981	876971.7599999756
933197.1234190982	876971.759999975
933197.1234190983	876971.759999974
933197.1234190984	876971.7599999735
933197.1234190986	876971.7599999725
933197.1234190987	876971.7599999721
933197.1234190988	876971.7599999707
933197.123419099	876971.7599999696
933197.1234190991	876971.7599999693
933197.1234190993	876971.759999968
933197.1234190994	876971.7599999675
933197.1234190995	876971.7599999667
933197.1234190996	876971.7599999661
933197.1234190997	876971.7599999653
933197.1234190998	876971.7599999646
933197.1234191	876971.7599999636
933197.1234191001	876971.7599999631
933197.1234191002	876971.7599999624
933197.1234191003	876971.7599999618
933197.1234191004	876971.759999961
933197.1234191005	876971.7599999605
933197.1234191007	876971.7599999595
933197.1234191008	876971.759999959
934192.5800000002	870737.8954194397
934192.5800000003	870737.8954194387
934192.5800000004	870737.895419438
934192.5800000005	870737.8954194373
934192.5800000007	870737.8954194365
934192.5800000008	870737.8954194355
934192.5800000009	870737.8954194352
934192.580000001	870737.8954194344
934192.5800000011	870737.8954194338
934192.5800000012	870737.8954194303
934192.5800000017	870737.8954194301
934192.5800000018	870737.8954194294
934192.5800000019	870737.8954194285
934192.580000002	870737.8954194278
934192.5800000022	870737.895419427
934192.5800000023	870737.8954194263
934192.5800000024	870737.8954194257
934192.5800000025	870737.8954194249
934192.5800000026	870737.8954194242
934192.5800000028	870737.8954194234
934192.5800000029	870737.8954194228
934192.580000003	870737.895419422
934192.5800000031	870737.8954194211
934192.5800000032	870737.8954194206
934192.5800000033	870737.8954194199
934192.5800000035	870737.895419419
934192.5800000036	870737.8954194182
934192.5800000037	870737.8954194175
934192.5800000038	870737.895419417
934192.5800000039	870737.8954194163
934192.580000004	870737.8954194154
934192.5800000041	870737.8954194146
934192.5800000043	870737.895419414
934192.5800000044	870737.8954194135
934192.5800000045	870737.8954194123
934192.5800000046	870737.8954194121
934192.5800000047	870737.8954194111
934192.5800000048	870737.8954194105
934192.580000005	870737.895419409
934192.5800000052	870737.8954194081
934192.5800000053	870737.8954194074
934192.5800000054	870737.8954194067
934192.5800000055	870737.8954194061
934192.5800000057	870737.8954194043
934192.5800000059	870737.8954194038
934192.580000006	870737.8954194032
934192.5800000061	870737.8954194024
934192.5800000062	870737.8954194017
934192.5800000064	870737.8954194009
934192.5800000065	870737.8954194003
934192.5800000066	870737.8954193995
934538.4799999993	868571.7599999991
934644.7	868450.1399999999
935144.8262419824	867885.7600000002
935144.8262419825	867885.76
935146.3799999999	867884.0066227999
935146.3800000001	867884.0066227997
935252.5999999875	867764.139999985
935252.6000000202	867764.1399999848
935404.5741781758	867650.2778739796
935404.5741781779	867650.2778739659
935422.7562867622	867636.6554707414
935462.1087943864	867403.840000001
935462.1087943865	867403.8399999999
935462.1087943866	867403.8399999995
935462.1087943867	867403.8399999985
935462.1087943868	867403.8399999979
935462.108794387	867403.8399999972
935462.1087943871	867403.8399999965
935462.1087943872	867403.8399999954
935462.1087943873	867403.8399999952
935462.1087943874	867403.8399999944
935462.1087943875	867403.8399999907
935462.108794389	867403.8399999847
935462.1087943891	867403.8399999841
935462.1087943892	867403.8399999834
935462.1087943894	867403.8399999819
935462.1087943895	867403.8399999805
935462.1087943896	867403.8399999804
935462.1087943898	867403.83999998
935462.10879439	867403.839999978
935462.1087943901	867403.8399999775
935462.1087943902	867403.839999977
935462.1087943903	867403.8399999761
935462.1087943905	867403.8399999752
935462.1087943906	867403.839999974
935462.1087943908	867403.8399999732
935462.1087943909	867403.8399999723
935462.108794391	867403.8399999717
935462.1087943912	867403.839999971
935462.1087943913	867403.8399999705
935733.499999981	865704.3022637669
935733.4999999811	865704.3022637565
935733.4999999863	865704.3022637089
935733.5	865704.302263648
935733.5000000001	865704.3022636474
935733.5000000002	865704.3022636466
935733.5000000003	865704.3022636459
935733.5000000005	865704.302263645
935733.5000000006	865704.3022636445
935733.5000000007	865704.3022636435
935733.5000000008	865704.3022636431
935733.5000000009	865704.3022636421
935733.500000001	865704.3022636416
935733.5000000012	865704.3022636407
935733.5000000013	865704.3022636401
935733.5000000014	865704.3022636392
935733.5000000015	865704.3022636386
935733.5000000016	865704.3022636379
935733.5000000017	865704.3022636371
935733.5000000019	865704.3022636363
935733.500000002	865704.3022636357
935733.5000000021	865704.3022636347
935733.5000000022	865704.3022636342
935733.5000000023	865704.3022636333
935733.5000000024	865704.3022636329
935733.5000000026	865704.302263632
935733.5000000027	865704.3022636314
935733.5000000028	865704.3022636304
935733.5000000029	865704.3022636299
935733.500000003	865704.3022636289
935733.5000000031	865704.3022636285
935733.5000000033	865704.3022636275
935733.5000000034	865704.302263627
935733.5000000035	865704.3022636261
935733.5000000036	865704.3022636254
935733.5000000037	865704.3022636247
935733.5000000038	865704.302263624
935733.500000004	865704.3022636231
935733.5000000041	865704.3022636226
935733.5000000042	865704.3022636216
935733.5000000043	865704.3022636211
935733.5000000044	865704.3022636202
935733.5000000045	865704.3022636197
935733.5000000047	865704.3022636187
935733.5000000048	865704.3022636182
935733.5000000049	865704.3022636173
935733.500000005	865704.3022636168
935733.5000000051	865704.3022636158
935733.5000000052	865704.3022636153
935733.5000000054	865704.3022636146
935733.5000000055	865704.3022636139
935733.5000000056	865704.302263613
935733.5000000057	865704.3022636124
935733.5000000058	865704.3022636115
935733.5000000059	865704.3022636109
935733.500000006	865704.3022636102
935733.5000000062	865704.3022636096
935733.5000000063	865704.3022636086
935733.5000000064	865704.3022636081
935733.5000000065	865704.302263607
935733.5000000066	865704.3022636066
935733.5000000068	865704.3022636058
935733.5000000069	865704.3022636052
935733.500000007	865704.3022636047
935733.5000000071	865704.302263604
935733.5000000072	865704.3022636032
935733.5000000073	865704.3022636026
935733.5000000075	865704.3022636019
936624.6799999498	861765.0600001502
936624.6799999499	861765.0600001498
937075.3800000001	860709.76
937337.520888791	859925.2168540272
937337.5208887955	859925.2168540271
937337.5208887956	859925.2168540268
937337.5208887957	859925.2168540265
937337.5208887958	859925.216854026
937337.520888796	859925.2168540258
937337.5208887961	859925.2168540254
937337.5208887962	859925.2168540251
937337.5208887963	859925.2168540247
937337.5208887964	859925.2168540243
937337.5208887965	859925.2168540242
937337.5208887967	859925.2168540237
937337.5208887968	859925.2168540232
937337.5208887969	859925.216854023
937337.520888797	859925.2168540226
937337.5208887971	859925.2168540224
937337.5208887972	859925.2168540219
937337.5208887974	859925.2168540217
937337.5208887975	859925.2168540212
937337.5208887976	859925.216854021
937337.5208887977	859925.2168540205
937337.5208887978	859925.2168540203
937337.5208887979	859925.2168540198
937337.520888798	859925.2168540194
937337.5208887982	859925.2168540191
937337.5208887983	859925.2168540189
937337.5208887984	859925.2168540184
937337.5208887985	859925.2168540182
937337.5208887986	859925.2168540177
937337.5208887988	859925.2168540175
937337.5208887989	859925.216854017
937337.520888799	859925.2168540168
937337.5208887991	859925.2168540163
937337.5208887992	859925.2168540161
937337.5208887993	859925.2168540156
937337.5208887995	859925.2168540154
937337.5208887996	859925.2168540149
937337.5208887997	859925.2168540147
937337.5208887998	859925.2168540142
937337.5208887999	859925.216854014
937337.5208888	859925.2168540135
937337.5208888002	859925.2168540133
937337.5208888003	859925.2168540128
937337.5208888004	859925.2168540126
937337.5208888005	859925.2168540121
937337.5208888006	859925.2168540119
937337.5208888007	859925.2168540114
937337.5208888008	859925.2168540112
937337.520888801	859925.2168540107
937337.5208888011	859925.2168540105
937337.5208888012	859925.21685401
937337.5208888013	859925.2168540098
937337.5208888014	859925.2168540093
937337.5208888015	859925.2168540091
937337.5208888017	859925.2168540086
937337.5208888018	859925.2168540084
937337.5208888019	859925.2168540079
937337.520888802	859925.2168540077
937337.5208888021	859925.2168540072
937337.5208888022	859925.216854007
937337.5208888024	859925.2168540066
937337.5208888025	859925.2168540063
937337.5208888026	859925.2168540058
937337.5208888027	859925.2168540056
937337.5208888028	859925.2168540051
937337.520888803	859925.2168540049
937337.5208888031	859925.2168540047
937337.5208888032	859925.2168540042
937337.5208888033	859925.216854004
937577.4799999972	859207.0599999966
937683.6999999988	859085.4399999985
937765.0517700136	858993.6365549772
937904.38	858618.46
938183.8262419825	858521.06
938185.38	858519.3066227997
938185.3800000002	858519.3066227995
938185.3800000006	858519.306622799
938185.3800000008	858519.3066227988
938185.380000001	858519.3066227986
938185.3800000015	858519.3066227981
938185.380000002	858519.3066227976
938185.3800000021	858519.3066227974
938185.3800000026	858519.3066227969
938186.9113577219	858517.5785237749
938186.9113577232	858517.5785237735
938186.9113577233	858517.5785237731
938186.9113577235	858517.578523773
938186.9113577236	858517.5785237729
938186.9113577238	858517.5785237727
938186.9113577239	858517.5785237724
938186.9113577241	858517.5785237723
938186.9113577243	858517.5785237721
938186.9113577246	858517.5785237718
938186.911357725	858517.5785237714
938291.5999999788	858399.4399999748
938291.6000000872	858399.4399999348
938291.6000000873	858399.4399999345
938618.5	857810.8400000001
939192.48	855824.8600000001
939694.58	854322.16
939800.8	854200.54
940145.2799999982	853266.8599999984
940145.2799999986	853266.8599999982
940341.9500339394	852678.2599999984
940341.9500339397	852678.2599999974
940341.9500339398	852678.2599999973
940341.9500339399	852678.2599999967
940341.9500339401	852678.259999996
940341.9500339403	852678.2599999958
940341.9500339404	852678.2599999954
940341.9500339406	852678.2599999949
940341.9500339408	852678.259999994
940341.9500339411	852678.2599999933
940341.9500339413	852678.2599999928
940341.9500339415	852678.2599999919
940341.9500339418	852678.2599999914
940341.950033942	852678.2599999905
940341.9500339422	852678.25999999
940341.9500339425	852678.2599999893
940341.9500339427	852678.2599999886
940341.9500339429	852678.2599999877
940341.9500339432	852678.2599999872
940341.9500339434	852678.2599999865
940341.9500339436	852678.2599999858
940341.9500339439	852678.2599999849
940341.9500339441	852678.2599999844
940341.9500339443	852678.2599999837
940341.9500339446	852678.2599999828
940341.9500339448	852678.2599999823
940341.950033945	852678.2599999814
940341.9500339453	852678.2599999809
940341.9500339455	852678.25999998
940341.9500339457	852678.2599999795
940341.950033946	852678.2599999788
940341.9500339462	852678.2599999784
940341.9500339464	852678.2599999774
940472.1800000002	852288.5038358886
940472.1800000003	852288.5038358885
940472.1800000004	852288.5038358879
940472.1800000006	852288.5038358872
940472.1800000009	852288.5038358865
940472.1800000011	852288.5038358858
940472.1800000013	852288.5038358851
940472.1800000016	852288.5038358844
940472.1800000018	852288.5038358837
940472.180000002	852288.503835883
940472.1800000023	852288.5038358823
940472.1800000025	852288.5038358816
940472.1800000027	852288.5038358809
940472.180000003	852288.5038358802
940472.1800000031	852288.5038358801
940472.1800000032	852288.5038358795
940472.1800000034	852288.5038358788
940472.1800000035	852288.5038358787
940472.1800000037	852288.5038358781
940472.1800000039	852288.5038358774
940472.180000004	852288.5038358773
940472.1800000041	852288.5038358767
940472.1800000044	852288.503835876
940472.1800000045	852288.5038358759
940472.1800000046	852288.5038358753
940472.1800000048	852288.5038358746
940472.1800000049	852288.5038358745
940472.180000005	852288.5038358739
940472.1800000053	852288.5038358732
940472.1800000054	852288.5038358731
940472.1800000055	852288.5038358725
940472.1800000058	852288.5038358718
940472.1800000059	852288.5038358717
940472.180000006	852288.5038358711
940472.1800000062	852288.5038358704
940472.1800000063	852288.5038358703
940472.1800000065	852288.5038358697
940472.1800000067	852288.503835869
940472.1800000068	852288.5038358689
940472.1800000069	852288.5038358683
940472.1800000072	852288.5038358676
940472.1800000073	852288.5038358675
940472.1800000074	852288.5038358669
940472.1800000076	852288.5038358662
940472.1800000077	852288.5038358661
940472.1800000079	852288.5038358655
940472.180000008	852288.5038358654
940472.1800000081	852288.5038358651
940472.1800000083	852288.5038358642
940647.3799999862	851764.1599999834
940753.599999982	851642.5399999786
940818.2470872402	851569.5873731752
940818.2470872403	851569.587373175
940818.2470872431	851569.5873731719
940818.2470872432	851569.5873731717
940818.2470872434	851569.5873731715
940818.2470872437	851569.5873731712
940842.622886756	851542.0798909119
940842.6228867561	851542.0798909117
940842.6228867563	851542.0798909115
940842.6228867566	851542.0798909112
940842.6228867576	851542.0798909101
940842.6228867578	851542.0798909098
940974.2799999841	851175.559999981
941080.4999999988	851053.9399999985
941166.8111661806	850956.54
941166.8111661808	850956.5399999998
941361.5	850736.8385030432
941361.5000000002	850736.8385030428
941361.5000000003	850736.8385030427
941361.5000000005	850736.8385030426
941361.5000000006	850736.8385030425
942169.299999992	850007.6399999906
942555.4554002169	849757.2600000055
942555.4554002171	849757.2600000054
942555.4554002172	849757.2600000052
942555.4554002174	849757.2600000051
942555.4554002176	849757.260000005
942555.4554002178	849757.2600000049
942555.455400218	849757.2600000047
942555.4554002183	849757.2600000044
942555.4554002187	849757.2600000042
942555.4554002192	849757.260000004
942555.4554002195	849757.2600000037
942555.4554002199	849757.2600000035
942555.4554002202	849757.2600000033
942555.4554002206	849757.260000003
942555.4554002208	849757.2600000028
942555.4554002212	849757.2600000027
942555.4554002213	849757.2600000026
942555.4554002215	849757.2600000023
942555.4554002219	849757.2600000022
942555.455400222	849757.2600000021
942555.4554002222	849757.2600000019
942555.4554002227	849757.2600000016
942555.4554002231	849757.2600000014
942555.4554002235	849757.2600000012
942555.4554002238	849757.2600000009
942555.4554002241	849757.2600000008
942555.4554002242	849757.2600000007
942555.4554002245	849757.2600000005
942555.4554002249	849757.2600000002
942555.4554002252	849757.26
942555.4554002255	849757.2599999998
942555.4554002258	849757.2599999997
942555.4554002259	849757.2599999995
942555.4554002262	849757.2599999994
942555.4554002263	849757.2599999993
942555.4554002265	849757.2599999992
942555.4554002266	849757.2599999991
942555.4554002271	849757.2599999988
942555.4554002273	849757.2599999986
942555.4554002277	849757.2599999984
942555.455400228	849757.2599999979
942555.4554002287	849757.2599999977
942555.4554002291	849757.2599999976
942555.4554002292	849757.2599999974
942555.4554002294	849757.2599999973
942555.4554002295	849757.2599999972
942555.4554002298	849757.2599999971
942555.4554002299	849757.259999997
943345.0955580518	849245.2637865555
943345.095558052	849245.2637865554
943345.0955580522	849245.2637865553
943345.0955580523	849245.2637865552
943345.0955580526	849245.263786555
943345.0955580529	849245.2637865548
943345.0955580531	849245.2637865546
943345.0955580537	849245.2637865543
943345.0955580539	849245.2637865541
943345.0955580543	849245.2637865539
943345.0955580546	849245.2637865536
943345.095558055	849245.2637865534
943345.0955580553	849245.2637865532
943345.0955580557	849245.2637865529
943345.0955580563	849245.2637865526
943345.0955580566	849245.2637865525
943345.095558057	849245.2637865522
943345.0955580573	849245.263786552
943345.0955580577	849245.2637865518
943345.095558058	849245.2637865514
943345.0955580582	849245.2637865513
943345.0955580586	849245.2637865511
943345.0955580589	849245.2637865508
943345.0955580593	849245.2637865506
943345.0955580596	849245.2637865504
943345.0955580599	849245.2637865503
943345.09555806	849245.2637865501
943345.0955580602	849245.26378655
943345.0955580603	849245.2637865499
943345.0955580607	849245.2637865497
943345.0955580609	849245.2637865496
943345.095558061	849245.2637865494
943345.0955580613	849245.2637865493
943345.0955580614	849245.2637865492
943345.0955580616	849245.2637865491
943345.0955580617	849245.263786549
943345.095558062	849245.2637865489
943345.0955580621	849245.2637865487
943345.0955580624	849245.2637865486
943345.0955580625	849245.2637865485
943345.0955580629	849245.2637865483
943345.0955580631	849245.2637865482
943345.0955580632	849245.263786548
943345.0955580636	849245.2637865478
943345.095558064	849245.2637865476
943345.0955580643	849245.2637865474
943345.0955580645	849245.2637865471
943345.095558065	849245.2637865469
943345.0955580652	849245.2637865468
943345.0955580653	849245.2637865467
943345.0955580657	849245.2637865464
943345.095558066	849245.2637865462
943345.0955580664	849245.263786546
943345.0955580667	849245.2637865457
943345.0955580671	849245.2637865456
943345.0955580672	849245.2637865455
943345.0955580674	849245.2637865454
943345.0955580676	849245.2637865453
943345.0955580678	849245.263786545
943345.0955580681	849245.2637865449
943345.0955580682	849245.2637865448
943345.0955580685	849245.2637865447
943345.0955580686	849245.2637865446
943345.0955580688	849245.2637865443
943345.0955580694	849245.2637865441
943345.0955580696	849245.2637865439
943345.09555807	849245.2637865436
943345.0955580703	849245.2637865434
943345.0955580706	849245.2637865433
943925.97999999	848868.6230701818
943925.9799999903	848868.6230701816
943925.9799999907	848868.6230701813
943925.9799999909	848868.6230701812
943925.9799999913	848868.623070181
943925.9799999916	848868.6230701809
943925.979999992	848868.6230701806
943925.9799999923	848868.6230701803
943925.9799999926	848868.6230701801
943925.979999993	848868.62307018
943925.9799999932	848868.6230701797
943925.9799999936	848868.6230701795
943925.9799999939	848868.6230701793
943925.9799999942	848868.6230701791
943925.9799999943	848868.623070179
943925.9799999946	848868.6230701788
943925.9799999949	848868.6230701787
943925.9799999951	848868.6230701786
943925.9799999952	848868.6230701784
943925.9799999954	848868.6230701782
943925.9799999959	848868.623070178
943925.9799999963	848868.6230701779
943925.9799999965	848868.6230701776
943925.9799999967	848868.6230701774
943925.9799999973	848868.6230701772
943925.9799999975	848868.6230701769
943925.9799999979	848868.6230701767
943925.9799999982	848868.6230701765
943925.9799999985	848868.6230701763
943925.9799999986	848868.6230701761
943925.979999999	848868.623070176
943925.9799999993	848868.6230701758
943925.9799999995	848868.6230701756
943925.9799999996	848868.6230701755
943925.9799999999	848868.6230701754
943925.98	848868.6230701753
943925.9800000002	848868.6230701752
943925.9800000003	848868.6230701751
943925.9800000007	848868.6230701748
943925.9800000011	848868.6230701746
944222.9019421465	848676.1013138273
944222.901942147	848676.1013138271
944222.9019421473	848676.1013138269
944222.9019421475	848676.1013138267
944222.9019421476	848676.1013138266
944222.9019421479	848676.1013138264
944222.9019421483	848676.1013138262
944222.9019421487	848676.1013138259
944222.901942149	848676.1013138253
944222.9019421497	848676.1013138252
944222.9019421501	848676.101313825
944222.9019421503	848676.1013138249
944222.9019421504	848676.1013138248
944222.9019421508	848676.1013138246
944222.9019421509	848676.1013138245
944287.2296015994	848634.3917860973
944287.2296015997	848634.3917860971
944287.2296016001	848634.3917860969
944287.2296016004	848634.3917860966
944287.2296016008	848634.3917860964
944287.2296016011	848634.3917860962
944287.2296016015	848634.3917860959
944287.2296016018	848634.3917860957
944287.2296016022	848634.3917860955
944287.2296016025	848634.3917860952
944287.2296016027	848634.3917860944
944287.229601604	848634.3917860943
944287.2296016044	848634.391786094
944287.2296016046	848634.3917860938
944301.1660851797	848625.3554842437
944301.16608518	848625.3554842435
944301.1660851804	848625.3554842432
944301.1660851807	848625.355484243
944301.1660851811	848625.3554842428
944301.1660851814	848625.3554842427
944301.1660851815	848625.3554842426
944301.1660851818	848625.3554842423
944301.1660851821	848625.3554842421
944301.1660851826	848625.3554842419
944304.1854018496	848623.3977840345
944304.1854018499	848623.3977840343
944304.1854018503	848623.397784034
944304.1854018506	848623.3977840338
944304.1854018511	848623.3977840336
944304.1854018513	848623.3977840333
944304.1854018518	848623.3977840331
944304.1854018521	848623.3977840329
944304.1854018525	848623.3977840326
944304.1854018527	848623.3977840325
944304.1854018528	848623.3977840324
944304.1854018532	848623.3977840322
944304.1854018536	848623.3977840319
944304.8395319316	848622.9736514449
944304.8395319319	848622.9736514445
944304.8395319323	848622.9736514443
944304.8395319327	848622.9736514441
944304.8395319331	848622.9736514438
944304.8395319334	848622.9736514436
944304.8395319337	848622.9736514435
944304.8395319338	848622.9736514434
944304.839531934	848622.9736514431
944304.8395319344	848622.973651443
944304.8395319345	848622.9736514429
944304.8395319347	848622.9736514428
944304.8395319348	848622.9736514427
944304.8395319353	848622.9736514424
944304.9812481587	848622.8817638033
944304.9812481592	848622.8817638031
944304.9812481594	848622.8817638028
944304.9812481599	848622.8817638027
944304.98124816	848622.8817638026
944304.9812481604	848622.8817638024
944428.0799999919	848254.5599999905
944534.2999999954	848132.9400000051
944534.2999999955	848132.940000005
944534.2999999956	848132.9399999948
945142.19999999	847446.9399999882
945623.0999999985	847086.6399999982
945883.1279594137	846918.0399999998
945883.1279594142	846918.0399999996
945940.3999999999	846880.9052777777
945940.4000000001	846880.9052777775
946659.8188275083	846414.44
946659.8188275085	846414.4399999997
946726.4452085681	846371.24
946726.4452085682	846371.2399999998
950684.5999999999	843804.8048391812
950684.6000000001	843804.804839181
953320	842096.0330555553
953320.0000000007	842096.0330555548
953320.0000000012	842096.0330555546
969008.3428410369	831923.8400000001
969008.3428410371	831923.84
969008.3428410373	831923.8399999999
969008.3428410374	831923.8399999997
969008.3428410375	831923.8399999996
969008.3428410378	831923.8399999995
969008.3428410379	831923.8399999994
969008.3428410381	831923.8399999993
969008.3428410382	831923.8399999992
969008.3428410385	831923.8399999989
985387.0398142416	821304.0269771693
985387.0398142417	821304.0269771692
985387.0398142418	821304.0269771691
990453.5	818018.9756725144
991735.831375265	818018.9756725142
991735.8313752651	818018.9756725141
991735.8313752653	818018.975672514
991735.8313752654	818018.9756725137
991735.8313752657	818018.9756725134
991735.8313752658	818018.9756725132
991735.831375266	818018.9756725131
991735.8313752661	818018.975672513
991735.8313752662	818018.9756725129
991735.8313752663	818018.9756725128
991735.8313752664	818018.9756725125
991735.8313752665	818018.9756725124
991735.8313752667	818018.9756725123
991735.8313752669	818018.9756725121
991735.8313752671	818018.9756725118
991735.8313752672	818018.9756725117
991735.8313752674	818018.9756725114
991735.8313752677	818018.9756725112
991735.8313752678	818018.975672511
991735.8313752679	818018.9756725109
991735.831375268	818018.9756725108
991735.8313752682	818018.9756725107
991735.8313752683	818018.9756725106
991735.8313752684	818018.9756725103
991735.8313752685	818018.9756725102
991735.8313752686	818018.9756725101
991735.8313752688	818018.97567251
992539.7	816666.3006725146
992539.7000000002	816666.3006725144
992945.7007483301	816666.3006725141
992945.7007483302	816666.300672514
992945.7007483303	816666.3006725139
992945.7007483304	816666.3006725137
993492.5	816054.9605607474
993492.5000000002	816054.9605607472
993492.5000000005	816054.960560747
994853.2999999969	814533.5399999975
994861.1748542854	814527.6399999959
994861.1748542889	814527.639999985
994861.174854305	814527.6399999734
994861.1748543164	814527.6399999652
994861.1748543297	814527.6399999596
994861.1748543372	814527.6399999543
994861.1748543434	814527.6399999477
994861.1748543499	814527.6399999389
994861.1748543668	814527.6399999353
995334.2000001605	814173.2399999147
995334.2000001606	814173.2399999145
995651.4999994844	814004.6400002739
995651.4999994845	814004.6400002738
995651.4999994847	814004.6400002737
996273.7664984785	813743.9280074233
996273.7664984792	813743.9280074231
996273.7664984795	813743.928007423
996273.76649848	813743.9280074228
996889.2999999741	813544.014753027
996889.2999999748	813544.0147530268
996889.2999999756	813544.0147530265
996889.2999999763	813544.0147530263
996889.299999977	813544.0147530261
996889.2999999777	813544.0147530258
996889.2999999784	813544.0147530256
996889.2999999791	813544.0147530254
996889.2999999798	813544.0147530251
996889.2999999805	813544.0147530249
996889.2999999813	813544.0147530247
996889.299999982	813544.0147530244
996889.2999999827	813544.0147530242
996889.2999999834	813544.014753024
996889.2999999841	813544.0147530237
996889.2999999849	813544.0147530235
996889.2999999856	813544.0147530233
996889.2999999863	813544.014753023
996889.299999987	813544.0147530228
996889.2999999874	813544.0147530227
996889.2999999877	813544.0147530226
996889.2999999879	813544.0147530225
996889.299999988	813544.0147530223
996889.2999999883	813544.0147530203
996889.2999999913	813544.01475302
996889.2999999956	813544.0147530197
996889.299999997	813544.0147530196
996889.2999999974	813544.0147530194
996889.2999999977	813544.0147530193
996889.299999998	813544.0147530192
996889.2999999984	813544.0147530191
996889.2999999986	813544.014753019
996889.2999999991	813544.0147530189
996889.2999999993	813544.0147530187
996889.2999999997	813544.0147530185
996889.3000000006	813544.0147530184
996889.3000000007	813544.0147530183
997069.7664976582	813485.4027607084
997069.7664976589	813485.4027607081
997069.7664976597	813485.4027607079
997069.7664976604	813485.4027607077
997069.7664976611	813485.4027607074
997069.7664976618	813485.4027607072
997069.7664976625	813485.402760707
997069.7664976632	813485.4027607067
997069.7664976639	813485.4027607065
997069.7664976646	813485.4027607063
997069.7664976653	813485.402760706
997069.7664976661	813485.4027607058
997069.7664976668	813485.4027607056
997069.7664976675	813485.4027607053
997069.7664976682	813485.4027607051
997069.766497669	813485.4027607049
997069.7664976697	813485.4027607046
997069.7664976704	813485.4027607044
997069.7664976711	813485.4027607042
997069.7664976718	813485.4027607039
997069.7664976725	813485.4027607037
997069.7664976732	813485.4027607035
997069.7664976739	813485.4027607032
997069.7664976746	813485.402760703
997069.7664976754	813485.4027607028
997069.7664976761	813485.4027607025
997069.7664976765	813485.4027607024
997355.1308205974	813392.7220043421
997355.1308205978	813392.722004342
997355.1308205981	813392.7220043419
997355.1308205985	813392.7220043418
997355.1308205987	813392.7220043417
998051.584329199	813166.5275127313
998051.5843291994	813166.5275127311
998051.5843291995	813092.44
998051.5843292	813092.4399999995
998051.5843292004	813092.4399999992
998051.584329201	813092.4399999989
998222.4279594137	812981.6663888888
998222.4279594138	812981.6663888886
998222.4279594143	812981.6663888884
998279.7000000001	812944.5316666665
998279.7000000002	812944.5316666664
998279.7000000008	812944.531666666
998279.7000000015	812944.5316666656
998279.7000000022	812944.5316666651
998279.7000000027	812944.5316666648
998279.7000000029	812944.5316666646
998279.7000000033	812944.5316666644
998279.7000000034	812944.5316666643
998279.7000000038	812944.531666664
998279.7000000043	812944.5316666638
998279.7000000044	812944.5316666637
998279.7000000047	812944.5316666635
998279.7000000054	812944.531666663
998279.7000000061	812944.5316666625
998279.7000000067	812944.5316666621
998279.7000000073	812944.5316666618
998279.7000000076	812944.5316666616
998279.7000000082	812944.5316666613
998279.7000000083	812944.5316666611
998279.7000000087	812944.5316666609
998279.7000000094	812944.5316666604
998279.7000000101	812944.53166666
998279.7000000108	812944.5316666595
998279.7000000115	812944.531666659
998279.7000000122	812944.5316666586
998279.7000000126	812944.5316666584
998279.7000000133	812944.5316666579
998279.700000014	812944.5316666574
998279.7000000147	812944.531666657
998279.7000000154	812944.5316666565
998279.7000000161	812944.531666656
998279.7000000166	812944.5316666558
998279.700000017	812944.5316666556
998556.8343855643	812764.8400000031
998556.8343855646	812764.840000003
998556.8343855647	812764.8400000029
998556.8343855649	812764.8400000028
998556.834385565	812764.8400000026
998556.8343855654	812764.8400000024
998556.8343855657	812764.8400000022
998556.8343855661	812764.840000002
998556.8343855663	812764.8400000018
998556.8343855665	812764.8400000017
998556.8343855666	812764.8400000016
998556.8343855669	812764.8400000015
998556.8343855671	812764.8400000014
998556.8343855672	812764.8400000012
998556.8343855673	812764.8400000011
998556.8343855676	812764.840000001
998556.8343855678	812764.8400000009
998556.8343855679	812764.8400000008
998556.8343855682	812764.8400000005
998556.8343855685	812764.8400000003
998556.834385569	812764.8400000001
998556.8343855692	812764.8399999999
998556.8343855698	812764.8399999996
998556.8343855699	812764.8399999995
998556.8343855703	812764.8399999994
999432.6	812197.0007456138
1000343.0999999999	811606.6399999999
1000400.3720405847	811576.2080238177
1000400.3720405849	811576.2080238176
1000400.372040585	811576.2080238175
1000400.3720405855	811576.2080238174
1000400.3720405856	811576.2080238173
1000400.3720405858	811576.2080238172
1000400.3720405861	811576.208023817
1000400.3720405862	811576.2080238169
1000400.3720405865	811576.2080238168
1000400.3720405868	811576.2080238166
1000400.3720405872	811576.2080238163
1000400.3720405877	811576.2080238161
1000400.3720405882	811576.2080238159
1000400.3720405884	811576.2080238158
1000400.3720405886	811576.2080238156
1000400.3720405889	811576.2080238155
1000400.3720405891	811576.2080238154
1000400.3720405893	811576.2080238153
1000400.3720405896	811576.2080238152
1000400.3720405897	811576.208023815
1000400.37204059	811576.2080238147
1000400.3720405906	811576.2080238146
1000400.3720405909	811576.2080238145
1000400.3720405911	811576.2080238144
1000400.3720405912	811576.2080238143
1000400.3720405916	811576.2080238141
1000400.3720405919	811576.2080238139
1000400.3720405921	811576.2080238138
1000400.3720405925	811576.2080238134
1000400.3720405932	811576.2080238129
1000400.3720405942	811576.2080238127
1000400.3720405943	811576.2080238126
1000400.3720405947	811576.2080238125
1000400.372040595	811576.2080238123
1000400.3720405952	811576.2080238122
1000400.3720405954	811576.208023812
1000400.3720405956	811576.2080238119
1000400.3720405959	811576.2080238118
1000400.3720405961	811576.2080238117
1000400.3720405964	811576.2080238115
1000400.3720405969	811576.2080238112
1000400.3720405973	811576.208023811
1000400.3720405977	811576.2080238108
1000400.3720405982	811576.2080238105
1000400.3720405984	811576.2080238103
1000400.372040599	811576.2080238102
1000400.3720405991	811576.2080238101
1000400.3720405995	811576.20802381
1000400.3720405996	811576.2080238098
1000400.3720405998	811576.2080238096
1000400.3720406003	811576.2080238094
1000400.3720406007	811576.2080238092
1000400.372040601	811576.2080238091
1000400.3720406012	811576.2080238089
1000400.3720406017	811576.2080238087
1000400.372040602	811576.2080238085
1000400.3720406023	811576.2080238084
1000400.3720406026	811576.2080238082
1000400.3720406028	811576.208023808
1000400.3720406034	811576.2080238078
1000400.3720406039	811576.2080238076
1000400.372040604	811576.2080238075
1000400.3720406042	811576.2080238074
1000400.3720406047	811576.208023807
1000400.3720406049	811576.2080238068
1000400.3720406056	811576.2080238066
1000400.372040606	811576.2080238065
1000400.3720406061	811576.2080238063
1000400.3720406065	811576.2080238062
1000400.3720406066	811576.2080238055
1000400.372040608	811576.2080238054
1000400.3720406083	811576.2080238052
1000400.3720406085	811576.208023805
1000400.3720406087	811576.2080238049
1000400.372040609	811576.2080238048
1000400.3720406091	811576.2080238047
1000400.3720406096	811576.2080238045
1000400.37204061	811576.2080238044
1000400.3720406101	811576.2080238042
1000400.3720406103	811576.2080238041
1000400.3720406105	811576.208023804
1000400.3720406108	811576.2080238039
1000400.372040611	811576.2080238038
1000400.3720406113	811576.2080238037
1000400.3720406115	811576.2080238035
1000400.3720406118	811576.2080238033
1000400.372040612	811576.2080238031
1000400.3720406126	811576.2080238028
1000400.372040613	811576.2080238027
1000400.3720406131	811576.2080238026
1000400.3720406136	811576.2080238024
1000400.3720406139	811576.2080238023
1000400.372040614	811576.2080238021
1000400.3720406144	811576.208023802
1000400.3720406145	811576.2080238019
1000400.3720406147	811576.2080238017
1000400.3720406152	811576.2080238016
1000400.3720406153	811576.2080238014
1000400.3720406156	811576.2080238013
1000400.3720406161	811576.208023801
1000400.3720406163	811576.2080238007
1000400.3720406169	811576.2080238006
1000400.372040617	811576.2080238005
1000400.3720406174	811576.2080238004
1000400.3720406175	811576.2080238003
1000400.3720406177	811576.2080238
1000400.3720406183	811576.2080237999
1000400.3720406184	811576.2080237998
1000400.3720406188	811576.2080237996
1000400.3720406191	811576.2080237995
1000400.3720406193	811576.2080237994
1000400.3720406196	811576.2080237992
1000400.3720406198	811576.2080237991
1000400.3720406201	811576.208023799
1000400.3720406202	811576.2080237989
1000400.3720406207	811576.2080237987
1000400.372040621	811576.2080237977
1000400.3720406228	811576.2080237976
1000400.3720406229	811576.2080237975
1000400.3720406231	811576.2080237974
1000400.3720406233	811576.2080237973
1000400.3720406236	811576.2080237971
1000400.3720406238	811576.208023797
1000400.3720406245	811576.2080237967
1000400.3720406247	811576.2080237966
1000400.3720406293	811576.2080237941
1000447.3065878627	811551.2689608771
1000447.306587863	811551.2689608769
1000447.3065878634	811551.2689608767
1000447.3065878635	811551.2689608766
1000447.3065878638	811551.2689608765
1000447.306587864	811551.2689608764
1000447.3065878644	811551.2689608762
1000447.3065878646	811551.2689608759
1000447.3065878652	811551.2689608758
1000447.3065878653	811551.2689608757
1000447.3065878656	811551.2689608756
1000447.3065878657	811551.2689608755
1000447.306587866	811551.2689608753
1000447.3065878665	811551.2689608751
1000447.3065878666	811551.268960875
1000447.306587867	811551.2689608748
1000447.3065878674	811551.2689608745
1000447.3065878677	811551.2689608744
1000447.3065878679	811551.2689608743
1000447.3065878683	811551.2689608742
1000447.3065878684	811551.2689608741
1000447.3065878686	811551.268960874
1000447.306587869	811551.2689608737
1000447.3065878693	811551.2689608736
1000447.3065878695	811551.2689608735
1000447.3065878698	811551.2689608731
1000447.3065878705	811551.2689608729
1000447.3065878709	811551.2689608727
1000447.3065878714	811551.2689608724
1000447.3065878717	811551.2689608723
1000447.306587872	811551.2689608722
1000485.7695394891	811551.2689608721
1000660.4000013988	811438.03999936
1001102.1999999988	811235.9399999991
1003139.8841571603	810574.1400000001
1003139.8841571608	810574.14
1003139.884157161	810574.1399999999
1003288.5999999997	810525.8399999997
1003936.2499436308	810341.8083220284
1004441.4999999987	810198.2399999985
1005885.5000000002	810058.0833937412
1005885.5000000007	810058.083393741
1005885.5000000016	810058.0833937409
1005885.5000000031	810058.0833937408
1005885.5000000042	810058.0833937407
1008830.9999999999	809493.3399999999
1009983.899999999	809165.7399999991
1010653.1468996604	808996.2949744028
1010653.1468996629	808996.2949744018
1017334.3999999982	808446.54
