31	155	168
32	140	164
32	141	147
32	150	135
33	125	175
33	127	165
33	136	153
34	149	128
35	123	158
36	134	141
37	112	151
37	131	139
37	146	136
38	125	149
38	136	134
39	106	164
39	110	153
39	138	121
40	101	166
40	129	127
40	133	118
40	143	116
41	107	137
41	124	129
41	137	114
42	102	139
42	122	135
42	123	127
43	121	119
43	132	115
43	135	102
44	109	125
44	116	121
44	130	104
45	104	123
45	115	113
45	120	112
46	99	125
46	110	115
46	123	107
47	118	109
48	106	111
48	122	100
49	90	165
49	101	113
49	114	108
49	117	102
50	88	161
50	109	108
51	92	158
51	122	99
51	129	92
52	115	104
52	117	101
52	124	94
53	88	138
53	90	134
54	85	151
54	138	90
54	142	89
54	149	87
54	154	86
56	95	129
56	99	116
56	106	103
56	111	91
57	87	147
57	90	132
57	91	130
57	92	121
57	97	110
57	101	105
57	106	93
57	124	89
57	129	88
58	76	150
58	81	138
58	86	132
58	92	112
58	103	100
58	138	87
58	150	84
59	71	170
59	120	89
59	128	87
59	139	83
60	91	128
60	123	87
61	79	130
61	88	116
61	99	106
61	158	79
62	83	118
62	94	108
62	150	79
63	68	156
63	74	150
63	101	97
63	115	88
63	120	86
63	128	85
63	137	81
63	142	76
64	65	174
64	90	115
64	96	99
64	121	82
64	178	74
65	74	132
65	107	84
65	156	74
66	72	154
66	95	100
66	100	92
66	102	86
66	120	82
66	143	75
67	68	154
67	71	145
67	73	142
67	77	131
67	81	126
67	82	119
67	86	111
67	88	105
67	90	102
67	95	94
67	125	80
67	137	77
67	141	75
68	67	143
68	81	113
68	87	105
68	116	82
68	119	80
68	124	75
69	72	131
69	77	119
69	93	99
69	117	78
69	185	73
70	64	165
70	70	139
70	112	80
70	115	79
70	141	74
70	146	69
71	62	171
71	63	156
71	89	104
71	110	81
71	125	74
72	61	149
72	76	123
72	80	110
72	83	109
72	86	104
72	97	90
72	105	83
72	179	66
73	55	155
73	62	145
73	71	125
73	74	124
73	79	112
73	83	105
73	90	98
73	91	96
73	100	85
73	117	75
73	147	68
73	159	66
74	66	139
74	67	133
74	69	124
74	85	100
74	86	98
74	95	92
74	100	80
74	143	68
74	152	67
75	75	123
75	81	106
75	90	94
75	94	93
75	95	82
75	108	78
76	57	143
76	68	121
76	92	89
76	122	74
76	123	72
76	134	68
76	179	61
77	63	123
77	78	110
77	94	88
77	115	73
77	120	68
77	134	67
78	73	112
78	87	96
78	112	76
78	113	71
78	115	70
78	144	62
79	52	149
79	61	137
79	68	119
79	71	118
79	78	109
79	80	102
79	106	79
79	108	73
80	57	139
80	64	122
80	83	101
80	90	85
80	91	84
81	62	136
81	77	108
81	98	80
81	133	65
81	186	60
82	60	131
82	67	118
82	72	108
82	73	107
82	75	105
82	88	93
82	93	82
82	116	66
82	143	61
82	162	57
83	59	126
83	67	110
83	96	73
83	126	61
84	51	136
84	77	99
84	87	92
84	89	81
84	91	75
85	58	134
85	62	125
85	63	122
85	82	94
85	84	83
85	111	70
85	148	55
86	49	154
86	61	125
86	68	109
86	81	95
86	106	72
86	110	70
86	117	63
86	141	56
87	61	122
87	65	118
87	76	104
87	81	93
87	104	71
87	112	65
87	127	58
88	45	142
88	53	129
88	61	118
88	71	105
88	76	95
88	110	69
89	46	138
89	47	137
89	54	128
89	63	113
89	72	101
89	74	97
89	87	77
90	69	99
90	77	92
90	80	85
90	94	72
90	126	60
90	144	55
91	67	109
91	72	94
91	89	74
91	101	63
91	136	55
91	170	50
92	41	136
92	60	118
92	65	112
92	68	104
92	96	65
92	107	62
92	111	58
93	65	109
93	67	108
93	85	80
93	91	71
93	106	60
93	117	57
94	46	132
94	49	131
94	54	119
94	59	117
94	62	114
94	63	111
94	76	93
94	80	82
94	130	55
95	50	125
95	67	107
95	68	99
95	71	95
96	60	110
96	79	89
96	85	76
96	94	67
96	150	53
97	50	121
97	55	112
97	59	108
97	66	107
97	67	98
97	77	85
97	89	69
97	104	62
98	45	123
98	64	105
98	74	89
98	84	76
98	99	64
99	63	106
99	67	94
99	82	81
99	105	58
99	129	53
100	53	120
100	58	106
100	62	96
100	115	53
101	70	93
101	187	45
102	65	95
102	69	91
102	93	67
102	108	56
102	144	46
103	55	111
103	67	93
103	73	86
103	76	82
103	77	80
103	86	75
103	103	62
103	118	51
104	38	149
104	42	126
104	54	115
104	68	88
104	71	84
104	82	77
104	86	74
104	96	60
104	99	59
105	51	110
105	58	98
105	81	79
105	86	72
105	91	62
105	94	61
106	49	119
106	50	107
106	55	101
106	66	94
107	64	94
107	78	79
107	105	56
107	124	50
108	80	74
108	104	58
108	134	45
110	59	95
110	87	64
110	90	63
110	112	55
111	65	84
111	76	79
111	79	73
112	40	143
112	75	75
112	100	55
112	103	54
113	46	120
113	64	91
113	74	80
113	82	66
114	60	94
114	77	69
114	92	61
115	37	127
115	49	108
115	56	99
115	61	93
115	66	83
115	90	61
116	92	58
116	108	53
117	42	123
117	45	122
117	54	98
117	58	94
117	71	77
117	147	44
117	165	41
117	167	40
118	51	104
118	63	86
120	47	115
120	59	91
120	71	76
120	76	73
120	130	45
121	41	114
121	48	112
122	48	109
122	72	74
122	123	47
123	58	87
123	79	65
123	83	61
124	93	56
124	96	53
124	117	50
125	65	82
125	76	68
125	105	51
126	51	102
126	54	87
126	77	63
126	80	62
126	156	41
127	34	140
127	38	117
127	45	111
127	50	98
127	51	93
128	48	100
128	67	80
128	76	67
128	104	51
129	45	106
129	46	98
129	67	69
129	92	55
129	109	50
131	64	79
131	76	64
131	121	48
132	37	123
132	60	81
132	65	74
133	120	47
134	63	71
134	73	68
134	82	60
135	48	94
135	55	80
135	60	79
136	39	115
136	45	100
136	74	62
136	77	61
137	36	121
137	61	77
137	86	57
137	89	56
138	68	68
138	69	66
138	72	64
138	73	61
140	62	75
140	85	59
140	101	52
141	71	64
141	105	50
141	117	46
142	83	59
143	60	78
143	69	63
144	54	86
144	61	72
145	51	92
146	141	44
147	34	134
147	49	84
148	62	69
148	116	48
149	132	42
150	41	111
150	47	97
150	59	77
150	150	41
151	44	91
151	53	82
151	63	65
151	66	64
151	94	54
152	41	97
152	60	71
152	72	60
153	86	54
153	98	52
156	55	76
156	60	67
156	112	48
157	94	52
158	83	56
158	147	40
158	165	37
160	50	83
161	32	153
161	49	83
162	138	41
163	109	48
163	121	44
163	128	43
166	93	52
166	102	51
167	136	41
167	154	38
169	173	36
174	120	45
175	52	77
177	146	39
191	160	37
