28	178	192
29	173	185
31	174	159
32	161	197
32	169	152
33	160	169
35	161	143
36	146	199
36	148	181
36	156	136
37	145	171
37	199	130
38	134	219
38	199	119
39	129	212
39	142	162
39	144	148
39	174	126
40	133	183
40	137	155
40	141	138
40	157	130
40	183	124
41	130	187
41	135	178
41	136	155
41	172	129
41	186	114
42	130	171
42	144	131
42	169	129
42	172	118
42	186	103
43	114	214
43	116	196
43	129	150
43	142	137
43	169	118
44	122	157
44	172	117
44	175	100
45	169	114
45	180	93
46	115	173
46	129	133
46	145	125
46	151	120
46	159	113
47	101	198
47	110	169
47	124	150
47	149	121
47	156	113
48	153	102
48	174	98
49	106	173
49	117	145
49	130	121
49	162	99
50	112	162
50	151	105
51	92	182
51	112	155
51	116	152
51	137	97
51	161	90
52	103	168
52	107	162
52	118	133
52	132	114
52	133	111
52	142	90
53	98	164
53	123	130
54	118	131
54	125	109
54	194	86
54	195	82
55	94	168
55	108	156
55	113	148
55	120	126
55	121	123
55	130	102
55	144	88
56	88	181
56	91	173
56	101	154
56	106	151
56	107	148
56	111	142
56	116	140
56	117	139
56	181	87
57	80	177
57	106	143
57	111	132
57	120	124
57	171	82
58	95	157
58	113	127
58	131	94
58	155	87
58	168	85
58	170	82
59	98	146
59	110	138
59	117	115
59	173	78
60	102	132
60	103	129
60	122	108
60	127	99
60	130	98
60	145	80
60	172	78
61	77	184
61	96	145
61	101	143
61	105	122
61	119	106
61	150	73
62	81	172
62	88	141
62	110	121
62	183	72
63	83	166
63	103	121
63	108	119
63	115	111
63	124	102
63	141	83
64	86	161
64	110	112
64	138	85
65	87	150
65	98	133
65	118	96
65	128	93
65	136	92
65	184	68
66	83	165
66	84	155
66	85	148
66	123	89
66	133	86
67	78	181
67	89	136
67	105	120
67	114	110
67	123	82
67	132	78
67	143	76
68	75	159
68	93	129
68	99	119
68	109	116
68	116	105
69	82	133
69	91	129
69	103	105
69	113	104
69	115	102
69	128	78
69	156	68
69	160	67
70	74	163
70	89	131
70	97	115
70	111	94
70	125	80
70	134	76
70	164	66
71	69	192
71	75	145
71	101	113
71	110	101
71	154	68
72	72	185
72	77	138
72	84	131
72	87	123
72	91	117
72	105	103
72	116	90
72	137	73
72	153	72
73	66	183
73	70	159
73	106	98
73	133	77
74	72	152
74	83	128
74	90	121
74	114	92
74	147	64
74	172	57
75	98	113
75	100	112
75	102	106
75	103	100
75	109	95
75	112	89
75	139	71
76	68	161
76	88	117
76	111	88
76	113	84
76	122	80
77	66	163
77	78	135
77	84	120
77	92	112
77	110	91
77	134	73
77	138	72
77	163	57
78	68	140
78	91	110
78	100	102
78	106	93
78	108	90
78	114	82
78	118	80
78	132	75
78	148	60
79	89	106
79	97	100
79	101	96
79	132	73
80	63	154
80	67	148
80	77	133
80	81	129
80	94	105
80	131	77
80	136	72
80	139	70
80	174	56
81	69	129
81	80	126
81	94	102
81	96	100
81	111	82
81	116	80
81	120	78
81	126	77
81	127	75
81	129	72
81	192	51
82	87	119
82	91	104
82	100	98
82	102	90
82	108	87
82	125	69
82	136	68
82	147	63
83	61	156
83	73	127
83	83	122
83	93	102
83	98	96
83	119	79
83	121	76
83	136	65
83	158	57
84	82	112
84	90	101
84	99	94
84	150	59
85	68	139
85	95	96
85	97	93
85	99	89
85	105	87
85	138	64
85	141	62
85	168	54
86	70	124
86	81	118
86	103	86
86	110	80
86	124	75
86	126	65
86	147	60
87	87	102
87	104	84
87	116	79
87	123	75
88	83	108
88	100	88
88	101	87
88	104	79
88	113	75
88	181	52
89	61	154
89	63	141
89	98	92
89	155	57
89	176	49
90	59	152
90	67	134
90	72	117
90	79	112
90	82	107
90	84	106
90	88	99
90	101	84
90	109	75
90	125	68
91	65	131
91	82	106
91	84	98
91	93	94
91	94	93
91	98	89
91	106	77
91	115	71
91	136	62
91	160	54
92	64	129
92	68	122
92	78	111
92	92	97
92	100	85
92	102	82
92	143	60
93	57	143
93	66	122
93	77	106
93	83	101
93	88	96
93	89	94
93	93	92
93	97	91
93	101	83
93	118	70
93	160	51
94	76	114
94	83	98
94	114	74
94	121	66
94	131	64
95	54	184
95	56	151
95	63	124
95	70	120
95	73	112
95	87	94
95	94	88
95	98	87
95	99	86
95	100	82
95	153	54
96	85	93
96	100	80
96	112	74
96	116	69
96	120	68
96	144	56
97	53	192
97	55	135
97	77	101
97	89	91
97	90	88
97	114	72
97	117	65
97	158	51
98	98	86
98	102	79
98	104	76
98	114	67
98	129	62
98	137	59
98	144	54
98	180	48
99	57	124
99	70	115
99	81	99
99	87	89
99	101	78
99	113	70
99	129	57
100	95	87
100	98	83
100	101	76
100	107	74
100	156	53
100	180	45
101	71	110
101	74	104
101	78	97
101	92	84
101	138	56
102	71	109
102	83	91
102	88	88
102	92	79
102	102	75
102	173	48
103	58	120
103	70	112
103	81	90
103	91	85
103	106	66
103	168	46
104	88	87
104	97	77
104	100	75
104	102	72
104	117	62
104	122	61
104	126	60
104	139	54
104	151	48
104	178	45
105	62	118
105	72	98
105	76	96
105	78	93
105	84	89
105	90	86
105	96	78
105	128	59
105	136	56
106	86	85
106	88	83
106	98	76
106	115	64
106	122	59
106	144	51
107	54	154
107	67	116
107	68	112
107	70	104
107	82	86
107	107	62
108	52	149
108	62	117
108	70	102
108	96	77
109	70	101
109	72	93
109	81	89
109	91	82
109	97	76
110	66	106
110	87	81
110	88	80
110	89	79
110	95	78
110	105	70
110	157	46
111	57	121
111	59	116
111	76	91
111	86	83
111	101	67
111	120	61
111	135	56
111	147	50
112	63	113
112	71	98
112	95	73
112	117	59
112	129	53
112	133	52
112	141	51
112	162	43
113	64	110
113	68	102
113	69	99
113	73	89
113	82	85
114	62	101
114	85	84
114	112	61
114	122	56
114	146	48
115	56	121
115	68	100
115	76	88
115	77	87
115	93	77
115	102	63
115	121	57
116	53	137
116	59	113
116	66	99
116	67	96
116	71	91
116	87	78
116	93	76
116	140	50
117	50	141
117	52	115
117	58	110
117	81	82
117	85	78
117	87	75
117	99	72
117	141	49
118	57	112
118	70	93
118	83	81
118	84	79
118	95	69
118	115	59
118	153	46
119	49	152
119	54	114
119	77	84
119	98	66
119	125	55
119	158	45
120	44	153
120	76	87
120	89	74
120	119	56
120	129	52
120	140	48
121	58	104
121	86	74
121	88	71
121	166	42
122	43	161
122	46	143
122	71	89
122	96	65
122	114	59
122	153	45
123	51	140
123	67	94
123	74	86
123	83	78
123	99	62
123	129	50
123	136	47
124	58	103
124	65	95
124	109	61
124	143	46
125	46	127
125	75	84
125	119	54
125	134	47
126	67	93
126	74	85
126	84	76
127	48	117
127	67	90
127	84	74
127	149	44
128	79	80
128	82	77
128	87	73
128	93	70
128	94	65
128	108	57
128	121	53
128	125	52
129	73	86
129	76	80
129	114	55
129	131	49
130	104	61
130	153	43
131	47	124
131	136	46
131	147	42
132	93	67
132	158	40
133	60	97
133	63	96
133	108	56
134	74	82
134	87	72
134	97	63
135	107	57
135	116	54
135	128	51
136	50	113
136	72	83
136	91	66
136	102	61
136	120	52
137	55	110
137	85	71
137	124	50
137	173	37
138	62	93
138	75	80
138	116	53
139	41	136
139	62	91
139	88	69
139	128	47
139	178	34
140	71	83
140	76	78
140	83	73
140	121	48
140	161	38
141	43	126
141	64	90
141	66	89
141	80	76
141	81	74
141	93	64
141	111	54
142	84	71
142	166	35
143	39	144
144	77	74
144	100	57
145	41	134
145	54	111
145	69	85
145	86	70
145	144	45
146	65	86
147	59	102
147	75	78
147	91	64
147	156	39
148	66	84
149	58	93
149	65	85
149	79	72
149	162	37
150	75	74
150	133	45
150	144	40
151	84	70
151	99	57
151	116	52
152	67	80
152	83	71
152	105	55
153	54	100
153	95	61
153	133	42
155	53	108
155	138	39
156	128	45
157	78	72
157	88	63
158	73	78
158	74	77
159	38	163
159	82	66
159	93	61
159	113	52
160	76	71
161	140	38
161	151	34
162	117	49
162	119	47
162	134	41
163	62	83
164	57	95
165	72	78
167	47	109
167	91	57
167	116	50
169	45	123
169	46	117
171	80	70
172	104	56
173	77	70
179	41	130
181	43	120
181	77	69
181	79	66
183	80	64
184	63	81
184	112	48
