58	470	485
58	472	454
58	488	430
58	513	420
58	537	417
58	551	416
59	485	408
59	526	396
59	540	395
60	520	400
66	399	416
66	530	330
67	343	480
67	406	397
67	504	382
67	525	334
68	318	432
68	337	398
68	362	388
68	454	327
68	512	319
68	559	317
69	321	412
69	331	394
69	381	364
69	383	350
69	535	312
70	302	443
70	331	385
70	347	369
70	375	368
70	389	342
70	432	320
71	302	420
71	311	398
71	334	374
71	358	355
71	379	352
71	399	328
71	486	303
72	369	336
73	356	341
74	387	317
75	275	460
75	345	345
75	365	332
76	358	321
76	399	302
76	519	298
77	277	420
77	345	326
78	278	400
78	470	289
79	329	330
79	518	258
81	274	415
82	319	377
82	352	301
82	476	253
82	532	247
83	270	431
83	303	391
83	308	333
83	325	313
84	259	435
84	414	299
84	429	275
84	435	263
85	293	377
85	410	280
85	415	276
86	230	475
86	348	284
86	422	253
86	557	237
86	589	232
87	264	353
87	305	319
87	329	311
87	339	287
87	388	277
87	405	273
87	412	271
87	484	241
87	495	234
88	350	275
88	386	258
89	232	419
89	278	329
89	302	326
89	341	278
89	454	244
90	228	423
90	239	386
90	258	350
90	293	311
90	327	287
90	363	260
90	372	256
90	388	249
90	396	248
90	493	238
91	318	290
91	358	263
92	236	377
92	243	361
92	247	353
92	329	278
92	460	225
92	497	219
93	240	361
93	247	348
93	249	344
93	257	332
93	281	310
93	311	309
93	320	281
93	342	263
93	356	256
93	601	210
94	242	358
94	272	314
94	294	296
94	351	259
94	367	252
94	419	235
95	237	374
95	337	266
95	579	202
96	234	355
96	245	337
96	266	322
96	323	276
97	226	380
97	239	350
97	258	330
97	321	266
97	335	256
97	364	240
97	442	225
98	200	470
98	208	411
98	220	395
98	230	351
98	251	336
98	255	328
98	273	299
98	331	259
98	447	219
98	468	207
99	192	500
99	206	422
99	216	378
99	254	312
99	309	267
99	329	257
100	195	462
100	232	346
100	239	330
100	250	313
100	256	309
100	265	306
100	361	234
100	519	195
101	187	492
101	196	422
101	208	408
101	209	402
101	215	392
101	219	358
101	244	325
101	270	291
101	320	260
101	392	222
101	406	214
102	190	438
102	207	402
102	228	341
102	241	323
102	304	266
102	340	241
102	458	206
103	183	486
103	205	405
103	210	392
103	211	384
103	218	362
103	220	348
103	229	332
103	239	317
103	242	313
103	246	308
103	274	282
103	288	270
103	302	260
103	315	252
103	472	199
104	185	441
104	192	408
104	209	375
104	218	359
104	250	301
104	284	280
104	371	229
104	476	192
105	179	503
105	203	372
105	214	364
105	248	303
105	255	291
105	259	287
105	300	261
105	328	240
105	357	232
105	431	209
106	184	452
106	189	399
106	235	312
106	295	263
106	311	247
106	320	245
106	368	218
106	399	213
107	176	482
107	215	354
107	224	338
107	229	330
107	247	304
107	279	269
107	366	219
107	367	215
107	410	199
108	180	469
108	192	379
108	206	370
108	216	352
108	223	332
108	229	329
108	244	298
108	251	286
108	290	255
108	309	248
108	324	235
108	374	210
108	441	193
108	499	187
109	172	499
109	187	386
109	224	319
109	243	309
109	257	278
109	304	245
109	348	223
109	367	213
109	451	186
109	515	176
109	539	173
110	176	438
110	184	395
110	193	369
110	202	353
110	213	346
110	253	281
110	275	264
110	303	243
110	409	194
111	191	376
111	233	316
111	244	291
111	286	250
111	485	184
112	187	380
112	190	369
112	201	361
112	223	319
112	331	227
112	347	218
112	411	193
112	487	183
112	560	167
113	219	325
113	227	317
113	249	276
113	281	260
113	299	238
113	370	207
113	373	206
114	171	476
114	173	417
114	206	340
114	208	329
114	213	323
114	220	316
114	222	315
114	282	257
114	356	208
114	383	199
114	453	184
114	482	171
115	163	506
115	178	407
115	179	376
115	192	357
115	194	351
115	205	345
115	217	320
115	302	237
115	325	230
115	336	220
115	398	189
115	468	175
116	173	402
116	188	356
116	197	340
116	228	310
116	240	301
116	336	216
116	372	201
117	170	441
117	202	330
117	213	316
117	220	306
117	229	290
117	241	280
117	268	259
117	306	230
117	324	222
117	336	213
117	434	184
117	448	173
117	495	168
118	162	471
118	209	315
118	237	287
118	248	278
118	305	235
118	332	215
118	378	194
118	474	168
119	166	462
119	178	378
119	226	303
119	259	264
119	292	239
119	316	221
119	374	196
120	158	492
120	166	445
120	177	383
120	187	366
120	220	301
120	228	286
120	254	262
120	268	250
120	277	240
120	339	202
120	359	198
120	408	180
120	516	161
120	538	155
120	561	154
121	158	475
121	193	337
121	218	305
121	234	285
121	244	273
121	276	244
121	279	236
121	297	235
121	309	229
121	312	220
121	337	211
121	390	183
121	401	179
121	458	170
121	492	166
121	543	153
122	168	417
122	175	394
122	204	324
122	229	285
122	240	276
122	255	259
122	433	176
122	437	168
122	479	158
122	503	155
122	573	151
123	154	502
123	170	372
123	235	267
123	317	213
123	448	167
124	193	331
124	199	320
124	233	282
124	268	236
124	322	209
124	337	202
124	355	194
124	428	178
125	166	443
125	209	310
125	218	294
125	238	263
125	260	240
125	264	237
125	308	215
125	397	175
126	181	367
126	194	319
126	208	310
126	211	300
126	214	292
126	222	281
126	232	272
126	238	257
126	256	241
126	287	233
126	330	197
126	346	189
126	453	158
127	157	458
127	164	376
127	189	326
127	247	253
127	325	202
127	388	185
127	442	166
128	204	307
128	206	293
128	217	289
128	270	227
128	313	210
128	342	188
128	370	185
129	185	341
129	215	291
129	219	279
129	220	271
129	225	265
129	235	258
129	236	253
129	287	214
129	398	174
129	438	162
129	482	156
129	499	148
130	160	404
130	204	302
130	214	287
130	310	207
130	336	194
130	399	172
130	565	146
131	159	377
131	177	351
131	209	287
131	210	286
131	255	239
131	285	222
131	320	206
131	400	165
131	455	156
131	530	145
131	535	140
132	231	253
132	341	184
132	382	180
133	166	365
133	188	324
133	198	297
133	224	266
133	237	247
133	295	213
133	334	194
133	372	172
133	405	160
134	185	315
134	213	276
134	221	259
134	233	248
134	240	243
134	256	232
134	300	208
134	307	197
134	323	189
134	436	158
135	155	376
135	191	306
135	206	278
135	216	268
135	229	256
135	277	218
135	291	212
135	327	186
135	352	175
135	383	164
135	386	163
136	225	257
136	275	223
136	282	213
136	306	201
136	315	196
136	349	178
136	388	162
137	181	333
137	185	308
137	200	296
137	217	264
137	224	249
137	249	235
137	252	231
137	273	217
137	294	209
137	323	185
137	346	175
137	413	159
137	486	140
138	157	370
138	165	346
138	175	323
138	180	317
138	189	306
138	190	298
138	203	291
138	213	260
138	291	199
138	311	195
138	313	194
138	341	181
138	357	174
138	415	155
138	451	154
139	231	238
139	234	236
139	260	219
139	282	203
139	371	172
139	415	150
139	442	148
139	546	130
140	139	438
140	154	368
140	201	280
140	227	239
140	230	237
140	244	229
140	310	194
140	314	187
140	360	166
140	383	158
140	386	157
140	580	127
141	135	495
141	189	293
141	194	287
141	196	283
141	212	261
141	215	258
141	216	250
141	226	242
141	255	221
141	258	218
141	277	211
141	324	179
141	381	163
141	396	153
141	464	143
142	146	415
142	186	306
142	208	266
142	222	243
142	247	228
142	335	174
142	338	173
142	344	170
142	359	168
142	547	127
143	135	474
143	151	367
143	167	342
143	175	321
143	212	260
143	222	241
143	237	234
143	260	217
143	290	199
143	292	198
143	321	181
143	515	135
144	218	242
144	243	227
144	291	195
145	137	446
145	156	364
145	163	360
145	164	349
145	178	317
145	187	288
145	210	254
145	274	215
145	293	194
145	295	190
145	356	162
145	391	150
145	439	149
145	460	139
146	130	481
146	133	438
146	135	418
146	147	401
146	149	377
146	159	350
146	164	328
146	167	326
146	180	302
146	195	274
146	281	201
147	139	393
147	175	320
147	177	313
147	186	293
147	211	250
147	254	223
147	259	209
147	285	200
147	353	165
147	363	161
147	437	145
147	510	126
148	130	460
148	132	453
148	133	417
148	161	328
148	199	270
148	205	267
148	206	254
148	209	251
148	213	244
148	216	242
148	225	231
148	235	223
148	243	217
148	264	204
148	288	188
148	316	174
148	334	166
148	348	163
149	166	318
149	178	298
149	189	277
149	193	271
149	209	244
149	214	242
149	218	241
149	255	208
149	331	171
149	369	158
149	466	134
150	128	456
150	132	432
150	141	387
150	167	313
150	170	310
150	173	309
150	176	308
150	205	265
150	222	233
150	266	201
150	273	194
150	353	157
150	376	149
151	126	499
151	127	460
151	129	434
151	207	251
151	252	215
151	263	207
151	276	191
151	339	161
152	128	435
152	202	264
152	213	243
152	216	240
152	310	185
152	315	172
152	337	161
152	343	160
152	358	153
153	126	461
153	136	383
153	181	283
153	184	280
153	187	279
153	201	260
153	326	168
153	427	137
154	177	299
154	213	239
154	221	228
154	264	200
154	309	183
154	330	167
154	342	157
154	415	140
155	127	451
155	130	407
155	134	406
155	179	293
155	186	273
155	205	245
155	230	224
155	247	205
155	294	184
155	295	181
155	379	146
155	381	142
156	142	361
156	163	308
156	167	306
156	190	268
156	211	236
156	253	202
156	273	193
156	361	148
157	122	477
157	146	354
157	147	353
157	171	294
157	182	276
157	226	223
157	233	213
157	239	210
157	258	196
157	411	132
157	467	125
157	575	117
158	124	451
158	131	401
158	156	318
158	162	313
158	187	270
158	205	242
158	220	235
158	224	219
158	232	217
158	336	160
158	391	138
158	406	137
159	129	426
159	136	379
159	144	355
159	148	348
159	159	310
159	194	265
159	216	227
159	257	201
159	318	171
159	323	163
159	490	121
160	124	426
160	133	373
160	185	264
160	210	234
160	224	217
160	256	197
160	460	123
161	129	383
161	153	347
161	170	288
161	173	285
161	213	228
161	235	210
161	242	209
161	314	174
161	441	125
162	120	452
162	148	340
162	183	272
162	193	254
162	196	251
162	207	233
162	254	193
162	283	183
162	336	156
163	123	439
163	148	338
163	193	250
163	212	228
163	245	197
163	274	185
163	315	171
163	322	159
164	143	344
164	177	280
164	203	246
164	205	237
164	230	214
164	251	195
164	264	192
164	295	176
164	296	169
164	445	123
165	158	313
165	182	266
165	201	237
165	249	196
165	255	192
165	314	160
165	342	148
166	120	436
166	124	401
166	135	370
166	151	318
166	192	247
166	206	235
166	228	213
166	278	180
166	459	122
167	119	452
167	165	289
167	186	252
167	217	217
167	248	195
167	271	186
167	294	169
167	305	163
167	312	161
167	335	158
167	461	121
168	126	373
168	134	349
168	179	270
168	199	243
168	203	230
168	222	214
168	237	197
168	244	196
168	265	185
168	276	180
168	307	162
169	121	407
169	123	405
169	184	259
169	189	251
169	240	194
169	247	193
169	288	173
169	376	139
169	391	127
170	116	449
170	133	363
170	138	340
170	155	313
170	223	205
170	231	202
170	280	178
170	332	148
170	371	133
171	197	238
171	230	204
171	256	186
171	562	107
172	139	329
172	189	248
172	203	229
172	243	190
172	244	188
172	264	181
172	440	118
173	114	505
173	124	393
173	125	382
173	148	308
173	155	307
173	157	305
173	182	253
173	234	199
173	247	185
173	259	182
173	273	180
173	288	165
173	318	157
174	173	282
174	199	231
174	203	224
174	206	219
174	225	203
174	230	196
174	284	166
174	310	160
175	132	363
175	138	338
175	168	279
175	188	248
175	194	232
175	203	222
175	281	168
175	302	164
175	306	158
175	367	143
176	170	275
176	177	260
176	236	194
176	281	167
176	365	131
177	146	328
177	199	228
177	240	187
177	264	176
177	277	172
177	300	163
177	391	123
178	112	480
178	116	409
178	134	330
178	187	242
178	200	226
178	231	195
178	258	180
179	113	444
179	132	336
179	185	243
179	208	214
179	230	193
179	233	192
179	256	179
179	268	173
179	300	160
179	314	149
179	326	143
179	413	118
179	441	116
180	122	364
180	180	254
180	196	230
180	200	221
180	203	216
180	229	194
180	237	191
180	248	179
181	121	369
181	152	295
181	163	280
181	200	219
181	220	212
181	244	183
181	278	169
181	285	160
182	166	271
182	183	247
182	228	191
182	236	189
182	238	187
182	276	172
182	278	167
182	355	141
182	401	122
183	144	326
183	171	263
183	225	192
183	228	189
183	241	184
183	261	178
183	270	171
183	322	147
184	117	373
184	130	339
184	131	330
184	154	281
184	297	156
184	468	112
185	127	337
185	139	325
185	162	279
185	173	255
185	191	230
185	205	210
186	143	321
186	146	309
186	150	303
186	178	243
186	192	228
186	348	137
186	408	117
187	113	404
187	139	312
187	177	241
187	190	226
187	243	179
187	315	148
187	413	114
188	140	303
188	149	292
188	226	189
188	244	176
188	308	144
188	327	139
188	350	129
189	119	361
189	166	266
189	214	196
189	232	184
189	402	120
190	109	451
190	149	282
190	183	235
190	214	194
190	227	184
190	231	181
190	273	169
190	278	163
190	345	132
190	378	120
191	119	353
191	144	301
191	164	272
191	169	252
191	198	214
191	210	207
191	227	182
191	238	179
192	108	458
192	161	268
192	217	190
192	259	169
192	264	164
192	322	143
192	397	119
193	126	343
193	134	313
193	160	267
193	179	237
193	184	228
193	199	210
193	202	208
193	223	189
193	244	171
193	292	150
193	293	147
193	324	142
193	348	127
194	132	323
194	144	293
194	180	235
194	199	208
194	287	156
195	185	221
195	285	149
196	117	357
196	131	320
196	167	245
196	188	219
196	228	179
196	239	175
196	264	162
196	408	114
197	126	323
197	151	271
197	157	266
197	162	261
197	172	239
197	214	189
197	218	186
197	227	181
197	262	159
197	293	145
197	319	137
197	331	135
197	332	130
198	166	258
198	214	187
198	240	170
198	253	166
198	311	141
199	146	276
199	156	268
199	197	207
199	206	204
199	224	180
199	316	140
199	407	113
200	108	418
200	123	331
200	141	296
200	171	244
200	261	163
201	113	390
201	158	264
201	164	248
201	177	225
201	348	123
201	426	112
202	113	366
202	119	351
202	123	326
202	132	309
202	148	274
202	155	259
202	163	246
202	169	242
202	220	183
202	233	174
202	235	171
202	277	153
203	122	339
203	150	272
203	187	219
203	213	186
204	109	398
204	175	225
204	192	213
204	213	184
204	235	170
204	281	152
204	342	128
204	531	100
205	134	294
205	246	169
205	332	126
206	131	309
206	156	257
206	217	181
206	231	176
206	264	152
206	366	116
206	408	107
207	152	262
207	173	226
207	196	204
207	322	129
207	345	125
208	132	296
208	161	240
208	172	228
208	195	201
208	197	199
208	252	160
208	302	135
208	353	122
209	111	367
209	209	198
209	232	167
209	280	146
209	281	143
209	320	133
210	115	348
210	156	253
210	163	239
210	166	234
210	176	222
210	198	196
210	251	157
210	276	149
211	106	436
211	128	312
211	141	278
211	153	260
211	163	234
211	180	215
211	195	199
211	204	192
211	223	174
211	387	111
212	199	195
212	200	194
212	211	191
212	213	182
212	232	166
212	261	150
212	294	138
212	379	115
213	119	339
213	172	223
213	320	126
214	185	213
214	188	210
214	207	190
214	211	186
214	212	185
214	217	176
214	223	173
214	246	158
215	106	410
215	158	246
216	140	267
216	154	248
216	157	245
216	170	227
216	203	191
216	227	167
217	109	393
217	117	334
217	127	311
217	203	189
217	306	129
217	336	119
218	123	321
218	241	161
218	263	146
218	379	112
219	100	456
219	111	366
219	129	310
219	132	285
219	150	245
219	187	204
219	209	187
219	212	181
219	220	168
219	243	155
219	395	104
220	103	413
220	107	382
220	179	210
220	190	199
220	192	197
220	215	175
220	238	162
220	290	139
220	491	91
221	124	311
221	126	298
221	211	175
221	320	122
222	96	503
222	200	186
222	228	165
222	257	152
223	174	222
223	178	221
223	183	209
223	190	197
223	206	182
223	271	144
223	293	137
223	403	103
224	121	329
224	122	322
224	131	294
224	137	279
224	163	225
224	281	139
225	112	359
225	113	335
225	120	329
225	146	252
225	169	224
225	175	213
225	181	208
225	202	185
225	214	174
225	218	171
225	249	151
225	447	101
225	549	88
226	105	390
226	123	301
226	156	242
226	162	222
226	170	219
226	189	193
226	214	172
226	223	164
226	246	151
226	268	141
226	290	133
226	307	125
226	381	110
226	463	99
227	125	299
227	211	172
227	230	162
227	352	118
227	363	116
228	104	394
228	120	307
228	130	290
228	155	231
228	201	184
228	278	134
228	331	120
229	143	254
229	187	198
229	205	179
229	257	145
229	367	112
229	380	109
230	107	379
230	112	335
230	139	256
230	149	244
230	151	243
230	154	236
230	217	170
230	241	157
231	109	354
231	146	247
231	226	160
231	326	119
231	492	90
232	174	208
232	181	201
232	188	190
232	218	169
232	233	157
232	263	141
232	307	122
233	102	413
233	131	274
233	182	196
233	214	170
233	267	140
233	304	129
234	108	374
234	114	329
234	261	139
234	391	106
234	530	85
235	167	214
235	252	146
235	306	123
235	338	111
236	128	278
236	165	212
236	271	136
236	321	115
236	428	92
236	453	91
237	100	401
237	110	333
237	116	324
237	176	206
237	201	173
237	281	133
237	282	130
237	414	100
238	148	233
238	157	220
238	292	124
238	405	101
239	106	386
239	111	326
239	170	210
239	210	172
240	141	250
240	147	246
240	185	189
240	196	182
240	199	180
240	220	162
240	244	152
240	266	137
240	369	106
240	398	102
241	105	368
241	138	256
241	145	236
241	192	183
241	197	181
242	94	461
242	109	338
242	126	288
242	229	159
242	334	114
242	404	100
243	117	316
243	119	310
243	200	170
243	215	167
243	240	148
243	245	145
243	249	143
243	270	135
243	286	126
244	121	290
244	136	251
244	204	169
244	227	156
245	177	194
245	211	162
245	256	140
245	340	107
246	97	443
246	117	297
246	303	117
246	379	104
247	128	269
247	142	248
247	207	164
247	220	161
247	285	125
247	377	104
247	496	82
248	134	268
248	471	83
248	519	81
249	101	368
249	163	212
249	350	103
249	405	92
249	462	84
250	127	267
250	196	175
250	203	166
251	144	246
251	161	214
251	193	178
251	232	151
251	268	128
251	455	85
252	93	439
252	134	257
252	144	229
252	183	188
252	214	158
252	237	145
252	373	100
253	165	207
253	176	192
253	207	161
253	248	140
253	300	116
253	370	97
253	461	83
254	109	328
254	168	204
254	197	173
254	220	151
254	243	138
255	141	232
255	206	162
255	242	141
255	259	135
256	154	217
256	213	159
256	317	113
257	173	198
257	186	179
257	201	168
257	217	154
258	100	360
258	118	284
258	175	187
258	252	134
258	484	82
259	115	322
259	121	282
259	140	247
259	165	206
259	182	182
259	195	173
259	223	147
260	97	383
260	116	286
260	152	211
260	291	119
260	499	78
261	95	397
261	193	173
261	235	146
261	271	123
261	286	119
261	460	82
261	495	79
261	522	77
262	134	241
262	161	201
262	166	200
262	245	137
262	265	131
262	483	81
263	98	382
264	140	236
264	189	175
264	230	144
264	498	77
265	95	395
265	211	159
265	521	76
266	194	166
266	264	132
266	328	110
266	452	83
267	137	240
267	192	171
267	316	112
267	473	81
268	94	436
268	101	347
268	139	230
268	141	223
268	151	215
268	196	165
268	201	158
268	285	118
268	457	80
269	118	279
269	125	259
269	167	189
270	122	274
270	139	225
270	164	199
270	205	155
270	224	144
270	511	76
271	98	365
271	110	294
271	120	274
271	214	152
271	291	113
271	341	105
272	117	277
272	171	183
272	189	173
272	201	156
272	248	132
272	280	121
272	300	108
273	125	255
273	132	240
273	150	214
274	94	387
274	148	207
274	199	163
274	286	116
275	341	102
275	361	101
276	97	378
276	120	269
276	146	209
276	162	192
277	114	281
278	91	441
278	102	325
278	186	174
278	192	164
278	200	153
278	217	151
278	235	143
278	242	132
278	385	94
278	389	89
279	89	488
279	111	282
279	170	187
279	224	141
279	342	99
279	444	79
280	130	241
280	211	145
280	221	144
280	234	132
280	424	81
281	95	380
281	190	167
281	265	125
281	367	94
281	373	91
281	415	87
281	542	75
282	158	193
282	182	174
282	187	167
282	223	141
282	265	121
282	354	94
283	123	262
283	129	236
283	163	185
283	203	149
284	196	161
284	279	119
285	88	459
285	135	224
285	156	200
285	195	160
285	199	153
285	214	141
285	232	138
285	330	104
285	338	96
285	453	78
286	144	208
286	271	118
286	319	107
287	118	270
287	193	159
287	198	156
287	268	117
287	324	106
288	132	229
288	189	162
288	224	138
288	245	127
288	261	120
288	329	100
288	484	75
289	96	348
289	122	258
289	144	207
289	227	136
289	291	112
290	83	508
290	155	202
290	178	170
290	214	140
290	221	139
290	242	124
290	407	81
290	436	80
291	191	155
291	238	127
292	101	314
292	127	253
292	153	199
292	220	137
292	226	136
292	404	86
292	529	73
293	474	75
294	132	226
294	372	86
295	149	194
295	186	166
295	226	134
295	285	115
295	290	114
296	92	425
296	115	255
296	177	177
296	298	110
296	398	81
297	82	499
297	92	402
297	114	273
298	87	482
298	101	308
298	128	245
298	160	189
298	169	179
298	188	164
298	227	133
298	276	111
299	97	321
299	143	215
299	169	172
299	175	164
299	233	128
299	355	90
299	382	83
300	95	348
300	245	119
300	252	118
300	291	110
300	363	86
300	378	85
301	156	184
301	160	183
301	182	156
301	232	125
301	324	93
301	344	92
301	408	79
302	86	437
302	223	132
302	230	126
303	91	418
303	98	310
303	166	182
303	347	88
303	457	75
304	109	267
304	122	246
304	201	148
304	203	145
304	214	138
305	111	260
305	128	222
305	148	206
306	107	305
306	124	240
306	271	108
307	76	546
307	103	303
307	119	249
307	221	128
308	144	197
308	149	192
309	90	424
309	127	239
309	155	181
310	90	401
310	117	241
310	132	212
310	141	204
311	85	481
311	106	272
311	167	177
311	188	150
311	199	146
311	235	120
311	274	104
312	121	234
312	130	214
312	139	203
312	168	172
312	251	114
313	229	126
313	248	115
313	297	99
314	75	537
314	80	502
314	94	375
314	137	205
314	180	159
314	206	140
314	238	119
314	378	81
315	124	230
316	83	429
316	95	337
316	200	140
316	219	132
316	221	125
317	97	299
317	173	169
317	193	149
317	224	123
318	92	326
318	142	198
318	156	174
318	176	158
319	141	199
319	232	121
319	262	112
320	87	417
320	163	166
320	197	138
320	450	74
321	77	464
321	243	116
321	345	91
322	128	213
323	102	283
323	126	220
323	181	157
323	323	94
324	104	268
324	116	234
324	136	200
324	148	196
324	214	137
324	278	101
326	146	191
326	224	120
326	254	110
327	97	291
327	126	213
327	147	187
327	183	151
327	223	124
328	122	228
328	167	164
328	584	69
329	81	428
330	89	397
330	112	247
330	173	162
330	193	139
330	239	117
330	304	96
331	73	540
331	133	199
331	235	118
331	246	111
332	76	449
332	91	315
332	211	125
332	405	79
332	531	72
333	140	190
334	95	307
334	154	185
335	173	160
336	186	145
336	238	117
336	267	102
336	417	77
337	106	263
337	140	189
337	144	188
337	159	168
337	169	160
337	235	113
338	91	309
338	92	308
338	97	285
338	111	248
338	123	215
338	417	74
339	78	444
339	107	249
339	153	171
340	94	294
340	139	187
340	150	182
340	151	176
340	174	152
340	229	113
341	96	291
342	73	485
342	146	178
343	101	275
344	71	539
344	128	202
344	133	197
344	252	109
345	74	448
345	88	322
345	101	264
345	104	254
345	163	158
345	172	156
345	228	118
345	287	92
346	95	287
346	108	242
346	116	223
346	179	150
347	71	510
347	91	303
347	310	87
348	72	503
348	82	392
348	104	252
348	143	186
348	344	81
349	124	212
349	470	70
350	85	380
350	113	239
350	154	169
350	228	114
351	84	349
351	88	316
351	183	149
351	225	119
351	373	79
351	416	73
352	93	292
352	100	276
352	190	141
352	204	131
353	70	528
353	80	405
353	135	192
353	172	147
353	186	140
355	71	464
355	151	172
355	160	163
355	193	131
355	210	129
355	218	117
355	325	83
355	398	75
356	70	500
356	183	140
356	397	74
357	84	343
357	144	184
357	479	69
357	521	68
358	88	309
358	114	224
358	168	157
358	219	114
358	303	89
358	458	70
359	78	397
359	106	240
359	150	174
359	155	168
360	91	294
360	123	204
360	188	136
361	147	169
361	164	155
362	306	85
362	469	69
363	78	389
363	131	192
363	143	175
363	152	167
364	75	412
364	78	386
364	109	236
364	204	128
365	85	322
365	122	206
366	98	261
366	163	151
366	587	66
367	88	303
367	137	185
368	80	383
368	230	109
368	251	106
368	261	104
369	73	425
369	78	383
369	120	214
369	153	162
369	179	142
370	91	289
370	94	282
370	280	90
371	81	349
371	85	316
371	109	227
371	160	153
372	77	404
372	97	276
372	520	67
373	69	469
373	143	173
373	201	128
373	259	100
374	68	505
375	150	164
375	211	123
375	224	111
376	105	237
376	135	181
376	139	180
376	190	128
377	180	137
377	302	84
378	142	172
378	220	109
379	359	76
379	376	74
380	176	143
381	116	216
381	171	145
381	205	121
382	131	185
382	184	130
382	289	86
383	102	258
383	177	141
383	212	112
384	91	284
384	122	199
384	127	191
384	138	176
384	155	154
385	434	69
386	71	431
386	134	182
386	246	100
387	71	430
387	74	413
387	254	98
387	375	74
388	118	211
388	145	165
389	80	374
389	85	305
389	219	109
390	88	289
390	98	260
390	164	145
391	77	382
391	120	203
391	154	161
391	170	141
392	75	396
392	157	150
393	83	319
393	142	168
393	177	132
393	211	116
394	76	395
394	136	180
394	161	149
395	139	173
396	128	187
396	147	161
396	208	120
397	146	164
397	167	143
398	103	235
398	135	178
398	160	149
398	225	103
399	80	332
399	91	277
399	139	169
400	167	140
400	201	119
401	101	245
401	161	148
401	173	136
402	128	185
402	207	117
402	315	81
403	116	205
403	152	158
403	181	127
404	209	109
404	224	108
404	373	72
405	123	196
405	135	173
405	163	147
405	191	119
405	323	78
406	119	204
407	78	355
407	97	268
407	131	179
407	170	138
407	264	90
407	282	84
408	189	125
411	138	172
411	161	142
411	178	130
412	151	158
412	235	97
413	81	315
413	145	163
413	189	122
414	174	129
414	337	76
414	448	67
415	89	278
415	169	138
415	269	88
415	309	83
416	301	80
417	166	136
418	68	436
418	96	252
418	132	178
418	143	161
418	164	140
419	66	461
419	67	447
419	132	175
419	137	172
420	76	382
420	225	100
421	98	245
421	156	147
421	164	137
421	198	116
422	67	444
422	102	240
422	340	75
422	350	74
423	76	358
424	146	160
424	177	124
424	250	90
424	266	89
424	277	85
425	132	173
426	71	396
426	120	193
426	153	151
426	188	116
427	77	337
427	128	179
428	75	371
428	167	135
428	208	107
428	261	89
429	75	357
430	332	76
431	79	318
431	117	204
431	119	199
431	126	190
432	73	392
432	112	223
433	439	68
434	86	286
434	110	220
434	142	160
434	149	155
434	421	68
435	77	332
435	200	109
436	156	146
436	229	96
436	356	71
437	179	120
437	228	95
438	68	420
438	222	101
438	265	87
438	271	83
439	129	175
439	190	112
439	209	106
440	67	435
440	76	351
441	66	450
441	78	320
441	94	254
441	161	137
441	209	103
442	566	61
443	70	398
444	262	85
445	197	111
445	338	74
445	559	61
446	115	199
447	150	148
447	240	90
449	147	159
449	199	110
449	238	92
449	355	70
450	75	339
451	78	318
451	123	190
451	260	85
451	347	72
452	101	233
452	109	223
452	124	186
454	67	416
454	139	160
455	64	458
455	147	155
456	84	301
457	153	143
457	176	120
458	146	159
459	187	112
460	77	322
460	95	251
460	134	168
461	246	87
462	69	409
462	71	372
462	112	213
462	206	100
464	596	60
465	70	381
465	172	134
466	112	199
466	134	167
467	62	497
467	147	148
469	88	273
469	93	253
470	100	236
471	160	141
472	160	139
472	316	75
472	542	60
474	62	474
474	73	361
474	108	213
475	78	314
476	69	397
477	150	143
477	298	76
477	331	73
477	532	60
478	71	371
480	231	90
481	98	232
482	115	197
482	203	100
482	244	86
482	259	83
482	326	72
484	322	74
484	418	66
486	274	79
487	62	463
488	71	369
489	74	353
489	352	69
491	109	212
492	265	81
492	603	59
493	165	126
493	313	73
494	81	299
495	145	149
496	68	391
497	554	59
499	97	235
499	263	81
500	281	78
500	307	74
501	229	89
502	257	83
503	61	496
503	105	212
504	75	338
504	140	159
506	75	331
506	337	70
507	61	481
507	139	158
509	249	83
509	466	61
510	186	114
511	170	124
512	288	76
512	461	61
513	306	73
513	488	60
514	110	201
515	66	407
516	119	183
517	71	361
517	158	131
518	70	371
518	241	88
521	77	319
522	274	78
523	148	145
525	138	158
525	153	135
529	91	257
531	183	111
532	85	281
533	123	176
533	510	59
536	244	84
537	68	387
538	135	157
540	72	352
542	200	107
543	126	171
545	334	70
548	143	145
549	179	114
549	221	90
555	170	121
558	258	82
565	447	60
576	481	59
617	476	59
