43	165	206
43	191	199
44	157	223
44	168	180
46	150	220
47	169	163
47	181	160
48	145	202
48	181	149
49	148	176
50	168	153
50	182	143
50	186	139
50	216	137
51	145	186
51	163	150
51	169	143
51	194	136
52	137	199
52	149	159
52	161	156
52	195	132
53	181	140
53	186	130
54	144	170
54	159	156
54	165	134
54	174	131
55	130	179
55	148	167
55	155	149
55	162	139
55	179	119
56	129	218
56	138	169
56	143	150
56	156	139
56	160	137
57	127	189
57	149	145
57	151	142
57	205	110
58	119	202
58	131	162
58	158	134
59	139	152
59	144	133
59	167	128
60	116	212
60	158	130
60	162	125
60	170	122
61	116	207
61	120	185
61	143	143
61	161	120
62	125	153
62	152	128
62	176	119
62	184	116
63	130	152
63	137	145
63	151	132
63	158	120
63	187	111
64	122	163
64	145	125
64	163	115
64	167	114
64	184	113
64	202	110
64	210	107
65	114	176
65	122	158
65	126	136
65	151	123
65	184	111
65	187	109
66	120	171
66	169	112
66	206	101
67	111	186
67	117	167
67	143	123
67	156	122
67	160	110
68	111	181
68	115	159
68	123	141
68	130	132
68	134	131
68	142	128
68	203	100
68	244	99
69	149	122
69	174	104
70	105	200
70	106	190
70	147	119
70	149	117
70	151	109
70	159	106
70	176	100
70	212	94
71	112	164
71	118	158
71	119	142
71	132	127
71	137	125
71	142	119
71	170	101
71	185	99
71	200	95
71	219	91
72	124	135
72	185	97
72	202	91
73	129	132
73	139	118
73	147	117
73	148	114
73	211	90
74	111	151
74	112	141
74	199	91
75	126	122
75	156	101
75	171	100
76	100	204
76	101	194
76	123	136
76	143	111
76	183	95
76	198	91
76	225	82
77	100	174
77	101	164
77	109	146
77	116	137
77	124	122
77	147	106
77	168	100
77	171	97
77	197	91
78	123	127
78	145	107
78	178	90
78	203	86
79	98	199
79	107	148
79	141	109
79	158	96
79	177	91
80	98	169
80	106	155
80	107	145
80	111	143
80	121	129
80	128	118
80	135	112
80	155	104
80	171	92
80	186	89
80	223	80
81	95	214
81	110	140
81	170	92
81	203	82
82	104	153
82	115	134
82	123	125
82	145	105
82	148	101
82	149	95
82	157	92
82	164	90
82	212	80
83	95	178
83	96	168
83	104	150
83	117	128
83	119	126
83	130	113
83	135	111
83	183	84
83	190	83
84	111	137
84	112	127
84	122	121
84	126	119
84	139	106
84	171	85
84	183	83
85	109	141
85	137	104
85	145	103
85	165	86
85	190	82
85	195	80
85	209	75
86	93	173
86	106	142
86	110	127
86	116	121
86	133	111
86	174	83
86	182	80
86	197	76
86	204	75
87	102	163
87	109	125
87	124	108
87	146	99
87	154	87
87	168	84
87	176	81
87	199	75
87	221	71
88	90	188
88	135	105
88	200	74
88	208	71
89	89	197
89	95	165
89	99	150
89	107	134
89	114	123
89	115	119
89	143	100
89	145	92
89	207	73
90	98	148
90	113	121
90	142	97
90	143	93
90	174	82
91	98	146
91	104	145
91	105	134
91	141	94
91	182	78
92	104	139
92	105	131
92	108	127
92	119	115
92	123	109
92	126	107
92	133	98
92	159	83
92	173	75
93	104	129
93	108	126
93	114	120
93	118	118
93	120	114
93	170	80
93	172	76
93	208	69
94	107	124
94	111	122
94	122	113
94	132	103
94	146	87
94	150	85
94	160	81
94	162	76
94	190	74
95	90	169
95	93	162
95	96	148
95	99	142
95	102	126
95	117	116
95	122	107
95	130	106
95	131	104
95	181	73
95	198	67
95	208	65
96	93	152
96	95	130
96	110	113
96	116	107
96	125	105
96	129	104
96	130	99
96	137	92
96	155	78
96	194	72
96	235	64
97	109	111
97	124	100
97	128	98
97	135	93
97	143	91
97	151	80
97	159	77
97	247	61
98	91	149
98	101	124
98	131	97
98	141	91
98	187	64
99	84	153
99	99	126
99	115	105
99	127	95
99	132	92
99	144	85
99	175	73
99	237	60
100	106	119
101	90	137
101	94	132
101	105	120
101	119	103
101	144	82
101	149	79
101	154	76
101	162	71
101	211	63
101	245	59
102	90	134
102	100	125
102	104	118
102	108	112
102	123	101
102	126	93
102	210	63
102	216	59
103	93	129
103	137	89
103	143	88
103	147	78
103	153	77
103	180	64
103	227	57
104	82	197
104	114	106
104	122	95
104	127	92
104	132	89
104	151	77
104	153	76
104	158	75
104	172	65
104	211	62
104	213	61
105	78	224
105	79	157
105	88	144
105	99	123
105	102	112
105	111	110
105	131	90
105	141	83
105	145	78
105	179	64
105	189	62
105	201	60
106	95	116
106	110	105
106	121	101
106	125	91
106	141	82
106	156	75
106	165	67
106	251	54
107	92	130
107	108	109
107	120	96
107	139	88
107	184	63
107	218	57
107	246	52
108	77	167
108	101	110
108	113	100
108	118	97
108	145	76
108	154	71
108	158	69
108	173	64
108	185	60
109	76	217
109	88	141
109	93	124
109	114	98
109	139	86
109	184	60
109	195	58
109	230	53
110	91	122
110	137	85
110	163	62
110	211	54
110	220	53
110	225	51
111	84	143
111	90	123
111	94	117
111	109	106
111	112	98
111	124	92
111	151	75
111	172	60
112	74	227
112	84	138
112	87	133
112	116	93
112	121	90
112	133	83
112	137	78
112	143	77
113	100	111
113	109	101
113	132	88
113	175	58
113	190	53
113	199	52
113	250	48
114	82	132
114	108	101
115	99	111
115	107	106
115	110	100
115	111	96
115	126	89
115	127	87
115	137	76
115	155	67
115	168	58
116	89	129
116	93	121
116	94	114
116	106	101
116	147	74
116	213	51
117	76	151
117	82	131
117	85	127
117	92	116
117	112	94
117	132	84
117	134	77
117	139	74
117	155	62
117	161	61
117	208	49
118	71	190
118	72	175
118	78	138
118	100	103
118	115	89
118	125	88
118	232	47
119	77	139
119	108	100
119	114	92
119	130	84
119	255	45
120	97	112
120	110	97
120	121	87
120	125	86
120	131	81
120	173	51
121	75	155
121	87	121
121	91	119
121	102	98
121	107	95
121	123	83
121	133	80
122	91	117
122	119	87
122	145	72
122	147	68
122	224	48
122	249	44
122	256	42
123	70	222
123	71	155
123	84	129
123	89	118
124	83	127
124	92	114
124	94	109
124	123	81
124	132	80
124	137	73
124	142	72
124	144	69
124	151	65
124	164	60
125	72	143
125	79	134
125	95	103
125	132	76
125	149	65
125	175	50
126	69	165
126	98	99
126	120	82
126	129	80
126	141	67
126	238	43
127	82	130
127	101	94
127	113	87
127	115	84
127	120	81
127	136	69
127	160	61
127	162	58
128	79	131
128	83	124
128	89	115
128	94	105
128	100	97
128	154	63
128	169	57
129	93	105
129	111	91
129	118	83
129	123	80
129	129	79
129	159	56
129	169	53
129	200	49
130	76	136
130	78	133
130	87	114
130	91	108
130	94	104
130	96	101
130	112	85
130	154	58
130	191	49
130	208	45
130	260	41
131	97	100
131	110	91
131	111	89
131	127	78
132	72	137
132	84	121
132	100	95
132	109	88
132	128	75
132	135	70
133	65	178
133	82	119
133	89	112
133	96	98
133	130	74
133	133	71
133	205	45
134	84	118
134	85	116
134	105	91
134	111	86
134	113	83
134	118	81
134	127	74
134	128	73
134	218	42
135	95	98
135	146	64
135	156	57
136	63	188
136	64	173
136	65	168
136	81	121
136	85	113
136	87	110
136	99	97
136	148	63
137	79	129
137	90	109
137	122	76
138	67	141
138	71	139
138	84	114
138	121	75
138	153	62
139	62	183
139	63	178
139	70	136
139	76	129
139	78	120
139	82	113
139	89	109
139	99	90
139	104	87
139	112	84
139	119	80
139	234	41
140	73	130
140	75	128
140	81	119
140	87	108
140	96	96
140	104	86
140	153	58
140	188	43
140	226	40
141	65	151
141	77	125
141	99	88
141	104	85
141	116	79
141	125	73
141	142	64
142	61	195
142	89	106
142	114	82
142	119	76
142	166	53
143	90	99
143	94	96
143	112	81
143	114	78
143	117	76
143	122	74
143	124	73
143	130	70
143	166	52
144	75	127
144	79	118
144	95	91
144	144	62
145	60	209
145	72	122
145	93	96
145	116	76
145	129	71
145	140	68
145	190	42
146	64	165
146	86	110
146	87	103
146	95	89
146	108	81
146	143	62
147	61	183
147	63	153
147	69	133
147	71	132
147	78	116
147	130	69
147	132	68
148	62	164
148	70	132
148	82	109
148	86	108
148	94	89
148	106	84
148	111	78
148	155	57
148	230	39
149	64	141
149	85	108
149	119	72
149	125	71
149	140	66
149	154	57
149	162	52
150	69	131
150	104	84
150	106	82
150	110	78
150	134	65
150	148	58
150	169	50
151	60	159
151	61	154
151	75	117
151	102	86
151	143	60
151	160	53
152	59	169
152	63	147
152	87	101
152	129	70
152	134	63
152	137	61
152	177	49
153	78	112
153	82	103
153	86	100
153	91	95
153	100	85
153	149	56
153	156	55
154	58	169
154	68	134
154	83	101
154	98	86
154	118	73
154	163	50
154	200	40
155	57	199
155	71	120
155	88	94
155	91	91
155	105	83
155	128	69
155	131	68
156	57	179
156	59	155
156	63	146
156	69	122
156	114	77
157	67	128
157	77	109
157	99	85
157	104	83
157	139	60
157	180	47
158	57	173
158	78	107
158	82	100
158	109	77
158	115	75
158	132	67
158	158	54
159	67	124
159	71	115
159	100	83
159	108	79
159	115	74
159	202	39
160	64	131
160	66	130
160	87	96
160	88	91
160	102	82
160	104	78
160	109	75
160	147	57
161	58	166
161	88	90
161	111	74
161	121	70
161	131	67
161	160	52
162	59	139
162	66	124
162	85	96
163	74	111
163	79	105
163	94	88
163	99	82
163	110	74
163	181	44
164	72	109
164	195	40
165	100	79
165	105	77
165	113	73
166	78	100
166	94	84
166	117	71
166	122	69
166	127	65
167	55	155
167	71	111
167	82	96
167	99	79
167	167	49
168	54	184
168	66	122
168	85	92
168	112	72
168	126	65
169	62	132
169	64	120
169	68	114
169	87	90
169	88	87
170	92	85
171	61	136
171	107	76
171	119	70
171	130	62
171	144	58
171	158	52
171	179	42
172	63	123
172	71	110
172	99	78
172	106	76
172	108	75
172	117	68
172	155	52
173	83	93
173	123	65
173	133	61
174	72	104
174	76	101
174	96	81
174	107	75
174	117	66
174	152	55
174	157	50
175	54	152
175	129	61
175	158	49
176	81	95
176	82	92
176	146	53
177	59	134
177	71	107
177	111	73
178	173	46
178	176	44
178	207	37
179	68	112
179	73	102
179	93	83
180	53	160
180	60	128
181	104	77
181	175	44
181	206	37
182	58	133
182	66	114
182	70	105
182	83	89
182	106	75
182	116	69
182	127	62
182	139	59
183	113	68
184	60	123
184	98	79
184	105	73
186	123	63
188	79	95
188	81	94
188	94	78
188	111	69
189	65	116
189	121	64
190	103	77
191	87	84
191	124	61
192	77	96
192	174	41
194	63	118
194	69	106
194	75	100
194	132	58
194	159	47
194	172	42
195	51	185
195	102	74
195	173	41
196	79	94
196	114	66
196	120	65
196	161	45
197	53	152
197	55	136
197	78	95
197	85	87
197	141	52
198	64	117
199	67	111
199	78	94
199	92	83
199	193	39
200	52	164
200	88	82
201	101	76
202	52	160
202	54	144
202	63	116
202	67	107
202	80	91
203	58	129
203	101	74
203	113	67
203	122	62
205	119	65
207	50	185
207	82	87
210	81	90
211	121	62
212	51	166
212	119	60
215	167	41
216	100	73
217	156	44
218	52	159
219	75	96
219	90	80
221	137	57
222	51	164
225	130	56
226	77	94
226	90	78
228	102	69
229	49	185
230	78	89
232	134	52
233	53	149
234	48	198
234	89	81
234	110	66
236	115	65
240	108	64
243	50	171
245	145	48
250	85	85
254	86	80
257	85	83
260	123	56
