49	387	423
49	401	406
49	407	399
51	365	366
52	322	422
52	326	401
52	330	384
52	335	366
52	341	359
52	349	357
52	365	348
52	382	335
52	399	331
54	339	317
54	352	309
54	402	295
55	285	400
55	287	349
55	293	342
55	309	327
55	342	316
55	361	293
55	378	289
55	401	285
56	282	357
56	289	332
56	308	328
56	309	326
56	324	310
56	413	275
57	304	317
57	365	270
58	265	345
58	323	286
59	286	303
60	300	286
60	336	280
60	353	276
61	254	369
61	280	324
61	324	271
61	359	249
61	365	243
62	264	320
62	273	318
62	335	253
63	267	309
63	286	276
63	342	243
64	247	340
64	257	323
64	272	297
64	284	277
64	291	269
64	300	259
64	336	249
64	343	234
64	352	232
65	245	378
65	250	329
65	257	310
65	324	237
65	359	222
66	249	325
66	267	277
66	335	226
67	242	324
67	250	323
67	281	260
67	333	225
67	341	216
68	245	320
68	248	298
68	275	274
68	291	242
68	330	228
68	336	222
69	238	312
69	277	257
69	310	231
69	324	210
69	348	208
70	222	373
70	231	318
70	270	260
70	280	252
70	313	222
71	253	271
71	265	251
71	272	243
72	231	312
72	249	277
72	279	238
72	294	232
72	305	211
72	330	201
72	337	192
73	226	309
74	212	355
74	243	263
74	261	248
74	298	213
75	215	344
75	219	338
75	224	310
75	236	269
75	249	257
75	266	240
75	311	202
76	206	351
76	225	299
76	252	247
76	263	235
76	287	207
76	355	181
77	230	266
77	235	260
77	240	258
77	260	227
77	261	226
77	307	206
78	197	392
78	202	336
78	207	310
78	210	299
78	287	201
78	305	200
79	227	265
79	242	237
79	256	230
79	340	190
79	366	170
79	398	169
80	193	377
80	196	333
80	226	284
80	232	246
80	290	197
80	322	178
80	377	166
81	199	305
81	202	294
81	228	261
81	249	232
81	250	231
81	298	184
81	362	169
82	187	374
82	211	275
82	230	243
82	266	212
82	321	174
82	366	168
82	413	160
83	198	295
83	217	255
83	237	239
83	283	202
83	383	164
84	192	319
84	200	284
84	206	282
84	209	271
84	227	245
84	253	220
84	255	214
84	271	209
84	272	199
84	279	185
84	348	169
84	381	159
85	179	389
85	184	333
85	190	320
85	207	273
85	237	227
85	246	218
85	253	204
85	257	201
85	305	173
86	181	358
86	205	259
86	209	250
86	226	242
86	231	220
87	175	374
87	192	279
87	216	248
87	248	217
87	332	161
87	404	146
88	189	300
88	214	237
88	218	228
88	224	224
88	239	215
88	255	203
88	258	196
88	268	184
88	286	174
89	176	329
89	179	318
89	201	257
89	212	249
89	381	154
90	223	225
90	245	201
90	265	193
90	287	173
90	308	170
90	316	160
90	340	153
90	395	141
91	171	364
91	174	316
91	181	315
91	214	229
91	219	224
91	229	216
91	242	212
91	245	194
91	249	185
91	298	169
92	179	290
92	183	284
92	197	258
92	199	257
92	219	213
92	223	204
92	411	134
92	421	133
93	168	330
93	175	314
93	177	300
93	192	256
93	206	233
93	216	223
93	231	195
93	280	179
93	285	173
93	331	151
93	365	143
94	203	254
94	273	167
94	312	156
94	348	148
95	159	414
95	161	359
95	166	317
95	174	302
95	181	280
95	266	184
95	268	170
95	354	145
96	155	417
96	164	318
96	176	282
96	183	275
96	202	244
96	214	210
96	219	201
96	251	177
96	285	159
96	300	154
96	319	151
96	329	148
96	359	140
96	387	136
96	397	135
97	159	380
97	171	284
97	185	267
97	196	241
97	206	213
97	214	206
97	234	189
97	373	134
98	159	362
98	189	242
98	197	238
98	225	190
98	303	152
98	331	142
98	380	133
98	399	129
99	150	423
99	151	392
99	156	380
99	159	317
99	166	299
99	182	258
99	206	210
99	248	170
99	281	163
99	318	148
99	366	134
99	395	130
100	180	272
100	204	217
100	212	205
100	213	202
100	310	148
100	324	144
100	367	133
100	406	127
100	408	125
101	153	366
101	160	296
101	166	290
101	195	234
101	206	202
101	208	201
101	213	199
101	236	188
101	237	176
101	265	167
101	302	146
101	350	137
101	405	124
102	176	259
102	184	243
102	218	187
102	238	170
102	261	163
102	279	155
102	354	132
102	424	122
103	158	359
103	171	261
103	178	256
103	185	238
103	193	227
103	195	224
103	202	212
103	252	169
103	294	145
103	307	141
103	361	129
104	152	383
104	153	352
104	154	299
104	170	284
104	189	219
104	197	215
104	206	197
104	209	192
104	265	162
104	269	158
104	319	138
104	343	130
105	141	428
105	149	384
105	151	338
105	180	253
105	182	241
105	196	212
105	203	195
105	215	180
105	242	169
105	293	145
105	317	138
105	327	137
106	141	385
106	147	333
106	153	323
106	180	249
106	196	201
106	270	153
106	288	145
106	364	123
107	144	369
107	164	287
107	174	250
107	180	244
107	181	237
107	187	223
107	195	211
107	283	151
107	314	134
108	173	258
108	178	249
108	185	217
108	189	208
108	191	207
108	228	179
108	233	176
108	268	155
108	310	140
108	393	120
108	407	116
109	140	393
109	163	260
109	178	233
109	185	215
109	190	204
109	235	175
109	236	161
109	299	141
109	306	133
109	319	129
109	325	128
110	154	276
110	168	253
110	176	246
110	198	189
110	213	188
110	225	170
110	255	160
110	269	151
110	342	127
110	411	114
111	133	419
111	136	369
111	143	345
111	166	256
111	174	225
111	189	203
111	191	201
111	207	182
111	236	160
111	255	153
111	259	148
111	293	139
111	305	133
111	348	120
111	365	119
112	146	329
112	163	253
112	186	201
112	208	176
112	232	165
112	237	157
112	291	139
112	338	123
113	151	302
113	179	207
113	198	188
113	217	169
113	258	148
113	312	131
113	329	126
113	348	119
113	385	118
113	397	112
114	142	353
114	144	307
114	147	303
114	152	300
114	153	287
114	207	180
114	225	167
114	231	166
114	235	156
114	245	153
114	257	151
114	273	138
115	142	305
115	149	285
115	163	237
115	174	222
115	189	194
115	209	175
115	248	149
116	134	328
116	168	230
116	173	210
116	185	201
116	186	198
116	197	184
116	219	167
116	225	166
116	234	160
116	251	148
116	361	113
116	402	109
117	126	399
117	136	313
117	145	293
117	168	219
117	204	172
117	271	136
117	288	129
117	314	122
117	325	121
117	341	120
118	149	262
118	184	197
118	194	181
118	202	175
118	240	154
118	410	105
119	125	385
119	142	294
119	205	170
119	206	167
119	216	166
119	224	162
119	248	141
119	270	136
120	158	261
120	161	257
120	162	222
120	195	176
120	222	162
120	247	144
120	286	132
120	299	125
120	301	124
120	328	116
121	131	331
121	142	282
121	159	233
121	168	216
121	174	204
121	181	197
121	192	188
121	202	174
121	206	166
121	216	161
121	221	160
121	229	154
121	247	141
121	327	118
122	128	359
122	135	296
122	148	273
122	163	219
122	178	189
122	186	183
122	202	171
122	203	169
122	206	165
122	207	163
122	236	151
122	238	141
122	286	131
123	123	373
123	137	281
123	142	276
123	144	261
123	168	213
123	177	203
123	185	184
123	187	180
123	228	154
123	270	135
123	291	123
123	327	117
123	409	107
124	117	419
124	127	345
124	129	314
124	142	269
124	157	250
124	158	228
124	164	210
124	187	174
124	190	172
124	196	169
124	202	163
124	290	125
124	314	119
124	335	112
125	118	395
125	123	351
125	131	299
125	162	213
125	170	209
125	174	193
125	175	189
125	215	151
125	253	132
125	283	122
125	311	120
126	151	240
126	168	207
126	173	187
126	294	118
126	402	101
127	118	374
127	128	341
127	137	270
127	152	230
127	157	225
127	159	222
127	186	176
127	198	167
127	201	160
127	265	129
127	279	128
128	124	333
128	132	288
128	142	258
128	147	244
128	149	239
128	157	218
128	171	202
128	177	179
128	183	175
128	203	158
128	215	150
128	250	132
129	123	327
129	131	288
129	134	283
129	137	258
129	142	253
129	144	250
129	149	229
129	164	201
129	192	164
129	209	149
129	285	119
129	323	111
129	337	110
129	362	101
130	120	355
130	126	315
130	127	294
130	142	246
130	158	216
130	161	210
130	162	199
130	169	191
130	225	145
130	233	134
130	237	132
130	267	122
130	307	114
130	318	110
131	119	326
131	131	276
131	138	250
131	152	219
131	159	211
131	180	168
131	189	165
131	217	147
131	358	109
132	113	390
132	121	310
132	147	233
132	149	228
132	157	207
132	167	191
132	174	186
132	177	176
132	182	167
132	185	165
132	189	157
132	197	156
132	264	127
132	272	121
132	281	120
132	294	115
132	302	113
132	315	109
132	351	106
133	123	295
133	128	290
133	137	247
133	144	236
133	148	227
133	153	218
133	166	189
133	170	185
133	172	184
133	177	172
133	210	144
133	217	140
133	231	136
133	248	125
133	412	96
134	127	283
134	143	239
134	177	169
134	189	156
134	296	111
134	308	109
134	351	100
134	364	99
134	401	92
135	117	373
135	129	282
135	138	239
135	169	180
135	186	159
135	190	153
135	202	150
135	227	136
135	302	108
135	331	103
135	345	99
136	117	337
136	119	310
136	127	271
136	145	232
136	156	206
136	159	204
136	174	178
136	210	143
136	275	116
137	114	336
137	123	284
137	149	224
137	150	223
137	152	214
137	158	201
137	170	174
137	188	152
137	204	142
137	280	113
137	370	95
138	110	432
138	119	302
138	126	283
138	128	263
138	143	228
138	147	224
138	149	213
138	166	181
138	167	178
138	179	163
138	225	137
138	232	125
138	281	111
138	316	107
138	330	103
139	111	351
139	118	319
139	127	265
139	134	242
139	137	241
139	147	221
139	173	168
139	175	161
139	184	158
139	187	156
139	211	139
139	220	134
139	253	121
139	260	119
139	262	115
139	309	104
139	323	100
140	125	276
140	127	260
140	130	258
140	132	244
140	145	221
140	156	195
140	170	166
140	184	150
140	202	146
140	205	138
140	247	119
140	259	116
140	267	114
140	288	109
140	358	92
140	396	91
141	123	278
141	138	235
141	144	224
141	147	213
141	149	212
141	159	186
141	179	155
141	191	148
141	212	133
141	268	110
141	302	105
142	110	370
142	120	290
142	128	252
142	147	210
142	149	202
142	168	175
142	169	170
142	184	149
142	200	142
142	203	137
142	242	123
142	294	107
143	106	385
143	109	373
143	116	315
143	134	231
143	137	230
143	140	228
143	144	222
143	160	185
143	164	173
143	167	171
143	173	163
143	181	152
143	185	146
143	229	130
143	239	124
143	249	117
143	296	106
144	113	327
144	115	317
144	117	313
144	124	263
144	126	260
144	130	247
144	146	217
144	155	201
144	160	184
144	162	181
144	175	155
144	200	137
144	228	131
144	248	118
144	270	109
144	289	104
144	309	101
144	336	93
145	111	341
145	127	242
145	137	227
145	146	213
145	147	202
145	152	191
145	160	177
145	183	145
145	229	129
145	245	116
145	266	113
145	281	106
145	399	87
146	113	313
146	115	295
146	133	233
146	143	218
146	171	165
146	173	154
146	206	133
146	248	114
146	263	109
146	308	102
146	329	98
147	111	335
147	114	295
147	140	217
147	142	216
147	145	207
147	161	174
147	167	166
147	182	149
147	199	141
147	202	136
147	211	131
147	215	127
147	226	122
147	229	121
147	230	120
147	234	119
147	255	112
147	257	108
147	283	104
147	317	99
147	321	97
148	109	366
148	116	280
148	121	274
148	138	223
148	139	212
148	149	200
148	152	186
148	163	167
148	170	157
148	178	152
148	194	141
148	221	123
148	296	103
148	309	99
148	343	91
149	111	322
149	120	277
149	121	268
149	127	231
149	145	204
149	158	183
149	160	166
149	174	153
149	186	141
149	210	131
149	215	122
149	287	101
149	297	98
149	403	83
150	108	374
150	122	250
150	133	223
150	179	146
150	182	144
150	184	143
150	195	135
150	210	128
150	214	127
150	237	116
150	256	110
150	333	94
151	101	405
151	116	277
151	132	226
151	141	207
151	149	192
151	150	188
151	158	179
151	169	155
151	172	154
151	174	152
151	178	145
151	205	132
151	234	114
151	244	110
151	310	97
151	356	87
152	104	389
152	116	269
152	119	256
152	123	247
152	126	241
152	139	208
152	149	190
152	182	142
152	195	130
152	214	126
152	227	121
152	233	118
152	274	103
152	284	97
153	103	381
153	105	372
153	109	323
153	128	224
153	134	211
153	148	193
153	158	172
153	270	106
153	272	102
153	306	96
153	334	90
154	108	344
154	110	290
154	122	239
154	124	238
154	133	212
154	143	201
154	154	177
154	168	160
154	185	140
154	204	124
154	214	121
154	224	118
154	225	116
154	275	100
154	324	92
155	108	325
155	109	293
155	121	241
155	127	227
155	131	220
155	153	180
155	163	159
155	191	136
155	194	134
155	220	120
155	225	113
155	229	112
155	249	106
155	273	101
155	310	95
155	312	92
155	360	83
156	105	359
156	116	260
156	126	230
156	151	178
156	158	164
156	177	144
156	189	134
156	193	130
156	209	123
156	214	119
156	240	111
156	260	105
157	106	308
157	115	263
157	130	218
157	137	197
157	146	191
157	155	166
157	165	158
157	168	151
157	174	146
157	194	129
157	273	100
158	104	344
158	110	279
158	113	274
158	118	251
158	120	237
158	129	221
158	154	173
158	177	143
158	188	134
158	196	128
158	203	125
158	205	121
158	209	120
158	253	103
158	262	102
158	299	91
158	333	85
159	109	282
159	122	234
159	132	207
159	149	182
159	154	171
159	173	138
159	177	137
159	181	136
159	185	134
159	194	127
159	221	118
159	224	115
159	302	89
159	378	82
159	409	77
160	100	393
160	116	249
160	119	244
160	127	221
160	140	187
160	148	178
160	151	167
160	167	146
160	168	143
160	219	118
160	239	106
160	329	87
161	106	297
161	115	252
161	130	207
161	136	197
161	137	186
161	145	177
161	165	156
161	192	129
161	220	114
161	333	83
162	97	405
162	102	330
162	129	210
162	159	156
162	161	152
162	202	123
162	228	109
162	266	100
162	296	92
163	101	336
163	135	191
163	155	164
163	162	150
163	217	111
163	246	103
163	280	92
163	300	88
164	126	228
164	134	194
164	144	183
164	151	165
164	157	155
164	172	137
164	196	124
164	201	123
164	268	95
165	98	348
165	125	231
165	128	209
165	141	185
165	148	164
165	167	142
165	181	132
165	187	129
165	189	128
165	208	117
165	235	107
165	299	90
165	317	83
165	366	77
166	132	200
166	141	184
166	183	127
166	197	119
166	253	102
168	97	346
168	128	202
168	144	177
168	145	170
168	146	167
168	156	154
168	159	152
168	160	150
168	166	144
168	192	124
168	206	113
168	261	97
168	397	74
169	104	297
169	125	220
169	138	179
169	151	159
169	155	155
169	163	144
169	181	129
169	195	123
169	201	117
169	217	109
169	229	104
169	261	95
169	333	78
170	119	239
170	123	213
170	133	193
170	141	173
170	150	161
170	158	149
170	164	139
170	192	122
170	283	89
170	326	79
171	96	365
171	133	187
171	150	158
171	159	144
171	233	101
171	274	93
171	300	83
172	93	412
172	100	315
172	120	222
172	130	186
172	142	171
172	144	166
172	145	163
172	148	159
172	152	157
172	197	117
172	227	103
172	242	98
172	264	94
173	143	164
173	146	161
173	149	157
173	179	126
173	182	122
173	186	121
173	211	110
173	253	97
174	112	275
174	125	210
174	174	131
174	221	107
174	234	98
174	354	74
175	92	410
175	110	267
175	117	239
175	123	199
175	133	184
175	134	180
175	135	179
175	142	166
175	161	136
175	165	135
175	170	134
175	191	116
175	207	111
175	224	106
175	231	101
175	243	94
175	267	89
175	298	85
176	115	235
176	133	183
176	138	171
176	139	165
176	147	158
176	155	144
176	156	141
176	213	109
176	262	93
177	99	327
177	103	284
177	119	208
177	122	203
177	128	196
177	193	115
178	135	176
178	147	154
178	159	140
178	173	128
178	179	122
179	100	299
179	109	254
179	129	193
179	130	178
179	137	168
179	151	151
179	154	145
179	165	134
179	225	99
179	240	97
180	94	362
180	106	271
180	108	246
180	114	228
180	115	224
180	118	207
180	127	198
180	133	174
180	136	171
180	145	153
180	151	150
180	205	112
180	212	108
180	222	106
180	288	88
180	321	81
181	120	201
181	142	155
181	147	152
181	174	126
181	198	110
181	257	92
181	273	86
181	331	77
181	367	70
182	91	359
182	114	216
182	119	204
182	137	160
182	141	158
182	155	142
182	199	109
182	255	93
182	298	78
183	113	219
183	131	171
183	136	163
183	161	135
183	164	134
183	178	120
183	281	85
183	288	81
183	340	71
184	127	187
184	133	169
184	134	166
184	144	152
184	162	134
184	176	122
184	178	118
184	195	111
184	230	96
184	261	86
184	265	83
184	298	77
185	89	390
185	90	357
185	104	258
185	150	147
185	169	125
185	174	124
185	209	108
185	229	96
186	98	319
186	137	158
186	147	149
186	152	137
186	210	102
186	316	76
187	99	315
187	102	290
187	142	154
187	146	145
187	147	142
187	161	134
187	174	118
187	237	91
187	334	71
188	88	410
188	92	342
188	96	316
188	101	293
188	169	123
188	236	95
188	247	87
188	283	81
188	321	73
189	88	376
189	109	234
189	125	196
189	136	160
189	143	146
189	151	140
189	183	112
189	211	99
189	227	96
189	264	85
189	346	70
190	95	333
190	115	210
190	126	185
190	138	151
190	142	149
190	156	135
190	167	133
190	188	109
190	193	106
190	209	105
190	220	95
190	269	80
190	288	78
190	319	74
191	96	291
191	125	185
191	137	154
191	148	141
191	167	125
191	180	114
192	87	374
192	115	207
192	117	206
192	132	165
192	133	162
192	135	159
192	176	116
192	245	87
192	327	70
193	99	265
193	104	241
193	109	223
193	124	190
193	128	184
193	164	126
193	170	122
193	296	74
193	370	67
194	126	166
194	147	138
194	151	137
194	159	129
194	178	115
195	88	343
195	92	318
195	96	280
195	111	214
195	135	153
195	141	146
195	142	143
195	160	127
195	169	119
195	208	101
196	96	279
196	100	259
196	114	210
196	149	134
196	165	125
196	215	97
196	253	83
196	272	79
196	332	68
197	115	204
197	133	156
197	144	139
197	175	113
198	85	391
198	95	286
198	127	159
198	158	128
198	170	118
198	174	113
198	209	97
198	242	89
198	355	66
199	92	307
199	103	236
199	111	213
199	121	174
199	126	162
199	137	152
199	153	133
199	179	112
199	207	100
199	241	86
200	102	239
200	107	219
200	120	200
200	123	168
200	163	120
200	168	116
200	189	105
200	206	97
201	110	215
201	117	183
201	139	148
201	152	131
201	182	110
201	185	109
201	189	102
201	278	77
202	84	395
202	86	376
202	147	137
202	154	127
202	177	110
202	238	89
202	247	83
203	130	154
203	142	142
203	148	135
203	149	132
203	182	109
203	221	89
203	224	88
203	236	87
203	290	75
203	315	72
203	326	70
204	94	300
204	107	214
204	135	152
204	199	100
204	214	96
205	116	190
205	131	153
205	214	93
205	271	77
205	318	67
206	106	220
206	158	125
206	160	120
206	340	66
206	362	64
207	84	390
207	114	202
207	137	151
207	140	145
207	148	134
207	149	129
207	184	107
207	187	106
207	269	78
208	82	412
208	85	355
208	86	322
208	175	108
208	191	98
208	205	93
208	257	78
209	113	196
209	115	193
209	182	106
209	243	84
209	249	82
209	298	71
209	308	70
210	98	242
210	112	209
210	144	138
210	245	83
210	303	69
211	118	176
211	130	153
211	137	143
211	147	133
211	157	121
211	163	115
211	167	113
211	171	109
211	204	97
211	297	73
211	392	63
212	82	370
212	95	257
212	126	158
212	151	124
212	182	105
212	183	100
212	228	86
212	302	68
213	82	364
213	119	165
213	144	137
213	145	131
213	146	129
213	177	106
213	214	91
213	289	74
213	326	66
214	114	186
214	295	72
214	311	66
215	115	174
215	137	141
215	143	135
215	219	88
215	278	73
215	301	68
215	348	63
216	80	389
216	91	284
216	112	191
216	136	150
216	162	118
216	165	110
216	170	106
217	141	138
217	154	121
217	178	104
217	213	88
217	256	81
218	136	142
218	211	91
218	373	62
219	83	353
219	86	314
219	210	88
219	289	68
219	329	63
220	79	399
220	81	364
220	95	251
220	107	213
220	111	205
220	127	156
220	129	151
220	182	101
220	187	97
220	193	96
220	200	91
221	83	323
221	104	211
221	107	200
221	133	150
221	134	139
221	181	100
221	236	84
222	102	224
222	122	161
222	150	125
222	158	117
222	159	115
222	225	80
222	228	79
222	265	73
223	103	219
223	110	181
223	121	154
223	151	119
223	173	103
223	276	71
223	403	61
224	115	173
225	101	232
225	109	189
225	132	148
225	142	137
225	184	94
225	187	93
225	215	86
226	80	343
226	94	246
226	98	226
226	110	180
226	142	136
226	143	131
226	147	123
226	150	122
226	183	97
226	273	69
227	96	234
227	165	105
227	170	101
227	209	84
228	104	196
228	133	146
228	179	100
228	218	83
228	282	67
228	305	65
229	89	271
229	112	176
229	134	138
229	141	131
229	169	104
229	314	63
230	145	124
230	151	118
230	161	109
230	164	108
230	244	78
230	253	72
231	91	270
231	92	267
231	130	148
231	131	142
231	195	89
232	81	332
232	92	250
232	106	194
232	133	141
232	146	123
232	159	113
232	168	103
232	218	82
232	223	81
232	262	70
233	85	298
233	141	127
233	156	110
233	161	106
234	76	378
234	95	243
234	126	146
234	147	119
234	154	114
234	236	76
234	346	60
235	125	153
236	81	314
236	96	221
236	104	189
236	114	170
236	116	162
236	198	86
237	75	396
237	120	157
237	132	140
237	161	105
237	178	93
237	207	82
237	247	72
238	78	339
238	93	234
238	113	160
238	130	144
238	140	126
238	166	100
238	174	98
238	222	81
239	83	304
239	86	277
239	194	85
240	76	360
240	90	249
240	109	169
240	129	144
240	160	105
241	103	213
241	107	186
241	139	131
241	146	121
241	150	116
242	98	212
242	120	156
242	224	80
243	107	175
243	130	134
243	234	78
243	244	74
244	83	289
244	127	145
244	157	105
244	193	84
245	97	213
245	137	132
245	147	114
245	177	96
245	212	79
246	84	287
246	126	142
246	159	102
246	171	98
246	182	91
247	91	237
247	103	198
247	117	148
247	129	141
247	139	127
247	143	122
248	112	161
248	129	133
248	146	120
248	155	110
248	228	75
248	260	70
249	87	273
249	116	154
249	147	111
249	167	99
249	187	87
249	292	66
250	74	371
250	88	257
250	95	210
250	133	131
250	138	129
250	141	118
250	162	99
250	166	97
250	171	96
250	227	78
251	107	168
252	92	223
252	124	143
253	74	357
253	75	350
253	84	282
253	103	177
253	128	139
253	174	94
253	328	62
254	73	383
254	76	331
254	89	238
254	124	140
254	150	108
255	83	286
255	91	233
255	110	162
255	140	117
256	85	273
256	86	263
256	227	77
256	236	72
257	73	363
257	136	128
257	178	91
257	181	90
257	220	76
257	304	62
258	115	156
258	127	138
258	128	134
258	130	126
258	148	107
259	80	291
259	122	136
260	74	347
260	87	255
260	114	151
260	121	138
260	147	106
260	154	105
260	252	70
261	72	390
261	83	277
261	109	164
261	158	98
261	208	79
261	268	66
262	92	213
262	152	103
262	184	87
262	191	85
263	129	125
263	190	86
263	195	83
263	261	68
263	267	66
263	303	60
264	116	146
264	165	94
265	71	390
265	72	378
265	76	312
265	78	296
265	85	259
266	74	333
266	117	142
266	135	123
266	137	115
266	152	102
266	229	74
267	71	371
267	84	275
267	95	205
267	132	122
267	179	87
267	217	75
267	282	62
267	395	56
268	146	114
268	174	92
268	189	84
268	192	83
268	329	59
268	359	56
269	86	240
269	151	100
269	171	89
270	82	271
270	92	206
270	119	141
270	127	135
270	144	114
270	164	96
271	91	228
271	113	158
271	116	143
271	136	114
271	149	104
271	158	95
271	188	82
272	75	327
272	115	150
272	169	91
272	267	64
273	73	330
273	84	269
273	216	76
274	85	249
274	129	124
274	212	78
274	215	77
275	69	386
275	90	223
275	99	192
275	121	130
275	158	94
275	340	56
276	74	318
276	95	201
276	109	154
276	187	81
277	91	222
277	104	166
277	203	77
277	206	76
278	83	268
278	101	170
278	114	146
278	146	110
279	110	151
279	135	121
279	145	110
279	194	80
279	265	66
280	75	299
280	132	121
280	168	91
280	232	71
281	81	270
281	109	148
281	262	65
282	76	296
282	82	267
282	118	140
283	71	336
283	84	254
283	119	138
283	128	119
283	137	112
283	156	96
283	182	85
283	258	67
284	68	392
284	74	302
284	79	275
284	82	266
284	90	211
284	143	106
284	146	105
284	231	72
285	96	182
285	113	142
285	127	129
285	166	92
285	224	73
286	172	88
287	124	129
287	142	110
288	178	83
288	195	78
289	67	418
289	88	208
289	95	198
289	135	117
289	145	100
289	183	82
289	213	74
289	232	70
290	68	374
290	104	164
290	113	136
291	85	223
291	91	201
291	166	91
292	72	324
292	77	280
292	95	191
292	99	170
292	218	73
292	254	67
293	145	99
293	247	68
294	92	198
295	81	250
295	105	158
295	119	135
295	131	118
295	194	78
295	272	61
296	228	72
297	84	238
297	102	166
297	127	124
298	68	354
298	93	185
298	119	130
298	182	81
298	244	69
299	121	125
299	145	98
300	170	87
300	182	80
300	257	63
301	67	373
301	71	320
301	161	92
301	229	69
301	240	67
302	103	159
302	135	114
303	79	259
303	83	228
303	98	166
303	108	152
303	238	67
304	70	313
304	123	124
304	193	77
305	76	274
305	78	269
305	140	100
305	207	74
306	99	164
306	135	112
306	297	58
307	67	360
307	115	135
308	66	414
308	80	250
308	87	212
309	126	123
309	140	99
310	72	290
310	92	189
311	176	83
311	256	66
311	284	59
312	66	386
312	67	350
312	135	111
312	190	77
312	223	69
313	72	284
313	100	155
313	105	146
314	68	319
314	72	283
314	76	273
314	167	90
314	272	58
315	68	318
315	79	258
315	140	98
315	176	82
315	226	68
315	235	67
317	71	287
317	78	253
317	89	187
317	173	83
318	165	87
319	95	171
319	110	135
319	189	78
319	257	60
320	251	65
320	344	53
321	203	76
322	76	250
322	81	249
322	118	133
322	220	70
323	80	243
323	122	117
323	249	65
324	82	222
324	89	184
324	114	123
325	155	91
325	158	90
325	180	81
325	182	79
325	205	74
325	214	73
326	92	183
326	98	158
327	69	293
327	95	164
328	264	58
329	80	237
329	82	210
329	181	80
330	67	340
331	67	319
331	79	225
331	182	78
332	109	130
332	121	112
333	102	144
333	108	138
333	139	107
333	168	83
334	127	108
334	228	67
334	273	56
335	86	193
335	107	139
335	202	74
336	106	139
337	91	176
337	134	100
337	152	90
338	97	158
338	121	111
338	186	77
338	192	76
339	106	134
339	118	116
339	202	73
339	208	69
340	200	75
340	222	67
341	69	283
341	71	274
341	80	212
341	117	118
341	163	87
341	175	81
341	232	66
341	235	64
342	67	316
343	81	209
343	116	119
343	125	107
343	190	75
344	73	265
344	84	194
344	87	188
344	108	130
345	86	189
345	101	144
345	176	80
345	203	72
346	74	246
346	116	118
347	83	204
347	97	153
347	245	61
348	80	209
348	226	66
349	103	142
349	125	106
350	72	258
350	81	206
350	113	124
350	177	79
350	225	64
350	228	63
351	105	134
351	111	125
351	197	73
352	69	280
353	75	236
353	90	177
354	206	70
355	77	221
356	223	66
357	74	243
357	99	150
358	67	305
358	99	149
358	137	97
358	185	77
358	220	67
359	93	165
359	98	149
359	108	128
359	146	92
360	105	133
361	96	158
362	101	143
362	185	76
363	109	126
364	87	178
364	103	136
365	102	140
365	118	113
366	77	218
366	92	168
366	115	118
366	194	72
367	116	116
368	104	134
368	114	120
369	100	143
369	113	121
370	75	233
371	86	181
371	181	77
372	234	62
373	173	81
374	223	64
375	77	216
375	92	166
375	95	160
375	239	61
376	110	125
377	72	246
378	102	138
378	168	82
378	204	69
379	188	74
380	71	265
380	86	179
380	201	70
380	218	67
382	77	209
383	99	145
385	80	206
386	66	313
388	67	299
389	91	168
390	72	243
390	83	193
391	71	262
392	70	261
392	207	68
393	68	283
393	363	50
394	85	181
395	77	206
395	111	123
396	110	123
402	101	140
403	107	127
409	62	418
409	66	308
411	62	403
414	62	394
415	75	221
419	91	165
420	66	305
420	69	268
421	67	291
422	108	125
432	67	289
436	68	277
439	74	226
446	66	301
451	62	374
451	72	241
471	62	364
