55	210	302
55	212	282
55	221	273
55	236	261
56	192	305
56	194	285
56	198	274
56	207	265
56	224	254
56	230	251
56	239	242
57	180	321
57	182	301
57	187	268
57	196	259
57	201	255
57	210	246
58	190	249
58	199	240
58	233	232
58	265	224
59	165	313
59	167	293
59	171	278
59	175	267
59	180	262
59	184	258
59	189	248
59	218	234
59	233	222
60	159	324
60	161	304
60	170	274
60	178	250
60	182	239
60	191	230
60	259	214
61	159	323
61	160	282
61	169	262
61	174	254
61	178	246
61	259	204
62	155	286
62	160	275
62	173	244
62	214	216
62	219	212
62	230	205
63	154	283
63	163	264
63	168	261
63	175	233
63	179	222
63	188	213
63	235	200
64	142	316
64	154	273
64	157	264
64	165	259
64	168	252
64	170	241
64	272	197
65	147	272
65	153	265
65	162	250
65	167	248
65	186	207
65	195	198
65	240	195
65	247	190
66	143	273
66	161	242
66	191	206
66	200	197
67	140	293
67	143	266
67	151	250
67	167	224
67	171	221
67	176	215
67	228	181
67	266	177
67	273	172
68	130	318
68	141	276
68	155	232
69	137	290
69	139	272
69	141	267
69	195	186
69	242	173
70	129	299
70	130	294
70	131	275
70	144	255
70	169	209
70	176	200
70	185	191
70	259	161
71	152	234
71	166	212
71	191	184
71	202	171
71	217	169
72	128	281
72	134	270
72	138	267
72	149	252
72	164	226
72	165	215
72	174	206
72	176	194
72	181	189
72	225	165
72	232	160
73	122	281
73	132	257
73	139	248
73	140	241
73	146	236
73	198	169
73	213	167
73	235	154
74	118	296
74	119	284
74	129	260
74	137	244
74	148	232
74	152	217
74	157	216
74	161	213
74	162	205
74	164	202
75	122	272
75	154	214
75	169	195
75	190	173
75	202	163
75	251	147
75	257	145
76	114	296
76	119	275
76	132	246
76	139	241
76	142	222
76	176	182
76	187	180
76	217	154
77	111	301
77	117	278
77	136	230
77	160	208
77	166	187
77	198	161
77	262	144
78	133	233
78	142	221
78	152	210
78	156	199
78	162	194
78	183	167
79	110	288
79	126	245
79	130	240
79	146	218
79	150	207
79	155	202
79	210	160
79	234	152
79	243	145
79	263	139
80	118	269
80	120	264
80	123	248
80	139	227
80	140	221
80	161	192
80	163	184
80	170	183
80	216	153
80	220	149
81	115	270
81	121	251
81	138	217
81	139	215
81	148	204
81	156	191
81	181	176
81	226	142
81	268	138
82	107	296
82	132	225
82	142	212
82	146	210
82	151	196
82	169	178
82	183	159
82	212	157
82	213	150
82	240	140
83	114	277
83	133	222
83	154	187
83	176	173
83	198	155
83	219	146
83	242	135
84	106	283
84	121	242
84	127	230
84	140	208
84	143	204
84	235	141
84	241	138
84	276	129
85	119	243
85	137	212
85	138	207
85	143	202
85	166	179
85	167	169
85	187	155
85	202	154
85	214	148
86	111	257
86	114	247
86	121	240
86	132	217
86	134	214
86	142	193
86	151	184
86	156	182
86	173	164
86	184	156
86	202	146
86	213	142
87	130	218
87	136	201
87	144	191
87	163	173
87	190	151
87	210	145
87	240	133
87	246	128
88	108	261
88	113	252
88	124	224
88	148	184
88	161	170
88	171	159
88	195	148
88	211	137
88	282	123
89	97	301
89	102	265
89	118	232
89	130	211
89	141	197
90	115	230
90	171	155
90	179	152
90	183	151
90	231	128
91	99	266
91	103	258
91	126	219
91	131	208
91	135	202
91	140	191
91	141	184
91	158	173
91	164	162
91	194	146
91	210	137
92	94	289
92	105	250
92	130	193
92	135	192
92	144	182
92	152	179
92	157	178
92	163	155
92	244	123
93	96	268
93	124	201
93	139	186
93	151	173
93	153	166
93	181	151
93	221	133
93	233	125
94	92	294
94	93	276
94	103	257
94	104	245
94	122	218
94	143	172
94	149	170
94	171	147
94	195	142
94	204	140
94	225	125
94	259	122
94	268	115
95	95	265
95	103	239
95	109	238
95	118	211
95	122	210
95	138	189
95	142	178
95	162	162
95	185	146
95	186	143
95	205	131
95	224	127
95	246	120
96	91	281
96	107	229
96	112	219
96	137	179
96	138	177
96	167	147
96	182	144
96	193	136
96	204	135
96	208	127
97	90	311
97	92	266
97	107	228
97	110	221
97	117	216
97	121	195
97	131	187
97	148	164
97	152	161
97	160	148
97	175	143
97	186	137
97	221	124
97	227	122
97	251	118
97	270	112
98	90	282
98	101	238
98	105	227
98	115	203
98	133	175
98	151	155
98	172	144
98	206	130
99	89	289
99	102	230
99	112	206
99	129	190
99	139	170
99	142	166
99	166	145
99	193	134
100	95	254
100	99	235
100	105	218
100	127	194
100	131	172
100	159	147
100	168	143
100	202	124
101	95	238
101	99	230
101	102	221
101	140	168
101	144	161
101	165	144
101	174	139
101	180	137
102	97	236
102	98	230
102	100	224
102	121	187
102	129	185
102	137	166
102	141	158
102	145	154
102	157	149
102	171	139
102	190	126
102	217	122
102	249	113
102	261	112
103	89	264
103	92	240
103	119	190
103	125	186
103	130	181
103	148	148
103	178	132
103	188	126
103	223	114
104	89	248
104	93	234
104	108	204
104	115	201
104	116	193
104	121	175
104	138	161
104	139	159
104	151	143
104	163	138
104	243	112
104	273	105
104	280	104
105	85	278
105	87	271
105	96	231
105	98	223
105	107	210
105	115	183
105	126	172
105	137	163
105	160	140
106	97	227
106	100	219
106	105	216
106	112	186
106	128	166
106	133	163
106	134	157
106	171	135
106	197	125
106	209	117
106	225	111
106	235	109
106	267	104
107	88	238
107	97	226
107	109	193
107	126	171
107	130	163
107	132	161
107	138	155
107	139	154
107	140	152
107	142	147
107	176	133
107	245	108
108	90	234
108	102	214
108	103	201
108	106	196
108	123	174
108	129	158
108	133	154
108	141	146
108	152	137
108	159	135
108	171	131
108	198	124
108	218	114
108	233	109
109	85	265
109	92	225
109	95	220
109	98	219
109	118	168
109	126	167
109	136	152
109	144	145
109	148	136
109	164	131
109	187	120
109	200	113
109	222	111
110	79	322
110	90	223
110	99	216
110	106	188
110	125	163
110	139	143
110	146	136
110	157	135
110	158	131
110	181	130
110	182	129
110	264	107
110	272	96
111	83	249
111	84	246
111	94	218
111	99	205
111	115	180
111	117	176
111	133	152
111	137	151
111	172	123
111	216	110
112	78	309
112	82	300
112	86	235
112	88	231
112	96	203
112	102	199
112	106	186
112	119	161
112	122	157
112	127	156
112	132	155
112	151	135
112	156	131
112	168	127
113	93	214
113	101	190
113	114	177
113	116	164
113	118	163
113	127	154
113	130	147
113	137	144
113	138	139
113	145	134
113	152	133
113	153	132
113	206	108
113	225	107
113	235	103
114	80	263
114	85	242
114	86	225
114	92	214
114	97	202
114	115	166
114	126	152
114	132	143
114	133	142
114	140	137
114	143	136
114	167	128
114	196	118
114	224	102
115	88	219
115	91	205
115	97	190
115	114	167
115	124	152
115	125	151
115	131	145
115	136	136
115	143	129
115	160	123
115	198	115
116	80	259
116	83	245
116	84	219
116	107	182
116	109	170
116	114	166
116	115	163
116	119	160
116	134	136
116	141	135
116	152	126
116	174	122
116	181	119
117	80	250
117	87	205
117	103	186
117	105	185
117	106	174
117	116	154
117	119	150
117	127	149
117	129	144
117	142	131
117	148	128
117	161	119
117	183	116
117	277	94
118	97	186
118	105	179
118	107	170
118	112	163
118	115	156
118	126	145
118	146	128
118	179	111
118	248	100
119	94	189
119	102	182
119	104	181
119	105	169
119	109	162
119	126	139
119	131	138
119	133	134
119	149	124
119	159	119
119	178	116
119	205	103
119	206	101
119	227	95
120	81	218
120	87	201
120	93	193
120	97	185
120	101	170
120	107	168
120	120	143
120	121	142
120	128	138
120	129	134
120	148	127
120	192	109
120	204	105
121	77	256
121	78	246
121	80	218
121	84	204
121	91	199
121	96	184
121	104	169
121	110	159
121	112	154
121	117	146
121	119	145
121	124	137
121	131	129
121	138	128
121	165	117
121	177	115
121	261	94
122	74	281
122	76	272
122	93	183
122	97	170
122	116	148
122	127	136
122	128	133
122	131	128
122	137	127
122	138	124
122	145	123
122	158	119
122	163	116
122	173	111
122	181	108
122	192	107
123	78	223
123	84	199
123	92	187
123	107	160
123	115	149
123	117	144
123	119	140
123	126	133
123	130	131
123	143	121
123	150	118
123	160	115
124	81	209
124	87	185
124	96	179
124	101	169
124	104	161
124	107	155
124	110	152
124	113	148
124	116	145
124	118	143
124	122	137
124	130	127
124	198	101
124	224	98
125	71	311
125	96	176
125	97	166
125	109	151
125	117	136
125	118	135
125	121	134
125	125	132
125	126	127
125	132	126
125	203	97
125	229	94
125	266	93
126	76	235
126	82	201
126	94	169
126	105	153
126	112	145
126	115	144
126	116	138
126	117	134
126	123	133
126	124	131
126	125	130
126	137	124
126	144	119
126	157	113
126	179	103
126	222	93
126	248	90
127	70	298
127	73	292
127	91	175
127	103	163
127	106	151
127	107	148
127	111	145
127	114	137
127	124	129
127	127	126
127	128	121
127	176	109
127	177	108
127	196	99
127	206	93
127	253	86
128	74	219
128	84	184
128	88	183
128	94	167
128	102	152
128	104	149
128	111	144
128	119	128
128	125	127
128	126	126
128	146	113
128	163	110
128	192	101
128	198	96
129	69	279
129	77	205
129	81	200
129	91	166
129	95	163
129	101	152
129	111	141
129	113	136
129	116	131
129	170	108
129	187	101
130	90	182
130	98	152
130	99	151
130	106	143
130	110	140
130	130	120
130	137	119
130	240	89
131	71	233
131	103	146
131	114	127
131	120	126
131	125	122
131	134	116
131	144	111
131	164	108
132	81	192
132	82	191
132	88	167
132	95	159
132	108	142
132	109	137
132	111	134
132	121	122
132	127	121
132	248	88
133	80	199
133	91	160
133	93	158
133	97	149
133	98	148
133	99	147
133	101	142
133	107	139
133	116	121
133	126	119
133	132	118
133	174	104
133	187	97
133	190	96
134	68	278
134	71	224
134	83	183
134	92	158
134	95	151
134	123	116
134	150	110
134	179	100
134	232	92
134	246	83
135	65	283
135	69	234
135	74	210
135	75	206
135	99	143
135	103	136
135	109	133
135	111	132
135	120	119
135	128	113
135	150	106
135	161	105
135	177	100
135	211	89
136	75	201
136	78	192
136	82	184
136	85	166
136	91	156
136	95	143
136	98	140
136	101	137
136	110	131
136	113	129
136	146	105
136	169	103
136	176	102
136	208	89
137	78	187
137	88	155
137	92	150
137	94	148
137	113	126
137	165	103
137	173	95
138	81	174
138	97	137
138	100	134
138	111	126
138	122	116
138	130	112
138	142	110
138	159	103
138	165	98
138	206	90
139	65	251
139	76	195
139	82	167
139	88	154
139	95	139
139	137	110
139	154	103
140	69	227
140	74	200
140	75	199
140	85	153
140	92	142
140	108	132
140	113	122
140	221	88
140	232	85
140	279	79
141	77	186
141	78	185
141	89	149
141	91	144
141	94	141
141	97	133
141	107	131
141	114	120
141	190	88
142	64	278
142	66	238
142	71	217
142	72	205
142	94	136
142	115	116
142	139	107
143	67	235
143	71	214
143	73	201
143	81	169
143	93	138
143	96	135
143	106	129
143	108	125
143	157	98
144	61	268
144	72	196
144	75	193
144	78	168
144	84	155
144	91	140
144	119	113
144	132	109
144	142	105
145	67	234
145	70	219
145	72	195
145	81	154
145	88	143
145	96	133
145	239	84
146	62	255
146	71	199
146	85	150
146	86	149
146	93	134
146	103	128
146	109	124
146	125	112
146	128	110
146	131	109
146	167	96
146	189	94
146	225	86
147	66	233
147	69	215
147	75	187
147	76	170
147	90	137
147	100	131
147	132	107
147	137	106
147	207	87
147	230	85
147	254	80
148	67	222
148	75	173
148	78	162
148	97	131
148	111	118
148	117	111
148	123	110
148	127	106
148	149	103
148	165	91
149	61	261
149	78	159
149	100	129
149	103	126
149	106	124
149	109	120
149	114	117
149	124	106
149	134	101
149	149	98
149	155	96
149	161	95
149	202	86
150	63	242
150	67	219
150	87	145
150	96	131
150	99	125
150	110	117
150	116	112
151	87	142
151	111	114
151	119	110
151	157	90
151	228	82
152	64	238
152	74	191
152	84	144
152	98	125
152	101	122
152	107	120
152	118	109
152	126	105
152	128	104
152	156	94
152	190	85
152	208	81
153	66	221
153	68	216
153	70	199
153	73	194
153	76	163
153	83	149
153	92	134
153	93	132
153	96	127
153	113	111
153	133	101
153	145	98
153	151	95
153	203	83
153	205	81
153	232	80
153	252	74
154	59	279
154	63	236
154	64	227
154	73	181
154	74	180
154	90	136
154	93	130
154	103	120
154	121	108
154	131	103
154	183	87
155	57	286
155	67	212
155	83	148
155	89	139
155	95	126
155	98	121
155	256	72
156	61	249
156	73	172
156	81	149
156	86	141
156	87	138
156	92	130
156	95	124
156	105	114
156	123	102
156	141	99
156	217	80
156	219	79
157	66	220
157	73	168
157	80	145
157	89	133
157	90	132
157	116	106
157	119	105
157	126	101
157	152	93
157	203	79
158	58	265
158	60	244
158	62	230
158	68	209
158	72	181
158	87	135
158	89	132
158	94	128
158	126	100
159	69	188
159	70	181
159	86	137
159	87	134
159	92	126
159	97	121
159	114	110
159	117	105
159	125	101
159	169	88
159	186	85
159	189	84
160	65	220
160	79	143
160	83	140
160	84	137
160	89	129
160	110	109
160	196	80
160	212	76
161	57	281
161	67	208
161	73	162
161	88	131
161	89	128
161	94	124
161	102	117
161	133	95
161	143	94
161	148	93
161	191	82
161	210	77
161	244	74
162	58	255
162	61	231
162	67	198
162	74	155
162	77	151
162	85	134
162	86	131
162	91	127
162	98	119
162	109	109
162	120	101
162	145	93
162	157	87
162	158	86
162	190	82
162	272	71
163	76	147
163	83	136
163	91	126
163	127	96
163	172	83
163	246	72
163	249	70
163	255	69
164	72	172
164	88	127
164	100	113
164	124	99
164	229	73
165	66	204
165	69	178
165	71	177
165	85	130
165	106	110
165	111	107
165	114	104
165	119	102
165	122	100
165	189	82
165	201	79
165	209	78
166	57	274
166	61	226
166	65	203
166	72	167
166	75	152
166	96	123
166	102	111
166	118	100
166	124	97
166	129	95
166	130	94
166	140	89
166	193	80
167	55	275
167	63	216
167	73	152
167	93	122
167	98	117
167	99	115
167	123	99
167	126	96
167	170	81
167	189	76
168	57	269
168	63	213
168	64	206
168	90	126
168	91	124
168	94	118
168	97	117
168	104	105
168	134	93
169	82	135
169	156	86
169	209	75
169	243	69
170	60	219
170	70	171
170	72	164
170	79	140
170	90	124
170	93	118
170	96	115
170	99	111
170	125	94
170	144	87
170	166	82
170	245	68
170	253	66
171	59	249
171	71	157
171	87	127
171	88	125
171	90	121
171	91	120
171	96	114
171	106	104
171	112	100
171	119	96
171	139	92
171	158	84
171	187	74
171	230	69
172	53	299
172	59	233
172	64	193
172	72	156
172	74	146
172	78	134
172	84	132
172	88	123
172	98	113
173	63	199
173	68	181
173	86	127
173	90	119
173	93	114
173	101	110
174	67	173
174	73	146
174	90	117
174	98	111
174	100	107
174	108	100
174	116	97
174	196	71
175	58	248
175	72	154
175	75	138
175	80	133
175	85	127
175	123	95
175	132	88
175	139	87
175	160	83
176	54	275
176	58	242
176	84	125
176	89	119
176	113	96
176	162	80
177	62	217
177	63	197
177	82	127
177	86	122
177	87	121
177	92	114
177	95	113
177	99	109
177	105	101
177	156	78
177	230	67
177	239	64
178	58	239
178	74	136
178	79	130
178	95	111
178	96	109
178	129	90
178	149	86
179	54	268
179	57	243
179	70	162
179	72	143
179	84	121
179	101	103
179	192	70
180	60	208
180	68	172
180	69	162
180	81	124
180	88	119
180	89	118
180	93	112
180	120	92
180	133	84
180	274	63
181	70	161
181	71	154
181	103	101
181	154	76
182	56	250
182	59	224
182	95	106
182	111	98
182	201	67
183	57	239
183	64	185
183	83	121
183	102	100
183	105	95
183	130	85
183	188	70
184	51	288
184	53	260
184	60	203
184	62	202
184	66	179
184	80	125
184	88	116
184	97	104
184	128	91
184	163	73
185	71	148
185	77	126
185	85	117
185	116	93
185	129	87
185	140	81
185	214	64
186	57	232
186	59	221
186	62	200
186	93	111
186	99	98
186	112	93
186	120	88
186	237	62
187	50	293
187	56	232
187	58	212
187	62	193
187	68	161
187	76	135
187	79	124
187	128	87
187	197	68
187	209	64
188	54	247
188	61	184
188	62	182
188	67	164
188	71	145
188	90	111
188	161	75
188	184	69
189	83	119
189	87	114
189	94	107
189	114	91
189	122	87
189	129	85
189	132	82
190	53	251
190	73	127
190	81	123
190	146	75
190	206	65
190	219	63
191	69	156
191	70	145
191	81	120
191	92	110
191	96	101
191	101	95
192	55	240
192	67	163
192	82	119
192	89	111
192	214	63
193	57	206
193	65	166
193	128	83
193	155	72
194	51	262
194	55	228
194	57	205
194	68	147
194	90	104
194	98	100
194	103	94
194	206	63
194	257	61
195	60	190
195	85	114
195	124	83
195	180	71
195	181	66
195	204	63
196	59	199
196	69	143
196	79	118
196	88	108
196	91	102
196	110	93
196	201	63
197	51	257
197	87	107
197	97	97
197	105	90
197	164	70
197	176	66
197	221	62
197	245	60
197	270	59
198	54	233
198	64	155
198	79	117
198	133	80
198	141	74
198	189	64
199	48	282
199	59	194
199	67	152
199	77	125
199	84	112
199	86	108
199	208	62
199	217	61
200	56	201
200	64	151
200	70	138
200	72	132
200	77	121
200	81	111
200	102	91
200	117	86
200	141	73
200	173	67
201	60	189
201	69	131
201	71	126
201	101	89
201	202	61
202	49	255
202	53	226
202	107	88
202	241	59
203	59	174
203	78	114
203	114	87
203	135	76
203	150	70
203	197	61
203	256	58
204	65	147
204	67	143
204	95	98
204	116	82
205	52	218
205	63	168
205	76	124
205	77	115
206	94	101
206	111	85
206	156	69
206	218	60
206	265	57
207	66	137
207	89	101
207	108	84
207	125	79
208	113	83
208	213	60
209	47	288
209	53	213
209	57	184
209	61	163
209	92	95
209	96	88
209	145	68
210	105	85
210	216	59
211	55	204
211	136	75
211	169	63
211	192	60
212	54	205
212	61	155
212	63	142
212	80	109
212	111	81
212	154	65
212	189	61
212	232	57
213	59	169
213	77	114
213	164	63
214	72	115
214	125	78
214	131	77
215	54	186
215	79	109
215	84	104
216	61	154
216	83	105
216	136	74
216	190	60
217	59	165
217	82	104
217	87	94
217	121	75
218	57	171
218	62	147
218	70	124
218	72	114
218	137	67
218	185	60
218	220	58
219	55	183
219	61	149
219	65	128
219	88	92
219	246	56
220	94	87
220	112	80
220	125	73
220	184	60
220	215	58
221	146	64
221	165	62
222	67	120
222	103	85
222	117	77
222	134	68
222	156	63
222	206	57
222	234	54
223	51	210
223	78	101
224	49	217
224	51	198
224	66	121
224	121	72
224	200	57
224	207	56
225	58	160
225	61	146
225	70	114
226	67	119
226	120	73
226	132	66
226	195	57
227	75	112
227	110	77
228	62	141
228	74	105
228	100	84
228	152	62
229	54	177
229	62	139
229	70	113
229	91	91
229	105	80
230	48	238
230	60	158
230	63	127
230	85	98
230	86	91
230	112	76
230	128	67
231	60	140
232	116	71
232	136	65
232	183	58
232	191	57
232	202	55
233	57	148
233	61	133
233	65	119
233	77	101
233	99	80
233	125	68
234	115	72
234	133	65
234	168	58
235	105	76
235	112	75
235	145	62
236	62	129
236	74	104
236	143	63
236	153	61
237	52	185
237	56	158
237	77	100
237	100	79
237	144	62
238	92	88
239	45	246
239	94	83
240	62	128
240	141	63
240	247	51
241	100	78
241	183	56
241	237	52
242	48	220
242	58	139
242	225	54
243	91	84
243	180	57
244	130	66
245	52	160
245	56	145
245	125	66
245	141	62
245	211	52
246	59	128
246	137	63
247	47	210
247	64	121
247	111	74
247	167	58
248	64	113
248	83	98
248	162	57
248	181	56
249	86	87
250	66	107
250	108	75
250	142	61
250	200	55
251	92	82
251	136	63
252	53	155
252	152	60
252	187	55
252	191	54
253	108	72
254	50	199
254	66	106
254	161	59
254	179	55
255	50	183
255	59	120
255	157	59
257	160	58
257	166	56
258	61	112
259	218	51
260	74	103
260	98	79
260	199	51
261	82	94
261	147	60
263	76	95
263	150	56
263	188	53
263	224	49
264	55	139
265	82	93
266	122	66
266	179	54
267	47	203
267	54	132
267	175	54
268	88	84
268	139	60
269	49	182
269	135	61
270	129	63
271	160	55
272	79	94
272	143	57
272	178	53
273	128	65
274	131	61
275	48	185
275	140	58
277	52	155
277	216	48
277	224	47
278	212	48
280	167	53
280	178	52
281	125	65
281	166	54
282	82	87
283	197	49
284	131	60
285	104	76
286	148	54
287	50	169
290	161	53
291	183	51
292	179	50
294	166	51
295	141	55
304	146	54
315	152	52
