-15843	-11372	-14339	-13820
-15797	-10959	-14408	-13691
-15647	-10460	-14681	-13656
-15644	-11799	-14118	-14004
-15641	-11945	-14616	-14492
-15624	-11099	-15194	-14581
-15542	-11510	-15252	-14443
-15508	-11664	-14920	-14761
-15457	-10592	-15746	-14851
-15430	-11894	-14796	-14816
-15422	-11672	-15471	-15253
-15392	-11655	-14469	-15307
-15384	-11433	-15144	-15744
-15345	-12350	-14224	-14343
-15341	-11157	-15472	-15031
-15212	-12069	-14528	-14612
-15173	-11382	-15324	-16068
-15155	-11683	-15172	-15233
-15134	-12299	-14404	-14667
-15130	-11106	-15652	-15355
-15126	-12077	-15079	-15104
-15123	-12223	-15577	-15592
-15086	-12292	-14744	-14570
-15081	-11191	-15952	-15519
-15012	-12251	-14434	-14965
-15012	-11432	-15020	-15912
-15e3	-10676	-15953	-15297
-14979	-11804	-15315	-15852
-14970	-12454	-14776	-14832
-14941	-11565	-14988	-16343
-14902	-12482	-14068	-14942
-14877	-11787	-14932	-15919
-14874	-11933	-15430	-16407
-14844	-11350	-15732	-15516
-14835	-11676	-15891	-15485
-14834	-10960	-16140	-15174
-14805	-12267	-14812	-14115
-14782	-11742	-16058	-15858
-14759	-10390	-16176	-14442
-14754	-12053	-15599	-15735
-14736	-11787	-15647	-15435
-14717	-12667	-14245	-14192
-14683	-12209	-14923	-15703
-14680	-12355	-15421	-16191
-14642	-12116	-15094	-16682
-14596	-11487	-15135	-16552
-14593	-11683	-15542	-16443
-14585	-10670	-15993	-15989
-14558	-12537	-13884	-14635
-14551	-10651	-15917	-16370
-14547	-12387	-14820	-14799
-14546	-12525	-14391	-14497
-14542	-10394	-16321	-15276
-14540	-10755	-15614	-16038
-14508	-10375	-16245	-15657
-14507	-11822	-15787	-15390
-14505	-12470	-14841	-14591
-14504	-11047	-15701	-16239
-14473	-11803	-15711	-15771
-14467	-12366	-13895	-15631
-14465	-10790	-16162	-15317
-14460	-10593	-16541	-15069
-14452	-11359	-15711	-16185
-14433	-12124	-15609	-15846
-14431	-10771	-16086	-15698
-14425	-12021	-16007	-15183
-14401	-11482	-15576	-16115
-14393	-12756	-13590	-13737
-14383	-10989	-16382	-15110
-14371	-11736	-15419	-16435
-14347	-12486	-14064	-14959
-14337	-12421	-15440	-15260
-14336	-12410	-15237	-15884
-14335	-12474	-14571	-14821
-14315	-12570	-14484	-15074
-14310	-11469	-15692	-16023
-14305	-11136	-15856	-16336
-14297	-12038	-15241	-16891
-14286	-11221	-16099	-16328
-14279	-11545	-16047	-15886
-14274	-12799	-14089	-14791
-14273	-12788	-13886	-15415
-14258	-11532	-15640	-16205
-14232	-12623	-15257	-14658
-14224	-11513	-15564	-16586
-14213	-10362	-16729	-14724
-14184	-12652	-14639	-14500
-14184	-11834	-15462	-16661
-14184	-10540	-16274	-15353
-14183	-12641	-14436	-15124
-14179	-10343	-16653	-15105
-14177	-12158	-15410	-16219
-14176	-11731	-15860	-15998
-14171	-12629	-14943	-14986
-14166	-11341	-16268	-15656
-14150	-11815	-15386	-17042
-14136	-10758	-16570	-14765
-14132	-11322	-16192	-16037
-14130	-12755	-14661	-14324
-14130	-12574	-15393	-15080
-14129	-12744	-14458	-14948
-14102	-12033	-15682	-16454
-14092	-11643	-16090	-16112
-14087	-12120	-15090	-16699
-14084	-11540	-16488	-15449
-14062	-12602	-14685	-15190
-14048	-10454	-15906	-16398
-14021	-12572	-15437	-14982
-14014	-12433	-15115	-16531
-14013	-12422	-14912	-17155
-14012	-9854	-16286	-16127
-13996	-11940	-15921	-15526
-13995	-11929	-15718	-16150
-13982	-12153	-15851	-15782
-13977	-11282	-15752	-16241
-13964	-10072	-16582	-15539
-13953	-12600	-14729	-15092
-13935	-10250	-16127	-16168
-13931	-10231	-15994	-16377
-13930	-10053	-16506	-15920
-13927	-11152	-15512	-16723
-13918	-12842	-14412	-14346
-13918	-12661	-15144	-15102
-13898	-12938	-14325	-14599
-13897	-12927	-14122	-15223
-13894	-12553	-15284	-15859
-13893	-12542	-15081	-16483
-13887	-10468	-16423	-15580
-13883	-12343	-15581	-14735
-13883	-10449	-16290	-15789
-13856	-12385	-15473	-14265
-13854	-10627	-15835	-16418
-13844	-10192	-16751	-14867
-13814	-10948	-15733	-16493
-13810	-10173	-16675	-15248
-13809	-12659	-15188	-15004
-13789	-12755	-15101	-15257
-13783	-11024	-16088	-16356
-13780	-10929	-15657	-16874
-13768	-12785	-14906	-14342
-13768	-12604	-15638	-15098
-13767	-12774	-14703	-14966
-13765	-13073	-13611	-13586
-13749	-11709	-16109	-15181
-13745	-10757	-15694	-16579
-13738	-10579	-15726	-16859
-13735	-11922	-16039	-15437
-13692	-12540	-15845	-14430
-13687	-12887	-14505	-14923
-13686	-12876	-14302	-15547
-13654	-12617	-14590	-15601
-13648	-12637	-13975	-16038
-13647	-12322	-15472	-15514
-13647	-11618	-15375	-17070
-13636	-10801	-16233	-16507
-13625	-10375	-15947	-16629
-13604	-12940	-15278	-14507
-13599	-11836	-15671	-16482
-13589	-10703	-16360	-15599
-13588	-11019	-16529	-15919
-13563	-9942	-16863	-14903
-13551	-11179	-15685	-16363
-13541	-10921	-16656	-15011
-13537	-10912	-15989	-16457
-13534	-11414	-15596	-16840
-13510	-12225	-14901	-17183
-13505	-12707	-14637	-15326
-13504	-12696	-14434	-15950
-13501	-12997	-13563	-13915
-13499	-11408	-15759	-16620
-13486	-11632	-15892	-16252
-13475	-12974	-14256	-14945
-13474	-12963	-14053	-15569
-13452	-11613	-15816	-16633
-13442	-11223	-16224	-16291
-13440	-12475	-15425	-15334
-13434	-12919	-14706	-15039
-13433	-12908	-14503	-15663
-13432	-12372	-15823	-14671
-13397	-12021	-15122	-16953
-13394	-11441	-16520	-15703
-13389	-12024	-15992	-15331
-13385	-12827	-14806	-14654
-13384	-12816	-14603	-15278
-13364	-12013	-15249	-16710
-13363	-12002	-15046	-17334
-13357	-12844	-14710	-14995
-13355	-12650	-15131	-15322
-13354	-12639	-14928	-15946
-13354	-10336	-15805	-16861
-13344	-12772	-15256	-14748
-13343	-12942	-14321	-14616
-13341	-12586	-15181	-15284
-13325	-12917	-14750	-14941
-13324	-12906	-14547	-15565
-13323	-12370	-15867	-14573
-13316	-12231	-15545	-16122
-13315	-12220	-15342	-16746
-13314	-9652	-16716	-15718
-13311	-13129	-14628	-15110
-13305	-11830	-15750	-16404
-13303	-12559	-14122	-16247
-13297	-12454	-15393	-15617
-13285	-9915	-16278	-16252
-13277	-10732	-15646	-16902
-13269	-13244	-14143	-15072
-13249	-12672	-15689	-15029
-13241	-10132	-16026	-16631
-13235	-12770	-15300	-14650
-13233	-10029	-16424	-15968
-13227	-12620	-14775	-16823
-13217	-10787	-16535	-15338
-13193	-10350	-16322	-16043
-13185	-12141	-16011	-14326
-13181	-9791	-16040	-16917
-13168	-10862	-15505	-17063
-13164	-10528	-15867	-16672
-13161	-13072	-15122	-15106
-13160	-13061	-14919	-15730
-13159	-10331	-16246	-16424
-13152	-12203	-15848	-14896
-13138	-9692	-16423	-16403
-13118	-12184	-15772	-15277
-13070	-12402	-16068	-14689
-13070	-10720	-15476	-17125
-13070	-10564	-16680	-15489
-13055	-10658	-15726	-16833
-13040	-11777	-16086	-15184
-13020	-12954	-13996	-15887
-13012	-11116	-15091	-17079
-12993	-11116	-15317	-17166
-12993	-10377	-16766	-14467
-12986	-9798	-16612	-15623
-12985	-13176	-14339	-14130
-12982	-12802	-15501	-14766
-12981	-12791	-15298	-15390
-12978	-13260	-13271	-13878
-12973	-10857	-15946	-16626
-12925	-13193	-14228	-13834
-12907	-13274	-14388	-15090
-12906	-12738	-15708	-14098
-12900	-13074	-14165	-15215
-12884	-11246	-15176	-17327
-12872	-13303	-13381	-14388
-12844	-11660	-16492	-14592
-12817	-13127	-14938	-14799
-12808	-13041	-13747	-15909
-12775	-13136	-14722	-13830
-12742	-12273	-15855	-14925
-12738	-9935	-16015	-16659
-12693	-13376	-13892	-14109
-12678	-9594	-16029	-16945
-12658	-12984	-14241	-15905
-12656	-10134	-16235	-16452
-12647	-13106	-14366	-15331
-12640	-10469	-16813	-14069
-12633	-12271	-15899	-14827
-12584	-13374	-13936	-14011
-12583	-13363	-13733	-14635
-12572	-12872	-15508	-14795
-12567	-10523	-15465	-17153
-12563	-13223	-14473	-13852
-12552	-10461	-15715	-16861
-12543	-13319	-14386	-14105
-12543	-9930	-16456	-16222
-12542	-13308	-14183	-14729
-12538	-13104	-14410	-15233
-12524	-13316	-14288	-15402
-12510	-12641	-15053	-15909
-12487	-13159	-14680	-13184
-12483	-9589	-16470	-16508
-12470	-10660	-15935	-16654
-12463	-12870	-15552	-14697
-12454	-10319	-15686	-16923
-12435	-10664	-15920	-16803
-12398	-13548	-13910	-13885
-12398	-10540	-16852	-14713
-12381	-11049	-15165	-17355
-12380	-12303	-16100	-14943
-12374	-13259	-14782	-15398
-12332	-10047	-16262	-16376
-12331	-9620	-16712	-16155
-12292	-12703	-15533	-15020
-12264	-11252	-15370	-17297
-12216	-12639	-15740	-14352
-12208	-10323	-16924	-14409
-12186	-11044	-15606	-16918
-12161	-10719	-16708	-14278
-12153	-13293	-14480	-13881
-12138	-13380	-13888	-14126
-12064	-13682	-13710	-14582
-12044	-13291	-14524	-13783
-12043	-13280	-14321	-14407
-12032	-13423	-13998	-14636
-12003	-13236	-14974	-13877
-11971	-12977	-15262	-13931
-11964	-9563	-15647	-17001
-11955	-13680	-13754	-14484
-11923	-13421	-14042	-14538
-11914	-13625	-14204	-14578
-11882	-13366	-14492	-14632
-11868	-1e4	-16817	-15564
-11754	-9725	-16523	-16639
-11665	-10114	-15753	-17340
-11653	-10075	-16383	-16030
-11633	-13076	-14345	-15447
-11577	-11198	-16725	-14458
-11184	-13164	-14922	-14223
-10974	-13965	-12074	-12915
-10916	-13683	-13055	-13999
-10755	-13692	-12929	-13676
-10752	-13838	-13427	-14164
-10036	-13942	-12043	-13069
