-16844	-15204	-13604
-16804	-15545	-13848
-16782	-15416	-14154
-16752	-15929	-14754
-16681	-15594	-14855
-16652	-15592	-14990
-16647	-16027	-13904
-16622	-16240	-15139
-16612	-15933	-15234
-16600	-16111	-15445
-16596	-17073	-14506
-16531	-16184	-15241
-16528	-15946	-15468
-16512	-17086	-14740
-16482	-16377	-15476
-16482	-15390	-15756
-16472	-16677	-14808
-16465	-16722	-15195
-16463	-16279	-15606
-16461	-15557	-16123
-16443	-16593	-15501
-16403	-16934	-15745
-16395	-15598	-15769
-16384	-17275	-14927
-16370	-16281	-15996
-16369	-15693	-16392
-16339	-17079	-15285
-16326	-16595	-15800
-16300	-17288	-15161
-16267	-15935	-16595
-16264	-16380	-16423
-16255	-17092	-15519
-16254	-16661	-15798
-16243	-17357	-14805
-16231	-16795	-15922
-16208	-16728	-15974
-16199	-16717	-16130
-16198	-17161	-15163
-16189	-16763	-15961
-16187	-16041	-16478
-16186	-16599	-16280
-16183	-17837	-14274
-16166	-17316	-15410
-16160	-16926	-16006
-16159	-17370	-15039
-16138	-16797	-16312
-16119	-15212	-16608
-16115	-16730	-16364
-16106	-15582	-16986
-16103	-17361	-15285
-16096	-16765	-16351
-16094	-16963	-16083
-16093	-16601	-16670
-16085	-16952	-16239
-16059	-17441	-14576
-16058	-17165	-15643
-16049	-16767	-16441
-16047	-16045	-16958
-16040	-16756	-16597
-16020	-17701	-14606
-16019	-17374	-15519
-16015	-15526	-17088
-16001	-16965	-16473
-15984	-17566	-14821
-15978	-16118	-16754
-15974	-17178	-15877
-15965	-17219	-15727
-15960	-16991	-16332
-15956	-16769	-16831
-15955	-17519	-15059
-15926	-17843	-15053
-15910	-16213	-17119
-15874	-17030	-15972
-15865	-17019	-16128
-15865	-15966	-17323
-15842	-17856	-15287
-15823	-17195	-15877
-15821	-16437	-17010
-15817	-17281	-15709
-15814	-17184	-16033
-15814	-14820	-17478
-15797	-15388	-17602
-15796	-17300	-15575
-15796	-17229	-15924
-15795	-17492	-15742
-15784	-16630	-17008
-15773	-17363	-16048
-15759	-16894	-16649
-15754	-18081	-14406
-15750	-16883	-16805
-15738	-16074	-17296
-15704	-17436	-15844
-15695	-17425	-16e3
-15685	-17243	-16133
-15677	-17285	-16189
-15666	-17534	-15302
-15666	-16896	-17039
-15636	-17531	-16209
-15620	-16340	-17327
-15611	-17438	-16234
-15603	-18098	-14406
-15599	-17989	-15193
-15595	-17132	-16241
-15594	-17625	-15510
-15581	-18099	-14428
-15576	-17034	-16371
-15561	-17942	-15645
-15538	-15594	-17333
-15536	-16399	-17231
-15526	-18134	-14947
-15526	-15620	-17396
-15509	-15941	-17389
-15507	-16910	-16752
-15505	-17213	-16371
-15497	-16977	-16887
-15496	-16567	-17272
-15496	-14830	-17730
-15490	-15843	-17519
-15488	-17126	-16443
-15487	-17258	-16262
-15469	-17028	-16573
-15460	-17017	-16729
-15445	-15596	-17723
-15435	-18173	-14395
-15427	-16640	-17068
-15410	-17959	-15645
-15405	-15764	-17764
-15405	-14774	-17832
-15401	-16067	-17410
-15401	-15977	-17532
-15388	-17300	-16432
-15382	-17654	-15728
-15381	-16084	-17356
-15380	-17252	-16464
-15377	-15018	-18002
-15372	-16109	-17550
-15351	-18186	-14629
-15349	-16572	-17121
-15346	-18104	-15185
-15346	-16017	-17575
-15329	-17105	-16470
-15304	-17752	-15718
-15297	-17550	-15729
-15286	-17161	-16579
-15285	-17654	-15848
-15278	-15439	-17854
-15277	-17611	-15946
-15268	-16985	-16730
-15268	-16655	-17133
-15257	-17718	-15770
-15254	-18220	-15091
-15246	-16526	-17439
-15245	-17822	-15889
-15241	-16698	-17142
-15236	-17811	-16045
-15229	-17279	-16459
-15217	-17150	-16635
-15207	-17150	-16765
-15203	-18389	-14300
-15200	-15970	-17727
-15198	-17458	-16344
-15193	-17624	-16180
-15182	-14046	-18213
-15179	-17155	-16781
-15178	-15249	-17913
-15177	-16599	-17235
-15176	-17329	-16650
-15174	-15878	-17752
-15170	-17144	-16937
-15164	-17720	-16160
-15160	-16138	-17768
-15145	-17292	-16693
-15140	-17779	-16107
-15137	-16767	-17276
-15124	-18240	-14398
-15123	-17163	-16999
-15115	-14901	-18040
-15107	-17402	-16446
-15106	-15300	-18031
-15105	-17504	-16265
-15103	-18237	-15091
-15098	-17391	-16602
-15093	-14270	-18104
-15091	-16211	-17564
-15080	-17251	-16791
-15077	-16607	-17287
-15065	-18190	-15543
-15059	-16904	-17022
-15056	-17792	-16341
-15056	-16144	-17783
-15054	-17236	-16795
-15047	-18481	-14620
-15047	-17781	-16497
-15040	-16601	-17459
-15030	-18382	-14845
-15014	-17404	-16836
-15e3	-16815	-17170
-14968	-16848	-17124
-14964	-17908	-16247
-14946	-18395	-15079
-14931	-16924	-17004
-14922	-16913	-17160
-14917	-17238	-17019
-14912	-15907	-17991
-14897	-17912	-16013
-14896	-18498	-14620
-14892	-14173	-18421
-14891	-17092	-17045
-14889	-16536	-17499
-14876	-14630	-18097
-14867	-14670	-18263
-14858	-18620	-14198
-14858	-15069	-18254
-14849	-16660	-17298
-14843	-15980	-17787
-14821	-16328	-17542
-14817	-17959	-15766
-14813	-17925	-16247
-14813	-14822	-18458
-14808	-18e3	-15616
-14808	-17561	-16564
-14797	-16734	-17365
-14797	-15279	-18134
-14792	-16370	-17682
-14789	-16132	-17982
-14766	-17173	-17059
-14752	-16538	-17723
-14749	-18070	-15787
-14740	-18070	-16001
-14732	-17071	-17072
-14730	-16881	-17161
-14715	-17977	-16026
-14706	-17422	-16711
-14684	-15960	-18002
-14680	-17577	-16548
-14679	-15545	-18165
-14669	-17007	-17242
-14649	-17540	-16591
-14644	-13942	-18644
-14641	-17015	-17174
-14636	-17422	-16741
-14636	-15774	-18183
-14627	-18117	-15678
-14627	-17411	-16897
-14620	-16231	-17859
-14619	-17456	-16658
-14607	-17518	-16721
-14602	-17675	-16538
-14596	-17590	-16782
-14580	-16399	-17900
-14568	-15196	-18462
-14541	-17023	-17226
-14541	-16988	-17363
-14527	-17663	-16578
-14527	-16015	-18020
-14518	-17688	-16772
-14516	-14618	-18479
-14512	-15821	-18179
-14508	-17988	-16104
-14497	-16868	-17419
-14479	-17165	-17154
-14471	-16722	-17445
-14470	-18240	-15431
-14468	-18156	-16145
-14463	-17121	-17216
-14457	-17036	-17460
-14450	-18447	-15222
-14432	-17300	-17101
-14430	-16744	-17555
-14418	-17359	-16975
-14415	-14622	-18641
-14408	-15827	-18194
-14404	-16652	-17580
-14389	-16458	-17739
-14388	-17109	-17256
-14379	-17134	-17450
-14378	-18356	-15337
-14369	-17415	-16825
-14363	-14044	-18658
-14360	-17947	-16291
-14358	-18759	-14883
-14349	-18361	-15681
-14348	-17359	-17005
-14340	-18350	-15837
-14332	-16168	-18123
-14329	-17583	-16866
-14311	-16556	-17729
-14285	-16464	-17754
-14278	-15330	-18386
-14270	-17421	-16957
-14268	-18259	-15952
-14268	-14387	-18702
-14264	-15590	-18402
-14263	-16241	-17919
-14261	-18417	-15674
-14246	-17220	-17152
-14220	-17925	-16368
-14211	-17966	-16218
-14209	-16805	-17683
-14207	-17809	-16615
-14201	-14456	-18677
-14179	-15594	-18302
-14179	-14521	-18715
-14174	-16465	-17810
-14160	-15596	-18417
-14154	-18518	-15091
-14140	-16878	-17479
-14130	-15123	-18597
-14118	-17943	-16628
-14115	-13813	-18881
-14107	-15645	-18420
-14105	-17302	-17030
-14098	-17282	-17134
-14081	-17352	-17089
-14070	-18531	-15325
-14064	-14203	-18776
-14054	-18847	-14329
-14039	-15067	-18699
-14032	-17951	-16249
-14024	-14371	-18817
-14012	-16930	-17501
-13989	-17559	-17009
-13988	-15457	-18594
-13986	-16838	-17526
-13981	-17223	-17141
-13980	-17548	-17165
-13970	-15754	-18329
-13948	-15625	-18635
-13930	-14738	-18706
-13909	-17213	-17266
-13893	-16671	-17774
-13884	-14917	-18801
-13879	-15698	-18431
-13873	-18206	-16033
-13866	-14030	-18872
-13865	-16094	-18154
-13850	-17005	-17687
-13822	-17843	-16722
-13821	-13783	-19076
-13811	-18257	-16112
-13782	-16427	-17966
-13769	-15757	-18288
-13768	-18891	-14215
-13763	-18809	-14771
-13756	-16335	-17991
-13732	-18288	-15911
-13727	-17600	-16837
-13720	-18068	-16357
-13711	-18057	-16513
-13708	-17296	-17197
-13688	-14648	-18834
-13636	-16468	-17896
-13622	-18891	-14649
-13611	-15893	-18318
-13550	-15384	-18729
-13547	-18560	-15278
-13536	-18199	-16147
-13535	-14074	-19013
-13528	-18462	-15408
-13513	-18329	-15886
-13504	-18318	-16042
-13482	-18895	-15129
-13473	-18497	-15927
-13464	-18486	-16083
-13459	-15328	-18831
-13446	-14298	-18904
-13429	-16844	-17719
-13427	-16021	-18289
-13422	-18134	-16616
-13418	-19065	-14146
-13397	-17645	-16825
-13370	-17698	-16727
-13370	-16796	-17909
-13336	-15965	-18391
-13332	-18579	-15805
-13286	-14291	-19004
-13247	-16319	-17997
-13225	-18266	-16150
-13218	-16231	-18422
-13216	-18255	-16306
-13194	-18184	-16342
-13136	-18490	-16041
-13064	-18898	-14842
-13019	-18380	-16124
-12993	-18288	-16149
-12935	-18393	-16358
-12926	-18382	-16514
-12925	-18693	-15690
-12796	-17839	-17036
-12786	-18664	-15972
-12316	-17630	-17258
-12164	-17065	-17771
