-19775	-16057	-17038
-19725	-16902	-16924
-19683	-15979	-17498
-19659	-17490	-17037
-19633	-16824	-17384
-19603	-16803	-17456
-19561	-16982	-17182
-19540	-17005	-17428
-19523	-17543	-17714
-19513	-17573	-17001
-19490	-17850	-17314
-19470	-17987	-17216
-19469	-17711	-17688
-19451	-17182	-17749
-19424	-17358	-17780
-19419	-18556	-17574
-19375	-16528	-17992
-19323	-17794	-17652
-19233	-17950	-18362
-19229	-16733	-18589
-19172	-18109	-17644
-19161	-18260	-18182
-19119	-19242	-17782
-19107	-19300	-16402
-19085	-17001	-18453
-19085	-16482	-18690
-19061	-17148	-18424
-19054	-18020	-18475
-19047	-19552	-17602
-19023	-17638	-18780
-18993	-18675	-18017
-18982	-18330	-18295
-18978	-18330	-18431
-18951	-17948	-18600
-18951	-17867	-18754
-18901	-18641	-18464
-18879	-18177	-18574
-18868	-19622	-17715
-18829	-18951	-18284
-18790	-18445	-18591
-18770	-18663	-18339
-18760	-18155	-18599
-18748	-19508	-18037
-18738	-19055	-18086
-18735	-17926	-18675
-18718	-18755	-18411
-18698	-18892	-18313
-18689	-19669	-17196
-18686	-16285	-18818
-18682	-19016	-18503
-18676	-19818	-17857
-18656	-19955	-17759
-18624	-17767	-18950
-18610	-19326	-18323
-18599	-19825	-17906
-18556	-18449	-18738
-18552	-17996	-18924
-18544	-17707	-19188
-18527	-20135	-17726
-18502	-18770	-18634
-18484	-18678	-18712
-18472	-18017	-19008
-18472	-17498	-19245
-18442	-19741	-18158
-18430	-19080	-18454
-18391	-18574	-18761
-18358	-19309	-18428
-18319	-18884	-18581
-18304	-18432	-18843
-18297	-18959	-18531
-18284	-19452	-18724
-18245	-18144	-18898
-18209	-19221	-18740
-18186	-19504	-18219
-18176	-18703	-19080
-18140	-18875	-18783
-18137	-17793	-19130
-18128	-17695	-19316
-18118	-19792	-18228
-18093	-19512	-18483
-18085	-18807	-18882
-18064	-19888	-17775
-18053	-17464	-19332
-18034	-20205	-17191
-18002	-19616	-18285
-17985	-18730	-19101
-17911	-16669	-19361
-17836	-17585	-19350
-17807	-19496	-18487
-17794	-17312	-19435
-17787	-19633	-18389
-17769	-19096	-18867
-17766	-20225	-17159
-17764	-17743	-19148
-17759	-18451	-19137
-17741	-19004	-18953
-17738	-17077	-19495
-17726	-20230	-17559
-17690	-20402	-17262
-17678	-19667	-18355
-17670	-20539	-17164
-17666	-18773	-18969
-17665	-20017	-17945
-17658	-19813	-18356
-17642	-19839	-18353
-17586	-18859	-19271
-17585	-20145	-17596
-17492	-20153	-17860
-17476	-20179	-17857
-17476	-17662	-19354
-17467	-19840	-18377
-17461	-17708	-19534
-17456	-20740	-16240
-17456	-20325	-17563
-17440	-20351	-17560
-17426	-18308	-19327
-17392	-19609	-18393
-17303	-17069	-19579
-17301	-20180	-17881
-17281	-16620	-19621
-17231	-17298	-19553
-17209	-16849	-19595
-17110	-18906	-19101
-16902	-16735	-19624
-16884	-16905	-19647
-16633	-17884	-19373
-16625	-15378	-19694
-16561	-18113	-19347
-16463	-14738	-19874
-16168	-14921	-19820
-15979	-16505	-19736
-15920	-15115	-19756
-15643	-15746	-19795
