-41469	-29985	-29432
-41446	-30710	-29372
-41361	-30509	-29551
-41356	-31092	-28994
-41344	-31313	-28952
-41324	-30604	-30056
-41312	-30825	-30014
-41310	-31008	-29145
-41241	-31461	-29548
-41218	-30842	-29895
-41211	-30827	-29984
-41172	-29668	-30876
-41165	-31015	-29851
-41143	-30180	-30395
-41133	-31014	-29945
-41132	-31007	-30869
-41119	-29836	-31022
-41098	-31748	-28862
-41094	-31902	-29179
-41074	-31298	-30457
-41070	-30317	-31362
-41059	-31148	-30580
-41053	-31513	-30495
-41035	-30534	-30887
-41001	-31873	-29864
-40975	-31544	-30819
-40973	-31842	-30894
-40971	-30784	-31581
-40963	-31895	-30117
-40960	-32098	-29282
-40951	-32116	-30075
-40931	-31407	-31179
-40919	-31628	-31137
-40916	-32262	-31027
-40912	-30269	-31633
-40884	-29414	-31764
-40873	-31497	-31495
-40866	-30379	-31677
-40865	-31662	-31266
-40859	-31571	-31807
-40851	-31736	-31578
-40830	-32534	-31077
-40813	-31150	-32268
-40778	-32763	-30063
-40774	-32917	-30380
-40725	-31770	-31802
-40722	-31243	-31820
-40714	-31843	-31115
-40708	-30909	-32551
-40707	-32028	-31953
-40702	-32437	-31247
-40686	-32080	-31742
-40663	-32897	-30597
-40652	-32811	-31064
-40635	-31480	-31981
-40628	-32604	-31294
-40623	-32509	-31637
-40623	-30990	-32427
-40618	-31827	-32064
-40613	-32045	-31834
-40612	-32193	-32011
-40603	-32642	-31555
-40593	-33338	-30211
-40579	-32952	-30775
-40579	-32776	-31156
-40567	-32892	-30940
-40552	-30472	-32573
-40550	-31102	-32574
-40549	-32676	-31684
-40537	-31409	-32532
-40536	-33402	-30255
-40535	-33374	-30813
-40507	-31436	-32246
-40506	-32498	-31978
-40494	-31872	-32108
-40478	-31704	-32144
-40471	-30953	-33107
-40464	-32757	-31560
-40464	-31996	-32135
-40462	-33515	-30524
-40460	-32077	-32439
-40457	-32962	-31204
-40429	-32651	-32302
-40425	-32919	-31542
-40408	-31588	-32459
-40400	-32972	-30874
-40390	-33111	-31652
-40388	-31529	-32467
-40373	-31638	-32495
-40371	-32953	-31671
-40364	-33153	-31331
-40355	-32818	-32349
-40343	-33608	-29732
-40343	-31532	-32842
-40335	-30877	-33117
-40333	-33387	-30685
-40309	-31614	-32906
-40285	-33225	-31721
-40279	-32256	-32573
-40276	-32316	-32693
-40264	-32047	-32996
-40256	-31551	-33139
-40248	-33468	-30561
-40235	-33316	-31038
-40235	-32941	-31930
-40232	-33333	-31239
-40228	-32464	-32510
-40221	-32867	-31962
-40204	-33316	-31467
-40202	-32759	-32780
-40199	-33497	-31495
-40189	-33129	-31797
-40186	-33376	-31975
-40183	-33086	-32212
-40171	-31632	-33015
-40163	-31600	-33195
-40150	-33589	-31147
-40148	-32793	-32909
-40131	-32082	-33068
-40125	-33610	-31764
-40120	-33232	-32245
-40106	-31576	-33398
-40096	-32384	-33046
-40095	-33696	-30941
-40088	-32880	-32365
-40078	-33200	-32281
-40078	-31681	-33071
-40077	-33730	-30858
-40077	-33391	-32179
-40075	-33773	-30412
-40070	-33913	-30323
-40068	-33938	-30343
-40067	-32884	-32655
-40067	-30969	-33728
-40048	-32876	-32710
-40046	-33682	-32154
-40045	-33729	-30952
-40039	-32360	-33249
-40004	-33356	-32271
-40003	-33504	-32448
-4e4	-32596	-33033
-39989	-31156	-33689
-39981	-32097	-33298
-39981	-31321	-33460
-39973	-33241	-32518
-39968	-33231	-32545
-39960	-33954	-31928
-39958	-31296	-33552
-39950	-31492	-33463
-39942	-33181	-32677
-39936	-31324	-33835
-39933	-32206	-33394
-39926	-31644	-33751
-39919	-32894	-33265
-39895	-33428	-32479
-39894	-33022	-33030
-39892	-31411	-33829
-39880	-34073	-31116
-39874	-33339	-32600
-39872	-32166	-33485
-39870	-32579	-33362
-39869	-32108	-33686
-39862	-33504	-32903
-39861	-32815	-33286
-39857	-30750	-33895
-39851	-33135	-33202
-39838	-33848	-32612
-39805	-33323	-33069
-39796	-33861	-32046
-39790	-31568	-33761
-39779	-32215	-33541
-39778	-33334	-32943
-39773	-33322	-33163
-39765	-33989	-32323
-39762	-34230	-31416
-39759	-30948	-34140
-39756	-34349	-30033
-39747	-33997	-32012
-39746	-33816	-32816
-39735	-32436	-33515
-39731	-32590	-33832
-39727	-31139	-34135
-39717	-32646	-33335
-39717	-31459	-34051
-39712	-32999	-33392
-39709	-32644	-33603
-39705	-34049	-31582
-39697	-31745	-34107
-39692	-32234	-33838
-39690	-32647	-33715
-39686	-31972	-33903
-39681	-32883	-33639
-39674	-34138	-31723
-39674	-32705	-33696
-39671	-33654	-32848
-39665	-33123	-33386
-39652	-33132	-33433
-39648	-33457	-32940
-39633	-32623	-33918
-39631	-34205	-32210
-39613	-31979	-34090
-39610	-33888	-32637
-39595	-33562	-33141
-39594	-33156	-33692
-39588	-34410	-31497
-39582	-33249	-33184
-39573	-30936	-34324
-39572	-33210	-33463
-39567	-33213	-33309
-39563	-32654	-33705
-39563	-31256	-34240
-39561	-31669	-34117
-39557	-33970	-32419
-39555	-34486	-31921
-39553	-34085	-32846
-39549	-33435	-33299
-39544	-33247	-33341
-39542	-32259	-34097
-39541	-33348	-33384
-39532	-33769	-32853
-39524	-33563	-33064
-39514	-31825	-34143
-39506	-32040	-34256
-39504	-32453	-34133
-39504	-32278	-34311
-39502	-32691	-34188
-39501	-34097	-32545
-39494	-30362	-34384
-39492	-34045	-32937
-39491	-33356	-33320
-39487	-33382	-33513
-39485	-32723	-34032
-39483	-33136	-33909
-39481	-33676	-33236
-39475	-33043	-33948
-39473	-33456	-33825
-39466	-34304	-32181
-39465	-31010	-34317
-39464	-34686	-30414
-39464	-33903	-33106
-39463	-32371	-34355
-39453	-32691	-34271
-39434	-32932	-34125
-39433	-32047	-34443
-39403	-33863	-33197
-39403	-33580	-33335
-39402	-33557	-33473
-39400	-34104	-32290
-39389	-33671	-33313
-39387	-34106	-32356
-39379	-33991	-33229
-39372	-32007	-34534
-39369	-33172	-33955
-39367	-32844	-34171
-39365	-34137	-32319
-39356	-33704	-33329
-39353	-34197	-32659
-39348	-33591	-33602
-39346	-34201	-32658
-39344	-34418	-32056
-39344	-33665	-33563
-39341	-33791	-33262
-39339	-32967	-33958
-39335	-32939	-34033
-39325	-33259	-33949
-39319	-34325	-32186
-39318	-34225	-33018
-39317	-32615	-34281
-39314	-33465	-33780
-39312	-31441	-34539
-39305	-32791	-34385
-39304	-31656	-34652
-39303	-33204	-34262
-39297	-33709	-33342
-39287	-34324	-32280
-39286	-34499	-30935
-39284	-34211	-33395
-39282	-33383	-33846
-39280	-33725	-33855
-39272	-34288	-32405
-39266	-34641	-30901
-39261	-31987	-34751
-39259	-34661	-31779
-39254	-34400	-32704
-39251	-32307	-34667
-39222	-34312	-32740
-39221	-33272	-34069
-39219	-33685	-33946
-39209	-33739	-33666
-39199	-32920	-34392
-39198	-34757	-31949
-39195	-31631	-34839
-39193	-34360	-32795
-39176	-34591	-31994
-39174	-33413	-34e3
-39164	-34037	-33768
-39160	-33422	-33995
-39157	-32594	-34509
-39151	-34412	-32365
-39148	-34806	-30339
-39144	-33213	-34217
-39127	-31498	-34884
-39123	-33324	-34003
-39122	-32655	-34602
-39119	-34411	-32459
-39117	-31818	-34800
-39115	-32231	-34677
-39114	-32718	-34406
-39113	-34464	-32409
-39113	-33531	-34091
-39110	-34492	-32569
-39100	-31983	-34844
-39093	-34138	-33416
-39090	-32303	-34760
-39083	-31542	-34895
-39080	-33220	-34099
-39055	-32744	-34656
-39052	-32989	-34335
-39051	-33749	-33819
-39050	-33289	-34095
-39050	-33040	-34327
-39049	-32662	-34789
-39048	-34813	-31822
-39046	-34412	-32747
-39042	-33309	-34251
-39041	-34898	-31377
-39039	-34947	-29911
-39039	-34172	-33545
-39034	-34773	-32280
-39032	-34372	-33205
-39028	-33612	-33967
-39020	-33109	-34323
-39009	-31619	-35023
-39005	-34046	-33723
-39001	-32963	-34344
-39e3	-34598	-32571
-38999	-32934	-34508
-38998	-33813	-33843
-38993	-33369	-34160
-38992	-33373	-34425
-38988	-34386	-33253
-38983	-32992	-34489
-38974	-33646	-34096
-38972	-34874	-31625
-38966	-33921	-33869
-38961	-35017	-30565
-38958	-33736	-34041
-38949	-31053	-35028
-38944	-32731	-34658
-38942	-32910	-34711
-38937	-34471	-32986
-38932	-33230	-34627
-38924	-35055	-31106
-38920	-34e3	-33804
-38915	-33415	-34192
-38913	-35198	-30046
-38912	-34667	-32964
-38910	-35049	-31197
-38910	-34266	-33889
-38902	-33389	-34209
-38901	-33537	-34386
-38900	-32528	-34968
-38890	-33088	-34820
-38888	-31919	-35156
-38877	-33523	-34452
-38876	-33575	-34647
-38864	-34271	-33445
-38854	-32716	-34835
-38850	-34768	-32309
-38845	-34893	-31617
-38839	-32488	-35059
-38836	-32532	-34881
-38835	-33794	-34160
-38826	-32605	-35096
-38821	-34801	-32790
-38821	-33868	-34472
-38813	-34296	-33264
-38801	-34407	-33461
-38793	-32676	-34926
-38790	-33963	-34029
-38785	-34408	-33223
-38784	-33330	-34741
-38782	-33743	-34618
-38770	-34949	-32044
-38766	-32039	-35101
-38765	-34688	-32969
-38762	-34639	-33008
-38762	-32978	-35064
-38747	-33949	-34085
-38747	-33184	-34856
-38744	-34151	-33896
-38744	-34101	-33961
-38740	-33499	-34657
-38738	-34948	-32138
-38736	-33881	-34550
-38733	-34687	-33063
-38729	-35110	-30647
-38712	-34009	-34044
-38712	-33435	-34812
-38707	-34883	-32400
-38707	-33271	-34889
-38706	-35173	-30606
-38705	-35024	-32562
-38705	-31999	-35192
-38702	-33755	-34728
-38699	-32157	-35241
-38697	-35109	-30741
-38697	-32214	-35305
-38690	-35129	-31619
-38689	-34394	-33786
-38688	-34278	-34022
-38684	-33950	-34103
-38683	-33954	-34368
-38681	-34174	-34375
-38680	-35148	-31115
-38678	-33459	-34748
-38676	-34595	-33380
-38670	-32576	-35205
-38669	-32105	-35361
-38655	-34488	-33451
-38649	-34317	-33984
-38646	-34442	-33653
-38645	-34808	-33367
-38643	-34582	-33653
-38628	-34247	-34193
-38626	-32902	-35074
-38624	-34828	-32635
-38624	-32221	-35492
-38621	-33386	-34913
-38616	-32300	-35231
-38614	-35224	-31055
-38614	-34441	-33747
-38611	-34581	-33747
-38609	-35205	-31899
-38600	-33805	-34560
-38580	-33040	-35006
-38572	-34856	-32860
-38568	-34104	-34395
-38560	-32594	-35460
-38555	-34996	-32606
-38538	-34722	-33458
-38535	-31616	-35494
-38533	-35317	-30795
-38531	-34599	-33533
-38516	-34809	-32963
-38516	-33143	-35314
-38510	-35079	-32103
-38508	-34791	-33454
-38507	-32789	-35330
-38504	-33639	-34829
-38502	-33145	-35006
-38490	-34326	-33939
-38484	-34902	-32947
-38483	-34866	-32955
-38482	-33237	-34979
-38479	-35277	-32317
-38476	-34918	-32656
-38476	-32100	-35548
-38475	-34838	-33082
-38473	-34666	-33469
-38472	-33557	-34895
-38470	-33331	-35181
-38461	-33436	-35139
-38451	-33134	-35350
-38443	-34645	-33620
-38438	-33925	-34682
-38433	-34890	-33290
-38430	-34263	-34496
-38428	-34245	-34598
-38417	-33850	-34720
-38415	-34732	-33514
-38415	-33624	-35006
-38413	-34465	-33848
-38404	-34938	-33345
-38399	-32590	-35553
-38398	-35036	-32941
-38398	-33852	-34832
-38394	-35467	-29708
-38393	-34267	-34130
-38388	-32832	-35372
-38383	-34058	-34624
-38376	-34298	-34010
-38375	-35043	-32519
-38369	-34283	-34099
-38368	-35360	-31023
-38365	-34504	-33841
-38361	-34760	-33639
-38357	-35171	-33001
-38357	-34779	-33614
-38355	-34590	-33843
-38351	-35399	-31397
-38351	-34359	-34193
-38341	-33062	-35434
-38339	-34295	-34255
-38338	-34930	-33373
-38334	-33387	-35266
-38330	-34989	-33009
-38330	-34290	-34297
-38326	-33926	-34873
-38323	-34501	-34090
-38322	-35418	-31745
-38319	-34760	-33755
-38319	-34358	-34287
-38314	-34954	-33105
-38314	-34333	-34516
-38311	-33358	-35292
-38306	-31717	-35850
-38305	-33604	-35013
-38305	-33144	-35452
-38302	-33305	-35332
-38297	-34673	-34046
-38284	-35332	-31858
-38284	-34478	-34164
-38274	-34846	-33492
-38270	-33394	-35148
-38261	-35395	-31817
-38253	-34077	-34616
-38252	-35476	-31927
-38252	-35331	-31952
-38250	-33437	-35277
-38249	-33459	-35078
-38248	-35312	-32573
-38247	-33598	-35157
-38245	-35351	-32830
-38242	-33633	-35184
-38240	-34878	-33461
-38238	-34822	-33656
-38234	-33124	-35618
-38229	-34346	-34594
-38227	-34247	-34655
-38226	-32362	-35718
-38222	-33668	-35063
-38218	-33786	-35016
-38216	-32682	-35634
-38214	-34740	-33924
-38209	-34391	-34393
-38201	-34626	-34070
-38196	-33821	-35051
-38195	-34220	-34772
-38193	-34824	-33512
-38191	-35393	-32539
-38187	-34035	-34944
-38187	-33926	-35009
-38187	-33855	-35164
-38183	-35452	-32175
-38180	-34393	-34464
-38174	-34639	-34419
-38170	-34713	-34380
-38163	-34079	-34841
-38162	-33195	-35371
-38160	-34778	-33719
-38160	-34069	-34892
-38160	-31788	-35809
-38158	-34744	-33798
-38153	-32755	-35803
-38151	-35529	-30820
-38151	-34871	-33594
-38150	-35136	-33212
-38143	-35617	-31499
-38142	-35181	-32929
-38141	-35449	-32424
-38141	-34114	-34876
-38140	-33948	-35177
-38130	-35088	-33583
-38129	-32447	-35886
-38128	-34777	-33813
-38123	-35245	-33514
-38116	-31460	-35901
-38109	-34548	-34494
-38109	-34113	-34970
-38107	-33488	-35196
-38106	-33557	-35194
-38101	-34780	-34130
-38100	-33142	-35585
-38094	-33436	-35308
-38093	-35666	-29889
-38093	-34270	-34604
-38089	-34818	-33808
-38089	-33348	-35416
-38088	-35492	-32258
-38075	-33635	-35193
-38074	-35593	-31747
-38074	-33554	-35208
-38071	-34926	-33801
-38070	-34355	-34549
-38061	-35346	-32859
-38059	-34144	-34782
-38059	-33579	-35362
-38057	-35427	-32520
-38055	-35710	-30157
-38053	-34384	-34611
-38049	-32564	-35833
-38047	-33612	-35234
-38045	-34848	-34157
-38045	-33435	-35410
-38041	-33609	-35264
-38039	-33184	-35607
-38034	-32502	-35959
-38032	-35719	-30580
-38031	-33014	-35620
-38027	-35329	-32921
-38026	-34442	-34543
-38025	-33968	-35209
-38023	-34315	-34692
-38020	-35075	-33613
-38016	-33623	-35269
-38014	-35386	-33086
-38013	-35570	-31819
-38011	-34042	-35521
-38006	-32956	-35839
-38004	-34896	-34169
-38003	-35546	-31836
-38001	-34541	-34579
-37999	-35521	-32431
-37994	-34222	-34829
-37991	-34116	-34877
-37982	-34431	-34785
-37978	-35774	-31084
-37978	-35072	-33862
-37966	-35101	-33544
-37955	-34729	-34446
-37955	-32639	-35904
-37953	-32133	-36144
-37952	-34219	-35078
-37948	-35568	-32092
-37948	-33740	-35543
-37941	-34831	-34357
-37937	-34123	-35134
-37936	-35273	-33323
-37930	-33673	-35706
-37928	-34562	-34513
-37926	-35257	-33339
-37925	-32587	-36024
-37924	-35098	-33793
-37923	-35582	-32234
-37923	-34728	-34540
-37913	-34525	-34814
-37911	-35129	-33743
-37908	-35255	-33442
-37906	-32099	-36253
-37905	-35223	-33605
-37904	-34977	-34078
-37903	-34299	-34857
-37895	-33703	-35549
-37894	-35064	-33877
-37886	-34559	-34762
-37885	-34276	-34959
-37882	-34416	-34959
-37881	-35004	-33904
-37879	-34568	-34835
-37877	-35168	-33608
-37875	-33966	-35531
-37867	-33371	-35728
-37864	-35358	-33130
-37864	-35283	-33399
-37856	-35711	-31247
-37854	-34363	-35032
-37849	-35446	-32727
-37843	-35463	-32481
-37840	-32495	-36030
-37839	-35001	-34153
-37838	-35090	-34361
-37835	-35406	-33185
-37834	-35681	-31371
-37834	-35263	-33441
-37833	-34756	-34702
-37819	-35511	-32564
-37814	-33334	-35734
-37813	-33082	-35737
-37812	-34360	-35281
-37809	-35602	-32522
-37799	-34656	-34857
-37795	-35764	-31938
-37793	-35189	-33740
-37791	-35113	-33908
-37789	-32352	-36169
-37788	-35639	-32841
-37786	-35149	-34126
-37786	-33270	-35889
-37783	-35829	-30625
-37783	-35434	-33410
-37776	-33590	-35805
-37766	-35661	-32340
-37764	-34684	-34742
-37760	-34897	-34413
-37759	-35458	-33142
-37751	-35828	-30719
-37750	-33364	-35826
-37744	-35350	-33587
-37743	-34857	-34424
-37742	-35177	-34083
-37742	-34557	-35162
-37737	-32754	-36074
-37727	-32926	-35950
-37720	-32268	-36201
-37715	-34217	-35379
-37715	-33507	-35880
-37715	-33425	-35919
-37713	-35300	-33869
-37711	-35682	-32102
-37710	-32588	-36117
-37708	-31983	-36354
-37707	-35323	-33734
-37705	-32901	-36074
-37702	-34856	-34437
-37699	-35527	-33345
-37695	-33221	-35990
-37694	-34636	-35026
-37691	-34835	-34485
-37690	-34710	-34987
-37687	-32678	-36098
-37683	-34734	-34719
-37677	-35793	-31297
-37676	-35673	-32755
-37676	-34284	-35291
-37675	-33716	-35568
-37671	-32114	-36448
-37669	-32995	-36011
-37658	-35688	-31948
-37657	-35379	-33619
-37655	-34993	-34596
-37652	-35743	-31950
-37647	-35078	-34417
-37643	-33715	-35662
-37643	-32568	-36328
-37637	-33612	-35880
-37635	-35685	-32116
-37635	-35416	-33428
-37634	-33848	-35564
-37634	-33056	-36104
-37631	-33988	-35564
-37630	-35220	-34052
-37625	-34613	-35033
-37616	-35915	-31614
-37612	-34105	-35488
-37610	-35929	-30409
-37609	-35398	-33463
-37607	-33812	-35576
-37606	-34481	-35172
-37606	-33338	-36242
-37605	-35976	-31606
-37594	-35112	-34394
-37591	-33922	-35791
-37590	-35668	-32917
-37590	-35422	-33581
-37590	-33578	-35989
-37583	-35133	-34285
-37581	-35604	-33052
-37576	-36071	-31409
-37568	-35357	-34164
-37565	-34845	-34764
-37562	-34784	-34770
-37549	-35165	-34254
-37546	-35973	-31810
-37545	-35364	-33742
-37545	-34764	-34892
-37545	-33965	-35816
-37539	-34424	-35239
-37533	-35996	-32295
-37529	-33605	-35965
-37527	-34168	-35457
-37525	-32969	-36427
-37522	-33819	-35926
-37513	-34675	-35139
-37509	-34934	-34804
-37507	-34433	-35397
-37504	-35623	-33324
-37492	-35814	-32699
-37492	-35739	-32968
-37489	-34901	-34895
-37485	-34046	-35584
-37477	-35455	-33493
-37476	-34007	-35793
-37473	-33451	-36017
-37473	-31998	-36549
-37472	-34461	-35282
-37472	-34216	-35685
-37470	-33262	-36252
-37469	-34613	-35158
-37468	-35114	-34324
-37467	-36212	-30981
-37464	-33596	-36001
-37461	-34828	-34964
-37459	-35890	-33123
-37459	-35498	-33736
-37457	-34120	-35741
-37451	-35543	-33453
-37446	-34732	-35020
-37441	-33450	-36111
-37435	-34927	-34826
-37429	-35046	-34476
-37426	-35111	-34573
-37424	-36137	-31867
-37423	-34801	-35025
-37413	-33202	-36294
-37404	-32309	-36429
-37402	-34413	-35566
-37400	-35368	-33954
-37399	-34565	-35442
-37398	-35105	-34601
-37396	-35409	-33959
-37395	-33638	-35978
-37388	-34097	-35748
-37387	-32976	-36315
-37381	-35378	-34372
-37377	-34709	-35027
-37375	-34959	-34711
-37370	-35633	-33652
-37369	-35887	-33228
-37363	-36114	-31939
-37355	-32001	-36456
-37354	-36050	-32074
-37353	-34753	-35309
-37350	-34952	-34768
-37349	-35638	-33346
-37349	-35207	-34798
-37346	-33413	-36141
-37336	-33733	-36057
-37333	-34390	-35573
-37332	-34602	-35485
-37328	-35630	-33901
-37321	-34467	-35505
-37321	-34044	-35751
-37306	-33417	-36137
-37305	-33552	-36203
-37303	-34031	-35818
-37303	-33557	-36137
-37302	-36031	-32551
-37293	-33937	-35903
-37291	-35375	-34477
-37290	-32984	-36622
-37288	-35691	-33301
-37284	-34730	-35316
-37284	-34681	-35349
-37280	-36246	-31267
-37280	-34045	-35811
-37276	-35358	-34541
-37273	-34779	-35042
-37268	-34838	-34983
-37268	-34430	-35511
-37261	-33870	-36021
-37252	-33564	-36074
-37251	-34233	-35670
-37247	-35434	-33974
-37247	-34125	-35770
-37247	-33586	-36269
-37245	-36202	-31688
-37244	-35900	-33051
-37239	-34088	-35800
-37236	-35245	-34586
-37235	-34130	-35714
-37235	-33603	-36107
-37226	-33284	-36285
-37223	-32260	-36719
-37222	-34618	-35378
-37222	-34135	-35936
-37221	-34452	-35679
-37220	-35416	-34536
-37218	-36171	-32234
-37215	-33134	-36325
-37213	-32580	-36635
-37211	-32430	-36664
-37210	-35249	-34662
-37209	-35281	-34556
-37206	-33465	-36306
-37205	-36248	-30798
-37200	-34497	-35595
-37200	-34317	-35815
-37199	-35990	-32847
-37197	-34838	-35035
-37196	-34526	-35495
-37194	-34831	-35038
-37194	-33895	-36184
-37193	-34531	-35776
-37190	-35926	-32982
-37189	-35783	-33238
-37184	-35807	-33561
-37175	-34990	-35203
-37171	-36387	-30839
-37171	-35486	-33931
-37168	-35246	-34911
-37167	-35527	-33936
-37166	-35442	-34467
-37166	-33481	-36494
-37155	-35643	-33580
-37154	-36329	-31005
-37153	-34112	-35943
-37147	-35567	-34279
-37145	-34610	-35640
-37141	-35669	-33923
-37136	-36343	-31260
-37136	-33165	-36574
-37136	-32079	-36720
-37133	-34015	-36073
-37127	-35035	-34916
-37123	-36051	-32650
-37122	-35794	-33735
-37122	-32290	-36733
-37113	-33493	-36365
-37112	-34162	-35961
-37111	-33349	-36503
-37105	-35829	-33342
-37103	-34720	-35462
-37101	-36328	-31317
-37101	-35303	-34792
-37095	-35397	-34654
-37082	-33962	-36178
-37081	-36048	-32899
-37081	-35345	-34827
-37075	-35017	-35012
-37073	-34766	-35352
-37071	-35178	-34953
-37071	-34653	-35580
-37070	-35964	-32902
-37068	-35820	-33666
-37066	-35873	-33485
-37065	-34761	-35499
-37065	-34268	-35881
-37057	-34455	-35786
-37056	-33742	-36221
-37055	-36099	-32261
-37053	-35637	-34380
-37052	-33646	-36258
-37051	-36408	-31041
-37050	-35943	-33172
-37048	-35500	-34519
-37047	-34165	-36064
-37047	-32491	-36677
-37045	-35086	-35008
-37038	-34794	-35237
-37037	-36040	-33326
-37036	-34777	-35343
-37035	-32353	-36706
-37034	-33076	-36651
-37032	-33597	-36483
-37030	-35644	-33958
-37030	-34871	-35205
-37029	-36255	-31375
-37029	-34244	-36045
-37028	-35454	-34535
-37027	-36073	-32381
-37023	-36122	-32827
-37018	-35041	-35028
-37013	-32546	-36674
-37007	-36263	-31747
-37001	-35945	-33334
-37001	-35048	-35072
-36992	-36469	-30889
-36992	-34458	-35889
-36991	-35534	-34513
-36990	-36205	-31913
-36989	-34610	-35765
-36985	-36332	-31747
-36983	-35723	-34026
-36979	-33735	-36239
-36977	-36094	-32915
-36977	-33890	-36308
-36976	-33646	-36313
-36964	-34649	-35753
-36962	-35232	-35083
-36961	-35603	-34509
-36959	-35942	-33583
-36959	-32809	-36756
-36954	-36224	-32124
-36950	-35878	-33718
-36949	-35735	-33974
-36948	-34806	-35387
-36946	-35108	-35180
-36946	-31822	-36771
-36943	-34798	-35632
-36938	-31963	-36821
-36933	-35122	-35146
-36933	-33115	-36629
-36932	-36200	-32277
-36932	-34896	-35325
-36931	-35051	-35229
-36931	-35012	-35236
-36924	-36074	-33055
-36923	-35001	-35283
-36919	-32561	-36904
-36918	-35685	-34256
-36914	-35324	-35e3
-36912	-34092	-36079
-36908	-34094	-36355
-36901	-35375	-34979
-36898	-33482	-36510
-36897	-34706	-35634
-36895	-36177	-32431
-36894	-35466	-34555
-36893	-35099	-35212
-36893	-33602	-36460
-36893	-33514	-36496
-36889	-33176	-36563
-36887	-35475	-34680
-36883	-34809	-35490
-36883	-34280	-35938
-36878	-34460	-35959
-36877	-35189	-35150
-36877	-34177	-36156
-36876	-36473	-31319
-36874	-35950	-33749
-36873	-36192	-32509
-36872	-35421	-34769
-36871	-36233	-31821
-36871	-36117	-32889
-36870	-34949	-35375
-36867	-33929	-36369
-36866	-34525	-35780
-36863	-36176	-32525
-36857	-33190	-36546
-36856	-33646	-36392
-36853	-34387	-36180
-36852	-35463	-34804
-36851	-35957	-33327
-36851	-33903	-36464
-36850	-34539	-36056
-36849	-35079	-35215
-36842	-36358	-32819
-36841	-36458	-31376
-36840	-34962	-35287
-36840	-33664	-36530
-36838	-35844	-33853
-36835	-35605	-34439
-36832	-34648	-35826
-36830	-34143	-36265
-36828	-35102	-35315
-36827	-35877	-33799
-36826	-36563	-30433
-36816	-33329	-36608
-36814	-35999	-33878
-36813	-36526	-31627
-36812	-34180	-36259
-36811	-35372	-35084
-36807	-35642	-34312
-36804	-34727	-35923
-36801	-36101	-33492
-36800	-35181	-35412
-36797	-33139	-36745
-36796	-35276	-35140
-36796	-33929	-36421
-36785	-33001	-36774
-36781	-36531	-31527
-36772	-34018	-36365
-36765	-32472	-36981
-36763	-36428	-31710
-36761	-36132	-32883
-36759	-36098	-33741
-36756	-35487	-34790
-36756	-33681	-36569
-36755	-32949	-36894
-36754	-33531	-36751
-36747	-36167	-32854
-36744	-34738	-35781
-36744	-32480	-37024
-36740	-34947	-35461
-36738	-36456	-32413
-36738	-36103	-32989
-36736	-36497	-31725
-36735	-35879	-34040
-36734	-35793	-34055
-36733	-32493	-36970
-36732	-36599	-30948
-36730	-36108	-32926
-36730	-35246	-35269
-36727	-35253	-35147
-36727	-34454	-36071
-36726	-34818	-35568
-36723	-36523	-31732
-36719	-34812	-35597
-36718	-36634	-31736
-36714	-34828	-35645
-36714	-34463	-36066
-36697	-36185	-33167
-36697	-34387	-36305
-36696	-34927	-35464
-36688	-35243	-35518
-36685	-35442	-34977
-36684	-32576	-37099
-36682	-35752	-34147
-36679	-34212	-36332
-36677	-33258	-36899
-36673	-34109	-36550
-36672	-34426	-36293
-36669	-33209	-36972
-36668	-35571	-34603
-36668	-34651	-35933
-36667	-34485	-36234
-36664	-35637	-34787
-36651	-34575	-36172
-36643	-35682	-34703
-36642	-34110	-36373
-36640	-36195	-33072
-36637	-35852	-34263
-36628	-36028	-33812
-36623	-36469	-31750
-36622	-33600	-36589
-36620	-35262	-35162
-36619	-35220	-35525
-36617	-35416	-35081
-36615	-35394	-35261
-36613	-36177	-33182
-36610	-34126	-36443
-36607	-34874	-35703
-36606	-34712	-35980
-36602	-33592	-36646
-36601	-36064	-34028
-36601	-35766	-34294
-36601	-35679	-34952
-36600	-36692	-31788
-36598	-36192	-33321
-36593	-33739	-36583
-36592	-33740	-36735
-36591	-35853	-34093
-36591	-35788	-34530
-36586	-35583	-35008
-36585	-33954	-36696
-36580	-32868	-37014
-36578	-35009	-35530
-36571	-36174	-33431
-36571	-35332	-35280
-36568	-36204	-32850
-36564	-34314	-36310
-36562	-36110	-33566
-36558	-34791	-35844
-36555	-36244	-33118
-36554	-36489	-32481
-36552	-35277	-35406
-36552	-35167	-35528
-36546	-35371	-35268
-36543	-34136	-36342
-36538	-34851	-35710
-36537	-34033	-36560
-36537	-32927	-37081
-36525	-35566	-35078
-36525	-35520	-35147
-36521	-35057	-35559
-36517	-35857	-34131
-36513	-35988	-34182
-36513	-35734	-34751
-36508	-35946	-34607
-36507	-32875	-37201
-36505	-36262	-33431
-36504	-35611	-34994
-36499	-33976	-36637
-36498	-34705	-36065
-36484	-36210	-33582
-36483	-35144	-35535
-36483	-34066	-36575
-36480	-34943	-35589
-36478	-36586	-32472
-36477	-33947	-36781
-36474	-34427	-36310
-36468	-35048	-35591
-36468	-34803	-35994
-36468	-34505	-36282
-36464	-36005	-34104
-36457	-35994	-34385
-36457	-34913	-35611
-36455	-35099	-35570
-36453	-34164	-36504
-36452	-35022	-35686
-36452	-34893	-35932
-36449	-34453	-36293
-36447	-35512	-35299
-36444	-36805	-30341
-36443	-34998	-35890
-36442	-36278	-32847
-36440	-36004	-34250
-36440	-33327	-36949
-36438	-35023	-35809
-36437	-31984	-37234
-36435	-35799	-34728
-36434	-35321	-35607
-36432	-36383	-33165
-36431	-34135	-36648
-36427	-33437	-36791
-36426	-33043	-37004
-36425	-36484	-32699
-36422	-36002	-34353
-36422	-34693	-36149
-36417	-34201	-36579
-36413	-36112	-33654
-36413	-35096	-35819
-36412	-33431	-36855
-36411	-36361	-33325
-36410	-34217	-36318
-36406	-36107	-33732
-36404	-34624	-36191
-36403	-36020	-34316
-36395	-36311	-33369
-36389	-33318	-36969
-36384	-36145	-34128
-36382	-35025	-35843
-36380	-36203	-33814
-36378	-35998	-34655
-36375	-36304	-33447
-36373	-35143	-35619
-36366	-36744	-31490
-36365	-33397	-36964
-36357	-35701	-34985
-36350	-36783	-30698
-36348	-33352	-37009
-36346	-36054	-34310
-36343	-33473	-36832
-36341	-36694	-32143
-36341	-34236	-36370
-36334	-34783	-36104
-36331	-33062	-37040
-36330	-35540	-35109
-36329	-34434	-36573
-36323	-35395	-35383
-36323	-35171	-35801
-36323	-33957	-36664
-36321	-35645	-35067
-36318	-33506	-36926
-36315	-35771	-34922
-36315	-34651	-36243
-36315	-34504	-36328
-36314	-36462	-33380
-36312	-35968	-34784
-36309	-36910	-30453
-36309	-34038	-36782
-36307	-36542	-32751
-36305	-33629	-36802
-36301	-36153	-33952
-36299	-36279	-34094
-36299	-32138	-37224
-36294	-36626	-32198
-36288	-33454	-37046
-36287	-36720	-32074
-36283	-34622	-36440
-36279	-35076	-35929
-36276	-34840	-35957
-36275	-35833	-34934
-36272	-36926	-31216
-36266	-36811	-31743
-36265	-33623	-36868
-36264	-34980	-35985
-36263	-33626	-37051
-36262	-33781	-36955
-36260	-36577	-33045
-36259	-33212	-37078
-36257	-34530	-36557
-36255	-36328	-33559
-36252	-32201	-37227
-36247	-35250	-35754
-36246	-34628	-36250
-36245	-34054	-36726
-36242	-33962	-36976
-36239	-35341	-35569
-36233	-36361	-33848
-36230	-36667	-32640
-36230	-32437	-37253
-36229	-35741	-34936
-36223	-36736	-32629
-36222	-35965	-34889
-36221	-36777	-31941
-36218	-35630	-35276
-36206	-34349	-36588
-36205	-35439	-35584
-36202	-35984	-34677
-36198	-34707	-36114
-36193	-36123	-34152
-36193	-32671	-37399
-36191	-36119	-34383
-36191	-34921	-36075
-36184	-35634	-35394
-36184	-34681	-36300
-36183	-36818	-31668
-36182	-36479	-33302
-36181	-35220	-35883
-36178	-34262	-36639
-36173	-35897	-35075
-36165	-34690	-36151
-36161	-36510	-33285
-36158	-36952	-30528
-36150	-36820	-31900
-36149	-36116	-34632
-36141	-33244	-37276
-36139	-35217	-36132
-36126	-36980	-30799
-36120	-36592	-33463
-36118	-34085	-36721
-36116	-36153	-34228
-36115	-35611	-35401
-36110	-35670	-35342
-36109	-36818	-32239
-36103	-33517	-37140
-36091	-31826	-37412
-36090	-36818	-32320
-36089	-34021	-36960
-36085	-36628	-32723
-36085	-35252	-35646
-36083	-35894	-35180
-36083	-34758	-36188
-36075	-34091	-36715
-36074	-36888	-32007
-36071	-32850	-37376
-36069	-35363	-35594
-36066	-35368	-35875
-36065	-35478	-35525
-36060	-34949	-36214
-36059	-34539	-36487
-36059	-32590	-37419
-36058	-34848	-36317
-36049	-33043	-37344
-36048	-34170	-36724
-36047	-36743	-33206
-36047	-34041	-36750
-36046	-34128	-36860
-36045	-36784	-32518
-36043	-36304	-33971
-36043	-34209	-36827
-36037	-35557	-35622
-36032	-36262	-34186
-36026	-36892	-31346
-36022	-36438	-33520
-36021	-35911	-35023
-36020	-35745	-35324
-36016	-36411	-33547
-36013	-36040	-34642
-36011	-33413	-37155
-36010	-35591	-35570
-36003	-35141	-36142
-35994	-34669	-36514
-35989	-34376	-36602
-35988	-35045	-36198
-35982	-32319	-37441
-35980	-36447	-33663
-35980	-33085	-37321
-35977	-34910	-36218
-35971	-33378	-37211
-35968	-36043	-34978
-35966	-36429	-33860
-35961	-33698	-37127
-35960	-33569	-37153
-35959	-33548	-37156
-35951	-33368	-37394
-35947	-37062	-30849
-35947	-35818	-35190
-35946	-36373	-33890
-35939	-36966	-31580
-35936	-34696	-36361
-35935	-36194	-34228
-35931	-36190	-34604
-35931	-35908	-35128
-35930	-35742	-35429
-35930	-35292	-35885
-35928	-36394	-33861
-35924	-34873	-36224
-35923	-36481	-33657
-35922	-36228	-34617
-35922	-34926	-36259
-35922	-33823	-37121
-35920	-34386	-36613
-35917	-35792	-35198
-35911	-34278	-36665
-35910	-36764	-32915
-35910	-35761	-35217
-35908	-33970	-37041
-35904	-34765	-36416
-35903	-34636	-36530
-35902	-36349	-33920
-35894	-36349	-34188
-35889	-34997	-36423
-35887	-36359	-34216
-35886	-36640	-33241
-35885	-34195	-36843
-35883	-34519	-36708
-35883	-34100	-36916
-35881	-36478	-33906
-35878	-33918	-37161
-35871	-35633	-35434
-35865	-36671	-33224
-35862	-35394	-35694
-35861	-32365	-37500
-35856	-34250	-36873
-35853	-36092	-34861
-35852	-33826	-37278
-35845	-36383	-33914
-35839	-35252	-36072
-35839	-34457	-36727
-35838	-36241	-34231
-35836	-36643	-33275
-35833	-32229	-37632
-35826	-34731	-36425
-35825	-36484	-33547
-35824	-34758	-36467
-35823	-36161	-34857
-35821	-33498	-37444
-35820	-34536	-36601
-35819	-35786	-35259
-35815	-36452	-33910
-35808	-35675	-35599
-35806	-36862	-32509
-35802	-34150	-36893
-35801	-37202	-30955
-35800	-34308	-36868
-35797	-33549	-37346
-35796	-36238	-34480
-35796	-34837	-36564
-35794	-34399	-36845
-35792	-36822	-32967
-35792	-36029	-35e3
-35791	-35863	-35301
-35784	-36828	-32752
-35784	-36410	-33948
-35781	-35742	-35438
-35781	-35514	-35723
-35779	-33977	-37021
-35777	-35933	-35056
-35774	-35145	-36415
-35773	-36063	-34940
-35772	-35619	-35681
-35771	-37246	-30974
-35768	-35943	-35032
-35768	-34307	-36962
-35766	-34625	-36857
-35763	-35942	-35398
-35760	-36629	-33505
-35759	-35163	-36175
-35757	-35523	-35737
-35755	-32538	-37637
-35754	-36500	-33543
-35753	-34921	-36433
-35752	-36635	-33290
-35751	-36565	-33640
-35751	-36283	-34226
-35750	-35434	-35853
-35742	-36264	-34411
-35741	-36947	-32141
-35739	-36161	-34955
-35737	-36366	-34094
-35734	-35982	-35002
-35733	-36953	-31926
-35726	-35807	-35548
-35726	-35310	-35904
-35725	-35641	-35849
-35721	-34711	-36594
-35720	-36911	-33043
-35718	-36356	-34765
-35718	-32868	-37478
-35717	-36491	-33867
-35715	-35520	-35986
-35714	-36021	-35152
-35713	-34030	-37030
-35712	-36221	-34782
-35711	-35711	-35604
-35710	-36647	-33818
-35707	-33927	-37248
-35705	-37082	-31121
-35705	-36473	-34094
-35695	-36363	-34343
-35693	-34776	-36600
-35691	-34311	-37074
-35690	-35315	-36183
-35688	-34701	-36720
-35685	-34687	-36758
-35675	-36958	-32541
-35675	-33167	-37571
-35673	-35939	-35503
-35672	-37179	-31214
-35670	-36716	-33651
-35670	-34735	-36634
-35668	-37098	-31884
-35662	-36071	-35016
-35660	-37104	-31669
-35653	-37304	-31026
-35652	-35792	-35592
-35650	-34994	-36537
-35645	-36507	-34508
-35642	-35671	-35729
-35637	-34030	-37085
-35635	-35608	-36008
-35634	-34016	-37229
-35627	-36124	-35142
-35626	-36765	-33116
-35625	-36512	-34076
-35622	-33462	-37504
-35616	-36829	-33544
-35612	-36882	-33296
-35612	-33624	-37364
-35604	-35182	-36404
-35601	-36556	-33973
-35596	-35859	-35596
-35596	-31822	-37660
-35592	-33658	-37302
-35592	-33616	-37421
-35588	-35339	-36038
-35582	-37006	-31926
-35579	-36285	-35056
-35579	-33739	-37297
-35577	-34132	-37122
-35571	-36625	-33969
-35571	-36576	-34109
-35570	-35767	-35713
-35567	-36572	-34485
-35567	-34955	-36541
-35564	-33886	-37348
-35563	-34522	-36940
-35562	-33564	-37541
-35561	-37154	-31691
-35558	-36610	-34498
-35556	-31791	-37684
-35554	-35239	-36193
-35554	-33986	-37232
-35551	-34459	-37031
-35550	-34828	-36613
-35538	-35090	-36480
-35537	-35863	-35513
-35534	-34732	-36802
-35533	-35632	-35863
-35531	-35333	-36147
-35526	-34609	-36912
-35523	-33920	-37388
-35517	-34710	-36807
-35516	-36802	-33564
-35516	-35452	-36139
-35515	-37196	-31120
-35514	-34918	-36547
-35514	-33008	-37616
-35512	-34971	-36582
-35507	-34358	-37057
-35505	-35241	-36264
-35505	-33018	-37592
-35504	-37028	-32360
-35504	-36636	-34429
-35504	-32547	-37748
-35495	-32840	-37638
-35494	-36723	-34228
-35492	-32552	-37692
-35491	-37029	-33020
-35491	-36048	-35152
-35481	-33611	-37462
-35480	-34197	-37181
-35478	-34045	-37225
-35477	-37311	-31603
-35476	-34069	-37216
-35473	-34564	-37031
-35469	-35728	-35784
-35468	-33643	-37456
-35467	-34940	-36715
-35455	-35330	-36378
-35452	-34372	-37134
-35450	-36772	-33693
-35449	-37312	-30709
-35449	-36519	-34653
-35449	-34970	-36617
-35448	-36386	-34670
-35446	-33978	-37343
-35440	-34383	-37220
-35437	-33672	-37396
-35433	-36732	-33779
-35428	-36501	-34776
-35425	-33815	-37639
-35423	-35631	-35947
-35422	-36534	-34508
-35422	-33233	-37723
-35416	-35985	-35176
-35409	-35980	-35324
-35406	-36768	-33995
-35406	-36383	-34919
-35403	-37395	-29936
-35402	-35014	-36490
-35401	-37166	-31896
-35399	-37398	-30301
-35398	-34714	-36844
-35397	-37030	-32599
-35395	-37338	-30640
-35394	-35091	-36458
-35393	-37172	-31681
-35393	-32105	-37755
-35391	-35630	-36041
-35389	-35045	-36632
-35383	-36297	-35201
-35382	-37236	-31741
-35382	-36164	-35218
-35381	-35716	-36043
-35380	-35376	-36149
-35377	-35889	-35569
-35376	-37074	-32024
-35372	-34622	-36961
-35367	-35784	-35696
-35364	-36765	-34244
-35361	-36924	-33198
-35355	-37287	-32164
-35353	-35354	-36233
-35352	-37122	-32651
-35349	-36897	-33556
-35345	-32960	-37871
-35344	-37128	-32436
-35343	-35233	-36499
-35341	-35885	-35690
-35340	-36357	-34923
-35337	-34488	-37041
-35335	-34004	-37325
-35334	-34640	-36917
-35332	-34684	-36973
-35330	-36170	-35308
-35329	-36923	-33292
-35328	-36670	-34252
-35328	-35377	-36145
-35318	-35771	-35752
-35311	-35011	-36641
-35306	-37304	-31848
-35306	-33868	-37420
-35304	-36066	-35475
-35296	-34188	-37336
-35291	-37436	-30234
-35288	-34828	-36784
-35288	-33970	-37434
-35288	-32698	-37897
-35287	-34606	-37026
-35279	-37273	-32394
-35278	-33247	-37641
-35277	-37052	-33468
-35276	-35359	-36241
-35275	-34732	-37081
-35274	-36135	-35471
-35274	-35719	-35803
-35271	-37279	-32179
-35263	-35766	-35770
-35262	-35155	-36693
-35260	-34164	-37500
-35255	-35554	-36051
-35254	-35979	-35609
-35252	-35477	-36167
-35248	-34226	-37232
-35247	-36221	-35211
-35245	-35640	-36053
-35244	-37229	-32815
-35244	-34529	-37119
-35242	-35837	-35915
-35241	-37369	-31774
-35241	-34848	-36756
-35241	-34794	-36893
-35240	-35846	-35761
-35236	-35418	-36254
-35235	-36552	-34831
-35232	-35716	-36052
-35231	-33389	-37675
-35229	-37276	-32428
-35228	-35907	-35670
-35226	-37089	-33377
-35219	-35917	-35646
-35218	-37095	-33162
-35211	-34501	-37197
-35210	-36826	-33847
-35209	-32471	-37898
-35206	-34991	-36810
-35205	-36621	-34827
-35203	-33582	-37641
-35199	-35422	-36407
-35196	-33933	-37616
-35194	-36406	-34858
-35193	-33121	-37773
-35191	-36778	-33923
-35191	-34740	-37082
-35190	-35606	-36121
-35188	-36998	-33559
-35186	-35904	-35919
-35185	-35956	-35616
-35177	-36886	-33972
-35177	-36832	-34318
-35177	-34810	-36837
-35169	-36838	-34103
-35169	-36330	-35379
-35168	-35442	-36213
-35163	-36195	-35396
-35162	-36405	-34952
-35156	-33385	-37799
-35154	-36912	-34033
-35149	-36345	-34979
-35149	-35677	-36056
-35149	-33899	-37725
-35145	-35244	-36455
-35139	-36740	-34504
-35139	-34509	-37288
-35136	-35961	-35708
-35130	-37311	-32425
-35126	-36349	-35034
-35118	-36629	-34510
-35118	-33325	-37811
-35115	-37149	-33302
-35107	-37155	-33087
-35101	-37289	-32853
-35099	-35432	-36322
-35097	-35446	-36262
-35096	-36183	-35500
-35095	-36458	-34872
-35093	-37295	-32638
-35082	-34738	-37103
-35081	-34824	-37008
-35080	-36537	-34901
-35079	-32601	-37948
-35077	-35754	-35954
-35075	-35276	-36421
-35069	-36672	-34607
-35067	-33245	-37868
-35065	-37471	-31788
-35063	-35199	-36614
-35060	-37032	-33526
-35060	-36964	-33623
-35060	-36088	-35508
-35059	-32816	-37874
-35055	-35286	-36546
-35054	-35530	-36131
-35053	-34087	-37516
-35051	-36450	-35299
-35051	-36043	-35551
-35049	-35662	-36230
-35044	-35002	-36783
-35042	-34417	-37457
-35032	-34920	-36813
-35031	-35633	-36232
-35029	-32648	-38132
-35027	-36669	-34856
-35027	-35275	-36554
-35027	-35031	-36928
-35016	-36916	-33870
-35015	-37197	-32895
-35010	-36091	-35542
-35008	-37205	-33109
-35005	-35514	-36334
-35005	-33073	-37889
-34999	-36025	-35647
-34998	-35398	-36487
-34998	-35190	-36650
-34996	-34605	-37324
-34991	-36574	-34864
-34989	-37213	-33139
-34985	-35821	-36099
-34984	-35136	-36781
-34981	-35463	-36421
-34977	-36207	-35433
-34974	-36035	-35624
-34973	-36352	-35556
-34970	-36020	-35711
-34970	-33440	-37770
-34966	-35107	-36783
-34959	-35702	-36201
-34957	-36353	-35318
-34949	-33277	-38066
-34948	-35623	-36301
-34942	-36983	-33657
-34942	-36018	-35858
-34940	-36956	-34080
-34940	-35827	-36013
-34938	-37413	-32044
-34930	-36601	-34898
-34925	-37296	-33430
-34924	-37373	-32502
-34922	-36459	-35106
-34921	-36857	-34195
-34920	-35295	-36650
-34918	-36715	-34575
-34917	-37302	-33215
-34912	-35086	-36925
-34911	-35300	-36536
-34910	-36746	-34535
-34908	-35826	-36107
-34900	-36493	-35267
-34889	-33443	-37788
-34888	-36598	-35147
-34886	-35880	-35959
-34885	-36049	-35713
-34883	-34124	-37505
-34871	-37322	-33361
-34869	-35328	-36541
-34867	-37107	-33823
-34865	-37132	-33590
-34865	-33758	-37750
-34864	-37413	-32615
-34861	-36059	-35735
-34861	-34866	-37e3
-34857	-35454	-36596
-34852	-36503	-35155
-34850	-34845	-37048
-34849	-37565	-30707
-34849	-35745	-36109
-34849	-33498	-37825
-34843	-34968	-37063
-34841	-37571	-30492
-34840	-36790	-34584
-34839	-37204	-33472
-34837	-36276	-35566
-34832	-35565	-36385
-34831	-33643	-37896
-34828	-34400	-37482
-34823	-35516	-36408
-34822	-36568	-35276
-34822	-35460	-36512
-34821	-37466	-31884
-34820	-34102	-37512
-34816	-34101	-37671
-34813	-37700	-29687
-34810	-36081	-35612
-34807	-36345	-35562
-34806	-35850	-35962
-34803	-35585	-36324
-34799	-37568	-30741
-34796	-35877	-36064
-34790	-34622	-37165
-34784	-35219	-36660
-34783	-35053	-36961
-34781	-36144	-35922
-34781	-34468	-37552
-34780	-34682	-37163
-34779	-35351	-36759
-34776	-37716	-30450
-34770	-35758	-36166
-34768	-37722	-30235
-34763	-37473	-30749
-34756	-34496	-37466
-34753	-35614	-36320
-34752	-32210	-38184
-34747	-36293	-35601
-34747	-34124	-37580
-34745	-37386	-33198
-34742	-34838	-37133
-34740	-35586	-36342
-34739	-34749	-37207
-34735	-34656	-37419
-34734	-34749	-37291
-34730	-36990	-34098
-34727	-36618	-34881
-34727	-33044	-38068
-34726	-37719	-30484
-34723	-37133	-33683
-34723	-35187	-36876
-34722	-34278	-37602
-34709	-36730	-34652
-34709	-32564	-38153
-34707	-35802	-36187
-34705	-35953	-36223
-34701	-36719	-34875
-34699	-35534	-36562
-34696	-37129	-34139
-34696	-36405	-35487
-34696	-35026	-37e3
-34695	-31948	-38210
-34690	-37624	-30492
-34688	-37420	-33192
-34688	-34937	-37158
-34685	-35638	-36279
-34680	-36878	-34490
-34679	-36532	-35342
-34674	-37797	-31212
-34672	-32839	-38118
-34671	-35660	-36242
-34669	-37468	-32156
-34669	-37159	-33614
-34665	-36155	-35752
-34663	-33133	-38069
-34662	-36825	-34508
-34661	-33898	-37888
-34657	-35998	-35936
-34656	-36167	-35690
-34656	-34705	-37354
-34653	-35722	-36429
-34652	-36768	-34634
-34645	-37498	-31785
-34645	-36068	-35932
-34641	-35319	-36825
-34641	-34644	-37458
-34639	-33442	-37964
-34637	-37467	-32250
-34634	-36864	-34544
-34633	-36807	-34550
-34628	-37463	-32877
-34624	-35139	-36972
-34623	-37280	-33882
-34615	-32577	-38144
-34613	-36379	-35566
-34611	-36184	-35607
-34603	-37499	-32112
-34599	-37509	-32135
-34591	-34845	-37327
-34588	-35451	-36780
-34586	-36218	-35690
-34578	-35327	-36839
-34578	-34017	-37813
-34577	-36915	-34375
-34577	-36323	-35648
-34575	-36915	-34753
-34573	-37344	-33199
-34570	-37570	-32352
-34565	-36614	-34952
-34564	-37791	-31546
-34561	-35198	-36849
-34558	-37182	-34076
-34554	-36934	-34425
-34554	-34218	-37615
-34554	-33422	-37975
-34553	-35035	-36973
-34553	-34976	-37002
-34550	-34023	-37721
-34548	-35829	-36298
-34544	-36209	-35770
-34540	-36749	-34773
-34533	-33186	-38086
-34531	-36511	-35515
-34530	-36345	-35816
-34524	-32781	-38146
-34523	-35100	-37043
-34522	-37208	-34200
-34520	-36646	-35221
-34520	-33592	-37935
-34519	-36802	-34819
-34518	-35402	-36854
-34517	-36925	-34749
-34517	-34493	-37580
-34515	-35648	-36487
-34512	-37522	-33206
-34512	-36141	-36106
-34507	-34853	-37328
-34506	-37357	-33561
-34506	-35540	-36539
-34502	-36017	-36165
-34490	-34986	-37165
-34489	-36823	-34795
-34486	-34175	-37675
-34483	-36990	-34292
-34480	-34580	-37552
-34478	-36643	-35470
-34477	-35288	-36910
-34470	-36943	-34640
-34466	-32066	-38187
-34465	-35790	-36302
-34465	-34078	-37684
-34465	-34012	-37971
-34455	-34622	-37534
-34453	-33815	-38020
-34451	-34920	-37332
-34450	-37050	-34417
-34442	-37056	-34202
-34442	-36548	-35478
-34438	-37855	-31383
-34437	-35008	-37085
-34433	-34984	-37193
-34432	-37246	-33913
-34427	-35656	-36451
-34424	-36678	-34984
-34424	-34501	-37654
-34418	-35756	-36411
-34417	-37303	-33652
-34414	-32488	-38303
-34413	-35559	-36508
-34413	-35041	-37051
-34412	-34821	-37489
-34409	-37664	-31932
-34408	-37290	-33810
-34406	-37137	-34411
-34406	-34021	-37739
-34404	-34022	-37773
-34403	-36723	-34900
-34402	-37685	-31818
-34400	-37053	-34451
-34398	-33138	-38178
-34397	-34937	-37254
-34394	-37691	-31603
-34392	-36551	-35512
-34391	-36989	-34586
-34391	-35196	-36952
-34384	-37881	-31314
-34384	-35128	-37051
-34372	-36773	-34974
-34372	-35659	-36508
-34371	-37424	-33920
-34369	-34296	-37704
-34366	-35009	-37356
-34365	-35775	-36476
-34364	-35944	-36230
-34361	-36720	-35149
-34356	-32527	-38379
-34354	-34025	-37807
-34352	-37688	-31852
-34351	-35125	-37121
-34351	-34441	-37775
-34343	-37624	-31987
-34343	-36782	-35102
-34343	-32933	-38228
-34339	-35656	-36578
-34338	-37039	-34515
-34336	-35344	-37019
-34333	-37278	-34122
-34331	-35523	-36582
-34330	-34896	-37422
-34323	-36669	-35361
-34320	-37045	-34453
-34317	-37555	-33213
-34316	-37749	-32067
-34316	-34469	-37660
-34313	-36073	-36130
-34300	-35249	-37027
-34298	-35248	-37097
-34298	-33481	-38039
-34294	-35895	-36304
-34294	-35828	-36371
-34291	-37463	-33902
-34291	-36764	-35198
-34290	-37114	-34449
-34287	-36533	-35548
-34286	-37184	-34494
-34285	-36347	-35568
-34283	-37469	-33687
-34274	-37731	-32291
-34274	-34180	-37901
-34273	-36202	-35972
-34272	-36817	-35063
-34260	-36034	-36345
-34256	-37253	-34490
-34254	-36823	-35001
-34252	-31698	-38392
-34250	-35252	-37061
-34239	-36675	-35594
-34233	-36256	-35933
-34231	-33582	-38022
-34228	-35199	-37171
-34227	-35446	-36786
-34227	-33363	-38066
-34226	-36859	-34781
-34216	-35730	-36628
-34214	-36827	-35059
-34208	-32469	-38407
-34205	-37963	-31364
-34205	-37371	-33944
-34204	-36711	-35393
-34198	-38001	-30250
-34193	-36992	-34517
-34192	-35556	-36836
-34190	-34565	-37643
-34187	-36444	-35800
-34185	-34504	-37702
-34183	-37394	-34201
-34176	-35059	-37180
-34175	-37569	-32670
-34174	-35942	-36387
-34173	-35567	-36842
-34170	-35918	-36495
-34170	-35435	-36864
-34165	-33426	-38230
-34164	-32664	-38276
-34159	-33815	-38072
-34158	-36058	-36200
-34158	-33522	-38143
-34154	-37643	-32339
-34149	-35755	-36791
-34141	-35761	-36576
-34138	-37609	-32992
-34138	-37063	-34507
-34134	-36277	-35834
-34134	-35871	-36556
-34128	-36853	-34842
-34128	-33098	-38341
-34122	-37782	-33039
-34120	-36936	-34683
-34114	-37788	-32824
-34113	-36799	-35122
-34109	-35084	-37343
-34108	-34347	-37799
-34098	-37875	-31479
-34095	-34649	-37544
-34086	-37022	-34599
-34086	-33755	-38193
-34084	-36280	-35868
-34081	-35994	-36532
-34073	-36507	-35700
-34055	-37565	-33269
-34055	-34862	-37453
-34054	-37587	-33664
-34051	-37845	-31587
-34046	-38031	-30610
-34044	-36380	-35839
-34044	-36209	-36037
-34044	-35359	-36960
-34044	-34568	-37694
-34041	-36048	-36299
-34041	-35323	-37084
-34039	-35300	-37122
-34039	-31961	-38512
-34038	-34391	-37848
-34036	-37690	-33081
-34035	-37102	-35069
-34035	-36182	-36399
-34028	-34715	-37528
-34025	-37791	-32126
-34025	-34119	-37917
-34011	-36683	-35432
-34007	-36387	-35812
-33999	-36541	-35738
-33998	-36568	-35706
-33995	-36236	-36166
-33994	-36450	-35777
-33994	-35543	-37004
-33992	-34579	-37715
-33990	-37991	-31104
-33988	-34394	-37882
-33987	-37825	-32039
-33987	-37279	-34227
-33983	-34584	-37601
-33980	-35110	-37172
-33973	-37182	-34814
-33972	-34818	-37600
-33969	-37347	-34238
-33968	-36899	-35363
-33959	-37691	-33042
-33948	-35731	-36871
-33942	-37872	-32807
-33939	-34126	-38123
-33931	-32031	-38459
-33930	-36210	-36252
-33929	-36492	-35812
-33922	-36604	-35599
-33922	-34821	-37634
-33919	-37697	-33340
-33915	-35330	-37027
-33912	-35879	-36553
-33907	-37610	-33568
-33907	-36369	-36166
-33905	-35184	-37240
-33904	-35564	-37026
-33899	-37026	-35079
-33893	-37615	-33748
-33886	-38045	-30651
-33885	-37906	-32801
-33879	-36495	-35846
-33877	-37679	-33564
-33871	-37262	-34291
-33868	-34008	-38150
-33865	-33348	-38243
-33860	-37185	-34508
-33857	-37111	-35025
-33854	-36308	-36250
-33852	-37270	-34321
-33851	-37503	-33833
-33851	-32660	-38393
-33843	-36400	-35854
-33834	-37202	-34609
-33834	-35775	-36589
-33834	-35205	-37175
-33831	-38078	-30076
-33831	-37932	-32732
-33830	-38005	-31145
-33830	-37276	-34529
-33828	-36617	-35675
-33826	-36685	-35421
-33825	-37450	-34158
-33822	-38011	-30930
-33822	-37398	-34534
-33819	-35092	-37282
-33818	-38148	-31724
-33818	-36213	-36258
-33818	-34011	-38184
-33815	-37296	-34805
-33811	-32659	-38475
-33809	-33317	-38245
-33807	-37302	-34590
-33799	-33192	-38451
-33797	-35136	-37271
-33794	-36756	-35716
-33794	-36380	-35943
-33788	-34920	-37442
-33785	-36782	-35366
-33782	-36911	-35400
-33782	-34501	-37781
-33774	-36917	-35185
-33773	-35723	-36888
-33768	-36216	-36292
-33765	-35796	-36606
-33761	-36575	-35905
-33759	-33320	-38279
-33759	-32847	-38465
-33756	-36585	-35886
-33755	-37573	-34248
-33753	-34989	-37380
-33752	-36467	-35957
-33752	-33908	-38282
-33751	-34380	-37901
-33750	-36452	-35999
-33747	-37071	-35309
-33746	-37835	-33092
-33742	-37437	-34516
-33737	-37158	-35108
-33734	-37443	-34301
-33732	-36914	-35434
-33731	-35935	-36647
-33730	-37164	-35005
-33729	-37204	-34847
-33727	-35911	-36755
-33708	-37723	-33203
-33708	-36664	-35758
-33707	-37227	-35104
-33706	-35748	-37051
-33704	-36640	-35866
-33699	-35100	-37473
-33698	-35347	-37088
-33696	-36819	-35442
-33688	-35930	-36675
-33684	-37352	-34872
-33683	-36477	-36162
-33678	-34937	-37769
-33675	-36483	-35947
-33668	-36593	-35927
-33663	-35223	-37266
-33660	-35242	-37152
-33650	-37733	-33199
-33638	-34222	-38088
-33636	-31955	-38609
-33633	-36480	-36196
-33632	-33636	-38295
-33627	-35128	-37274
-33620	-38002	-32321
-33620	-35656	-37093
-33620	-35113	-37363
-33608	-35260	-37177
-33605	-37776	-33419
-33605	-35772	-36858
-33599	-36668	-35719
-33597	-37783	-33128
-33596	-36838	-35444
-33592	-38194	-31641
-33590	-34293	-38147
-33584	-38200	-31426
-33582	-34299	-37932
-33578	-37420	-34567
-33577	-35131	-37308
-33575	-37243	-34879
-33571	-35388	-37334
-33556	-32584	-38543
-33554	-35553	-37191
-33553	-36856	-35586
-33553	-36604	-35971
-33552	-35895	-36834
-33548	-37276	-34882
-33546	-37860	-33306
-33540	-33234	-38418
-33537	-34980	-37673
-33536	-36052	-36421
-33535	-32348	-38654
-33532	-36693	-35882
-33530	-37252	-34983
-33522	-32754	-38503
-33519	-36185	-36337
-33517	-36809	-35647
-33517	-34444	-37890
-33514	-33241	-38395
-33510	-36846	-35587
-33506	-36083	-36701
-33505	-37561	-34278
-33502	-38329	-30358
-33498	-34573	-37788
-33493	-37583	-34304
-33493	-37180	-35141
-33492	-33305	-38477
-33486	-33694	-38319
-33483	-37670	-34103
-33481	-38052	-32336
-33475	-33470	-38334
-33471	-34719	-37850
-33463	-35936	-36783
-33462	-36657	-36046
-33461	-37763	-33666
-33456	-34611	-37858
-33456	-34570	-38037
-33453	-37739	-34099
-33450	-35169	-37341
-33446	-31211	-38825
-33441	-37091	-35537
-33436	-36034	-36775
-33420	-34475	-38045
-33416	-36362	-36282
-33415	-35871	-37071
-33414	-37875	-33326
-33413	-35939	-36817
-33412	-36660	-36080
-33410	-37811	-33814
-33406	-37881	-33111
-33405	-38081	-32170
-33403	-36229	-36435
-33401	-33581	-38386
-33400	-35221	-37615
-33395	-36175	-36524
-33392	-35227	-37400
-33390	-34601	-37869
-33380	-32588	-38518
-33376	-36565	-36088
-33375	-36206	-36518
-33370	-34478	-38079
-33368	-37232	-35248
-33366	-31840	-38759
-33364	-37878	-33360
-33363	-38027	-32350
-33360	-36322	-36283
-33359	-37946	-33020
-33355	-38318	-31403
-33349	-33757	-38396
-33346	-33376	-38436
-33342	-37799	-34024
-33335	-36265	-36496
-33332	-35460	-37356
-33332	-35318	-37410
-33325	-36209	-36552
-33321	-34210	-38320
-33320	-37828	-34010
-33309	-37989	-32521
-33304	-34375	-38177
-33302	-38134	-32386
-33302	-34575	-37874
-33293	-34793	-37860
-33290	-37307	-35257
-33289	-36114	-36560
-33288	-37939	-33163
-33287	-37363	-34806
-33283	-33431	-38397
-33282	-35321	-37444
-33281	-32400	-38596
-33276	-37449	-34328
-33274	-36331	-36381
-33267	-36362	-36291
-33261	-36633	-36126
-33258	-38066	-32699
-33253	-37472	-34480
-33253	-36812	-35702
-33251	-37107	-35322
-33249	-36899	-35878
-33249	-34700	-37881
-33246	-35226	-37452
-33242	-37628	-34126
-33240	-36470	-36422
-33239	-37471	-34551
-33227	-32678	-38653
-33221	-36550	-36158
-33218	-32996	-38489
-33217	-37448	-34968
-33216	-38247	-31694
-33210	-32843	-38510
-33206	-32442	-38764
-33201	-37110	-35356
-33197	-37380	-35002
-33197	-34958	-37693
-33194	-38146	-32084
-33187	-38404	-30397
-33181	-37138	-35619
-33180	-33394	-38484
-33178	-35465	-37193
-33177	-37999	-33088
-33172	-37596	-34219
-33170	-36421	-36496
-33166	-37833	-33847
-33164	-38215	-32080
-33163	-35345	-37377
-33148	-37611	-34539
-33135	-37326	-35486
-33127	-36528	-36165
-33123	-36736	-36089
-33120	-38302	-32074
-33113	-36019	-36844
-33106	-33761	-38359
-33105	-37656	-34539
-33105	-36110	-36705
-33103	-35939	-36974
-33102	-37688	-34200
-33092	-37902	-33448
-33084	-36329	-36538
-33083	-37952	-33772
-33075	-36154	-36657
-33070	-37693	-34209
-33065	-36561	-36359
-33059	-36767	-35906
-33058	-38081	-32992
-33056	-37750	-34033
-33054	-36957	-35671
-33049	-37970	-33252
-33048	-37989	-33442
-33048	-37027	-35680
-33042	-36040	-36779
-33040	-33658	-38457
-33039	-37553	-34637
-33033	-37532	-34955
-33033	-36794	-35967
-33029	-36342	-36524
-33025	-33060	-38503
-33017	-33862	-38336
-33015	-38228	-32134
-33013	-36955	-35773
-33008	-36179	-36820
-33004	-32824	-38614
-33002	-34443	-38117
-32998	-38196	-32758
-32998	-37084	-35797
-32997	-36658	-36154
-32996	-37698	-34233
-32992	-35329	-37383
-32992	-35118	-37761
-32989	-37556	-34671
-32986	-34881	-37786
-32980	-35649	-37218
-32970	-36756	-36146
-32968	-32720	-38620
-32967	-37429	-35053
-32958	-37711	-34575
-32956	-33219	-38580
-32949	-36593	-36442
-32940	-38056	-33006
-32940	-36418	-36561
-32937	-38483	-30765
-32934	-37644	-34717
-32934	-35837	-37085
-32924	-38265	-32359
-32924	-34442	-38217
-32919	-35953	-36850
-32914	-36777	-36079
-32894	-33250	-38487
-32885	-37852	-34286
-32881	-37337	-35095
-32870	-38201	-32630
-32870	-34781	-37918
-32870	-33840	-38355
-32869	-36987	-35867
-32869	-36845	-35921
-32867	-37336	-35166
-32865	-37754	-34300
-32857	-36439	-36498
-32854	-32702	-38670
-32853	-35967	-37033
-32851	-35145	-37690
-32851	-33474	-38483
-32848	-36765	-36135
-32844	-37661	-34913
-32844	-34940	-37884
-32840	-34923	-37901
-32836	-37667	-34698
-32834	-38343	-31607
-32834	-37987	-33492
-32831	-35242	-37629
-32825	-33784	-38410
-32823	-37175	-35734
-32823	-36578	-36539
-32817	-37862	-33932
-32813	-38373	-31765
-32809	-35725	-37155
-32807	-37764	-34296
-32798	-37456	-35020
-32798	-36809	-36162
-32796	-36027	-36900
-32792	-37895	-34011
-32791	-37729	-34312
-32791	-33050	-38582
-32785	-35042	-37788
-32783	-34583	-38018
-32782	-36662	-36233
-32781	-37915	-33953
-32781	-35377	-37444
-32778	-32987	-38627
-32775	-35864	-37196
-32771	-37802	-34624
-32771	-33575	-38630
-32770	-38551	-30665
-32766	-37461	-35029
-32766	-34802	-37975
-32765	-37370	-35165
-32762	-38557	-30450
-32762	-32149	-38842
-32760	-35214	-37740
-32759	-38011	-33043
-32758	-37569	-34955
-32756	-33007	-38709
-32755	-37272	-35529
-32753	-33095	-38715
-32749	-33696	-38522
-32737	-36486	-36581
-32731	-35380	-37478
-32730	-35383	-37467
-32729	-36052	-37063
-32728	-36773	-36326
-32728	-33460	-38633
-32725	-34998	-37876
-32718	-37203	-35587
-32717	-34480	-38116
-32714	-35402	-37607
-32712	-32884	-38725
-32710	-35217	-37774
-32709	-38029	-33311
-32705	-38401	-31694
-32700	-38095	-32930
-32698	-38066	-33030
-32693	-34129	-38325
-32690	-37666	-34750
-32687	-38122	-32874
-32685	-37710	-34666
-32682	-37413	-35240
-32680	-37991	-33606
-32680	-35502	-37307
-32677	-36795	-36208
-32674	-35122	-37782
-32670	-37975	-33878
-32667	-37906	-34390
-32664	-35405	-37641
-32661	-37250	-35536
-32659	-37809	-34637
-32659	-34895	-37974
-32658	-34228	-38254
-32653	-38212	-32528
-32652	-32408	-38881
-32651	-31183	-38903
-32650	-37595	-34919
-32650	-34698	-38046
-32646	-37366	-35301
-32646	-35641	-37348
-32641	-36322	-36798
-32635	-32573	-38738
-32634	-38455	-31815
-32630	-34779	-38010
-32628	-35310	-37649
-32616	-36332	-36610
-32615	-37677	-34749
-32614	-34607	-38115
-32612	-35413	-37409
-32609	-33960	-38495
-32608	-31197	-38957
-32607	-37785	-34675
-32607	-34037	-38367
-32595	-38587	-30059
-32593	-37706	-34735
-32592	-34125	-38352
-32591	-35436	-37398
-32590	-36061	-36840
-32584	-38175	-33090
-32581	-37192	-35914
-32579	-34974	-37996
-32575	-38225	-33414
-32574	-35840	-37276
-32569	-34329	-38231
-32563	-38452	-32133
-32560	-35549	-37390
-32560	-35407	-37444
-32558	-38603	-30822
-32557	-34267	-38232
-32556	-37630	-35153
-32548	-37917	-34044
-32544	-38229	-32375
-32544	-34701	-38028
-32542	-36901	-36191
-32534	-37926	-34386
-32533	-38675	-30427
-32528	-31826	-38891
-32528	-30291	-39047
-32526	-33969	-38560
-32522	-34634	-38113
-32522	-32684	-38758
-32517	-37223	-35602
-32514	-35915	-37291
-32512	-36225	-36868
-32507	-31590	-39002
-32504	-34739	-38084
-32503	-38230	-32673
-32498	-30842	-39021
-32497	-38349	-32231
-32494	-36741	-36386
-32492	-37036	-36006
-32488	-34773	-38154
-32488	-34507	-38168
-32484	-32585	-38790
-32477	-38233	-32665
-32473	-38283	-32496
-32470	-34293	-38239
-32466	-36413	-36735
-32462	-37205	-35733
-32461	-37428	-35285
-32457	-36238	-36854
-32456	-38510	-31708
-32443	-38352	-32492
-32442	-37985	-33739
-32442	-37039	-36040
-32438	-37330	-35355
-32438	-34636	-38182
-32437	-36917	-36081
-32436	-36075	-37150
-32429	-36997	-36054
-32427	-30684	-39092
-32426	-34107	-38409
-32424	-37989	-34204
-32423	-38030	-33554
-32418	-35232	-37715
-32407	-38355	-33152
-32405	-38253	-33776
-32404	-37384	-35302
-32397	-31235	-39066
-32380	-38539	-31542
-32361	-37917	-34394
-32361	-36441	-36588
-32356	-37830	-34497
-32353	-37761	-35009
-32353	-34413	-38437
-32351	-38604	-30540
-32349	-37513	-35250
-32346	-37394	-35298
-32336	-34578	-38294
-32335	-38380	-32421
-32333	-33109	-38686
-32328	-36340	-36800
-32326	-31678	-38980
-32315	-37562	-35215
-32315	-36629	-36455
-32314	-38620	-31303
-32312	-37854	-34527
-32309	-36586	-36567
-32294	-36479	-36841
-32287	-34310	-38535
-32285	-37283	-35500
-32282	-37805	-34768
-32281	-36952	-36286
-32281	-33331	-38660
-32279	-34899	-38074
-32277	-38333	-33170
-32269	-38177	-33786
-32266	-37212	-35712
-32266	-32838	-38747
-32263	-37421	-35292
-32263	-36774	-36434
-32261	-37333	-35535
-32258	-32724	-38796
-32249	-37420	-35363
-32237	-36789	-36420
-32231	-33334	-38694
-32229	-32510	-38858
-32228	-38437	-33202
-32224	-37847	-34584
-32224	-36430	-36915
-32223	-33821	-38586
-32217	-32400	-38916
-32214	-37934	-34383
-32212	-31514	-39152
-32211	-33258	-38783
-32207	-35425	-37463
-32201	-35825	-37300
-32199	-33061	-38832
-32199	-31920	-39001
-32197	-34660	-38165
-32195	-35654	-37320
-32193	-32778	-38868
-32190	-33022	-38894
-32178	-35024	-37937
-32176	-37576	-35196
-32171	-36620	-36490
-32165	-33231	-38792
-32158	-35121	-37876
-32157	-35948	-37393
-32156	-37944	-34379
-32154	-37872	-34429
-32150	-37054	-35981
-32144	-35485	-37417
-32144	-34539	-38357
-32143	-32781	-38902
-32140	-38481	-32789
-32138	-37632	-35025
-32136	-37827	-34669
-32134	-35850	-37463
-32127	-38550	-31778
-32127	-34704	-38214
-32125	-37257	-35545
-32119	-38630	-30929
-32112	-37637	-35012
-32112	-34921	-38035
-32110	-37473	-35294
-32108	-35256	-37691
-32105	-36533	-36617
-32099	-38058	-34317
-32093	-33240	-38797
-32092	-35018	-37974
-32082	-38646	-31692
-32081	-38123	-33999
-32080	-37642	-35021
-32078	-34436	-38455
-32073	-38063	-34304
-32067	-37267	-35541
-32066	-36089	-37204
-32060	-37476	-35328
-32059	-36721	-36484
-32055	-36652	-36573
-32051	-36667	-36573
-32043	-37334	-35733
-32041	-34502	-38444
-32037	-38488	-32177
-32033	-38539	-32364
-32033	-37955	-34415
-32028	-34439	-38489
-32023	-37958	-34516
-32021	-37438	-35472
-32020	-33558	-38664
-32008	-38738	-30335
-32008	-37063	-35992
-32006	-34926	-38016
-32005	-38152	-33833
-32002	-33384	-38703
-31999	-37891	-34658
-31989	-36549	-36671
-31988	-35303	-37774
-31986	-36990	-36314
-31986	-33255	-38810
-31984	-38384	-33808
-31975	-35509	-37514
-31973	-35520	-37595
-31971	-38754	-31098
-31969	-33420	-38667
-31965	-37383	-35543
-31964	-36534	-36734
-31958	-37582	-35333
-31958	-36662	-36663
-31958	-35429	-37598
-31957	-34658	-38257
-31956	-33357	-38712
-31955	-37285	-35907
-31954	-33455	-38762
-31952	-32424	-38961
-31947	-36699	-36591
-31937	-36499	-36959
-31936	-33258	-38844
-31933	-33219	-38873
-31931	-37595	-35434
-31929	-38086	-34679
-31923	-35045	-37941
-31922	-35200	-37872
-31918	-38281	-33906
-31913	-38535	-32424
-31912	-35524	-37552
-31908	-37071	-36161
-31904	-33458	-38796
-31890	-37679	-35128
-31890	-36759	-36458
-31887	-35428	-37637
-31882	-37426	-35618
-31873	-30650	-39209
-31872	-35203	-37906
-31870	-33155	-38942
-31869	-36596	-36754
-31861	-37263	-35914
-31858	-37736	-35145
-31853	-34943	-38057
-31848	-38308	-33818
-31847	-37827	-34840
-31838	-38594	-31905
-31837	-38691	-31697
-31836	-35108	-37914
-31832	-38189	-33948
-31822	-38108	-34126
-31821	-35325	-37735
-31817	-34003	-38633
-31807	-36878	-36383
-31804	-35949	-37332
-31787	-34840	-38155
-31785	-33298	-38832
-31784	-38754	-31448
-31784	-33637	-38660
-31782	-38221	-34061
-31781	-37840	-34844
-31781	-37657	-35339
-31779	-33687	-38674
-31771	-37527	-35766
-31771	-35328	-37769
-31764	-31981	-39047
-31758	-37152	-36286
-31757	-38869	-31454
-31751	-31408	-39208
-31743	-37178	-36046
-31738	-31814	-39057
-31737	-34843	-38189
-31734	-38617	-32474
-31734	-33640	-38694
-31731	-36134	-36970
-31729	-38460	-33038
-31716	-38118	-34159
-31715	-33796	-38737
-31711	-38525	-32720
-31710	-35971	-37266
-31709	-35426	-37729
-31698	-38552	-32664
-31697	-35480	-37693
-31692	-37049	-36384
-31686	-38492	-33564
-31681	-38405	-33668
-31670	-38239	-34427
-31668	-36572	-36834
-31668	-29878	-39278
-31666	-32280	-38964
-31665	-37756	-35021
-31663	-37872	-34716
-31662	-38648	-32132
-31657	-37864	-34947
-31649	-37156	-36053
-31645	-37364	-35977
-31637	-36112	-36977
-31635	-38554	-32554
-31629	-36228	-37315
-31628	-38644	-32645
-31624	-31650	-39229
-31620	-35544	-37489
-31618	-32508	-39096
-31608	-36647	-36849
-31606	-36957	-36426
-31597	-36782	-36545
-31592	-34870	-38075
-31584	-37053	-36435
-31577	-37461	-35772
-31576	-34904	-38145
-31572	-34025	-38559
-31562	-35746	-37793
-31559	-34543	-38298
-31555	-33512	-38770
-31551	-37890	-35082
-31550	-38542	-33088
-31542	-34017	-38649
-31530	-36807	-36708
-31521	-32726	-38999
-31513	-38816	-32060
-31509	-35122	-38075
-31506	-33922	-38657
-31494	-37580	-35697
-31494	-35868	-37598
-31485	-33686	-38768
-31484	-38329	-33817
-31483	-36548	-36903
-31479	-38242	-33921
-31476	-38173	-34433
-31461	-38295	-33900
-31460	-36450	-36973
-31456	-33925	-38691
-31455	-37173	-36146
-31451	-36942	-36496
-31448	-33752	-38757
-31441	-34544	-38428
-31435	-38266	-33951
-31435	-33689	-38802
-31435	-32075	-39157
-31429	-32933	-39024
-31428	-34753	-38260
-31427	-35386	-38076
-31425	-37743	-35268
-31424	-36242	-37006
-31424	-34183	-38581
-31419	-30878	-39298
-31414	-38720	-32353
-31414	-37947	-34761
-31406	-37799	-35197
-31403	-36251	-37190
-31393	-38292	-34358
-31393	-35968	-37451
-31391	-37473	-35809
-31386	-36416	-37047
-31383	-37181	-36237
-31380	-38570	-33450
-31376	-37589	-35574
-31373	-38297	-33881
-31373	-35046	-38085
-31364	-31023	-39230
-31357	-37982	-35009
-31357	-34587	-38298
-31353	-35870	-37517
-31318	-37614	-35520
-31318	-36655	-36788
-31313	-36869	-36561
-31297	-36492	-37084
-31293	-38961	-29470
-31285	-36541	-36910
-31272	-37763	-35325
-31264	-38939	-30707
-31252	-36011	-37355
-31251	-36680	-36951
-31251	-36056	-37330
-31246	-37644	-35427
-31245	-33489	-38835
-31240	-37792	-35203
-31230	-38948	-29602
-31218	-35510	-37800
-31214	-38894	-32170
-31199	-38281	-34421
-31199	-37265	-36175
-31192	-38672	-32836
-31176	-32244	-39201
-31163	-36950	-36686
-31162	-34700	-38494
-31159	-36469	-37129
-31148	-38791	-32268
-31146	-38370	-33940
-31138	-38897	-31400
-31136	-38517	-34056
-31132	-38735	-32363
-31129	-35068	-38118
-31120	-38962	-31082
-31120	-31562	-39265
-31098	-35534	-37966
-31098	-30708	-39457
-31096	-36468	-37164
-31093	-38609	-32917
-31091	-31397	-39270
-31090	-36956	-36520
-31085	-32255	-39137
-31082	-36035	-37332
-31078	-37697	-35331
-31070	-37057	-36293
-31062	-37724	-35453
-31042	-33689	-38877
-31037	-33718	-38776
-31036	-36543	-37179
-31017	-38168	-34711
-31012	-38731	-32423
-31005	-37357	-36102
-31001	-31540	-39335
-30990	-38662	-33132
-30990	-36731	-37046
-30983	-35770	-37607
-30982	-38234	-34439
-30959	-37545	-35969
-30958	-32497	-39158
-30946	-34805	-38205
-30941	-38572	-33597
-30937	-36973	-36561
-30937	-32261	-39269
-30922	-35978	-37421
-30920	-37138	-36418
-30914	-38691	-32966
-30911	-38915	-32030
-30908	-32500	-39192
-30907	-38781	-33057
-30904	-38069	-34763
-30904	-37617	-35716
-30902	-33358	-39059
-30901	-38389	-34177
-30894	-37939	-35190
-30888	-36346	-37303
-30874	-38210	-34442
-30858	-38576	-33332
-30858	-38257	-34630
-30857	-37751	-35438
-30855	-37719	-35719
-30855	-36371	-37329
-30855	-35138	-38264
-30848	-34882	-38334
-30839	-30750	-39424
-30838	-38625	-33812
-30834	-39048	-30903
-30831	-33433	-38894
-30828	-33844	-38696
-30821	-36873	-36693
-30821	-33705	-38855
-30808	-36049	-37590
-30782	-34779	-38432
-30779	-33576	-38937
-30751	-34060	-38632
-30749	-32623	-39078
-30742	-34381	-38556
-30740	-36288	-37331
-30727	-39106	-30478
-30727	-37293	-36317
-30724	-32417	-39214
-30710	-37060	-36484
-30708	-32288	-39321
-30699	-32626	-39112
-30697	-35584	-37907
-30697	-34221	-38656
-30693	-33484	-38979
-30684	-38895	-32353
-30684	-37861	-35256
-30680	-35749	-37764
-30676	-32488	-39273
-30674	-38398	-34081
-30673	-36313	-37494
-30661	-37653	-35725
-30650	-31175	-39352
-30646	-39024	-31236
-30646	-38646	-33141
-30646	-35264	-38184
-30643	-34061	-38689
-30638	-38049	-35123
-30631	-35481	-38005
-30626	-38897	-32359
-30601	-37822	-35260
-30594	-34923	-38373
-30590	-34186	-38696
-30580	-38921	-31334
-30574	-34220	-38766
-30571	-38825	-32761
-30569	-33950	-38807
-30560	-38365	-34386
-30560	-35062	-38414
-30545	-35389	-38047
-30543	-36795	-36881
-30541	-38894	-32757
-30536	-33623	-39030
-30535	-37462	-36041
-30525	-39117	-30971
-30524	-38184	-34638
-30518	-33143	-39115
-30514	-37885	-35233
-30510	-30844	-39534
-30506	-32670	-39171
-30488	-39133	-31734
-30463	-38396	-34303
-30460	-37781	-35527
-30448	-37166	-36560
-30436	-38091	-35054
-30419	-38788	-33441
-30402	-37806	-35473
-30395	-38175	-34748
-30387	-37922	-35238
-30385	-37779	-35580
-30370	-37988	-35152
-30366	-39027	-32418
-30344	-38805	-33084
-30342	-36771	-36961
-30341	-29804	-39593
-30340	-38488	-34071
-30320	-37991	-35186
-30314	-33047	-39126
-30313	-36806	-36843
-30305	-30072	-39603
-30283	-38712	-33451
-30268	-37573	-35893
-30266	-38521	-34142
-30258	-39079	-31826
-30233	-38342	-34395
-30228	-35760	-37683
-30228	-32955	-39168
-30222	-31051	-39354
-30215	-36364	-37454
-30208	-30904	-39481
-30185	-38136	-34877
-30178	-31455	-39455
-30163	-35771	-37659
-30162	-37022	-36563
-30158	-30907	-39515
-30152	-31765	-39382
-30135	-35926	-37641
-30133	-38112	-34914
-30123	-31600	-39387
-30113	-35774	-37693
-30090	-38376	-34357
-30089	-37549	-36055
-30067	-36167	-37578
-30053	-34514	-38497
-30034	-37896	-35285
-30024	-39225	-29750
-29989	-38149	-34910
-29989	-37823	-35521
-29988	-38261	-34716
-29978	-38131	-35143
-29967	-34312	-38727
-29965	-39167	-30886
-29965	-37756	-35663
-29942	-38262	-34502
-29920	-39263	-30800
-29917	-36472	-37210
-29899	-37653	-35761
-29891	-37230	-36357
-29876	-38337	-34612
-29849	-37656	-35795
-29846	-38659	-33519
-29841	-37889	-35454
-29840	-35850	-37791
-29817	-32921	-39187
-29794	-39097	-31823
-29787	-37660	-35774
-29748	-38933	-32609
-29747	-39327	-30238
-29746	-38667	-33688
-29731	-37733	-35754
-29723	-31769	-39332
-29703	-39182	-30948
-29693	-38906	-32665
-29673	-36799	-36968
-29666	-38314	-35055
-29642	-39060	-32503
-29636	-38104	-35432
-29627	-36987	-36834
-29620	-38838	-33169
-29617	-35966	-37646
-29603	-38353	-34398
-29595	-37452	-36140
-29593	-38400	-34389
-29578	-37170	-36646
-29559	-39303	-30571
-29555	-32092	-39460
-29547	-38588	-34256
-29505	-31348	-39595
-29487	-34346	-38575
-29459	-38718	-33784
-29432	-32310	-39338
-29423	-38424	-34366
-29410	-37317	-36238
-29400	-34610	-38623
-29387	-35977	-37607
-29382	-32313	-39372
-29376	-33171	-39239
-29373	-30007	-39710
-29370	-37554	-36063
-29346	-32218	-39380
-29320	-37667	-35782
-29280	-39211	-31604
-29265	-35930	-37727
-29256	-39157	-31729
-29246	-38975	-32760
-29213	-38401	-34809
-29117	-29145	-39740
-29103	-39331	-30139
-29097	-38767	-33475
-29089	-36995	-36702
-29063	-30172	-39608
-29056	-36056	-37647
-28978	-37207	-36364
-28920	-37217	-36360
-28849	-31581	-39467
-28840	-37035	-36774
-28839	-38538	-34400
-28815	-37925	-35707
-28805	-30778	-39714
-28750	-37399	-36258
-28742	-39371	-29910
-28734	-37229	-36397
-28693	-39333	-30851
-28690	-38637	-33816
-28623	-37717	-36073
-28540	-37321	-36324
-28485	-38984	-32535
-28348	-37113	-36690
-28155	-39515	-28778
-28033	-39383	-30374
-28013	-39414	-29266
-27975	-29173	-39864
-27938	-39434	-28926
-27809	-30026	-39793
-27757	-29426	-39821
-27649	-39477	-29446
-27562	-39425	-30368
-27515	-39463	-29582
-27440	-39319	-31052
-27320	-39518	-29123
