-15966	-12673	-12069
-15960	-13024	-12647
-15949	-13235	-11941
-15803	-13086	-12251
-15716	-13296	-12683
-15648	-13625	-12364
-15622	-13722	-12066
-15569	-13159	-12702
-15535	-13932	-12498
-15520	-12434	-12795
-15519	-13324	-12756
-15449	-13559	-12636
-15433	-13128	-12997
-15426	-13529	-12808
-15423	-12511	-13108
-15380	-12515	-13047
-15363	-12913	-13131
-15352	-14115	-12128
-15337	-13702	-12721
-15313	-13836	-12942
-15287	-13095	-13081
-15258	-13236	-13059
-15254	-13198	-13115
-15235	-12898	-13220
-15227	-13463	-13080
-15115	-13606	-13165
-15071	-14012	-12498
-15027	-13799	-13e3
-15019	-12441	-13443
-15009	-13994	-12511
-14993	-13315	-13213
-14981	-14159	-11645
-14974	-13015	-13318
-14968	-13469	-13184
-14965	-13899	-12743
-14964	-14142	-11994
-14955	-14150	-12325
-14950	-13320	-13271
-14946	-13837	-12776
-14944	-13295	-13394
-14941	-13734	-13149
-14938	-13821	-12982
-14932	-13796	-13105
-14931	-13985	-12731
-14925	-13233	-13427
-14915	-14064	-12797
-14899	-13633	-13158
-14854	-13723	-13263
-14853	-12135	-13627
-14836	-13017	-13481
-14832	-13438	-13479
-14829	-13868	-13038
-14827	-14284	-12534
-14810	-13806	-13071
-14805	-13703	-13444
-14779	-13800	-13146
-14768	-13927	-12816
-14757	-14220	-12735
-14726	-14090	-12957
-14724	-13741	-13220
-14710	-14434	-12070
-14709	-13612	-13494
-14693	-13004	-13752
-14671	-14494	-11852
-14664	-13350	-13525
-14655	-14234	-12950
-14646	-14067	-13174
-14638	-14345	-12386
-14638	-13668	-13545
-14588	-13710	-13515
-14575	-14511	-11502
-14574	-14403	-12365
-14571	-13555	-13577
-14543	-12232	-13906
-14528	-13860	-13180
-14519	-14203	-13245
-14463	-13858	-13318
-14432	-13121	-13850
-14423	-13424	-13621
-14414	-13838	-13499
-14378	-14537	-12459
-14355	-13200	-13672
-14343	-14308	-12833
-14341	-14584	-11953
-14339	-13882	-13323
-14327	-13827	-13613
-14321	-13973	-13468
-14302	-13139	-13807
-14295	-12925	-13940
-14275	-14617	-12047
-14268	-13189	-13786
-14267	-13977	-13278
-14250	-13499	-13815
-14248	-13532	-13683
-14242	-13507	-13806
-14225	-13194	-13844
-14196	-14121	-13271
-14180	-13690	-13632
-14170	-14501	-12500
-14154	-14020	-13280
-14152	-12367	-13961
-14112	-13501	-13978
-14111	-14449	-12736
-14110	-14647	-12300
-14094	-13610	-13647
-14088	-12880	-14121
-14084	-14409	-12899
-14060	-14090	-13566
-14059	-14321	-13189
-13998	-14898	-11636
-13988	-12028	-14277
-13987	-13649	-13781
-13981	-13624	-13904
-13974	-13061	-14226
-13972	-14310	-13303
-13930	-14108	-13523
-13913	-13953	-13585
-13877	-14522	-13187
-13876	-14112	-13333
-13869	-13767	-13989
-13867	-12126	-14298
-13859	-14820	-12262
-13852	-12612	-14250
-13851	-13618	-14076
-13841	-12444	-14318
-13807	-14562	-12618
-13783	-12361	-14371
-13780	-14567	-12468
-13756	-14562	-12848
-13740	-14081	-13628
-13702	-14897	-11656
-13696	-13960	-13656
-13685	-14706	-12841
-13678	-13811	-13743
-13671	-14531	-12913
-13669	-14225	-13621
-13639	-15063	-10772
-13633	-14936	-11989
-13583	-14755	-12515
-13580	-12561	-14416
-13576	-12982	-14414
-13558	-14980	-11813
-13528	-14820	-12442
-13516	-13651	-13991
-13512	-14339	-13222
-13470	-13820	-13920
-13454	-12533	-14438
-13421	-12501	-14451
-13405	-15136	-11223
-13401	-13115	-14304
-13392	-14506	-13210
-13311	-15032	-11711
-13307	-12682	-14556
-13295	-14834	-12018
-13239	-13263	-14135
-13209	-13937	-14018
-13199	-15145	-10949
-13192	-13255	-14200
-13183	-15040	-11667
-13179	-13631	-14134
-13175	-15001	-12006
-13109	-14214	-13671
-13098	-14400	-13570
-13089	-13716	-14021
-12952	-14588	-13387
-12941	-15074	-12457
-12925	-14593	-13237
-12917	-12160	-14596
-12871	-15114	-11888
-12838	-11810	-14622
-12797	-13352	-14311
-12778	-12568	-14646
-12735	-15083	-12183
-12733	-14777	-12891
-12725	-12117	-14756
-12576	-14891	-12492
-12499	-15066	-12601
-12458	-15332	-11196
-12431	-15182	-11604
-12312	-12747	-14525
-12209	-15086	-12048
-12196	-12003	-14846
-12016	-15140	-12657
-11797	-15236	-11601
-11324	-15462	-11808
