-739.2881646655231	222.95711835334475	-178.82332761578044
-739	223	-179
-733.2402610404399	80.7250102950095	-226.3255194426902
-728.3699059561129	276.57008508732645	-437.4155844155844
-728.2603878116344	276.54293628808864	-437.32779316712833
-728	80.48475647987604	-225.30087000604757
-727.6539590313919	277	-437.6498954397472
-717.1758608607634	-147.43709730792438	-362.496116637144
-716.4920439571215	-147.81423306423306	-362.4133117885889
-716.4780090152808	-145.93076984832197	-363.4386626886626
-716.368917842623	-147.64368543648308	-363.43866268866265
-716.3488943488944	-147.8142330642331	-363.4386626886627
-714.8888888888889	-148.09560723514213	-360.9354005167959
-714.7970557308097	-148.0546792849632	-360.98002103049424
-713.0442734975397	51.43161552607127	-388.91373975601255
-703	-248	-160
-654	53	-543
-645.0238450074515	-0.5350223546944903	-480.35469448584206
-644.0179137898862	-0.5604279405361723	-480.4913852086832
-637.7630283846074	-112.45753283811416	-502.48358960732895
-633.357568533969	-255.0524433849821	-396.46603098927295
-628.0227686703097	42.138433515482696	-527.2668488160291
-579.5125827824454	-123.97410092213178	-402.3617961963297
-559.0318240019942	-143.61382873848456	-418.4410658236168
-556.9000900090009	-134.34653465346534	-429.1602160216022
-553.9823053612766	-137.79260895075865	-421.55822641584973
-551.1948297263514	-146.6551199689897	-399.41604566182207
-549.5317887112906	-147.81423306423306	-399.091364254683
-537.6833008656556	-237.5944673972451	-535.5923971366624
-536.905545292476	-242.1128156616948	-535.7621598303394
-536.422030462517	-246.01135680323347	-536.7454017965074
-531.9368225073772	-161.98340827194394	-543.7750913538223
-530.4540892073624	-159.945460243493	-544.0044764534579
-519.5029013539652	-318.3133462282399	-295.8500967117988
-514	-311	-296
-512.9992171911974	-307.491296337887	-296.896348628213
-512.3493987801892	-309.79254825059354	-297.2699743855585
-511.5500051604912	-260.93593325863674	-376.63964809124684
-509.0079362925062	-264.2677574120697	-377.95217527025466
-507	-353	-351
-506.88818565400845	-349.42721518987344	-410.2299578059072
-505.4350341925302	-442.9889531825355	-42.47816938453446
-505.0245407000134	-443.97747083277454	-42.65911224352957
-499.88490441661173	-391.8123928806856	-210.8937376400791
-494.41791092166295	-292.38698122607445	-442.0936117071498
-489.6413109563071	-360.7262180756485	-244.81885076466037
-472.8954441275498	-330.8769377728406	-449.1426548736079
-465.7453906935909	-268.7559262510975	-486.22739244951714
-465.55221559293426	-268.8602482603522	-486.09870223533153
-465.5	-433	-252.5
-462.95652173913044	-438.2173913043478	-249.82608695652172
-462.8172759956351	-262.51424567532837	-490.3614753883396
-456.68290963022275	-155.56164925753387	-558.1932286359004
-450.66666666666663	-395.3333333333333	-355.66666666666663
-446.336317272404	-273.13328803707617	-457.65205811829134
-445.18933127716247	-396.35346277863454	-357.02102902004765
-444	-398	-358
-443.7166264575794	-402.91308135638656	-362.449839163651
-442	-435	-268
-433.125	-251.48863636363635	-500.54545454545456
-433.0042815802584	-360.64848476863284	-580.6508746701502
-432.7752296313107	-13.442773904632865	-627.5315955486777
-429	-455	-312
-425.08924629244257	-458.3677350452271	-314.59417720633195
-423.3137755102041	-551.015306122449	49.059948979591844
-421	25	-642
-419.84119271120926	-448.88404196576477	-402.9912755383766
-416.76680769520607	-445.03812076779815	-408
-413.0153688952193	-455	-395.21175176595557
-412.9960877081636	-455.00000000000006	-395.17711830375754
-409.9139013767853	-449.18022539952466	-396.2365791723583
-408.65218529180845	-455	-396.2567390735409
-407.8443364808212	-455.00000000000006	-397.72155833300684
-400	-527	-74
-388.7223086800682	-428.7209431803259	-451.0461170961871
-388.2907911934331	-428.45855256691084	-451.3618311262905
-387.63272256633417	-427.43429005788585	-451.441506121852
-387.27272727272725	-430.8181818181818	-454.5454545454545
-383	-71	-638
-381.69165247018736	-71.54514480408858	-641.3833049403747
-376.4035497493626	-432.69107987456516	-452
-376.4035497493625	-434.11125760445464	-461.66552446476015
-375.92906856747896	-432.9816564958491	-463
-375	-461	-389
-374.4328278227319	-360.9102406087562	-473
-373.6603834647657	-470.0767818295017	-465.9793812948031
-371.9768296325852	-471.00120568557776	-463.2277699125591
-369.6623654598826	-489.5938111545988	-234.3833170254403
-368.19818895173427	-386.69601027602295	-473
-368.1863824148067	-387.56502394706297	-472.38286840010494
-368	-490	-236
-367.3958771008403	-491.8239233193277	-239.21678046218486
-367.3888888888889	-232.38888888888889	-611.9444444444445
-365	-232	-612
-363	-517	-382
-358.9335817268751	-518.7783897618663	-226.83642475295645
-327.11440182567105	-608.7927038799489	-265.09713473275593
-326	-455	-485
-302	8	-706
-301.8810373083968	-485.07500241010314	-385.0088691796008
-300.4969879518072	-449.5030120481928	-521.5772035510463
-299	-483	-386
-290.91917670682733	-551.2796184738955	-396.58885542168673
-289	-552.4467124222563	-395.1055141065427
-289	-551.7257462987777	-396.0434298261192
-288.4342216721319	-552.5318825309473	-396.08227465609247
-282.59443567233774	-560.0280520861496	-396.4075930916676
-282.1224572823434	-569.0614965567883	-402.40066780448115
-281.1753917128858	-568.7718639041491	-402.99999999999994
-280.64297416861666	-568.279731793355	-403.40065146579803
-269.22634602737344	-241.99999999999997	-621.0599337378551
-266.3768305871622	-237.87895670341595	-621.7169355373608
-257.2298452825647	-588.112769646347	-266.0382159225962
-243.18112798264644	-503.9949385394071	-471.4110629067245
-241.39446444085888	-266.898696785404	-612.7151297008812
-237.25515472208883	-259.40463390265126	-615.4255088512538
-236.1501368400247	-259.3072700293739	-617.7363525147488
-232.02380952380952	-597.047619047619	-373.54761904761904
-225.68258004600324	-264.74250517964714	-645.984293327419
-220	-600	-344
-211.82738095238096	-621.0892857142858	-383.05952380952385
-209.5145399257413	-561.3916020409836	-504.9686687865003
-209.36213769044338	-563.4843789255801	-507.1018435305191
-194.44940894317045	-655.5094501580116	-404.93748653766403
-180.20738481194223	-428.68432315587495	-562.6247669760196
-176	-423.51087880282654	-604.1207739414742
-175.36425978562377	-423.66263997808295	-605.0088353138591
-175.32207637231502	-423.72255369928405	-604.9914081145585
-171.96652719665278	-695.4979079497908	-171.44142259414227
-171.71701720841298	-694.4512428298278	-171.56405353728485
-171.11412665274878	-694.4836464857342	-171.71537926235212
-161.46390758718667	-43.63339873039497	-680.1254383294433
-159.46596274714798	9.126627428072197	-720.7041292790536
-157.43053321017803	11.989743853632689	-721.901900202053
-137.9031408308004	-664.2756332320162	-319.0771023302938
-108.81515553130114	-611.0215171123411	-431.926600140329
-107.7608731970819	-610.8689925934176	-434.10935846745
-100.88694888602541	-92.58241287169514	-657.5048702555848
-98.88184411170366	-588.8645897335418	-501.85060055252154
-98.88184411170364	-589.670620618801	-502.16805821230855
-96.87984460598871	-585.2547373979821	-504
-96.83614331256467	-587.9237169842318	-503.1022449216413
-96.44293738754726	-85.44407859544995	-658.1316956771293
-82.35991937805932	-674.6622516556291	-180.3967751223726
-79.99879372738238	-145.51628468033778	-657.3799758745477
-79	-672	-181
-67.45271087949587	-456.99494129062504	-594.0044590778758
-67	-457	-589
-66.88625592417061	-460.0635071090047	-595.2710900473934
-66.49280328992461	-459.7394105551748	-595.762440027416
-63.18032786885246	-143.422131147541	-687.4795081967213
-61.00000000000001	-141.76923076923077	-688.4835164835165
-61	-145	-685
-57.632642159100286	-144.13110799174083	-688.2790658296833
-57.53198797767281	-145.36131386861314	-685
-57.5227501341018	-145.0639706632471	-687.8343401479342
-55.44962660278992	-685.2254876305884	-317.1622717848588
-54.844297401105734	-685.6690721200696	-316.86193478821406
-54.48344370860928	-686.3675496688742	-318.8741721854305
-53.60283158275455	-89.2975331268813	-713.0822285068259
-52.98996141918316	-86.60535448865811	-714.726077572645
-52.78262236110078	-85.74907149718044	-714.877931226698
-52.63015267430687	-91.22479621669993	-712.02543782152
-52.0223602484472	-687.7357142857143	-319.6136645962733
-51.03119670741735	-86.4721876266917	-716.1681151004459
-50.96270121711818	-90.66666666666667	-718.3486454652532
-49.93123359580051	-688.7065616797901	-318.5648293963255
-19.139549865508634	-311.40648658151383	-610.2306184597627
-14.6987593052109	-614.1156327543424	-422.1523573200993
-12.621457489878537	-703.085020242915	-166.0242914979757
-2.096788982889592	-703.3945519973703	-267.12581097212853
3.900000000000003	-724.9	27.299999999999994
4.116883116883109	-725	26.246753246753258
4.277777777777778	-725.9722222222222	25.694444444444443
4.5	-726.75	26.25
6	-714.2273458865884	-274.2343404887529
6	-713.8997882952896	-274.6779016601596
6.000000000000007	-714.3934245357907	-274.5715217124564
9.05269986304662	-719.5194604455688	-274.76597937336
9.052699863046684	-719.5194604455688	-274.76597937336004
25.79897499056571	78.12698708597028	-742.301268711868
58.94196304029141	-473.91105059748566	-547.201239394074
89.9017094017094	-722.465811965812	-295.3333333333333
99	-501	-571
102.68973776262726	-747.847225007241	-151.83204108459773
107.22056535341054	-749.3583256436717	-148.56348973243797
119.80380931287286	74.39433815042995	-727.5777691532421
120.32176450821689	-706.3557909832487	-330.2077864005229
145.29847339135398	-70.62590954487088	-746.617491796262
168.97758813393565	-738.0682446172714	-204.42227836507863
196.11319340329834	-234.60419790104947	-664.6191904047977
