-745	37	-214	131	-346
-742	120	-601	93	-475
-740.2598204918988	23.081478027742172	-472.9891595757082	-35.70451101526983	-372.5704627578972
-732.8039506955264	24.55757257012033	-468.4686190353335	-38.53196395338972	-369.2754173175235
-720.884471928589	19.536883680823948	-650.3503016363187	74.12795744155324	-371.4915048934562
-712	-186	-390	327	-547
-703.8721030042918	-297.3877682403434	-247.56545064377684	246.19656652360516	-353.7602288984263
-699	12	71	221	-219
-699	41	-455	-22	-461
-697	-219	-517	243	-104
-697	-182	-711	15	-72
-692	-3	-657	266	-533
-691.7287284003995	-68.46738628061962	-315.03715354911816	-102.7044265203584	-269.1792822745367
-686.6825826860369	-157.09377880334102	-641.8482279783765	-1.1828112710845389	-339.0902477601916
-686	239	6	-128	-133
-684	-258	-353	-101	-334
-682	48	-537	88	-644
-681	-62	-536	-135	-161
-680	-312	-397	125	-301
-680	-275	-591	-103	-269
-679.7701812191104	47.29063701263043	-539.8093080724876	83.85145524437122	-645.5593080724877
-678.353502942773	-6.6708528033349275	-296.7641223409031	-264.4745440808203	-627.0323187062572
-676	-327	-309	-35	-65
-676	-186	-521	-166	-165
-672	-119	-728	136	-58
-671	102	-704	89	-343
-669	-62	-548	-125	-463
-667	-282	-609	31	6
-666.2420940375005	-157.8386289115971	-423.202631076306	-259.5252236335275	-362.7190414796422
-666	-61	-585	-16	-279
-665.8498023715415	-116.02766798418975	-525.7312252964427	-184.69565217391306	-431.7114624505929
-663.4076640710967	-195.58063486463558	-492.54610286520676	-88.88486253559459	-405.8163109307932
-663	-65	-711	-18	-156
-660.5168091727885	-119.20998472469594	-582.6752233722716	107.82368855281811	-414.55094620261855
-660.4829803601048	-119.22460876463373	-582.6290535830188	107.78053558979782	-414.5722733719561
-658.8124247309884	-120.28291687642896	-583.3648489540316	108.83759232809264	-412.8317070492197
-656	-275	-457	227	-338
-655	-212	-608	18	-255
-655	-143	-728	97	-219
-651.745728852632	-360.6711691971351	-234.00543247279214	140.17738636044166	-245.47452691182525
-651	-438	-338	122	-274
-647.7873388244876	-331.21727949180354	-600.283210528201	-134.12035344245874	-115.51458119926151
-646.9614352860799	-336.3338914934983	-604.4459297882296	-141.85788482090425	-128.23883480792762
-646.6740502284797	-336.2850467022055	-604.5660208298169	-142.0243916754972	-128.2993758230138
-646.2822058562901	-336.2911841242801	-604.8303822253905	-142.16049768084196	-128.28242050149822
-646	-158	-591	-136	-353
-645	-3	-514	-257	-256
-644.7970368674911	-219.71305919350726	-414.08367964408075	-233.79721091695455	-194.08238261794236
-643.4066465798385	-33.911169312531854	-646.5582108196778	89.0584812481469	-520.7994044721224
-641.9895068205667	-239.26128016789085	-612.0209863588667	-26.892969569779638	-417.69569779643234
-640.6526515472085	-232.98536084329862	-614.994555854145	-20.10113646735462	-418.1512642781911
-640.5319277431669	-34.6479154436057	-641.983756360059	94.06048854883277	-515.110410201931
-640	-57	-486	-311	-219
-639	-368	-337	109	-535
-637	-134	-575	76	-475
-634.1514904727203	-147.28456822614643	-407.8229537531914	-245.28981600603845	-453.4431534339858
-634.1072767708506	-256.52818679846007	-596.4453388954169	-148.12766113333328	-378.48080529337733
-633	-262.6896551724138	-597.0724137931034	-149.65172413793104	-383.7310344827586
-632.4668557204452	-257.0934519864276	-597.2465190949889	-144.81977468073427	-371.4338834282526
-631	-255	-605	61	-260
-631	-162	-359	-345	-153
-629.2221630470978	-348.1452843252553	-414.7726765969681	-201.89032032673913	-129.18035526831827
-628	-347	-420	-201	-125
-628	-237	-654	39	-140
-627	-241	-702	-93	-128
-625	-142	-254	-135	-455
-624	-401	-464	25	-92
-624	-364	-658	-203	-60
-624	-167	-322	-318	-107
-623	-400	-535	-66	-76
-623	-283	-272	-69	-160
-622.6568166458163	-318.5089944350977	-481.7807687330141	-342.3247630962138	108.02401391944554
-622.4018366054465	286.70297656744776	-306.35267574414183	-212.85030082330587	-554.7632995566814
-622.327485380117	284.53801169590645	-307.53801169590645	-213.19590643274853	-555.9883040935672
-621.4953220962823	-333.0129831692896	-254.72051065297714	-173.90580823228316	-633.4501694238234
-620	-314	-484	-340	112
-619	-185	-604	48	-521
-619	-92	-358	-358	-414
-616.1388181571501	-337.0411593711098	-542.4509023368696	-85.51320820568692	-341.09695315290327
-615	-371	-299	88	-247
-615	-334	-493	-140	-215
-614.61408902164	-338.3680318362085	-587.919736048215	-215.22098284787427	-327.15871396927776
-613.8674759736975	-338.637076378351	-589.6818411734952	-218.36140617096612	-329.4314618108245
-613	-386	-296	72	-347
-611	-70	-691	-74	-331
-610.6715998965277	-145.61605829577877	-541.9911362304395	-48.16272129737574	-547.6642484848492
-610.4979682305135	-330.4086935106514	-583.609530845955	-207.4166974510528	-329.854328284694
-610	-222	-310	-185	-376
-610	-150	-652	-116	-70
-610	-62	-193	-295	-569
-607.4924053753023	-24.033546181483928	-618.891596970248	-46.09706987353067	-563.9934715103013
-607.200276220029	-385.78881903290187	-298.22636698092526	73.4306583306829	-345.23483344344965
-606.286674762933	-145.23608887044634	-538.3248796419423	-48.68965883548856	-549.3746657366918
-605.3372793265266	-145.98509690080135	-537.6560528925083	-43.08769066272441	-543.0864140925365
-604.4171644756788	-316.7605424364074	-658.4520170950539	-217.0796035384915	113.37990200125022
-602	-317	-659	-223	117
-602	-167	-346	-423	-358
-602	-150	-478	-250	-207
-601.1307692307693	-174.02307692307693	-422.89230769230767	-216.48461538461538	-372.53846153846155
-599	-352	-407	-279	-330
-599	-214	-318	-290	-304
-599	-175	-422	-216	-372
-599	-99	-550	-246	-116
-598.1448886309222	-247.1054832039469	-690.6116275484292	-172.7059148951607	-332.91730755278246
-598	-246	-689	-171	-333
-597	38	-459	-223	-399
-595	-26	-505	-209	-505
-594	-366	-524	-91	-136
-591	-421	-363	-213	-61
-591	-280	-575	-344	-161
-590	-80	-477	-263	-468
-589	-392	-581	-235	-11
-589	-50	-486	-66	-486
-583	-457	-404	9	-326
-583	-152	-443	-167	-444
-582	-325	-675	-121	-207
-575.4425805214725	-492.5127492331289	-318.07476993865026	-257.7109854294479	-159.47488496932516
-575	-344	-672	-39	-51
-574	-427	-239	72	-481
-574	-350	-447	-337	48
-573	-322	-646	-301	-88
-572.3796771261373	-214.44607805556646	-594.5775567550813	-128.02852426199803	-510.1966848456065
-572	-122	-548	-220	-395
-571.3711427615766	-214.45026719665205	-594.0435993372589	-129.32623661099746	-510.46180293566283
-569	49	-623	-19	-430
-567	-489	-602	-166	133
-567	-247	-651	-214	-114
-566.1905547535574	-295.5964116312642	-551.7428335739328	-219.4974221488967	-164.1864301917921
-566	-532	-392	-56	-270
-566	-129	-459	-308	-182
-565.7869170562855	-315.79364919249645	-527.0940759884656	-147.16955859984685	-468.8727070710785
-564	-316	-522	-142	-463
-564	-175	-360	-311	-230
-563	-137	-404	-359	-146
-561.7680292435037	-428.9189789961871	-655.4875743445557	-315.8312547818229	-119.49287960983473
-561	-200	-304	-277	-395
-560.6825430737133	-440.26065553909166	-313.62808947667935	146.454940430032	-431.7273337733609
-560.2251223153072	-427.26000557077316	-652.2828866994041	-316.56778601707765	-116.92324187543989
-560	-322	-620	-21	-333
-559	-81	-607	-221	-248
-558.5839349918423	-426.3179951352386	-651.633963154069	-316.1810677486043	-119.2024031442813
-558.2980953898232	-301.0780464994706	-457.56564088115965	-404.917435981729	-185.1541466470266
-558	-230	-272	-487	-41
-558	-191	-376	-413	-109
-557.2596318534634	-425.0931864014815	-650.0371740797649	-317.3350515259483	-116.68668040188224
-557.2540432637242	-424.24343070383355	-651.7052710213716	-317.04656798507125	-115.35060572433447
-557	-63	-490	-218	-510
-556.5209273267776	-426.0292734496207	-651.3727815751196	-317.90336275530274	-116.68662133928298
-555.6422564757388	-309.11784020430497	-464.4784294053265	-408.5177581174754	-189.05155052900403
-555.4743095897786	-426.03766514249907	-652.845442910403	-317.3184306013627	-116.96153795037405
-555.3997008709637	-423.3090400746754	-653.4061306194192	-316.9129779963311	-117.63519400569217
-555.0131359930966	-425.9848089884832	-653.3839236181076	-315.9100381155903	-117.62976923223894
-555	-365	-206	-241	-409
-555	98	-666	172	-393
-555	112	-224	-504	-584
-554.266369047619	-310.33482142857144	-462.75372023809524	-407.80840773809524	-188.0561755952381
-554	47	-622	31	-362
-553.2269914402511	-417.81793030241437	-651.6248729588726	-315.0893127357319	-120.71062854303588
-553.1699551285067	-416.92043183981184	-649.061063500918	-317.65265702865867	-117.4842690987809
-553.1664086860475	-109.62981242501805	-524.1564728197369	168.71037867665217	-571.9372905189841
-553	-334	-347	-210	-468
-552.0241848058718	-419.3200590104737	-652.0361190283758	-311.79192351437837	-120.20872168211582
-552	-390	-150	-207	-574
-552	-306	-309	-300	-190
-551.8463170342199	-421.39831123211115	-652.2032819403056	-317.30744511468833	-119.194253706164
-550.9991614104059	-418.49507772343446	-653.7832130771487	-313.9445793875503	-121.12763666566977
-548.2265066612849	-400.89697464954713	-491.49041328166595	-255.21396477767334	-276.64547882236667
-548.1978490547715	-197.38706491622602	-393.39651277086267	-175.73509131429975	-584.413683296397
-547.25	-274.5	-565.25	-249.25	-292.75
-547	-248	-97	-555	-46
-547	-78	-614	-8	-529
-546.4586087750201	71.24035469779236	-536.4901060722398	-40.083820322391595	-627.3616012186035
-546.4545487188175	-494.25538422614557	-301.91657244396174	-331.67961198092564	-364.4424214483671
-546	-389	-436	-116	-283
-546	-292	-517	-271	-160
-546	54	-518	-262	-240
-545.4298943998597	-24.84648774773818	-223.62392522200517	-432.52915259974435	-519.4386522406592
-544	-495	-303	-335	-363
-543.8298209284553	-414.103181781949	-483.15399721698145	-187.9235259099703	-330.9496981250278
-543.2354618015963	69.3551881413911	-543.3135689851767	-42.551596351197276	-629.459236031927
-543	-295	-205	-254	-670
-541	-250	-599	-80	-389
-539	-415	-572	-187	-260
-539	89	-378	-220	-562
-538	-456	-524	-250	-56
-538	5	-546	54	-590
-537.6334552758052	-301.39541639767594	-541.310056667384	-298.1656982999785	-366.62703536331685
-537.3584386194526	-327.92909025492884	-489.39818749706694	-266.8574035739054	-535.2604039024085
-536.4118694000526	-319.74184328058016	-482.6846110752457	-266.24905534431196	-535.4845691640182
-536	-440	-516	-153	-425
-536	-298	-539	-295	-367
-535.7116561511803	-328.1010597552501	-483.8428124073893	-261.8086605753632	-531.441042236021
-535.6876157696657	-206.3201313064704	-566.2679882640654	-263.64463205444565	-551.8428500227355
-535.3778137934396	-454.3905580977862	-526.4823629278322	-253.82667607754863	-60.60581252957277
-535.3554241694233	-328.867371499578	-487.4940923539751	-264.2505096621061	-535.3332076632919
-535	-99	-323	282	-632
-534.3115146632945	-325.4757044205362	-481.94480792901663	-263.47169002237354	-535.805568286095
-533.492247127822	-300.64754559331567	-538.592431911304	-296.83433759138745	-368.4122278460673
-533	-211	-211	-235	-583
-531.5080434875537	-52.981894434866035	-231.57152695648873	-443.892511268482	-236.85196373187426
-530	-272	-353	-423	294
-530	-237	-575	31	-422
-529	-51	-329	-470	9
-527	-131	-350	-437	-58
-526	-386	-523	-263	-317
-526	-72	-692	174	-247
-525.4851537096363	-485.57298496050134	-354.66677672942427	-30.858588932676373	-301.9896398442291
-525	-178	-275	-374	-346
-525	-139	-379	-300	-414
-525	56	-581	226	-612
-524.5555555555555	-344.19444444444446	-480.22222222222223	-199.47222222222223	-588.8611111111111
-522	-341	-308	-329	-537
-522	106	27	-446	-280
-521	-382.65597667638485	-630.7609329446065	-137.8979591836735	-221.54810495626822
-521	-235	-590	-221	-540
-520.756391142098	-340.2967868906309	-560.7298137436769	-189.74941814792794	-482.04947461431607
-520.7503147880427	-340.3600242503381	-560.7363708436319	-189.70605792099985	-482.03012638156974
-520	-514	-332	13	-408
-520	-475	-590	-229	7
-520	-216	-258	-474	-132
-518	-516	-306	-28	-272
-518	-439	-514	-437	257
-518	-423	-380	-237	-223
-517	-384	-577	-158	-153
-515	-404	-348	-331	-322
-514	-397	-490	-382	151
-514	-94	-619	-230	-238
-512	-175	-517	-304	-244
-511	-406	-104	-404	-311
-510.90962099125363	-406.5655976676385	-592.5830903790088	-242.12536443148684	-255.54810495626822
-509	-460	-578	-269	-132
-509	-168	-318	-394	-512
-509	66	-582	-352	-3
-507	-293	-736	-94	-228
-507	-287	-397	-336	-322
-507	-114	-161	-541	-154
-506	-353	-379	-250	-484
-506	-340	-437	-343	-88
-505	-385	-263	-59	-426
-503	-209	-340	-364	-315
-503	-184	-508	-377	-263
-502.2995904037449	-366.35115564657696	-519.2660181392628	-345.0558806319485	9.245830895260383
-502	-426	-100	-341	-365
-501	-201	-147	-681	100
-500	-391	-196	-12	-523
-499	-531	-164	-398	-44
-499	-375	-424	-179	-409
-498	-361	-438	-235	-398
-497	-389	-509	-387	-58
-496	-378	-643	-289	-240
-495.85651549700196	-401.19947639557466	-144.71091968583735	-422.8341356304366	-361.00401148551646
-495.2997326345966	-277.92229975316957	-454.4630719504532	-274.4755531096116	-375.4276737567098
-495	-484	-271	-384	415
-494.8676122931442	-384.8888888888889	-617.7565011820332	-217.09929078014184	-426.26477541371156
-494.692363452986	-397.7018555152693	-142.83637335477403	-423.2399891971903	-357.4823765097392
-494.69102918981434	-402.8570384903719	-139.43266073868682	-413.7265159523426	-356.60567934322205
-493	-246	-154	-463	-84
-492.41447101505094	-384.5927602739475	-618.6176855326532	-213.71303414805928	-426.4231432061539
-492	-561	-534	-407	159
-491	-224	-211	-342	-548
-490.6493763559828	-517.8922863489813	-508.81221097578896	-354.18523480651044	49.593235428857895
-490	-506	-326	-76	-111
-490	-386	-616	-212	-425
-490	-52	-285	-562	92
-489	-481	-307	-287	20
-489	83	-393	-456	-99
-488	-557	-575	-346	37
-488	-519	-510	-352	53
-488	-389	-564	-236	-358
-488	-282	-453	-267	-369
-488	-244	-403	-434	-255
-487	-461	-163	-411	-305
-487	-362	-629	-347	-79
-486	-176	-466	-409	-252
-485	-31	-510	318	-617
-484	-172	-201	-670	-302
-483	-27	-447	-302	-552
-483	28	-103	-589	-609
-481	-18	-754	-147	-67
-480	-464	-497	-452	-2
-480	-263	-500	-203	-456
-479.4395029415813	-383.29338870359817	-353.4949316647461	-383.9287615817588	-186.87227109231753
-479.3192184675289	-415.1047837574746	-553.7285495758588	-364.76004728132386	-325.3286052009456
-479	-384	-355	-379	-184
-478	-354	-107	-291	-616
-477	-385	-554	-472	388
-477	-304	-596	-219	-253
-477	-279	-391	-425	-25
-477	-235	-241	-672	-87
-476.2360622035158	-413.44605810569595	-554.5806471777134	-359.5744309934088	-320.6790643079894
-476	-441	-359	-557	70
-476	-351	-508	-379	-216
-475.1378355029938	156.8553725163097	-231.79552563376924	-503.23785337662724	-382.2546099079508
-475	-579	-439	21	-165
-475	-416	-674	-199	-329
-475	-295	-210	-350	-397
-475	-241	-261	-476	-237
-475	-192	-197	-607	-356
-474	-260	-561	-226	-517
-473.0787789266371	-479.3741999015263	-593.8847858197931	-366.5302806499261	-109.64204825209256
-473	-354	-62	-454	-384
-471.54527964820664	-475.00590902844584	-592.9567129311529	-366.5537996427099	-112.24927854885253
-471.26003731295486	-359.2204289757161	-61.56445765820724	-458.1164979672198	-388.73530980653
-470	-136	-645	230	-411
-469.57776504298	-187.15518624641834	-268.9313467048711	-593.7646991404011	-249.30131805157595
-469	-237	-519	-331	-330
-469	-33	-648	126	-403
-468.2143317327102	-94.71596814788725	-327.86029051738205	-440.55451281214306	-551.5922104919554
-468	-184	-272	-591	-249
-467.8042313258937	-183.8945018468743	-275.87933009594803	-594.3753820878342	-252.93430603908334
-467	16	-174	-510	-556
-466	-357	-396	-495	-81
-466	-262	-463	-297	-495
-465.1393089989889	-605.2007718994853	-575.1676065164058	-321.7432654541484	-164.78832120446842
-465	-157	-298	-414	-388
-464.26497196304126	-488.5926886088713	-540.3475370243941	-425.65836514480947	-265.48202657737096
-463.6895487875786	-490.2379969204927	-540.9571641614265	-427.86026951072444	-264.7830923206133
-463.5990643325107	-491.19316505956283	-540.856857351025	-428.15562582002514	-263.32840113571274
-463.1417764463702	-489.8709128928318	-540.7786427465277	-425.4501138117547	-266.85526862647623
-462.829189047636	-489.5115380261546	-541.2227957692772	-425.70431814315674	-264.8171297118177
-462.7537878787879	-243.6969696969697	-529.5151515151515	-457.99242424242425	-90.25
-462.73527688838794	-485.698221468112	-537.994364615827	-423.8878503750613	-269.14823855782254
-462.68123712222535	-490.81455705132703	-542.6718349283839	-426.13707268245264	-267.3752939470444
-462.5727524872812	-291.85181296892165	-445.1584594828325	-351.0452365741354	-577.0334351359143
-462.1948218306333	-487.0720665878903	-538.4691208774068	-424.5673900625906	-269.5348070316537
-462.1331302298981	-492.07072774823564	-543.6294349442792	-425.67715438020446	-266.16755848323936
-462	-377	-437	-269	-367
-462	-281	-270	64	-620
-462	-243	-529	-458	-89
-461.9220453172839	-490.9761871619418	-541.806793704911	-428.0202094546917	-270.24694250508924
-461.7084699453552	-491.42814207650275	-543.0693989071038	-428.8098360655738	-271.0849726775956
-461	-424	-621	-282	-270
-461	-322	-507	-448	203
-460.7822595413109	-484.1068996487022	-537.5360856060446	-425.04755109511535	-271.3023311856129
-460.77314843664834	-484.10816490309713	-537.5426187859075	-425.05670260810666	-271.30427329734084
-460.6663381893276	-490.97591427881116	-542.3394220672951	-428.84482484838634	-271.7419250798147
-460.61742587683364	-492.6267106642617	-538.6231414408762	-428.37220898284954	-264.77631044977903
-460.1472851234088	-483.9322095304043	-537.2527818498922	-424.3890118412794	-271.852547137707
-460.03636640116326	-491.9536389530196	-537.4768670794193	-429.0157026289984	-266.41933463712155
-460	-306	-429	-376	-338
-459.97840058582835	-484.1627686274728	-537.580140869399	-425.0080496953502	-271.7852645162405
-459.87793052975877	-484.4311388355437	-536.6574342091975	-423.57696018297287	-271.9623653452602
-459.6155980346623	-489.03881175291497	-536.2563616808037	-429.64446393214206	-267.9027383949742
-459.4116451028016	-365.80239352940777	-614.5496265453219	-427.9351485511581	-284.02656696153315
-459.30555440399144	-484.30462713686535	-535.7601502268515	-424.5072229286834	-272.16112855388315
-459	-421	-193	66	-476
-459	-420	-436	-497	134
-459	-402	-381	-235	-532
-458.6917248551478	-370.79067003417026	-615.866587431288	-429.1522804932402	-288.4217798246917
-458.4039351260509	-488.11649556953523	-535.5888702721825	-429.9050997625626	-267.94848597948436
-458.1483364520104	-437.6891241841997	-553.5471726530053	-127.13439824745562	-300.611797727169
-458	-367	-616	-425	-284
-457.7862566938356	-508.0150694109875	-533.2616890703555	-360.807749022821	-323.5804512899096
-457.6189591078067	-506.71449814126396	-534.5602230483272	-364.11644981412644	-327.7604089219331
-457.45288839201464	-507.8196636022281	-533.1504813201681	-361.20051056410256	-324.40972917182364
-457.42537473233403	-507.29143468950747	-535.1867237687367	-363.63319057815846	-327.24700214132764
-457.3406113537118	-438.73799126637556	-557.6288209606987	-131.22707423580786	-302.1921397379913
-457.07367250974846	-484.1783094657688	-536.0565402498834	-429.16853355651415	-268.68618941402735
-457.0205992881703	-485.98966672860706	-537.1033111195528	-429.5506959095401	-268.8284363478757
-457	-444	-558	-396	281
-456.918913424122	-486.354811218724	-537.1500500774904	-424.47417021000444	-271.8926222855289
-456.9107254612734	-508.7250855872382	-534.0163142542837	-360.02956143819534	-322.32090263316826
-456.73516813910703	-487.238056802911	-536.5579168076163	-429.1804176264351	-269.05784550611406
-455.9900910798638	-507.3624064842063	-536.7599796657687	-358.76592171657876	-320.72107719298094
-455.88541254015234	-507.4958169127184	-534.926187195856	-360.1153945596264	-323.12457794963865
-455.6293084967678	-373.767545742904	-615.1906091899161	-426.5797031425522	-283.755324187775
-455.3304347826087	-550.1913043478261	-575.4434782608696	-426.1391304347826	-50.95652173913044
-455	-327	-501	-548	-32
-454.8045112781955	-549.2481203007519	-577.3383458646616	-428.6616541353384	-53.65413533834587
-454	-127	-403	-467	-339
-453.93037334200733	-392.50343705952514	-456.76733167082295	-220.39008637825722	-427.18802631103404
-453.80611535788745	-549.8165392633773	-577.733148019458	-426.1209173036831	-51.697011813759545
-453.56135002025457	-509.22388759780824	-532.4531693068674	-362.3791015500075	-319.0080805065774
-453.20969797874704	-393.3736083789677	-539.7956384069709	-547.6351266752396	184.9429381778537
-453	-550	-578	-428	-52
-453	-229	-525	112	-608
-452	-394	-456	-219	-425
-452	-350	-480	-347	-359
-452	-126	-528	8	-600
-451.57213922695735	-506.8858680520539	-535.5086750565263	-360.6154901625178	-317.4528698440684
-451.498324531539	-549.2931399619333	-688.935930086052	-302.48457228641126	41.13559231161033
-451.09276440432404	-393.89696868382924	-546.4752591106653	-554.4488465396189	178.94682659088375
-450.1531291758361	-392.6634348736072	26.643511592085545	-531.528246825479	-225.66263963145656
-446	-347	-497	-485	-86
-445.43794346865184	-44.14842386879143	-328.8023729207863	-542.6602303128999	-156.1366755845062
-445	-147	-399	-404	-393
-444	-201	-455	-388	-424
-444	142	-667	62	-381
-443.9230769230769	-300.8461538461538	-513.4615384615385	-269.0769230769231	-521.9230769230769
-441.2828710047098	-340.57666908372244	-574.143076736563	-473.16110171992193	18.379046185588713
-441.158553626065	-299.5423014811719	-514.7498101658548	-266.0488863486746	-519.348092050443
-441	-308	170	-506	-437
-441	-86	-462	-468	-192
-440	-468	-558	-435	120
-440	-444	-165	-96	-372
-440	-38	-635	48	-608
-439	-557	-243	-240	-268
-438	-357	-145	-159	-575
-437.95341255506565	-352.52141814882094	-182.78328535959486	-324.84225054957255	-504.105309729907
-437.6747181964573	-193.1014492753623	-393.91948470209337	-652.829307568438	-146.64090177133656
-437.50885207762144	-8.901149558496162	-690.557597039123	162.11090422762857	-605.1426028894828
-437	114	-216	-600	-439
-435.03908144344604	-114.49893025246043	-69.28312651547569	-470.95293110825844	-444.15233204963624
-435	-310	-312	-652	-128
-435	-231	-514	-292	-396
-434	-110	-214	-571	-435
-433.61923298974637	-329.6790866642583	23.119791754589123	-551.0197914169669	-488.62316966531506
-433.3914433896524	-108.15921091008627	-214.42549232362992	-571.843822093196	-438.3377831627719
-431	55	-473	-467	-279
-431	116	-204	-506	-515
-430.58956050038745	-376.16904682829625	-358.7774272113362	-659.3310085242997	85.72041403741835
-429.15720758083546	-333.36772194275943	-313.53411348722614	-591.9188288061574	-185.44743227860232
-429	-398	-614	-130	-467
-428	-420	-574	-283	-206
-427	-217	-230	-445	-286
-426.1014482472733	-331.0907392491113	-308.4587033132359	-593.7753278538812	-182.69238284892714
-425.9358210292625	-327.8776017760471	-389.37105089747314	-578.9305096989797	-77.47644012409492
-425	-331	-160	-484	-188
-425	-278	-417	-494	-232
-425	57	-461	-373	-355
-425	80	-149	-689	-242
-424.2611021677436	-300.4877139480567	-416.06198055492246	-432.4539601974667	-292.73093809382215
-424	91	-181	-554	-594
-421.4030705774519	-350.9585242896425	-629.6161778185151	-328.42140238313476	-309.9122364802933
-420.6641827983383	-321.1210783672065	-387.2878901416257	-575.4111982611334	-77.5146355391002
-420.41151066054465	-221.48124744283314	-239.23760815868832	-353.01727508296585	-578.2627024897334
-420	-499	-444	-491	-16
-420	-461	-379	-497	0
-420	-270	-702	-352	206
-420	3	-433	-427	-318
-419.73614701520705	-206.11889980319793	-558.0722985774046	-361.6146713820756	-407.96379539846356
-419	-563	-198	-584	-92
-418.48283353778396	-88.24704039254522	-367.65064069404826	-450.2616573801747	-474.64891148519825
-418.03117034232713	-210.05116976791965	-418.2256226921955	-507.06203630262814	-495.1499752785917
-418	-407	-76	-375	-465
-418	32	-438	-421	-434
-418	47	-219	-519	-286
-417.7089814769882	-321.08721100074786	-385.25196198599906	-573.7074867682443	-80.43983821408818
-417.30041964007245	-211.81391400341647	-421.6653109796374	-510.58038631456867	-497.753382620819
-417.1612838653357	-319.0260709045018	-383.37810715814396	-576.9752320600982	-79.25704478792798
-417.1612838653357	-319.02607090450175	-383.37810715814396	-576.9752320600983	-79.25704478792798
-416.82608695652175	87.65217391304348	-181.20000000000002	-598.1391304347826	-435.6608695652174
-416	126	-509	-371	-356
-415	87	-180	-598	-434
-413	-562	-484	-493	199
-413	-523	-486	-440	344
-413	-67	-362	-258	-615
-412.96667677631035	85.77529570707767	-178.9986655270341	-595.4485373183711	-436.4626375141305
-412	-213	-457	100	-605
-410.232518077503	-404.26514256428493	-533.6703274763097	-146.29554605337316	-336.86418419468316
-410	128	-497	-277	-432
-409	-323	-390	-479	-365
-409	-158	-275	2	-621
-409	-61	-609	-54	-617
-408	-442	-354	-228	-350
-407	-427	-555	-368	-191
-406.7908180549345	-231.4141225253059	-417.13302708782203	-447.45351437050283	-550.7059772077456
-405.3117253328717	-401.09685742977166	-523.0078793394225	-146.35955886827566	-332.6454708791107
-403.0245398773006	-441.64498977505116	-485.77055214723924	-120.33578732106338	-426.12188139059305
-403	-75	-427	-444	-410
-403	103	-474	-325	-511
-401	-440	-487	-122	-427
-400.64098307076273	-222.24866910088366	-491.89848272487933	-431.30675946367023	-442.87643641861314
-400	-152	-667	-247	8
-399	-412	-189	-165	-505
-398	-337	-288	-331	-468
-396.67324035048364	-219.66595601538367	-488.1309491686786	-431.50068276403204	-438.8642147183243
-396	-99	-474	-477	-182
-395	-111	-648	-222	-488
-395	-76	-443	-340	-655
-392	-410	-322	-59	-582
-392	-403	-449	-431	-208
-392	-226	-420	-381	-537
-392	-156	-521	-336	-434
-391.47642194421127	-541.7121803936736	-201.55954099513679	-291.78103658961044	-193.5899670195955
-391	-517	-342	-293	-294
-391	-275	-689	-430	1
-390	-317	-244	-212	-601
-389.34603499151933	-367.3668881711936	-341.12170357117964	-320.0547759009271	-579.1211575547759
-389	-162	-514	-479	33
-388	-541	-202	-291	-192
-388	-322	-427	-432	-89
-388	-245	-227	-20	-662
-388	-24	-327	-582	-265
-387	-645	-506	-410	246
-387	-409	-382	-384	-305
-387	-226	-375	-544	-305
-385	-250	-497	-443	-158
-385	-41	-509	-456	-139
-384	-461	-472	-446	-108
-383.5215892272039	-367.4039336771706	-341.48029767033694	-321.51407206021577	-570.9348776257083
-383	-315	-377	-106	-678
-382	-537	-356	-34	-169
-381.11412911592424	-474.23701065204165	-205.40842931857475	-307.39195545715194	-456.5754671592739
-381.1136363636364	-96.86363636363637	16.13636363636363	-607.8181818181819	-513.8409090909091
-381	-224	-583	-484	-29
-380.56255416772876	-249.7364007137395	-389.9602600050981	-623.2914606168748	-115.96472087687992
-379	-193	-482	28	-650
-378	-383	-498	-536	-184
-378	-246	-371	-481	-359
-378	-20	-598	-245	-430
-377	-524	-512	-448	107
-376	-247	-390	-617	-113
-375.61580748303135	-386.2077186290458	-471.2643181690694	-467.2447972177034	-375.5135468671117
-375	-332	-83	-419	-503
-375	-49	-469	-427	-497
-375	-47	-292	-536	-420
-374.8033295608046	-100.50709044159449	-316.4688453454472	-651.8790009231395	-213.02683884696225
-374.3117253328717	-339.0968574297717	-617.0078793394225	-67.35955886827566	-491.6454708791107
-374	-274	-687	-217	-90
-372.9113092444862	-534.6421867667761	-609.1972078836227	-304.52777451900516	-297.02501759737214
-372.80364346508105	-390.0617552757374	-467.0616503439431	-456.7282004197272	-371.0485834207765
-372.6504424778761	-272.5973451327433	-546.2522123893806	-456.8672566371681	-386.7079646017699
-372.6337241411958	-95.96771890237167	-313.45406561153806	-647.1292999384596	-213.12490335000712
-372.2910447761194	-532.9925373134329	-611.1641791044776	-307.7089552238806	-298.9888059701493
-372	-391	-471	-459	-369
-371	-532	-611	-308	-298
-371	-157	-654	-325	-197
-370.51565762004174	-270.30480167014616	-551.3820459290188	-459.866388308977	-388.3027139874739
-370.3780880773362	-270.20622986036517	-551.4350161117078	-459.890440386681	-388.4511278195489
-370.32934945837417	-388.74152666029624	-468.7223888318048	-457.85441316717936	-372.941547516568
-370	-271	-549	-458	-386
-370	101	-217	-566	-516
-369.8969044020781	-386.25211086046886	-472.3984792405001	-463.3163455206561	-375.2714927961399
-369.8941176470588	-272.02352941176474	-547.4941176470588	-455.4823529411765	-385.8235294117647
-369.6875	-272.9375	-548.2291666666667	-455.47916666666663	-384.8333333333333
-369.34550426095086	-386.79310719386956	-472.4273698170026	-463.71976548404024	-375.78882442134227
-369.2859181731684	-270.3037583254044	-551.138915318744	-458.9110371075167	-388.61631779257846
-369.0659249632802	-386.97130178458724	-472.6510271593005	-463.8123020336018	-375.97685565829534
-369	-496	-535	-516	-48
-369	-403	-494	-473	-238
-368	-399	-436	-302	-371
-367.4962078716661	-418.41695918438154	-419.4876463070482	-425.45773287687075	-359.6572670653004
-366	-292	-106	-591	-277
-364	-350	92	-487	-508
-364	-249	-62	-526	-546
-363.9535146594379	-189.57409372892369	-639.1730679201521	-55.385993517332324	-595.4644467459975
-363.0230553759966	-412.0536522301228	-469.9515190691661	-401.4048696401638	-427.0415858651153
-363	23	-578	-319	-384
-362.80231596234114	-189.76357811448614	-632.3128079899775	-53.22074505454769	-592.6797830487781
-362.30619228400565	-408.68543845678875	-548.2645896919621	-384.13549992575236	-318.9667448505402
-362	-430	-524	-596	192
-361	-409	-495	-299	-329
-361	-389	-210	-626	-128
-360	-390	-62	-521	-134
-360	-303	-578	-419	-377
-359.92005610098175	-306.1528751753156	-612.9102384291724	-448.56802244039267	-293.1164095371669
-359.8579153458885	-305.9587917210516	-612.9936602647771	-448.62931195226554	-293.2364348312512
-359	-337	-209	-685	164
-359	-295	-440	-632	26
-357.57085950190896	-232.83561133586485	-322.94445881488684	-530.5730530062391	-226.7504578422953
-357	-353	-242	-528	-205
-356	-52	-298	-486	-550
-355	-538	-219	-274	-368
-355	-233	-320	-527	-222
-355	-180	-143	-596	-358
-353	-418	-297	-273	-385
-353	-376	-360	-666	-137
-353	-325	-2	-516	-339
-352.4051282051282	-304.7435897435897	-487.5282051282051	-474.05641025641023	-296.8820512820513
-351.50970643939394	-217.52722537878788	-543.249053030303	-590.3996212121211	-222.16335227272728
-351	-217	-542	-591	-222
-351	-188	-464	-62	-678
-350.5572032219812	-405.8490145753806	-283.0029637622723	-552.3684333502099	-79.25209584381837
-350	-287	-504	-412	-450
-349	-328	-456	-475	-246
-349	-303	-488	-475	-296
-348	-488	-137	-183	-562
-348	-384	-605	-120	-550
-348	-320	-61	-534	-395
-346	-578	-342	-465	-16
-346	-409	-430	-496	-181
-346	-340	-496	-333	-489
-346	-336	-391	-513	-263
-346	-280	-352	-432	-376
-346	-200	-139	-533	-412
-345	-499	-282	-224	-432
-345	-257	-629	-361	-137
-344.94501664692075	-387.74467846804	-298.4014665378618	-522.9392238032838	-315.7909426835385
-344	-289	-508	-495	-198
-344	-162	-402	-542	-266
-344	-120	-511	-91	-563
-343	-163	-319	-540	-483
-343	-134	-537	-317	-554
-341.5087774690578	-320.6275574640061	-560.6463753473099	-154.90186915887853	-628.9749936852741
-341	-92	-606	-441	-336
-340.75	-319.5	-563	-158.5	-632.75
-340.0564402922255	46.38706707643291	-752.4249440666799	229.49368400923976	-185.2443672119394
-340	-206	-289	-130	-683
-340	-134	-631	-61	-377
-339	-530	-227	-213	-359
-339	-171	-379	-706	285
-338.1547082719056	-552.5338454372329	-432.7134139924429	-671.8447115389015	7.97811387265304
-338	-113	-190	-583	-380
-338	47	-752	228	-182
-337.54980677529437	-553.9649061749042	-431.5843461622485	-673.4030433832779	1.8930341175318546
-336.79087179530876	-114.88703340802782	-257.6674699873048	-609.6841757052664	-444.64206506087737
-336.73440939104916	-556.6823184152604	-435.2479823917829	-677.8275862068965	3.914893617021278
-336.4505270065892	-553.4040387468189	-432.15053509225896	-673.8569066181117	0.8722185612608939
-336	-225	-664	-219	-352
-335	-355	-486	-335	-354
-335	-17	-296	-589	-463
-334	-430	-420	-459	-327
-334	-412	-56	-458	-411
-334	-355	-335	-594	-303
-333.792148142087	-368.40013901038026	-400.05936129379364	-231.61036372954123	-447.0400433197355
-333.27092094196803	-437.0340271937202	-509.74561956826466	-673.6260162601626	-11.160218671152222
-333	-435	-511	-674	-13
-333	-331	-280	-560	-336
-332.88002899601304	-435.98767669445454	-514.2355926060167	-674.9836897426604	-14.645523740485686
-332.16903184226095	36.31404917705302	-178.90109131666168	-637.1375594615206	-538.19477278129
-332	-310	-498	-458	-344
-331	-392	-467	-609	-282
-331	-162	-422	-504	-290
-331	-97	-513	-466	-321
-330	-590	-413	-386	37
-330	-192	-369	-528	-589
-330	-135	-345	-377	-601
-330	21	-321	-560	-389
-329	-413	-81	-268	-589
-329	-203	-559	-549	20
-329	95	-705	177	-396
-328	-171	-598	-242	-365
-328	-163	-453	-509	-290
-327	-462	-351	-468	-154
-327	-457	-552	-434	-195
-326.3592039800995	-416.81791044776116	-517.9771144278607	-440.79999999999995	-462.0129353233831
-326	-575	-429	-612	-50
-326	-504	-464	-594	-158
-325.4083711953823	-503.5096177395791	-468.09387553610344	-598.2980627508884	-162.5096733088064
-325	-511	-384	77	-372
-325	-419	-307	-403	-423
-325	-376	-146	-249	-547
-325	-304	-366	-513	-465
-325	34	-551	-455	-428
-324.3178143658085	-503.94922408839074	-467.60604492996447	-598.9266719684628	-163.03776923068438
-324	-413	-517	-441	-459
-323.8298303558024	-502.9427413301306	-466.87871190511936	-599.4093679627683	-162.89569133763698
-323	-15	-378	-539	-386
-322.65909190759413	-616.5872860182718	-584.4195265674464	-551.5751287237472	311.515687638335
-322.59788574913597	40.10652571660907	-328.45944297621463	-647.3411262451718	-191.89042488310636
-322	39	-324	-645	-188
-321.0085911046032	-570.1353527958269	-534.7636588267594	-485.16805847899695	44.78041777249015
-319	-570	-535	-483	47
-319	-537	-521	-447	-41
-319	-320	-576	-501	-169
-318	-374	-279	-143	-624
-317.75690140845074	-332.7853521126761	-555.5104225352113	-428.352676056338	-358.0554929577465
-317	-45	-146	-610	-341
-316	-324	-362	-450	-519
-315	-249	-623	-450	160
-314	-506	-243	-343	-501
-314	-336	-520	-193	-444
-314	-264	-590	-480	-206
-314	73	-428	-479	-443
-312.1843948478237	-326.5956915090437	-360.26486101167905	-452.4839209650937	-522.083873275312
-312	-379	-528	-527	-102
-311.7695254947085	-361.00211872295085	-24.08854666243512	-447.40942237761493	-431.1294654967298
-311.38967136150234	-471.0281690140845	-663.9201877934273	-315.2863849765259	-146.91549295774647
-311	-331	-497	-448	-287
-310	-471	-663	-314	-147
-308.82952172687004	-525.717660961418	-237.94071208262605	-283.26236829082836	-558.3922269781201
-307	-569	-283	-345	-286
-307	-327	-630	-482	9
-307	-133	-272	-684	-205
-305.79558765380835	-362.92371425229464	-16.62972499913198	-449.0779954284609	-424.156271441003
-305.28795113595515	-474.5843852530817	-48.26655843572442	-344.9314492334244	-328.3788179343418
-305	-543	153	-369	-399
-305	-526	-239	-280	-555
-305	-487	-524	-562	224
-305	-328	-651	16	-358
-304.2743809724866	-211.75712453195095	-564.412667413761	-84.15652965384982	-645.5146485740645
-304	-543	-673	-207	-80
-304	-440	146	-558	-286
-304	-394	-537	-450	-72
-304	-289	-304	-200	-581
-304	-97	-732	-2	-434
-301.75384677091847	-482.5163772918933	-634.8348483101281	-244.20086937774815	-164.98268765072473
-300	-381	4	-373	-478
-299.2944858655151	-379.74031414155814	-15.635143845249477	-383.5609247134961	-482.0198969492272
-299	-236	-291	-667	-320
-298.60186623237297	-466.19121436189346	-366.4419707229291	-429.2114266358634	-367.5371101922337
-298	-546	-181	-410	-96
-298	-524	-372	-174	-632
-298	-518	-314	-264	-448
-298	-470	-369	-433	-369
-298	-276	-661	-401	-153
-298	-237	-143	-562	-326
-297.47236122425227	-617.4413476085185	-567.6618759455371	-627.0029093448156	108.60921680437566
-297.15395399399796	-380.0756080499795	-18.300349844570718	-391.38080002512856	-485.75271887117685
-297.14387827940845	-380.0116642962325	-18.231094864282824	-391.4338953952122	-485.84267145149454
-297	-655	-283	-327	189
-297	-626	-591	25	6
-296.8837209302326	-469.91472868217056	-367.09302325581393	-433.42635658914725	-369.2790697674419
-296.7476469785841	27.20106397490111	-300.1572773155095	-699.3170099577138	-436.24362297094535
-296.49627043339416	-379.93767173304803	-17.858730188389725	-392.4062914467629	-485.94085375450504
-296.03219659999706	-468.1763573062188	-441.4962110507378	-398.4711495039842	-360.9561029615278
-295.07438016528926	-574	-522.1239669421487	-564.801652892562	-162.8099173553719
-295	-473	-411	-155	-397
-295	-338	-597	-601	477
-295	-97	-400	-583	-336
-294.0137298830849	-615.4651625290903	-567.1071893420919	-627.7049981824587	109.19407466215303
-293.9521532050864	-575.6758627105194	-520.0259027511329	-560.7055450704361	-156.36545377320294
-293	-562	-522	-110	-266
-293	-543	-170	-489	-392
-293	-417	-523	-575	-37
-292.89976540672035	-462.29507455796545	-431.3559227198902	-400.0416283810383	-356.02640653999595
-292	-618	-566	-626	111
-292	-473	-672	-220	-341
-292	-246	-276	-575	-371
-290.3993644067796	-573.6966807909605	-520.4396186440679	-560.6288841807909	-162.82627118644066
-290.14145383104125	-151.5992141453831	-256.6031434184676	-699.5795677799607	-203.23968565815323
-290	-575	-522	-561	-158
-290	-376.6666666666667	-425	-483	-465.3333333333333
-290	-160	-571	-378	-409
-289.7115509773207	-460.18010098174886	-442.62358652129603	-392.0785086929168	-356.31788186658355
-289	-432	-410	-615	-135
-289	-354	-437	122	-565
-289	69	-409	-600	-293
-288	-232	-312	-534	-442
-288	-153	-588	-134	-630
-288	-87	-429	-548	-328
-286	-117	-662	-36	-647
-284.9597658111512	-233.28667710531693	-375.8703791953162	-561.990264824018	-505.3755190959221
-284.9313908614755	-233.01869146949076	-376.3124747369451	-561.7685499963834	-505.45055248971397
-284	-149	-606	-407	-304
-284	113	-183	-680	-575
-283	-609	140	-423	-334
-283	-489	-177	-599	-284
-282.6500615534916	-104.21190765409322	-293.2293562806022	-622.8602797737339	-365.97957854763735
-282.36879906464003	-486.2505428428261	-536.0800066811424	-436.962585602138	67.23450810088525
-281	181	-432	-577	-441
-280.6733369960274	-350.2367086467754	-519.5835516862479	-225.62072098723692	-410.13925281041327
-280.66757958063795	-226.74868046863278	-377.7617466080232	-561.1359278998976	-504.6615088849594
-280	-636	-447	-348	88
-280	-306	-618	-224	-365
-279.42582014044	-225.67554401713642	-376.4409532395596	-562.7860492042228	-502.5873532252349
-279.4103813997498	-227.02820234213635	-376.5271067427873	-561.9040344372435	-503.04294311613995
-279.2498189440139	-375.57398007396137	-459.367003617979	-190.45123307953259	-579.9033322127068
-279.1783000992745	-495.05270101788756	-516.7232030150415	-645.5317820937846	14.957441569314582
-279	-537	-612	-216	27
-279	-218	-479	-524	-295
-278	-352	-519	-227	-413
-278	-158	-626	-296	-351
-278	-121	-375	-616	-467
-278	54	-440	-547	-415
-276.55721393034827	-251.65174129353235	-373.10746268656715	-496.61393034825875	-559.0756218905473
-275	-548	-660	-285	-285
-275	-476	-370	-391	-288
-275	-377	-463	-193	-578
-275	-292	-413	-559	-288
-274	-449	-467	-575	-250
-273.7929312099956	-489.3565513062284	-514.956475522768	-646.1852712641786	18.672250072841777
-273	-233	-372	-601	-343
-273	0	-412	-601	-378
-271	-160	-622	-676	40
-271	-72	-423	-342	-586
-270.2792378342569	-422.2362843892067	-295.26018094530735	-270.74405833026947	-392.52284792987393
-270	-84	-468	-175	-605
-269	-608	-409	-400	-63
-269	-395	-101	-259	-590
-269	-193	-301	-275	-590
-267	-482	-616	-321	-367
-266.55	-484.1	-619.6	-324.5	-366.75
-266	-49	-484	-508	-354
-264	-354	-214	-499	-359
-264	-339	-542	-541	20
-264	-253	-368	-538	-397
-263.8888888888889	-476	-61.111111111111114	-548.5555555555555	-399.55555555555554
-262.3049235993209	-294.6247877758913	-610.5565365025467	-595.4434634974533	109.59898132427845
-262.05213738571786	-536.1027921917469	-465.22955275512726	-456.40054361255255	-233.12070669631828
-262.0054659261219	-536.2156396015163	-465.4250198360222	-456.1654765053337	-233.09133386229394
-262	-537	-463	-454	-230
-261	-566	-53	-475	-190
-260.58649237027424	-539.3981664128536	-462.25824552079393	-452.5508478040904	-226.27087826166942
-260	-413	-248	-441	-466
-259	-214	-565	-269	-559
-258	-476	-56	-551	-397
-257	-292	-615	-598	110
-256.5029849943527	-270.80444253213574	-543.6419620287204	-558.6878395094928	-238.64432851072985
-256.5002470226205	-270.7994959113879	-543.6411569963527	-558.6977861013037	-238.6427890441591
-256	-87	-652	-41	-384
-255.9831376296418	-270.3878221907124	-541.0653921122804	-559.5318533822009	-237.75380749949304
-255.95904838152623	-582.7551123857427	-362.5873371499762	-570.227394843328	-164.75770479459948
-255	-443	-321	-308	-486
-255	-201	-668	-445	-191
-255	-42	-483	-558	-305
-253.09107738582114	-501.31379156957064	-56.28846435809441	-492.6903790634273	-453.9636310680527
-252.41775092936803	-472.7789176436946	-57.40230912210464	-550.9440949385187	-399.703853302831
-252.25110024087013	-540.7236122509858	-101.73299223664938	-559.9061576979759	-187.309397943328
-252	-617	-218	-65	-418
-252	-583	-362	-568	-158
-252	-269	-541	-554	-241
-252	-218	-333	-156	-648
-250.7564831855446	-269.9459595114606	-528.819976576878	-462.38116948301825	-319.86694830182364
-250.29351784413691	-269.27166788055354	-528.3918426802621	-463.7935178441369	-320.01711580480696
-250.0209856368797	-271.63576158940396	-526.1425991227316	-464.5618388234282	-319.374258192139
-250	-642	-398	-229	-82
-249	-342	-501	-213	-485
-248.60172140012014	-43.605181611656036	-203.97483103988017	-685.5911932986418	-274.7395723095391
-247	-226	-194	-688	-189
-246	-267	-529	-460	-317
-245	-405	-316	-359	-493
-244.93783606557378	-514.8628196721311	-364.7133114754098	-582.9801967213115	-421.60603278688524
-243	-349	-680	-207	-161
-243	-142	-621	-333	-207
-242.96356220572613	-515.1956419037524	-363.9590397815235	-584.2122449712488	-421.5354674502894
-242.30274125670005	-515.7044214460543	-359.16030227419924	-581.2432475152466	-417.70998658539617
-242	-294	-622	-176	-430
-241.7943361316991	-562.4233877777359	-440.7803406743136	-538.4941708919989	-164.9417185613043
-240.45228948618262	-26.066295668083725	-296.77895752783417	-665.2385580908173	-400.8928727860981
-240	-108	-458	-631	-137
-239.8996442533829	-26.69097426040384	-302.18426360738005	-667.421029334469	-406.2223286872384
-238	-55	-360	-662	-266
-237	-576	-278	-223	-197
-237	-411	-411	-569	-334
-236	-34	-478	-548	-321
-235	52	-701	-118	-308
-234	-570	-392	-257	-209
-233	-605	-83	-447	-42
-233	-576	-401	-583	-204
-232	-366	-276	-200	-677
-231	-155	-490	-536	-291
-230	-343	-677	-628	164
-230	-158	-379	-645	-381
-229	-244	-489	-478	-350
-228	-69	-496	-374	-473
-228	-38	-457	-644	-398
-226.51841808276112	-1.108725912040157	-557.492980951092	-521.0674211216833	-164.2000230407788
-226	-321	-548	-472	-323
-226	-307	-421	32	-646
-226	-215	-140	-592	-580
-225	-369	-610	-241	-374
-225	7	-399	-504	-505
-223	-221	-419	-647	-166
-223	110	-382	-674	-494
-222.1088469601677	-471.0429140461216	-529.7589308176101	-296.518322851153	-369.69656184486377
-221.96601941747574	-230.0551113649343	-588.8655054254712	-461.98515134209026	-483.5299828669332
-221.5302466488985	-204.01993269329995	-495.85354965892964	-403.1082453821163	-594.1991703644134
-219	-598	-297	257	-217
-219	-489	92	-599	-291
-219	-466	-530	-293	-369
-219	-365	-347	-517	-487
-218	-626	-499	-582	3
-218	-229	-104	-557	-510
-217	-429	-580	-369	-151
-216	-518	-492	-43	-300
-216	-153	-353	107	-721
-215.6	-516.8	-495.2	-45.400000000000006	-304
-214	-516	-322	-408	-257
-214	-505	-63	-351	-453
-214	-401	-531	-288	-441
-214	-11	-224	-572	-510
-213	-316	-224	-327	-564
-213	-154	-569	-204	-673
-213	95	-506	-464	-513
-212.47279895977516	-545.9733232666415	-527.1623254058135	-546.560546956923	10.819512604337067
-212	-451	-404	-62	-429
-211.5627285229523	92.20262571891219	-659.5931709146017	-475.1203797797522	-167.74207215079684
-211	-418	64	-515	-533
-210.90185556200498	-561.4559314946231	-504.27048389412124	-600.6238994888311	-261.59340036574486
-210	-486	-526	-230	-423
-209	-255	-593	-550	-80
-208	-518	-455	-70	-362
-208	-98	-210	-712	-256
-207	-280	-653	-408	102
-206	-381	182	-276	-580
-206	124	-524	-502	-278
-205	-335	-349	-642	-342
-204.55947136563876	-342.1453744493392	-421.6211453744493	-278.8325991189427	-621.2863436123348
-204	-436	-576	-594	-275
-203.96692607003888	-436.0661478599221	-575.3852140077821	-594.727626459144	-275.9688715953307
-203.94628638833888	-505.3930151240679	-445.73306090351207	-601.044712193341	-91.31252194183483
-203.6125	-435.3375	-577.7875	-595.825	-276.75
-203	-556	-605	-6	4
-201.06721129477137	-337.3104428093151	-419.3917715472861	-275.9334731011392	-621.3487586770564
-201	-257	-619	-248	-425
-199	-405	-400	46	-682
-199	-372	-610	-502	-269
-198.56843940714907	-603.4742807323453	-561.5972101133392	-359.6442894507411	-102.5841325196164
-198	-168	-251	-536	-556
-197.1756280092962	-169.82887347178513	-252.57249979152465	-540.025583096457	-557.624108088118
-197.13484585124874	-318.7702406001281	-447.04103009788673	-623.7354313420547	-477.031561613759
-197	-401	186	-213	-634
-196.3284731266059	-319.3071521593749	-443.85315986765687	-625.6997553764387	-474.66875945936437
-196.18438873093822	-319.76420263634014	-445.4586542603601	-624.349418454381	-475.00110278280346
-196	186	-456	-487	-455
-195.7980097144888	-318.60413458121076	-446.56148560597086	-625.6239782016349	-477.139201516408
-195.7624248434885	-433.77880121490114	-449.2282154589971	-612.2890348974153	-353.80369429120435
-195.53350271181085	-170.37624401032068	-253.42743273129378	-540.5951503343689	-562.9376217682061
-195	-604	-558	-360	-98
-195	-555	-570	-477	174
-194	-474	-544	-520	-227
-193.1031746031746	-470.2063492063492	-520.0079365079365	-370.1746031746032	-576.8174603174604
-193	-206	-413	-687	-133
-192.2264474293654	-472.90213061602594	-515.5620812104369	-372.67214759919716	-572.8468889918172
-192.09075520168767	-470.1152367342078	-517.1546555742697	-371.1981575052315	-573.7432331274774
-192	-593	-170	-498	-131
-192	0	94	-611	-479
-191.8091549612914	-470.4740066295206	-517.292520432379	-370.2214066101424	-573.4524586405525
-190	-471	-517	-371	-574
-187.79029345097638	-162.78225409681755	-448.27667211172985	-638.1490503480209	-466.62839163165745
-185	-411	-172	-526	-516
-185	-282	-368	-639	-446
-185	-169	-519	-663	-221
-184.14011351364718	-104.3794175109433	-486.58873354381865	-551.4094054753642	-460.1454862456412
-184.0692401746725	-104.27606986899565	-486.6281222707423	-551.5360698689957	-460.1515807860262
-183	-654	-267	-237	-45
-183	-493	-483	-611	-135
-181	-450	-439	-546	-404
-179.7769065011241	-161.74467341387458	-599.3946442416652	-650.6495253357398	-118.92486068649336
-179	-351	-550	-172	-512
-178	-598	-215	-411	-196
-177.30446311442148	-59.356445478980305	-629.561052250818	-493.49659804433577	14.15550531744654
-177	-354	5	-709	24
-177	-304	-630	-331	-157
-176.822097227934	-545.5793747409227	-530.412764054075	-493.37765733469433	107.05395362249504
-176	-611	-299	-329	-262
-176	-529	-663	-244	-262
-176	-389	-597	-462	274
-176	-302	-364	-576	-500
-174	-561	-592	-84	-201
-173	-498	-408	-657	-164
-173	-97	-628	-555	-108
-171	-584	-266	-250	-306
-171	-529	122	-550	-305
-171	-378	-486	-656	-181
-171	-25	-25	-662	-408
-170	-616	-37	-313	-41
-169	-82	-466	-604	-296
-168	-567	-586	-281	1
-167.27174194633125	-576.9709138554591	-369.1718592954851	-494.5002485376708	-46.82645331676616
-166	-377	-527	-260	-454
-165.46801112656465	-616.1835883171071	-177.40542420027816	-520.8198887343533	-143.10848400556327
-164	-205	-477	-134	-635
-163	-368	-365	-578	-372
-163	37	-422	-707	-15
-161.50940556809633	186.45359919739153	-350.3464669266024	-738.897758624621	-115.96689240030096
-161	-617	-178	-516	-138
-161	-442	-215	-667	-209
-160.01919151049233	-266.1146984716679	-404.03952329281077	-443.5824995861917	-543.9222270244422
-160	-163	-481	-543	-295
-159.93413826848382	-267.0766725803869	-395.2389186537498	-443.63227030458364	-537.7619812724116
-159.50147928994082	187.0221893491124	-347.74778106508876	-740.4127218934912	-107.62352071005918
-159.21352313167262	-554.964412811388	-520.5658362989324	-535.3665480427046	-233.60498220640568
-159	-574	-134	-451	-407
-159	-475	-523	-505	-152
-159	-228	-414	-197	-627
-158	185	-347	-737	-111
-157.40641711229947	-256.7807486631016	-535.5614973262032	-288.2994652406417	-451.11229946524065
-157	-372	-353	-671	-256
-156	-353	-417	-451	-536
-155	-603	-210	201	-627
-154.6483859278521	-619.045789676019	-559.6786636047364	-535.6808805610023	-17.413120991732896
-154	-526	-337	-308	-343
-153	-358	-389	-630	-327
-153	-77	-278	-589	-530
-152	-157	-454	-669	-240
-151	-262	-113	-523	-570
-151	43	-356	-588	-547
-150.27467438682393	-281.2739716711679	-399.3250982830422	-382.4886626381953	-603.1947817695482
-150.27036719525378	-670.3897100309534	-549.4089792846628	-466.2497754564305	7.760809935340063
-150	-254	-681	-297	-101
-150	-188	-591	-606	36
-147	-493	-576	-560	-243
-146	-421	-429	-632	-112
-145.6793092949415	-209.8287155843591	-378.0169196642164	-687.5519551128702	-487.00104388673833
-145	-103	-504	-709	-20
-144.9790575445241	-206.55543835896788	-373.17212080594265	-685.3696977602458	-487.8949323845657
-144.16214499015186	-12.641845098163799	-533.1443547874705	-713.6544253129169	8.444882139907236
-144.15992474129823	-92.42427093132643	-457.98777046095955	-687.1157102539981	-504.7460018814675
-143	-494	-467	-54	-473
-142.227664210854	-626.4561585555671	-428.8482930372523	-523.6470893431566	6.015565009857845
-142	-565.7	-587.15	-454	-176.70000000000002
-141.71428571428572	-565.8035714285713	-585.2142857142857	-451.19642857142856	-174.85714285714283
-141	-582	-282	-633	169
-139.9757179711798	-270.4206206848411	-411.7795508708535	-686.2121942976264	-270.4983246634711
-139.74371859296483	-273.8295306318828	-418.8734096011975	-689.918935101037	-272.1841334331231
-139.3956497608491	-83.15333096365032	-600.2749892428862	-693.1079328257223	-151.6086156685936
-139.28859431255955	-83.29198248281152	-606.5725860675242	-687.9100539262769	-155.16162423846257
-139	-507	-393	-93	-507
-138.98203485350416	-87.58069404967075	-606.3545590681413	-690.7966235373374	-156.1203295041287
-137.3790322580645	-225.4758064516129	-368.258064516129	-622.6370967741935	-542.983870967742
-137	-592	-360	-372	-469
-137	-272	-657	-519	59
-137	-130	-423	-272	-701
-135.04998790658786	62.8814080595444	-525.3192722625035	-716.0454318198151	-247.19957684648634
-135	-86	-601	-691	-152
-134	-229	-637	-375	-195
-133	-227	-371	-620	-538
-132	-370	-582	-212	-528
-130	-700	-573	-370	371
-130	-269	-563	-694	80
-128.52117479385115	-262.14552580678003	-519.7302589161492	-366.64496589636565	-656.8712799891412
-126.00996119063008	-370.3964553870761	-359.10756657752773	-41.866359381192275	-726.3307258101947
-126	-430	-174	-609	-357
-126	-260	-520	-366	-655
-123	-667	-249	-413	-80
-122.36812759336101	-370.53026452282165	-356.85969917012443	-38.97647821576763	-725.3322614107883
-121	-517	-294	-379	-411
-120	-471	-667	-451	-73
-118.23021582733813	-392.5179856115108	-423.46043165467626	-584.2661870503597	-369.48201438848923
-116	-310	-245	-542	-508
-116	-251	-487	-374	-504
-114	-616	-648	-483	-122
-113	-458	-214	-612	-260
-112	-154	-352	-712	26
-111	47	-325	-728	116
-110	-263	-62	-599	-511
-109	-480	178	-576	-561
-109	-274	-562	-102	-642
-107	-275	-659	-222	-353
-106	-612	-204	-135	-239
-105.07366239949263	-275.23974509897613	-514.5061965969758	-638.7516348329981	-380.59393676126274
-105	-600	-189	-509	-151
-105	-391	-127	-384	-675
-103	-548	-360	-472	-303
-101	-141	-633	-270	-504
-95	-379	-338	-380	-508
-94	-542	-203	-148	-500
-93.10811489824974	-544.8443178963236	-201.62758562934428	-149.07017837702034	-502.04723222510677
-93	-541	-582	-425	-189
-93	-384	-284	-448	-452
-92.32649719025957	-373.2262242440461	-188.92585496387477	-570.4864971902596	-435.96367139416645
-91.00753444949117	-541.5024657719109	-205.35086346071387	-143.90213153002566	-496.09490424207956
-91	-373	-189	-571	-435
-89	-295	-589	-256	-566
-87.40855106888361	-369.6128266033254	-441.9619952494062	-451.6080760095012	-530.9477434679335
-87.22029198084019	-369.51867470339727	-442.1335991871596	-450.9965469560501	-531.6637025492937
-85	-74	-639	-501	-160
-84	-147	-514	-286	-662
-81.4205116934967	-612.2274673552736	-415.7809790670842	-612.838939252422	-48.03071259820889
-80	-228	-450	-496	-443
-77.33257915414086	-568.4356976905119	-372.3955335908777	-547.6956805805695	-317.94716250284404
-76.89308128082578	-607.0243290585332	-416.78723580623137	-605.2066650233518	-42.74267652364736
-76	-475	-143	-244	-571
-76	-87	-184	-682	-508
-72	-386	-448	-52	-685
-69.36363636363637	-627.5741626794259	-412.9043062200957	-544.9856459330143	-100.56937799043061
-68	-629	-409	-544	-96
-66	-613	-401	-447	-465
-66	-467	-497	-373	-505
-62.23522806241674	-580.7083768352168	-445.32879368973875	-468.8039994368203	-260.3233276242973
-62.21193846764985	-580.72468208952	-445.37426751096825	-468.82078414856045	-260.26842841973644
-61.59401149309406	-534.7910071579796	-546.2729105756629	-453.2674664784756	-343.09275128541185
-61	-278	-348	-641	-377
-59	-158	-426	-640	-394
-58	-626	-352	-515	-122
-57.0434501311515	-490.48943234826027	-446.38581732786656	-541.7061474115319	-468.8589682749191
-55	-591	-179	-620	-92
-50.58525688756514	-215.80491437081162	-335.5040953090097	-385.9054355919583	-581.5644080416977
-49	-468	-178	-602	-226
-49	-290	-653	-462	-384
-49	-73	-537	-462	-447
-47	-508	-439	-476	-519
-46.40886546002233	-508.5997299332623	-442.0881741930458	-479.5254875483653	-522.2430405879146
-43	-71	-525	-368	-523
-42.529411764705884	-430.79411764705884	-570.4264705882354	-400.61764705882354	-421.22058823529414
-42.474264705882334	-430.8970588235294	-570.3345588235294	-400.6066176470588	-421.12132352941177
-42	-430	-571	-400	-421
-42	-15	-581	-582	-257
-36.230691376598514	-672.2309922724476	-547.0289954181768	-558.4202831156397	65.29924092183546
-36	-531	-192	-555	-287
-35.005576835020754	-514.1297799452952	-251.6758211168206	-609.4389336686364	-367.9261560564104
-35	-485	-627	-532	-346
-34	-672	-546	-558	65
-33.68938851827059	-543.897024537753	-510.9024722420997	-571.9771473419357	-414.0129036725837
-30	-240	-625	-607	-64
-28.472392556431974	-422.11359422179066	-581.8959882413973	-568.8635642932202	-428.18181141010126
-28	-220	-258	-703	-283
-27.86956521739131	-418.47826086956525	-585.695652173913	-570.6086956521739	-431.2173913043478
-27.364309210526315	-209.97121710526318	-637.562774122807	-679.5984100877192	6.608826754385973
-27	-419	-583	-568	-428
-26	59	-163	-612	-621
-24	-493	-537	-28	-408
-23.613480697384816	-603.1670298879203	-548.1327833125779	-573.6142590286427	-199.02552926525527
-23	-430	-353	-601	-371
-22.902515083723138	-101.6966307368992	-484.7808284184123	-715.1201274489865	47.70835875533865
-21	-688	-155	-516	84
-18	55	-501	-476	-569
-14	-114	-570	-621	-156
-13	-551	-576	-490	-358
-9	-484	-128	-588	-412
-8	-248	-497	-518	-588
-8	-54	-428	-724	-162
-6	-145	-453	-612	-616
-6	66	-506	-723	-179
-5	-508	-261	-648	-23
-1	-637	-350	-368	-146
1	15	-559	-696	67
3	-425	-521	-504	-450
3.362419974694916	-552.0868268053947	-33.6678390394666	-422.831147593045	-497.2592562862671
3.568513480089038	16.024857778877077	-556.927652733119	-696.335394509028	66.16547118476379
5.450154840890349	-555.2640662769339	-41.64644187262836	-428.7170649346515	-505.70647722696884
6.129862793168122	-557.5884041750934	-33.32766126545623	-426.959742521733	-499.43265937315255
6.432692307692307	-582.0160256410256	-552.0384615384615	-280.81410256410254	-298.0480769230769
7	-510	-248	-613	-360
7.31061148172941	-278.89702453775305	-503.9024722420997	-648.9771473419357	-198.01290367258372
8	-277	-446	-534	-546
9	-279	-417	-349	-586
11.584450280746239	-426.47636297772146	-500.17646259735557	-488.0707752218801	-420.5760731751494
13	-426	-499	-489	-418
16	-234	-131	-692	-211
17.07241923945376	-446.8713231603572	-497.7138186526588	-426.28617118198906	-475.7155861532656
17.308015123202836	-562.9960185189917	-345.73591711055485	-515.0752255739644	-470.83338779027054
18	-567	-341	-513	-465
18.416287536817862	-445.30279420976444	-416.3086537658341	-510.15295096221985	-479.1917518064141
18.60684324770724	-446.458525591477	-416.11387819125594	-511.4392643832387	-480.5059657468561
20	-588	-160	-36	-651
20	-447	-419	-512	-482
20	-16	-522	43	-681
26	-488	-465	-58	-450
27	-333	-659	-152	-468
27	-297	-625	-573	-32
30	-312	-187	-284	-613
32	-452	-179	-697	-181
32	-361	-401	100	-692
32	-121	-142	-724	-509
34	-223	-492	-92	-727
34.12948914760821	-417.6974552625976	-330.3054133097274	-452.31630492027386	-536.1159642773102
35	-328	-508	-564	-492
35	120	-446	-689	-400
39	-419	-327	-449	-533
40	-631	91	-52	-473
41.204573012298646	-417.97973324094926	-326.15884288931227	-449.6267105491079	-531.1070500606271
43	-268	-497	-542	-502
52	-342	-550	-300	-479
57	-439	-58	-649	-294
60	-558	-420	-236	-500
75	-216	-426	-570	-509
87.18445992973848	-175.21375954013888	-258.7919997158966	-734.8658383620134	172.16626651499791
87.57142857142857	-176.65714285714284	-266.6857142857142	-741.1714285714286	168.5142857142857
89	-178	-142	-690	-477
91	-615	-425	-167	-245
94	-236	-605	-609	5
95	-264	-144	-544	-508
104	-284	-140	-481	-562
106.19843954891161	-670.6750196695515	-536.5961709939679	-468.4650799895096	-62.24660372410179
110	-207	-477	-578	-465
115	-206	-625	-587	-116
121.34780115161387	-324.6256796127641	-399.2391319309031	-614.5018925925076	-313.98192287398774
122.22579549233265	1.4733039449894108	-513.827251240532	-657.0563659628275	-298.84072457501065
123	-324	-395	-617	-315
123	-140	-581	-623	-198
123.3706212526236	1.626692600619407	-513.6786735398478	-658.0026164122268	-299.3690679501466
130	-611	-507	-110	-205
138	-604	-196	-453	-233
138	-150	-556	-647	-143
156	-662	-227	-44	-464
156	-117	-122	-726	-440
159	124	-426	-691	-331
160.93655612051302	-595.565454959399	-185.69651665781285	-81.50231463914396	-548.4908552781361
163	-358	-444	-433	-625
164	-596	-183	-80	-546
164	125	-574	-700	18
165.21235623302198	-643.2126017568927	-375.0057925633155	-234.08167412749518	-84.67526837874269
166	-510	-179	-627	-296
170.81084057261714	-13.28753211794935	-484.9193686528814	-580.1186834699621	-549.7447693625352
175	-459	-210	-546	-458
181	-656	-166	-53	-357
181	-527	-322	-172	-605
192	-289	-292	-376	-634
192	-214	-607	-249	-472
197	-468	-511	-451	-414
200	-567	74	-124	-495
219	-412	-555	-290	-503
224	-622	36	-151	-329
289	-664	-78	-329	-275
290	-175	-122	-656	-555
294	-86	-427	-464	-669
323	-640	-77	-395	-134
351	-143	-427	-430	-637
352.8120177906871	-145.11373332123082	-427.48053008986113	-433.97776164110013	-640.1142779341019
359.192407463529	-128.2876450291796	-480.4642379521171	-471.42275258640586	-630.8668386766722
360.83393620519564	-128.87536994409734	-487.376520881289	-477.2114436040776	-631.8220979940809
440	-681	-187	-279	9
490	-629	-145	-130	-230
490.1800695988944	-629.5888872349105	-142.9251121417133	-126.70001997393706	-231.85007933480492
505.2289333494764	-691.2054755130456	-132.4698226284884	-105.99338640353533	-44.72928143350082
675	-692	-145	41	30
