-672.5971223021583	-503.74892086330937	-183.78633093525178	-282.4705035971223
-667	-104	-312	-170
-660	-326	-82	-342
-655	-211	-378	-224
-652	-566	120	-295
-652	-410	-205	-413
-641	-408	-418	84
-641	26	-451	-42
-638.4096104501982	-413.1127828318171	-249.22299976673665	-460.9092605551667
-638	573	-429	-558
-637	-347	-405	-19
-636	-415	-248	-458
-635	272	-484	-459
-624	-510	51	-191
-620	-234	-405	-88
-617	475	-458	-727
-607	441	-332	-713
-605	-154	-324	-281
-589	-366	-308	-243
-587	465	-383	-465
-585	-221	-321	-186
-583	390	-353	-549
-568.7681329428874	-22.531505268415945	-486.6041546832576	-175.84607364364524
-564	-248	-380	-121
-564	2	-449	-515
-562.1599548880737	-211.16427954216485	-301.8237215153141	-402.2483296096864
-561.2687143511916	-484.59733015889185	-22.006950244448973	-356.6763279181096
-561	-200	-303	-398
-559	-336	-367	-206
-557	195	-358	-590
-554	-267	55	-465
-551	1	-223	-510
-548	-479	-242	-198
-548	62	-589	-336
-547.9697916493168	-23.313940144383587	-479.6461298516517	-168.7750192544055
-545.4472657716777	-409.5095081919384	-296.58350869406394	-221.45448337475082
-542	-218	-286	-398
-539	-201	113	-514
-538	-578	-46	-327
-536	64	-516	-569
-535.710584430766	-513.4342273845327	-193.34924882516114	-356.97782895182127
-535.5195907789208	-513.4967333483107	-193.41247881585107	-357.04152098596376
-533	-106	-416	-15
-532.6126826209843	-545.2907704250209	-173.48114741046427	-233.19247190191214
-531	-498	-401	-103
-530.9147652350455	-514.6888933522149	-187.74249106712116	-356.6682791073715
-530	-81	-79	-543
-529	-514	-188	-350
-529	-305	-116	-468
-527	-155	-392	-244
-526	-143	-52	-546
-526	289	-547	-600
-526	334	-562	-411
-524	-338	-384	-256
-524	-86	-345	-338
-523.3563450389966	-444.73148415220373	-267.4366197894322	-236.78971271916419
-523	443	-582	-436
-522.8374380232544	-3.844849767200401	-106.68326693951765	-563.4590202218309
-522.7401414477137	-3.9199620765901955	-106.6390495459047	-563.5258307583493
-522.6641724795545	-3.8907831339415395	-106.70023881201666	-563.5690506557845
-522	-608	-369	-116
-522	-101	-183	-475
-522	-77	-244	-481
-520.7133224914569	-597.0992123895155	-29.018906636785815	-213.27025837288633
-520.4319382672462	-523.5135871381082	-113.75932923521698	-354.8691379034417
-520	-197	-76	-482
-519	-249	-210	-480
-517	-260	-208	-550
-516	-315	-276	-403
-513	-135	-200	-584
-512.4634611390371	-445.5664981479045	-261.16304662885534	-223.48506880693878
-511	-586	-168	-192
-510	311	-251	-603
-509.3244968062943	-469.656033493035	-237.16011518136582	-292.6391437798576
-509.1783764839281	-469.85275868153724	-237.11121534044798	-292.6420808350399
-509	-117	-234	-474
-508.5956000001247	-445.0708699259924	-264.2776849631405	-223.76552257760446
-508	-391	-502	-60
-507	138	-652	-413
-506	-204	-490	-526
-505.7646781346193	-319.96956299861375	-255.47199547576986	-451.0520534471127
-502	-337	-331	-288
-499	-256	-362	-325
-498	-340	-306	-304
-496.93383840337754	-298.1491527061678	-313.11845134115913	-445.33745842333997
-496.80581401526536	-298.05194468456534	-313.31188718902115	-445.36678023381535
-496	302	-503	-698
-493	296	-578	-419
-492	-263	-388	-218
-492	58	-225	-634
-491.6136077866605	-157.18231024518113	-224.4483477021409	-536.8047723901418
-491.3912797112158	-221.6902691598729	-394.4221457947677	-360.4635767460087
-491	-216	-286	-462
-490	-143	-223	-537
-489.2413496335329	-298.3207273119855	-299.13340687815247	-439.5204319794792
-489	-264	-354	-319
-489	-84	-232	-556
-488	-439	-110	-433
-487.44950034941985	-457.9202540167897	-275.66392076397096	-438.2554253273905
-486	-668	54	-58
-485.4060341214402	-379.2420677353366	-259.9087280531975	-464.52892950585476
-484	-208	-426	-160
-483.91114067612307	-409.3527740455703	-334.88859842051534	-224.10156960402037
-482.6878647684881	-502.8431811908172	-234.18212344598342	-340.53358155424445
-480.90616159037836	-250.5129069162027	-203.82673291919698	-557.4942127236563
-480.8301864241385	-250.30593227831073	-203.69404548542357	-557.9075174886015
-480.1672961863364	-447.49431388771154	-264.40714239401643	-440.0795636382105
-478	-212	-474	-266
-472.3	-106.4	-551.6	80.30000000000001
-472	-663	-141	-83
-472	-106	-552	81
-470.4435428164804	-16.47281474381398	-352.8396071182344	-561.242742663574
-470.0988091992954	-16.315434656340607	-352.8168770425261	-561.7677176628048
-470	-267	-212	-470
-469	446	-554	-659
-466.7832514442832	-303.0322273608423	-326.2835231368184	-330.8997922187764
-466	-294	-131	-493
-465.43572874501314	-303.38855235822575	-323.86270840572064	-333.2880059741225
-464	-65	-237	-541
-463.8306073457158	-310.356047603038	-336.7754584436803	-336.6926525147309
-458.7753534781553	-298.0379709013175	-427.45121446391823	-221.33400687791806
-457.1494383966234	-329.0342450162804	-303.5518098636541	-396.3025888921096
-457.04473476643085	-328.94771896916694	-303.61368206034115	-396.43402505904487
-456	-228	-409	-247
-455.1297351608912	-182.1898416914067	-310.61865056540773	-558.5500649814685
-454	-585	-3	-309
-454	-351	-339	-227
-454	-305	-427	-223
-453.95823258562757	-591.6766558988983	-6.735502622413605	-311.44974233288235
-452	-522	21	-376
-452	-313	93	-494
-449.66598628347487	54.33303396472894	-602.4710156760287	-94.13741018941869
-449.4886606431983	-667.8146213472332	17.430484220095835	-257.26614531287146
-449	55	-603	-94
-448.6770414942621	-664.7764869534142	17.248858339293633	-255.66166140599478
-448	-584	-128	-263
-445	-544	-283	-161
-444	-245	-378	-301
-442.43574593990456	-156.96179675393176	-375.3652433888702	-548.5341126303464
-437	-599	-34	-180
-436	-554	127	-371
-436	207	-483	-635
-431	-176	-345	-533
-426	-355	-297	-442
-424	-326	-412	-131
-421	-35	-501	-318
-420	-596	2	-328
-420	-278	-379	-356
-418	-568	-267	-270
-416	-338	-504	235
-413	-482	-60	-375
-410	-563	-173	-314
-410	-281	17	-515
-410	-156	-560	272
-409	-463	-196	-396
-408	-199	-28	-563
-404	-246	-298	-532
-401	-607	-119	-182
-396.80297397769516	-729.7434944237918	-207.47955390334573	-47.613382899628256
-396	-730	-207	-47
-395	-405	-347	-267
-395	483	-558	-707
-394	-97	-554	44
-393	-513	70	-377
-391.7894736842105	-570.2105263157895	-174.44736842105263	-267.6578947368421
-391	-570	-174	-268
-390.7800533943555	-569.9017162471396	-173.96064073226546	-268.2588100686499
-390	-445	-292	-259
-389	-328	-429	-181
-389	-274	-507	-166
-388	-438	74	-452
-388	-229	146	-570
-388	-57	-504	-462
-385	-348	151	-480
-379	-446	-326	-222
-373	-369	-408	-136
-370.5656361604605	13.06909210384822	-505.8519488875979	-405.07222556467525
-366.6290938773594	-511.24333330791546	-66.22664905142256	-443.43024786532817
-363	-588	-235	-246
-363	-343	-124	-481
-361	-97	-491	-305
-359	-324	-260	-502
-357	-295	9	-557
-356	-588	-4	-363
-353	-247	-342	-416
-352	-412	-280	-270
-351	-324	-360	-392
-350	-439	-280	-281
-348	-553	-275	-316
-345	-620	-32	-214
-345	-618	67	-258
-343	-374	6	-483
-341	-105	-238	-559
-339	-187	-515	230
-338	-631	-194	-394
-338	-299	10	-558
-332	-480	-50	-446
-332	-313	-406	-233
-326	-73	-492	-274
-325	-634	-111	-215
-324.23302873561965	-512.1435501561443	-309.3727809562354	-387.1203780932019
-324	7	-527	-404
-323.19787622983375	-220.58698699807235	-419.12847347624773	-274.2957333575
-322	-352	-303	-401
-322	-339	40	-525
-318.6047499071823	-373.54902322557	-130.24455068679262	-553.0069408048638
-318	-773	-43	-133
-318	-402	-405	-85
-317	-256	-484	-402
-316.6536694625419	-359.94470098873694	-372.4742149062672	-288.6866514321144
-307	-412	-412	-159
-307	-372	-381	-266
-305	-449	-399	-242
-304.68403192447846	-419.7752342459764	-345.85742530436994	-431.29778361978356
-304.2350969968211	-420.58674480023745	-345.4529277724638	-431.3420015845338
-304	-668	-79	-94
-300	-133	-509	-470
-297.6906857255825	-461.554202855305	212.88230125887617	-466.0238766686715
-297	88	-565	-364
-294.42036987759445	434.82764546744727	-648.6339586659572	-425.82095418662414
-294	-273	-444	-266
-294	-72	-635	65
-293.0779155305049	-476.86131123361577	207.53972579525194	-473.7317946603366
-293	437	-650	-426
-292	-599	-223	-500
-292	-337	-421	-336
-292	241	-419	-659
-285	-405	-426	116
-281.8489012518363	-367.5819066762248	-375.77023517199194	-495.7260048592385
-280	-453	-385	-173
-278	123	-273	-577
-274	-368	-368	-488
-272	-213	-367	-507
-272	209	-529	-546
-270	1	-525	-113
-266	-3	-588	-33
-264	-420	-77	-515
-260	197	-549	-482
-258	-376	100	-564
-257	-302	-426	-384
-252	513	-575	-747
-248	327	-532	-700
-240	-455	-231	-443
-240	-246	-159	-561
-239.70830333462106	-450.8647255577418	-228.8029138836909	-443.1782629322246
-238	-585	-227	-309
-237.0388607830879	-461.21676752914493	-240.84102451905193	-451.8242838019263
-237	348	-590	-693
-234.86262626262626	246.22222222222223	-495.46464646464653	-678.1858585858586
-233.46363988589047	247.21240922326993	-494.6838345401659	-678.9824707550795
-231.80297397769516	-698.7434944237918	-396.47955390334573	2.386617100371751
-231	-699	-396	3
-231	-258	-446	-332
-227	-592	-282	-295
-224	147	-519	-591
-219	-423	-158	-511
-218	-720	-240	12
-214	-745	-252	21
-213.77399824975922	-455.08744259623114	-41.38537909316348	-556.64839594547
-200	-600	-404	-160
-197.64518953548813	-426.0539205890929	-207.8652424217065	-538.2611164551749
-197.64240401727267	-426.09195532644526	-207.86142644415565	-538.229714633961
-197.5763377254318	-322.59018545469297	-300.3097472244931	-556.5427885378069
-190.3317719768505	-418.36786093405146	-198.84870574036296	-540.082040279636
-189	-311	266	-730
-188	-446	-291	-415
-187	-147	-547	201
-186	-723	-237	-429
-184	-45	-553	-240
-183	603	-654	-631
-182.96481535137718	-43.89682749244335	-551.310314942466	-243.4548763387798
-182	-369	-373	-329
-182	-316	-395	-439
-181.85242990897575	59.0122735581114	-368.4876839776702	-552.2123093168445
-177	-453	-346	-401
-171	-376	-428	-315
-169	-453	-446	-291
-164	-133	-584	190
-161	-302	-453	-133
-159	20	-577	-352
-154.86345076333737	-101.04184788045391	-532.5311777703757	-358.07173565315594
-149.0200406758582	-127.92785376275162	-406.0110892097755	-542.5023834750255
-139	-637	-268	-44
-138	-346	-264	-496
-135	-407	-117	-627
-134	-491	272	-607
-133.78026710370318	-96.5726863798033	-601.8349954669085	21.05675081944345
-131	-261	-667	-245
-130	-71	-579	-463
-130	428	-601	-524
-126	-420	-462	-75
-121	-499	-256	-426
-115	-113	-332	-551
-103	-463	271	-600
-101	-311	-443	-334
-98	403	-690	-423
-86.22785755834849	-503.5443330150454	176.70745391191312	-557.7354696211784
-83.72861841921885	149.69903804862133	-527.315920254287	-520.653140854159
-82	-62	-169	-731
-76	-75	-711	32
-73	-395	-544	-201
-70	-106	-680	-429
-67	-343	-461	-308
-57	-475	-510	-8
-46	-257	-457	-509
-40	133	-431	-635
-23	-626	43	-433
-23	-501	-472	51
-16	-347	-391	-403
-14	-224	-486	-290
14.19753179853543	-333.71761113086603	-404.07425521355265	-489.89353989149805
23.560867847629716	-559.6110209740965	88.2888597924194	-555.6861987625033
26	-357	228	-729
27	-461	-82	-662
63.94117647058823	-97.57571964956196	-442.8986232790989	-573.377972465582
64	-508	-101	-695
64.22269497474531	-95.89222669292012	-441.0536683503125	-574.3457152641041
64.6192836662293	-95.6150556446518	-441.4185255382223	-574.0336297808233
67	-274	-470	-226
69	-266	-344	-566
97.87639665217004	-289.92778995212456	-329.7639147624627	-551.2355171388224
123	-715	175	-525
184	-247	-389	-648
