-34050	-30026	-25634
-34048	-29873	-26362
-34039	-30129	-26411
-34023	-30833	-25559
-34019	-30258	-26624
-34009	-29776	-26928
-34005	-29963	-26940
-33987	-30272	-26027
-33978	-30517	-28203
-33929	-30942	-26630
-33916	-30676	-26802
-33913	-31526	-27821
-33896	-31034	-28059
-33889	-30908	-28073
-33861	-30879	-28087
-33844	-30295	-28222
-33828	-31913	-25593
-33821	-30360	-28362
-33813	-31682	-27558
-33809	-31531	-28227
-33795	-31547	-27827
-33794	-31348	-28516
-33791	-30437	-28774
-33751	-31321	-28666
-33750	-29691	-28897
-33737	-32148	-27617
-33715	-32594	-26737
-33714	-31971	-28670
-33710	-31098	-29028
-33692	-32296	-28621
-33686	-31960	-28805
-33670	-30314	-29051
-33614	-31814	-28922
-33611	-30448	-29109
-33597	-32129	-28768
-33590	-30549	-29170
-33585	-31615	-29083
-33576	-32821	-28617
-33546	-30953	-29459
-33534	-31055	-29235
-33530	-33036	-28584
-33493	-31476	-29254
-33482	-32684	-28913
-33458	-33294	-28663
-33425	-33050	-28962
-33421	-32215	-29700
-33404	-32256	-29876
-33401	-32511	-28974
-33384	-32736	-28979
-33379	-30291	-29967
-33369	-31123	-30047
-33362	-33304	-28776
-33362	-31683	-29893
-33350	-33369	-28629
-33339	-31658	-30005
-33330	-33197	-28846
-33317	-32408	-29213
-33301	-33631	-25806
-33286	-32552	-29165
-33284	-32857	-29362
-33241	-33854	-27663
-33219	-33880	-27862
-33173	-33568	-28525
-33151	-31314	-30373
-33143	-33906	-27729
-33134	-32478	-29470
-33130	-32706	-29410
-33117	-31445	-30473
-33083	-33831	-28025
-33016	-33102	-29030
-32997	-34054	-27955
-32996	-32930	-29247
-32991	-34065	-27913
-32985	-32639	-29450
-32978	-30317	-31039
-32930	-31304	-31060
-32915	-30006	-31218
-32909	-31973	-30393
-32873	-30079	-31265
-32857	-33894	-28586
-32856	-31755	-31435
-32850	-33096	-29404
-32828	-32272	-29584
-32821	-34337	-27632
-32821	-33308	-29132
-32820	-32458	-30254
-32804	-32478	-29789
-32798	-32783	-29638
-32793	-32414	-30416
-32784	-33556	-29333
-32764	-33582	-29382
-32748	-33647	-29233
-32728	-34373	-27554
-32723	-34389	-27698
-32682	-33032	-29962
-32657	-33758	-28614
-32651	-31423	-31758
-32631	-33342	-29533
-32630	-34425	-27620
-32568	-32097	-30648
-32549	-32248	-30450
-32533	-35131	-28134
-32491	-32317	-30754
-32462	-32529	-30482
-32455	-33292	-29721
-32439	-32664	-30186
-32429	-33736	-29106
-32424	-30336	-32365
-32423	-31979	-31263
-32357	-32909	-30024
-32316	-35205	-27562
-32312	-28911	-32554
-32300	-33830	-30768
-32227	-31940	-31470
-32223	-34362	-28523
-32220	-31346	-32537
-32180	-34129	-29431
-32179	-29683	-32608
-32171	-33047	-30781
-32157	-29554	-33117
-32148	-32551	-31167
-32103	-31746	-31949
-32090	-35026	-28477
-32070	-31441	-32284
-32060	-32008	-31898
-32045	-35936	-27346
-32045	-34730	-29143
-32033	-31301	-32568
-32020	-31879	-32365
-31978	-31918	-32610
-31976	-32809	-31737
-31962	-35392	-28416
-31957	-33330	-31372
-31929	-33937	-30261
-31928	-31930	-32135
-31911	-30580	-32656
-31904	-35076	-28714
-31896	-34757	-29931
-31792	-34089	-30121
-31771	-34143	-30338
-31767	-30557	-32846
-31765	-35609	-27981
-31764	-31912	-32804
-31742	-35244	-28834
-31735	-30957	-32977
-31724	-34073	-30625
-31680	-32723	-31834
-31672	-35454	-28148
-31667	-30863	-33089
-31656	-31074	-32952
-31653	-31978	-32950
-31580	-33396	-30946
-31573	-34174	-30178
-31568	-33863	-30769
-31555	-34306	-30402
-31532	-30615	-33552
-31521	-33488	-31803
-31518	-36197	-27828
-31503	-30862	-33303
-31437	-35299	-28813
-31436	-34900	-29170
-31402	-33537	-31126
-31393	-32993	-32186
-31374	-34154	-30912
-31353	-34668	-30708
-31302	-36060	-28751
-31284	-35793	-29097
-31280	-30956	-33468
-31278	-34907	-29888
-31249	-33492	-31417
-31247	-34103	-31250
-31220	-33995	-31607
-31212	-32696	-32315
-31194	-34117	-31369
-31102	-32411	-32719
-31087	-31332	-33381
-31081	-36224	-29386
-31078	-31733	-33874
-31009	-32330	-33722
-30998	-36926	-27150
-30995	-36403	-27365
-30990	-34319	-30776
-30977	-33579	-32207
-30942	-36565	-27392
-30897	-32999	-32225
-30867	-37374	-26633
-30867	-32837	-32299
-30852	-36292	-28663
-30846	-32488	-32481
-30824	-37591	-26975
-30821	-36633	-27669
-30820	-30851	-34087
-30806	-34254	-31040
-30801	-35077	-29654
-30791	-35606	-29717
-30787	-31025	-34105
-30786	-31829	-33812
-30783	-34466	-31312
-30756	-36517	-27943
-30743	-30809	-34132
-30738	-35764	-30161
-30735	-34729	-30898
-30703	-30674	-34200
-30692	-32796	-32526
-30617	-34873	-30266
-30617	-31215	-33909
-30589	-36670	-28767
-30556	-34707	-31572
-30512	-31463	-34300
-30505	-30958	-34513
-30413	-35362	-30305
-30397	-33643	-31813
-30382	-36849	-28893
-30360	-33132	-32905
-30357	-35558	-30689
-30277	-37020	-28984
-30248	-34528	-31606
-30235	-35456	-30868
-30220	-36412	-29509
-30182	-36593	-29231
-30171	-35033	-31064
-30165	-33719	-32447
-30144	-33801	-32018
-30066	-35276	-31707
-30055	-33592	-32588
-30053	-31757	-34071
-30051	-36171	-29844
-30037	-37100	-27908
-30020	-32553	-33547
-30005	-36016	-30220
-29992	-33220	-33548
-29986	-29923	-34651
-29983	-36111	-29894
-29976	-34799	-31750
-29949	-33331	-32857
-29921	-31766	-33885
-29899	-33864	-32291
-29880	-37625	-27501
-29848	-36048	-29899
-29840	-37417	-27623
-29830	-32422	-33775
-29818	-31213	-34460
-29804	-35896	-30288
-29750	-31887	-34216
-29748	-33338	-32630
-29734	-37141	-28349
-29722	-37374	-28e3
-29706	-37055	-29552
-29661	-37627	-27356
-29657	-37719	-27666
-29653	-29767	-34765
-29652	-32657	-33687
-29624	-35532	-31087
-29619	-30473	-34695
-29606	-30202	-35070
-29594	-33532	-33273
-29568	-36208	-29575
-29556	-31841	-34318
-29550	-37744	-26827
-29539	-36200	-29842
-29530	-29785	-35212
-29523	-37999	-27196
-29507	-31523	-34389
-29463	-30499	-35116
-29445	-33977	-32204
-29401	-33014	-33600
-29387	-30585	-34616
-29385	-35753	-31376
-29331	-37101	-28396
-29301	-36064	-30101
-29295	-33964	-32666
-29292	-32154	-34550
-29286	-38358	-26617
-29269	-32533	-33693
-29261	-29862	-35207
-29252	-37793	-27232
-29242	-37910	-27799
-29229	-35939	-30229
-29226	-37624	-27900
-29186	-31376	-34774
-29179	-36333	-30436
-29175	-37713	-28055
-29168	-29898	-35129
-29151	-38125	-26875
-29133	-34413	-32800
-29128	-38229	-27438
-29113	-36697	-29659
-29101	-37422	-29464
-29078	-30724	-34880
-29043	-38322	-26906
-29035	-28994	-35370
-29012	-32445	-34213
-29010	-38477	-26718
-29008	-38005	-27483
-29004	-36019	-30664
-29e3	-33917	-33161
-28951	-36054	-30532
-28903	-36938	-30080
-28892	-38322	-27294
-28875	-33973	-33149
-28874	-36117	-30996
-28853	-34106	-32951
-28822	-36585	-30106
-28787	-38169	-28118
-28737	-37530	-29064
-28719	-38440	-26943
-28716	-30717	-35008
-28684	-35944	-31045
-28684	-32990	-34057
-28636	-38270	-27671
-28628	-38533	-26319
-28599	-38355	-27497
-28576	-32146	-34714
-28552	-35683	-31434
-28551	-37672	-28200
-28525	-38543	-26332
-28524	-29951	-35143
-28511	-36936	-30534
-28508	-38448	-26873
-28483	-36054	-31207
-28476	-38515	-26793
-28466	-36904	-30644
-28455	-35814	-31389
-28429	-34947	-32108
-28409	-29346	-35308
-28373	-30069	-35164
-28356	-38430	-27347
-28353	-31124	-35091
-28352	-29451	-35299
-28351	-35864	-31587
-28349	-38233	-28071
-28347	-36962	-29788
-28344	-29048	-35737
-28341	-38384	-27561
-28331	-33723	-33674
-28331	-30698	-35171
-28318	-30056	-35431
-28311	-34190	-33316
-28272	-38440	-27548
-28252	-36236	-31816
-28250	-36244	-30747
-28227	-38356	-27956
-28226	-36486	-31370
-28196	-38676	-27158
-28117	-37911	-28242
-28076	-38458	-27207
-28076	-29343	-35627
-28061	-38544	-27237
-28056	-37042	-29903
-28027	-32764	-34255
-28001	-30078	-35227
-27992	-38600	-27224
-27957	-37359	-29603
-27948	-38374	-27701
-27940	-34680	-33344
-27931	-37670	-28542
-27884	-38051	-28278
-27875	-37961	-28557
-27864	-38536	-27379
-27824	-36575	-31148
-27812	-38709	-26687
-27765	-38464	-27769
-27692	-38624	-27241
-27689	-37359	-29796
-27688	-38891	-27309
-27677	-31969	-34741
-27673	-38113	-28126
-27673	-33113	-33726
-27668	-29624	-35536
-27653	-38488	-27591
-27620	-34038	-33839
-27611	-32963	-34102
-27607	-37488	-29319
-27606	-32206	-34621
-27595	-38121	-28233
-27563	-33607	-33944
-27552	-37695	-29207
-27526	-37551	-30247
-27498	-37016	-30996
-27496	-37251	-30739
-27495	-37739	-28732
-27474	-30644	-35316
-27455	-35751	-32280
-27444	-32479	-34259
-27417	-38087	-28405
-27344	-37606	-29726
-27333	-38395	-27971
-27332	-32541	-34364
-27279	-31719	-34786
-27271	-38061	-28629
-27269	-38971	-25708
-27268	-29396	-35573
-27261	-38951	-26009
-27257	-33028	-34052
-27257	-32615	-34829
-27231	-35560	-32744
-27200	-34847	-32770
-27195	-36937	-31736
-27187	-29453	-35745
-27169	-39008	-26186
-27165	-38597	-27584
-27118	-39229	-24974
-27117	-28749	-35753
-27103	-29725	-35689
-27101	-38761	-27409
-27100	-33082	-34153
-27097	-38888	-27386
-27088	-37195	-31093
-27061	-30669	-35262
-27058	-35969	-32149
-27040	-38910	-26596
-27035	-39078	-26139
-27019	-38267	-28200
-26993	-33665	-34155
-26989	-39131	-25384
-26978	-33180	-34165
-26972	-37843	-28717
-26943	-38967	-26905
-26910	-28145	-35877
-26907	-37334	-30347
-26875	-38521	-27819
-26849	-29947	-35558
-26845	-38706	-27826
-26826	-31300	-35138
-26822	-38803	-27515
-26813	-39072	-26575
-26804	-39249	-26770
-26777	-35683	-32435
-26766	-34725	-33268
-26760	-36246	-32219
-26750	-35208	-32794
-26722	-30645	-35422
-26720	-37753	-29089
-26670	-28413	-35768
-26640	-35855	-32389
-26631	-35908	-32398
-26608	-29045	-35899
-26566	-34161	-33591
-26529	-39024	-26808
-26503	-36038	-32450
-26499	-30163	-35485
-26468	-31894	-34868
-26434	-38492	-27840
-26388	-36541	-31827
-26374	-30924	-35209
-26314	-34735	-32911
-26244	-39314	-25924
-26205	-31652	-34969
-26193	-39261	-26535
-26191	-39259	-27121
-26183	-38756	-27740
-26156	-39268	-26057
-26142	-39299	-26684
-26043	-38940	-27656
-25994	-38980	-27219
-25934	-39339	-25730
-25907	-37681	-29385
-25885	-38177	-28484
-25865	-38202	-28374
-25677	-36982	-31243
-25652	-39474	-25556
-25626	-37865	-29738
-25536	-39081	-27132
-25515	-38371	-28234
-25510	-39371	-26342
-25508	-39346	-26492
-24997	-38520	-28034
