-997.4998151794433	133.40354222422098
-987.8890727459336	91.48679536612079
-981.4297818734551	-62.35811568994259
-971.8890727459336	-102.51320463387921
-969.7585322880523	-106.39322681326303
-969.7585322880518	-106.39322681326306
-967.793070159918	-109.94175317185704
-965.2037233444155	-114.61666666666662
-960.8649870781819	-122.44999999999996
-956.5541010060108	-130.23305144475964
-956.5541010060105	-130.23305144476043
-955.7317305892218	-131.70955923038844
-955.7317305892215	-131.7095592303889
-955.7317305892213	-131.70955923038892
-952.3030059114391	-137.81969925721302
-952.303005911439	-137.81969925721305
-952.0800977123189	-138.14236616315165
-952.0531346444081	-138.17447562808198
-950.3627450980391	-139.84569343597371
-949.8943711808804	-140.3087552389699
-949.1333333333334	-141.05971103441397
-945.520482885019	-144.62469928168613
-945.4031194907242	-144.70478336399728
-943.3108878767698	-145.5344937783864
-941.3	-146.32020364455843
-937.7012011555637	-147.72635452502632
-933.80620882028	-149.21906815027575
-893.4297818734551	-178.3581156899426
-892.4297818734551	-202.35811568994257
-889.7695799493672	-226.80760022894648
-882.6656425178363	-245.4744437942229
-877.6456001561702	-254.61666666666667
-874.6041261329499	-260.15563055935405
-874.6041261329498	-260.1556305593541
-865.1463389951921	-277.2311093853767
-865.1463389951919	-277.2311093853768
-864.3372169672102	-278.6730008623427
-862.1339816138885	-281.86225606837365
-860.4920336513288	-283.59590830332405
-860.4920336513287	-283.59590830332417
-860.4920336513286	-283.5959083033242
-860.1333333333333	-283.96050094223006
-858.1244524583831	-286.0023814276974
-856.9464982347492	-287.1544501917731
-856.6673514579014	-287.42322338274073
-856.3639452671011	-287.61827392124354
-854.8687629393153	-288.2463547973566
-850.811887290851	-289.83148903564734
-849.866830192806	-290.1936719324174
-824.8054182911144	-299.936185824168
-806.072631256463	-312.4018679129068
-799.4297818734551	-371.35811568994257
-799.013491741986	-381.21487372244815
-798.2167463652855	-391.1519897552125
-789.6656425178365	-414.4744437942229
-784.6456001561702	-423.6166666666667
-781.6041261329498	-429.1556305593541
-775.0937837431	-440.9096711196701
-772.3330014249133	-445.82950812408376
-772.3330014249132	-445.8295081240839
-770.265899636392	-448.82170554434504
-770.2658996363919	-448.8217055443451
-770.1407241139289	-448.9707731156612
-767.1333333333333	-451.94405524380517
-763.915542023707	-455.1253516202989
-761.4470423058425	-456.1042776197763
-761.1505844615299	-456.22011195140243
-758.1332526289889	-457.3764716950486
-711.4297818734551	-487.35811568994257
-711.1106269584861	-495.3863213253339
-711.074003068411	-496.21184056342815
-711.013491741986	-497.21487372244826
-710.2167463652855	-507.1519897552125
-708.7695799493672	-511.8076002289465
-708.297558298959	-513.2425106048711
-702.7823890029786	-527.6448964696762
-701.6656425178365	-530.4744437942229
-696.6456001561702	-539.6166666666667
-693.6041261329498	-545.1556305593542
-687.0937837431	-556.9096711196701
-684.3330014249133	-561.8295081240838
-684.3330014249132	-561.8295081240839
-682.265899636392	-564.8217055443451
-682.1407241139289	-564.9707731156611
-679.1333333333333	-567.9440552438051
-675.915542023707	-571.1253516202989
-673.4470423058426	-572.1042776197763
-673.1505844615299	-572.2201119514025
-670.1332526289889	-573.3764716950486
-586.4402499029396	-597.3217529995437
-586.3772618929631	-601.028719792281
-586.0705601662257	-607.9419170320975
-585.0023841163661	-625.647957553422
-584.7851966412074	-627.5135040863813
-584.4474039197625	-628.6418223684293
-584.0067319266126	-629.8713100243815
-582.117522019964	-634.8048177002014
-580.5150299477151	-638.8651189556487
-576.0271604186904	-647.0381781652877
-573.740287141244	-651.1669934640522
-572.0196352035379	-654.2735294117647
-571.3680102323888	-655.45
-564.5783456251457	-667.7083404075493
-563.0310334921605	-669.9464508739588
-563.0310334921604	-669.946450873959
-560.3589867299772	-673.7909516444156
-559.4790724613044	-674.8388137217319
-558.671830870695	-675.6593157591977
-554.2516339869281	-677.5161067871252
-552.4764705882353	-678.2617992434732
-551.3	-678.7559989568113
-550.3110235990789	-679.1714380325697
-547.364307167279	-680.3228021638189
-546.6778638248875	-680.5858741398192
-482.2836083370869	-707.9505204992515
-479.7331818417946	-712.7282828282828
-475.42601836675135	-720.7969738625179
-473.9556483186143	-723.5
-467.88069640658364	-734.6677695169137
-465.16043749842447	-739.5268327432266
-464.26589963639196	-740.821705544345
-464.14072411392885	-740.9707731156611
-464.14072411392874	-740.9707731156612
-462.3523212339484	-741.7978509430377
-459.1353535353535	-745.919374734726
-457.91554202370696	-747.1253516202989
-455.4470423058425	-748.1042776197764
-455.1505844615299	-748.2201119514025
-453	-749.0443001529799
-452.1332526289889	-749.3764716950486
-380.6778638248875	-767.5858741398192
-332.28718643645345	-772.7689992608498
-331.04765481930497	-788.2286051350568
-329.47086129645913	-797.9177861555142
-329.4708612964591	-797.9177861555144
-329.1179975632725	-800.0860856423291
-326.0428432785475	-809.9032053451558
-322.42854554645754	-817.4420110894184
-321.8099648292325	-818.6008100799706
-309.4042567284844	-841.4066019231772
-309.03103349216053	-841.946450873959
-306.3523212339484	-845.7978509430378
-304.67412138145096	-847.650057730509
-304.6741213814509	-847.6500577305092
-304.63253777919044	-847.6696957438816
-300.1148994249912	-849.566000210801
-296.00995956752774	-851.2890721297622
-292.6778638248875	-852.5858741398192
-277.4042567284844	-864.4066019231773
-277.03103349216053	-864.946450873959
-274.3817045266777	-868.7582656195473
-274.3523212339484	-868.7978509430377
-272.6741213814509	-870.6500577305092
-272.6325377791904	-870.6696957438817
-267.8304498269896	-872.6853995520082
-265	-873.8734970112309
-264.00995956752774	-874.2890721297622
-261.36430716727887	-875.3228021638188
-260.6778638248875	-875.5858741398192
-3.6778638248874245	-890.5858741398192
