-3612.8493937278154	1931.0373625223642
-3612.8489606258186	1930.9608357849215
-3612.7551796191065	1921.724805577553
-3612.7373919554643	1920.9090616066885
-3612.690171073612	1919.1313371279466
-3612.6822602211187	1918.9685159255341
-3612.676533593737	1918.8540859176805
-3612.6646401670314	1918.6449217904592
-3612.6556427542423	1918.4929941537914
-3612.655642754242	1918.4929941537912
-3612.318701849645	1912.8817594865732
-3612.2544584208003	1912.215660048476
-3612.0920536199837	1910.547514405131
-3612.0838823707654	1910.4656434221479
-3612.070149006625	1910.347125037115
-3612.0303086434574	1910.0247475578226
-3611.735382660193	1907.6415864441537
-3611.661093641008	1907.15423854036
-3611.5644992175467	1906.6187411216706
-3611.135722711472	1904.3178140725126
-3610.8882080046365	1902.9913356340135
-3610.8493937278154	1715.037362522362
-3610.8489606258186	1714.9608357849215
-3610.7551796191065	1705.724805577553
-3610.7373919554643	1704.9090616066885
-3610.690171073612	1703.1313371279466
-3610.6556427542423	1702.4929941537916
-3610.3187018496455	1696.8817594865732
-3610.070149006625	1694.3471250371151
-3609.661093641008	1691.15423854036
-3608.8882080046365	1686.9913356340135
-3607.7016316292033	1681.6615513577287
-3606.410196088442	1676.9249060140573
-3605.5850639908895	1674.2941276086822
-3604.407719897614	1671.2105168608691
-3601.496017878132	1664.3180127213316
-3599.7016316292024	1663.6615513577296
-3599.4140655133738	1659.8450276751437
-3598.271520813819	1658.5553489384172
-3597.6835831325307	1656.8907600261819
-3596.4837679788097	1654.3137411733803
-3596.077730946109	1652.6348192849368
-3594.989641616926	1651.792811820464
-3594.513995980074	1648.7889720271785
-3593.792532528881	1647.0702729261225
-3591.8775959491577	1643.0299592560912
-3590.381373437118	1405.511550423229
-3590.3639836816556	1401.4742498123228
-3590.112325228123	1395.602583556857
-3589.790782918655	1391.8595378015166
-3589.4813842600706	1388.9064388497532
-3588.6471323462397	1384.0611064231773
-3587.888208004636	1379.9913356340137
-3586.213473054046	1372.600167877234
-3585.5660170866727	1370.3486090380468
-3584.2893161974625	1366.6470086993245
-3582.73478137682	1329.6198268525818
-3575.73478137682	1314.6198268525814
-3575.652202484289	1306.966931128246
-3575.6381268099276	1305.8328521728527
-3575.5286191915375	1303.1948015916926
-3575.4259715177277	1300.8235214262063
-3575.340885150491	1299.5126309841226
-3575.0105349559985	1296.660112425449
-3574.5235582150954	1293.0135041308836
-3574.3985582154905	1292.2963439605203
-3573.843154802208	1289.11122456778
-3573.4051471346293	1286.761710852189
-3572.8882080046365	1283.9913356340135
-3571.6718670966366	1278.531127184487
-3570.9843885406235	1275.6585192398454
-3570.632877615558	1274.5432911536946
-3569.767073462175	1271.8222313878894
-3569.5850639908895	1271.294127608682
-3568.6511469820016	1268.7951581122015
-3568.4313355511927	1268.2354989738928
-3566.591939457749	1263.8680928774993
-3566.0739163481912	1262.6473537312709
-3565.381373437118	1075.511550423229
-3565.369776661767	1071.9278784564608
-3565.3639836816556	1071.474249812323
-3565.3367692287943	1070.823092880943
-3565.2209485890744	1068.0885383778693
-3565.1123252281236	1065.6025835568573
-3565.112325228123	1065.602583556857
-3565.021590445519	1064.3463242251041
-3564.790782918655	1061.8595378015161
-3564.5231787852044	1059.2652107144156
-3564.4813842600706	1058.9064388497532
-3564.2338754805414	1057.3867220907537
-3563.6471323462397	1054.0611064231775
-3563.4051471346293	1052.761710852189
-3562.888208004636	1049.9913356340135
-3562.136827058362	1046.5729015882268
-3561.213473054046	1042.600167877234
-3560.9843885406235	1041.6585192398454
-3560.5660170866727	1040.3486090380468
-3559.495907767797	1037.2110917099553
-3559.2893161974625	1036.6470086993245
-3556.513995980074	1029.7889720271785
-3554.922762816393	1026.0009497851918
-3550.834273096953	1016.9854494736808
-3550.6487954777003	1016.5799207067804
-3550.2684479577447	1015.7715315788254
-3549.737284039842	1014.6906461717101
-3549.2504119274467	1013.8279064078863
-3548.4496928014178	1012.4406956937333
-3547.89378778859	1011.5179634242907
-3547.5716888110333	1011.0391989423473
-3544.5280782830623	1007.5489113865556
-3544.4405915870757	1007.4487462972043
-3544.4185767900485	1007.4235411607381
-3544.105652372992	1007.065268376046
-3543.769722555856	1006.6933541225364
-3542.2579437227155	1005.1248231413176
-3541.5734347700936	1004.4178857864364
-3541.3970563986004	1004.2406400193167
-3541.1728720776987	1004.0153532021292
-3541.0739163481917	1003.9159108269732
-3541.0486872989113	1003.8905577059785
-3541.04356221237	1003.8854074152265
-3539.507208611457	1002.3527238433835
-3539.0755987648604	1001.9279776706392
-3539.07559876486	1001.9279776706389
-3539.0370630822704	1001.8919383718049
-3538.832514892655	1001.7054672875942
-3538.3233394672093	1001.252195136965
-3538.323339467209	1001.2521951369649
-3538.183427289253	1001.1333765570935
-3538.160605416274	1001.1141942341173
-3537.8202069917697	1000.8305183620205
-3537.450819585728	1000.5230620668465
-3537.246566150596	1000.3558505740582
-3534.776121489391	998.3503534062315
-3533.850888476377	997.601277055189
-3533.8073799298536	997.5667069338979
-3533.61946379408	997.4173964161863
-3533.5743909974344	997.3847397956634
-3533.106669404273	997.1028968350697
-3531.8840856310158	996.4112498316931
-3531.821667323107	996.3780103982435
-3530.7709977614786	995.8276981087228
-3530.2408588742055	995.5617271758615
-3530.028105256276	995.4564731601727
-3528.1831286495053	994.5848340179771
-3527.6480193911098	994.3375765856886
-3526.99673792992	994.0571489361782
-3524.4311668911123	992.9588081807847
-3522.381373437118	871.5115504232217
-3522.369776661767	867.9278784564609
-3522.3639836816556	867.474249812323
-3522.2209485890744	864.0885383778693
-3522.1123252281236	861.602583556857
-3522.021590445519	860.3463242251042
-3521.790782918655	857.8595378015165
-3521.4813842600706	854.9064388497532
-3520.6471323462397	850.0611064231775
-3519.888208004636	845.9913356340136
-3518.213473054046	838.6001678772341
-3517.5660170866727	836.3486090380468
-3516.2893161974625	832.6470086993245
-3511.922762816393	822.0009497851918
-3507.6487954777003	812.5799207067804
-3506.737284039842	810.6906461717101
-3505.4496928014178	808.4406956937333
-3504.5716888110333	807.0391989423473
-3501.5287113906506	803.5496362428023
-3501.4405915870757	803.4487462972043
-3501.105652372992	803.065268376046
-3500.769722555856	802.6933541225366
-3499.257943722715	801.1248231413176
-3498.5734347700936	800.4178857864364
-3498.0784267853396	799.9204434456025
-3498.0739163481912	799.9159108269732
-3496.0370630822704	797.8919383718049
-3494.0375984915745	784.5123366773652
-3493.4435086380804	778.6377445938714
-3491.888208004636	769.9913356340135
-3488.3790316171303	756.8527436556201
-3478.737284039842	734.6906461717101
-3473.1418406480634	727.1049866137754
-3462.6013084948195	717.4040150334463
-3459.790782918655	716.8595378015162
-3459.4661385729128	713.7982840960876
-3459.4291323594316	681.9977787386467
-3459.4059697622147	677.9356787548224
-3459.1479273602104	671.9280940314547
-3458.732960323453	667.2300777714846
-3458.4813842600706	664.9064388497532
-3457.6745920854737	660.2104249388751
-3456.8882080046365	655.9913356340135
-3455.4813842600706	655.9064388497532
-3455.185255873279	648.4841815566249
-3453.136827058362	643.5729015882268
-3450.4959077677977	634.2110917099552
-3445.922762816393	623.0009497851918
-3441.028346802572	612.2805824637976
-3438.576836664064	608.0456973443647
-3430.4435086380804	605.6377445938714
-3430.0370630822704	598.8919383718049
-3428.8882080046365	596.9913356340135
-3427.585362578894	591.1539214658536
-3426.9284620506487	588.4810829557013
-3425.3745826203294	583.8405844548237
-3422.4291323594316	541.9977787386472
-3422.429132359431	541.9977787386428
-3422.4206837577913	539.3869653064045
-3422.411445301612	538.1975946590517
-3422.4059697622147	537.9356787548226
-3422.265099363779	534.6096931332373
-3422.147927360211	531.9280940314547
-3422.0739989508556	530.9045256548328
-3421.732960323453	527.2300777714845
-3421.5852164861176	525.7977537105382
-3421.4813842600706	524.9064388497532
-3421.274623717627	523.6113588063082
-3420.6745920854737	520.2104249388753
-3420.6286014995185	519.9603407712
-3419.8882080046365	515.9913356340135
-3419.136827058362	512.5729015882268
-3418.213473054046	508.6001678772341
-3417.9843885406235	507.65851923984553
-3417.467620263819	506.0411641938976
-3416.3790316171303	502.85274365562015
-3415.991842059724	501.8611463837353
-3413.513995980074	495.7889720271785
-3411.922762816393	492.0009497851918
-3407.834273096953	482.9854494736808
-3407.6487954777003	482.5799207067804
-3407.2684479577447	481.7715315788254
-3406.737284039842	480.69064617171017
-3406.2504119274467	479.8279064078864
-3405.4496928014178	478.44069569373335
-3404.7378949050812	477.2647962114355
-3404.5514676477155	477.0081572011558
-3401.4202643990448	473.4235448409952
-3401.1418406480634	473.10498661377545
-3400.733985461314	472.65305171772246
-3398.573434770094	470.41788578643644
-3398.159285937142	470.00170024749116
-3396.507208611457	468.35272384338367
-3396.0370630822704	467.89193837180494
-3395.323339467209	467.252195136965
-3394.450819585728	466.52306206684653
-3390.61946379408	463.41739641618676
-3388.8840856310158	462.4112498316931
-3387.726456853122	461.8046150100288
-3387.028105256276	461.45647316017255
-3384.6480193911098	460.33757658568857
-3381.4311668911123	458.9588081807847
-3378.6647048097157	457.95645390809597
-3371.7499927276995	455.9105604002725
-3368.414397230531	455.0383926019466
-3368.209649124455	455.0069563495799
-3366.2537715023773	454.8471536858321
-3364.9853808756425	454.78837507077185
-3362.159285937142	403.4235448409952
-3362.152570297644	403.41683556677185
-3360.9940310649804	402.2892324994253
-3359.4291323594316	368.9977787386471
-3359.4206837577913	366.3869653064045
-3359.411445301612	365.1975946590516
-3359.4059697622147	364.93567875482256
-3359.265099363779	361.60969313323733
-3359.147927360211	358.92809403145475
-3359.1479273602104	358.9280940314547
-3359.0739989508556	357.9045256548328
-3358.732960323453	354.23007777148456
-3358.5852164861176	352.79775371053825
-3358.4813842600706	351.9064388497531
-3358.274623717627	350.6113588063082
-3357.6745920854737	347.2104249388753
-3357.6286014995185	346.96034077120004
-3356.8882080046365	342.9913356340135
-3356.136827058362	339.5729015882268
-3355.213473054046	335.6001678772342
-3354.9843885406235	334.6585192398455
-3354.467620263819	333.0411641938976
-3353.3790316171303	329.85274365562015
-3352.991842059724	328.8611463837353
-3350.513995980074	322.7889720271785
-3348.922762816393	319.0009497851918
-3344.834273096953	309.9854494736808
-3344.6487954777003	309.5799207067804
-3344.2684479577447	308.7715315788254
-3343.737284039842	307.69064617171017
-3343.2504119274467	306.8279064078864
-3342.4496928014178	305.44069569373335
-3341.7378949050812	304.2647962114355
-3341.5514676477155	304.0081572011558
-3338.4202643990448	300.42354484099525
-3338.414400412068	300.41683556677185
-3338.1418406480634	300.10498661377534
-3338.0168462859874	299.9662122860591
-3337.733985461314	299.65305171772246
-3337.1024213854007	298.99777873864707
-3336.9331717088653	298.822175432537
-3335.573434770094	297.41788578643644
-3335.5734347700936	297.4178857864364
-3335.159285937142	297.00170024749116
-3335.152570297644	296.9949515817423
-3335.04356221237	296.8854074152265
-3333.507208611457	295.3527238433836
-3333.07559876486	294.92797767063894
-3333.0370630822704	294.89193837180494
-3332.832514892655	294.7054672875942
-3332.323339467209	294.25219513696493
-3332.160605416274	294.11419423411746
-3331.8202069917697	293.8305183620205
-3331.450819585728	293.52306206684653
-3331.2465661505967	293.3558505740583
-3328.776121489391	291.3503534062317
-3327.850888476377	290.601277055189
-3327.61946379408	290.4173964161864
-3327.6013084948195	290.40401503344617
-3327.5743909974344	290.38473979566334
-3327.159285937142	289.42354484099525
-3327.152570297644	289.41683556677185
-3325.8840856310158	289.4112498316931
-3325.821667323107	289.37801039824365
-3324.726456853122	288.8046150100288
-3324.2408588742055	288.56172717586145
-3324.028105256276	288.45647316017255
-3323.4291323594316	288.17349492614625
-3323.173007164638	287.4202733343653
-3321.6480193911098	287.33757658568857
-3320.9967379299205	287.05714893617835
-3318.4311668911123	285.95880818078473
-3315.9120547853213	285.0405098955023
-3315.6647048097157	284.956453908096
-3313.6172714044305	284.3382870576776
-3308.7499927276995	282.9105604002725
-3307.4464461735597	282.55798833541087
-3305.414397230531	282.0383926019466
-3305.2251386185026	282.008524605152
-3305.209649124455	282.00695634957987
-3303.8940359353887	281.8956325271138
-3303.2537715023773	281.84715368583204
-3302.4408121618044	281.80797570522554
-3301.9853808756425	281.78837507077185
-3299.159285937142	230.42354484099522
-3297.9940310649804	229.28923249942522
-3256.185255873279	211.51233667736503
-3237.9292299015115	209.70548532831856
-3235.4291323594316	168.99777873864713
-3211.162494319984	100.45517839985735
-3211.159285937142	100.42354484099519
-3211.152570297644	100.41683556677185
-3207.1730071646375	98.42027333436528
-3193.4291323594316	77.99777873864714
-3193.4206837577913	75.38696530640422
-3193.411445301612	74.1975946590516
-3193.4059697622147	73.93567875482245
-3193.265099363779	70.60969313323739
-3193.1479273602104	67.92809403145458
-3193.0739989508556	66.90452565483281
-3192.732960323453	63.230077771484616
-3192.5852164861176	61.79775371053826
-3192.4813842600706	60.90643884975313
-3192.274623717627	59.611358806308246
-3191.6745920854737	56.21042493887528
-3191.6286014995185	55.96034077119998
-3190.888208004636	51.991335634013495
-3190.136827058362	48.5729015882268
-3189.6779951125686	46.55797932502563
-3189.585362578894	46.153921465853486
-3188.9843885406235	43.65851923984553
-3188.467620263819	42.0411641938976
-3187.3745826203294	38.84058445482363
-3186.9292299015115	37.705485328318716
-3184.513995980074	31.78897202717846
-3184.42554697554	31.57631691018669
-3182.922762816393	28.000949785191835
-3178.8342730969525	18.985449473680717
-3178.2684479577447	17.771531578825318
-3177.8224533803345	16.861816860055
-3177.7078396670086	16.635896675010258
-3176.4496928014178	14.44069569373336
-3175.660804136823	13.150197628181033
-3175.5514676477155	13.008157201155797
-3175.4987401796548	12.94642801042815
-3174.655499864928	11.98098703089866
-3172.4291323594316	-4.002221261352858
-3172.4206837577913	-6.613034693595523
-3172.4059697622147	-8.064321245177439
-3172.265099363779	-11.3903068667626
-3172.147927360211	-14.071905968545352
-3172.0739989508556	-15.095474345167162
-3171.732960323453	-18.769922228515384
-3171.4813842600706	-21.093561150246884
-3170.6745920854737	-25.789575061124722
-3169.8882080046365	-30.00866436598649
-3168.213473054046	-37.39983212276583
-3167.467620263819	-39.9588358061024
-3165.991842059724	-44.138853616264726
-3161.922762816393	-53.99905021480822
-3157.6487954777003	-63.42007929321959
-3156.737284039842	-65.30935382828982
-3155.4496928014178	-67.55930430626667
-3154.5514676477155	-68.99184279884416
-3151.4202643990448	-72.57645515900481
-3151.414400412068	-72.58316443322806
-3151.1418406480634	-72.89501338622465
-3151.141840648063	-72.89501338622466
-3151.0168462859874	-73.03378771394098
-3150.733985461314	-73.34694828227754
-3149.9331717088653	-74.17782456746302
-3148.573434770094	-75.58211421356356
-3148.5734347700936	-75.5821142135636
-3148.159285937142	-75.99829975250884
-3148.152570297644	-76.0050484182577
-3146.0370630822704	-78.10806162819509
-3140.6013084948195	-82.59598496655376
-3137.028105256276	-84.54352683982736
-3131.4311668911123	-87.04119181921527
-3128.31609330588	-88.15033889351976
-3118.414397230531	-90.96160739805342
-3114.9853808756425	-91.21162492922807
-3114.3867413745565	-96.1812600098119
-3112.9844443242496	-99.034967834371
-3111.5242404580595	-101.60905421511478
-3110.627596027706	-102.97287457321056
-3107.230172958603	-106.86795438141579
-3105.185255873279	-109.0161126104149
-3098.955603739264	-110.0663351549235
-3086.162494319984	-139.5448216001427
-3086.159285937142	-139.5764551590048
-3086.152570297644	-139.58316443322806
-3082.173007164638	-141.57972666563472
-3054.955603739264	-143.06633515492348
-3053.159285937142	-179.5764551590048
-3053.152570297644	-179.58316443322812
-3049.1730071646375	-181.57972666563472
-3037.955603739264	-192.06633515492348
-3034.9339372565373	-193.04658648035587
-3033.783037464784	-196.47270236914792
-3028.6923540134894	-208.92123838454637
-3025.159285937142	-221.5764551590048
-3025.152570297644	-221.58316443322803
-3021.5219411213257	-223.5648699292343
-3015.397087825253	-226.46426070317224
-3013.166547537053	-232.55255194409335
-3008.0203603155164	-236.7774093458582
-2999.737284039842	-243.30935382828983
-2998.4586902568453	-260.4763722024923
-2998.4424157403637	-264.3191707941241
-2998.0998451255236	-271.3821240259515
-2997.6434284537822	-275.8773765948827
-2996.9221803303185	-280.24945417139304
-2996.016734653851	-285.1066157535814
-2994.1364593964927	-293.27169803865894
-2991.159285937142	-301.58310461523996
-2988.421916709415	-303.02479641789665
-2988.37903161713	-303.1472563443799
-2988.054310413706	-303.9804421977892
-2987.9292299015115	-304.29451467168127
-2985.513995980074	-310.21102797282157
-2985.42554697554	-310.4236830898134
-2983.922762816393	-313.9990502148083
-2980.4291323594316	-321.7028304941808
-2976.213473054046	-325.3998321227659
-2975.9843885406235	-326.3414807601545
-2975.467620263819	-327.9588358061024
-2974.3790316171303	-331.1472563443799
-2973.991842059724	-332.1388536162647
-2971.513995980074	-338.21102797282157
-2969.922762816393	-341.9990502148082
-2965.834273096953	-351.0145505263192
-2965.6487954777003	-351.4200792932196
-2965.2684479577447	-352.2284684211746
-2964.737284039842	-353.30935382828983
-2964.2504119274467	-354.1720935921135
-2963.4496928014178	-355.5593043062666
-2962.7378949050812	-356.7352037885645
-2962.6411945735254	-356.87757047912123
-2962.5514676477155	-356.9918427988442
-2959.4479125128355	-360.54482160014277
-2959.4202643990448	-360.5764551590048
-2959.1418406480634	-360.89501338622466
-2959.141840648063	-360.8950133862247
-2959.0168462859874	-361.0337877139409
-2958.733985461314	-361.3469482822775
-2957.9331717088653	-362.177824567463
-2956.573434770094	-363.58211421356356
-2956.5734347700936	-363.5821142135636
-2956.162494319984	-363.9950755914441
-2956.159285937142	-363.9982997525089
-2956.04356221237	-364.1145925847735
-2954.507208611457	-365.64727615661633
-2954.07559876486	-366.07202232936106
-2954.0370630822704	-366.10806162819506
-2953.832514892655	-366.2945327124058
-2953.323339467209	-366.74780486303507
-2953.160605416274	-366.8858057658826
-2952.450819585728	-367.47693793315347
-2952.246566150596	-367.64414942594163
-2949.776121489391	-369.64964659376824
-2948.6013084948195	-370.5959849665538
-2948.1066694042734	-370.8971031649303
-2946.8840856310158	-371.58875016830683
-2945.726456853122	-372.19538498997116
-2945.028105256276	-372.54352683982734
-2943.1831286495053	-373.4151659820229
-2942.64801939111	-373.66242341431143
-2941.9967379299205	-373.9428510638217
-2939.4311668911123	-375.0411918192153
-2936.9120547853213	-375.9594901044977
-2936.6647048097157	-376.04354609190403
-2936.31609330588	-376.15033889351974
-2934.393906781378	-376.7277195449351
-2929.7499927276995	-378.08943959972737
-2928.4464461735597	-378.4420116645892
-2926.414397230531	-378.9616073980534
-2926.2096491244556	-378.9930436504201
-2924.2537715023773	-379.15284631416796
-2923.4408121618044	-379.1920242947745
-2922.9853808756425	-379.21162492922815
-2917.773343790185	-379.39601793381865
-2917.606651541209	-379.3997368627131
-2913.185255873279	-379.48766332263494
-2912.3792225308543	-394.3961193725853
-2912.312543228734	-394.4216833228869
-2875.429352979159	-410.47035926578815
-2870.543730803062	-431.59005009407963
-2870.5330782002065	-434.8819509087118
-2870.504027596703	-436.26781467319995
-2869.4435086380804	-447.3622554061286
-2866.585362578894	-461.8460785341464
-2864.3745826203294	-469.15941554517633
-2859.9227628163935	-479.9990502148082
-2853.4496928014178	-493.5593043062667
-2848.733985461314	-499.3469482822775
-2843.3057761835144	-504.7627202510804
-2833.4813842600706	-505.09356115024684
-2831.888208004636	-514.0086643659865
-2830.2134730540465	-521.3998321227654
-2829.467620263819	-523.9588358061023
-2827.9292299015115	-528.2945146716812
-2823.922762816393	-537.9990502148082
-2820.4586902568453	-545.6376525796873
-2816.1364593964927	-553.271698038659
-2815.565325558373	-555.1223954990455
-2814.085850986034	-559.2722183980268
-2813.946227111208	-559.6331677201129
-2810.0928563321377	-569.0089316324909
-2806.3867413745565	-577.181260009812
-2804.9844443242496	-580.0349678343711
-2803.5242404580595	-582.6090542151147
-2802.6275960277067	-583.9728745732104
-2799.642285464475	-587.3961193725853
-2798.8180730286504	-588.3241980073207
-2796.8763742383217	-590.3351149626147
-2796.3792225308543	-590.8347115685865
-2795.0238569412654	-592.1877501650338
-2794.3359049172104	-592.8647620347892
-2793.771244151679	-593.3674276914123
-2793.160605416274	-593.8858057658827
-2792.450819585728	-594.4769379331535
-2788.6013084948195	-597.5959849665537
-2786.8840856310158	-598.5887501683069
-2785.028105256276	-599.5435268398275
-2782.64801939111	-600.6624234143114
-2779.4311668911123	-602.0411918192153
-2776.9120547853213	-602.9594901044977
-2776.31609330588	-603.1503388935198
-2769.7499927276995	-605.0894395997274
-2766.414397230531	-605.9616073980534
-2764.2537715023773	-606.152846314168
-2763.13770693091	-606.487663322635
-2762.922762816393	-606.9990502148082
-2758.2684479577447	-617.2284684211746
-2755.641194573525	-621.8775704791212
-2749.157320347381	-625.5784405962034
-2747.07559876486	-631.0720223293608
-2741.5743909974344	-635.6152602043366
-2732.4311668911123	-640.0411918192152
-2721.8080632489223	-643.3544040549803
-2716.681678100711	-644.5285120023412
-2704.5310229528145	-645.5273676092062
-2704.531022952814	-645.5273676092063
-2694.157320347381	-652.5784405962034
-2687.4586902568453	-675.4763722024948
-2687.4565986841994	-676.1227165552086
-2687.4480548069937	-678.7629723420357
-2687.4424157403637	-679.319170794124
-2687.36602749373	-681.1227165552057
-2687.2820636935176	-683.1051230461563
-2687.1986498049378	-685.0141337473485
-2687.0998451255236	-686.3821240259515
-2687.0345874035193	-687.0852294199595
-2686.6434284537827	-690.8773765948827
-2686.4776619533945	-691.9572666302408
-2686.477661953394	-691.9572666302411
-2686.126602664251	-694.09080385785
-2686.1266026642506	-694.0908038578502
-2685.9221803303185	-695.2494541713932
-2685.8982237181226	-695.3797236449572
-2685.8665453252092	-695.551982040027
-2685.016734653851	-700.1066157535814
-2684.3572686269217	-703.1068796405932
-2684.071512670357	-704.3650475880697
-2683.1364593964927	-708.271698038659
-2682.8622134425173	-709.1781148562153
-2681.966398299592	-711.8649834551302
-2680.946227111208	-714.6331677201129
-2680.60040982404	-715.5024989972435
-2678.371244462576	-720.963206713576
-2677.0928563321377	-724.0089316324908
-2673.3867413745565	-732.1812600098119
-2672.1092890544824	-734.7840587832188
-2671.9844443242496	-735.034967834371
-2670.6414194823974	-737.4129392845722
-2670.078903628233	-738.3444967505965
-2669.8221272539604	-738.7234625723158
-2669.3090624252327	-739.3428785393173
-2666.230172958603	-742.8679543814159
-2665.8180730286504	-743.3241980073207
-2663.8763742383217	-745.3351149626146
-2663.2545827842114	-745.9599642700391
-2661.3359049172104	-747.8647620347892
-2660.771244151679	-748.3674276914123
-2659.450819585728	-749.4769379331535
-2656.8982237181226	-751.5540382156321
-2655.6013084948195	-752.5959849665537
-2653.8840856310158	-753.5887501683069
-2652.770997761478	-754.1723018912772
-2649.64801939111	-755.6624234143114
-2646.4311668911123	-757.0411918192153
-2643.6647048097157	-758.0435460919041
-2636.4372091075065	-760.1763827186176
-2634.3087315382154	-760.7347380253965
-2633.2251386185026	-760.9914753948481
-2631.2537715023773	-761.152846314168
-2626.4586902568453	-761.3363932431904
-2625.126602664251	-763.09080385785
-2624.8665453252092	-764.551982040027
-2624.016734653851	-769.1066157535815
-2623.0715126703576	-773.3650475880697
-2622.1364593964927	-777.271698038659
-2621.6302436044957	-778.9302486846996
-2621.565325558373	-779.1223954990455
-2620.966398299592	-780.8649834551302
-2619.946227111208	-783.6331677201129
-2617.371244462576	-789.963206713576
-2616.0928563321377	-793.0089316324909
-2612.3867413745565	-801.1812600098119
-2612.0575097467963	-801.855477450297
-2610.9844443242496	-804.034967834371
-2610.1164464568365	-805.5899759169795
-2609.5242404580595	-806.6090542151148
-2609.078903628233	-807.3444967505965
-2608.6275960277067	-807.9728745732104
-2605.6422854644748	-811.3961193725854
-2605.230172958603	-811.8679543814159
-2604.8180730286504	-812.3241980073205
-2603.64573740813	-813.5405430843006
-2602.8763742383217	-814.3351149626147
-2602.44862568479	-814.7649671030055
-2602.3792225308543	-814.8347115685865
-2602.2545827842114	-814.9599642700391
-2601.0238569412654	-816.1877501650337
-2600.3359049172104	-816.8647620347892
-2599.771244151679	-817.3674276914123
-2599.183427289253	-817.8666234429066
-2599.160605416274	-817.8858057658827
-2598.8202069917697	-818.1694816379795
-2598.4508195857284	-818.4769379331535
-2597.7008009763867	-819.0909385310185
-2596.001243647239	-820.4706324232518
-2595.0834264578834	-821.2137048617146
-2595.0666238941617	-821.2273083572054
-2594.5743909974344	-821.6152602043367
-2594.1066694042734	-821.8971031649303
-2592.8840856310158	-822.5887501683069
-2591.726456853122	-823.1953849899712
-2591.028105256276	-823.5435268398273
-2589.1831286495053	-824.4151659820229
-2588.64801939111	-824.6624234143114
-2587.9967379299205	-824.9428510638218
-2585.4311668911123	-826.0411918192152
-2582.9120547853213	-826.9594901044977
-2582.6647048097157	-827.0435460919041
-2580.6172714044305	-827.6617129423223
-2575.4422408513715	-829.179680240945
-2574.8080632489223	-829.35440405498
-2573.5962205867318	-829.6759308239375
-2571.7493149355055	-830.1298350473758
-2570.7561317619957	-830.3402609772652
-2570.121096082638	-830.4639242750874
-2569.681678100711	-830.5285120023411
-2563.613761801693	-831.2054390472017
-2561.4542656346384	-831.4396988677488
-2560.8476574288657	-831.4860197674112
-2559.7593580585763	-831.5180159010906
-2558.958892483804	-831.5243350409667
-2557.5310229528686	-831.5273676092062
-2557.5310229528136	-831.5273676092063
-2530.3792225308543	-883.3961193725854
-2523.083426457883	-886.7649671030053
-2493.1986498049378	-895.0141337473485
-2492.6434284537827	-900.8773765948827
-2491.016734653851	-910.1066157535814
-2489.1364593964927	-918.2716980386589
-2487.0858509860345	-924.2722183980268
-2483.0928563321377	-934.0089316324909
-2477.9844443242496	-945.034967834371
-2475.627596027706	-948.9728745732104
-2471.8180730286504	-953.3241980073205
-2468.3057761835144	-953.4376906283667
-2466.160605416274	-958.8858057658825
-2455.64801939111	-965.6624234143114
-2441.8982237181226	-966.05339384304
-2441.3867413745565	-967.1812600098119
-2439.9844443242496	-970.034967834371
-2438.6414194823974	-972.4129392845721
-2438.078903628233	-973.3444967505964
-2437.6275960277067	-973.97287457321
-2437.3090624252322	-974.3428785393172
-2434.2301729586034	-977.8679543814159
-2433.8180730286504	-978.3241980073205
-2431.8763742383217	-980.3351149626146
-2429.3359049172104	-982.8647620347892
-2428.8982237181226	-983.2543894372246
-2424.9844443242496	-986.034967834371
-2423.3867413745565	-990.1812600098119
-2421.9844443242496	-993.0349678343711
-2421.6161426279773	-993.7071110610414
-2421.3809124308045	-994.1227165552057
-2420.6414194823974	-995.4129392845721
-2420.5242404580595	-995.6090542151147
-2419.8221272539604	-996.723462572316
-2419.3090624252322	-997.3428785393173
-2416.230172958603	-1000.8679543814159
-2416.000060211789	-1001.1227165552059
-2415.8180730286504	-1001.3241980073205
-2413.8763742383217	-1003.3351149626147
-2412.0238569412654	-1005.1877501650338
-2411.3359049172104	-1005.8647620347892
-2410.771244151679	-1006.3674276914123
-2409.450819585728	-1007.4769379331535
-2405.5743909974344	-1010.6152602043366
-2403.8840856310158	-1011.5887501683069
-2402.085850986034	-1012.2722183980268
-2402.028105256276	-1012.5435268398273
-2399.64801939111	-1013.6624234143114
-2399.371244462576	-1018.9632067135759
-2394.3867413745565	-1030.181260009812
-2392.9844443242496	-1033.034967834371
-2390.8221272539604	-1036.7234625723158
-2387.8982237181226	-1040.103091069757
-2382.6109189073954	-1040.476372202492
-2382.60040982404	-1040.5024989972435
-2380.371244462576	-1045.963206713576
-2380.2026660722377	-1046.3685143539344
-2379.0928563321377	-1049.0089316324909
-2375.3867413745565	-1057.181260009812
-2375.2772569573854	-1057.4061472565677
-2375.0575097467963	-1057.855477450297
-2373.9844443242496	-1060.034967834371
-2373.616142627977	-1060.7071110610414
-2373.1164464568365	-1061.5899759169797
-2372.6414194823974	-1062.412939284572
-2372.078903628233	-1063.3444967505966
-2371.8221272539604	-1063.7234625723158
-2371.6275960277067	-1063.9728745732102
-2371.627596027706	-1063.9728745732104
-2371.3090624252322	-1064.342878539317
-2368.230172958603	-1067.867954381416
-2367.8180730286504	-1068.3241980073205
-2366.64573740813	-1069.5405430843007
-2365.8763742383217	-1070.3351149626146
-2365.2545827842114	-1070.959964270039
-2364.0238569412654	-1072.1877501650338
-2363.3359049172104	-1072.8647620347892
-2362.771244151679	-1073.3674276914123
-2362.183427289253	-1073.8666234429065
-2361.4508195857284	-1074.4769379331535
-2360.8982237181226	-1074.9293189659193
-2360.4586902568453	-1075.287483051916
-2358.8982237181226	-1076.554038215632
-2354.9663982995917	-1076.8649834551302
-2354.085850986034	-1079.2722183980266
-2353.7534767082625	-1080.1219570477642
-2351.371244462576	-1085.963206713576
-2350.0928563321377	-1089.0089316324909
-2346.3867413745565	-1097.181260009812
-2345.1092890544824	-1099.7840587832188
-2344.834444760151	-1100.3096704497848
-2344.1164464568365	-1101.5899759169797
-2343.227512784289	-1103.1031581789007
-2342.9574680586375	-1103.5282205559424
-2342.6275960277067	-1103.9728745732104
-2339.6422854644748	-1107.3961193725854
-2339.2301729586034	-1107.867954381416
-2338.8180730286504	-1108.3241980073205
-2337.64573740813	-1109.5405430843007
-2336.8763742383217	-1110.3351149626146
-2336.3792225308543	-1110.8347115685865
-2336.2545827842114	-1110.959964270039
-2335.0238569412654	-1112.1877501650338
-2334.3359049172104	-1112.8647620347892
-2333.771244151679	-1113.3674276914123
-2333.160605416274	-1113.8858057658827
-2332.450819585728	-1114.4769379331535
-2331.7008009763867	-1115.0909385310185
-2330.001243647239	-1116.4706324232516
-2328.60130849482	-1117.5959849665537
-2328.1066694042734	-1117.8971031649303
-2326.8840856310158	-1118.588750168307
-2325.726456853122	-1119.195384989971
-2325.028105256276	-1119.5435268398273
-2323.1831286495053	-1120.415165982023
-2322.64801939111	-1120.6624234143114
-2321.9967379299205	-1120.9428510638215
-2319.4311668911123	-1122.0411918192153
-2316.9120547853213	-1122.9594901044977
-2316.6647048097157	-1123.043546091904
-2314.61727140443	-1123.6617129423223
-2309.4422408513715	-1125.179680240945
-2308.8080632489223	-1125.35440405498
-2307.5962205867318	-1125.6759308239375
-2305.7493149355055	-1126.1298350473758
-2304.7561317619957	-1126.3402609772652
-2304.1210960826384	-1126.4639242750873
-2303.681678100711	-1126.5285120023411
-2297.613761801693	-1127.2054390472017
-2295.454265634638	-1127.4396988677488
-2294.8476574288657	-1127.486019767411
-2293.7593580585763	-1127.5180159010906
-2292.958892483804	-1127.5243350409667
-2291.5310229529223	-1127.527367609206
-2291.531022952814	-1127.5273676092063
-2279.0484462549257	-1161.122716555206
-2278.64573740813	-1161.5405430843007
-2277.8763742383217	-1162.3351149626146
-2277.2545827842114	-1162.959964270039
-2276.0238569412654	-1164.1877501650338
-2275.3359049172104	-1164.8647620347892
-2274.7712441516796	-1165.3674276914123
-2274.160605416274	-1165.8858057658827
-2273.450819585728	-1166.4769379331535
-2272.7008009763867	-1167.0909385310185
-2270.0666238941617	-1169.2273083572054
-2269.5743909974344	-1169.6152602043367
-2269.1066694042734	-1169.8971031649303
-2267.8840856310158	-1170.588750168307
-2266.726456853122	-1171.195384989971
-2266.028105256276	-1171.5435268398273
-2264.1831286495053	-1172.415165982023
-2263.64801939111	-1172.6624234143114
-2262.9967379299205	-1172.9428510638215
-2260.4311668911123	-1174.0411918192153
-2257.9120547853213	-1174.9594901044977
-2257.6647048097157	-1175.043546091904
-2255.61727140443	-1175.6617129423223
-2250.4422408513715	-1177.179680240945
-2249.8080632489223	-1177.35440405498
-2248.5962205867318	-1177.6759308239375
-2246.778279599718	-1178.122716555206
-2246.7493149355055	-1178.1298350473758
-2246.4652848900537	-1178.1955325659596
-2245.7561317619957	-1178.3402609772652
-2245.1210960826384	-1178.4639242750873
-2245.121096082638	-1178.4639242750875
-2244.683286502266	-1178.5283047933076
-2244.681678100712	-1178.5285120023404
-2244.681678100711	-1178.5285120023414
-2244.681678100709	-1178.5285120023416
-2242.6147827370246	-1178.7599374600427
-2238.613761801693	-1179.2054390472017
-2236.939907139862	-1179.388646736044
-2236.454265634638	-1179.439698867749
-2235.8476574288657	-1179.4860197674113
-2235.3925693541023	-1179.4997619284945
-2234.7593580585763	-1179.5180159010906
-2233.958892483804	-1179.5243350409667
-2232.5310229528145	-1179.5273676092063
-2207.8982237181226	-1180.122716555206
-2203.5735163653944	-1190.1227165552061
-2203.016734653851	-1193.1066157535815
-2202.2128682196662	-1231.5166087651364
-2187.957468058637	-1231.5282205559422
-2183.8180730286504	-1236.3241980073205
-2179.3359049172104	-1240.8647620347892
-2178.5743909974344	-1254.6152602043367
-2155.122567756603	-1273.122716555206
-2154.1056146166743	-1275.5920856264545
-2153.0928563321377	-1278.0089316324907
-2149.3867413745565	-1286.181260009812
-2147.9844443242496	-1289.0349678343712
-2147.6161426279773	-1289.7071110610414
-2146.227512784289	-1292.1031581789007
-2145.6275960277067	-1292.9728745732104
-2141.8180730286504	-1297.3241980073205
-2140.082034061487	-1299.122716555206
-2139.8763742383217	-1299.3351149626146
-2137.3359049172104	-1301.8647620347892
-2136.7712441516796	-1302.367427691412
-2135.450819585728	-1303.4769379331535
-2134.7008009763867	-1304.0909385310183
-2131.5743909974344	-1306.6152602043367
-2129.8840856310158	-1307.588750168307
-2128.028105256276	-1308.5435268398273
-2125.64801939111	-1309.6624234143114
-2124.8982237181226	-1309.985025757941
-2122.4311668911123	-1311.0411918192153
-2119.6647048097157	-1312.043546091904
-2112.4422408513715	-1314.179680240945
-2107.7561317619957	-1315.3402609772652
-2098.454265634638	-1316.4396988677488
-2095.6434284537827	-1316.8773765948827
-2095.477661953394	-1317.957266630241
-2095.2858949587076	-1319.122716555206
-2095.126602664251	-1320.09080385785
-2095.1266026642506	-1320.0908038578502
-2094.9445408294223	-1321.122716555206
-2094.9221803303185	-1321.2494541713932
-2094.8982237181226	-1321.3797236449573
-2094.8665453252092	-1321.5519820400273
-2094.797897660486	-1321.9202144746378
-2094.016734653851	-1326.1066157535815
-2093.3572686269217	-1329.1068796405932
-2093.1072020539264	-1330.2087119363955
-2093.107202053926	-1330.2087119363957
-2093.089266418241	-1330.2876067465254
-2093.0715126703576	-1330.3650475880697
-2092.8982237181226	-1331.0890484362062
-2092.1364593964927	-1334.271698038659
-2091.8789747819083	-1335.1227165552061
-2091.8622134425173	-1335.1781148562154
-2091.6302436044957	-1335.9302486846996
-2091.565325558373	-1336.1223954990455
-2090.966398299592	-1337.8649834551302
-2090.9663982995917	-1337.8649834551304
-2090.7212040519667	-1338.5400373255377
-2090.085850986034	-1340.2722183980268
-2089.946227111208	-1340.6331677201129
-2089.7534767082625	-1341.1219570477642
-2089.60040982404	-1341.5024989972435
-2089.3792225308543	-1358.3961193725854
-2088.3546611781594	-1358.7611837889494
-2086.3792225308543	-1365.3961193725854
-2075.2301729586034	-1368.867954381416
-2074.8180730286504	-1369.3241980073205
-2073.64573740813	-1370.5405430843007
-2072.8763742383217	-1371.3351149626146
-2072.2545827842114	-1371.959964270039
-2071.0238569412654	-1373.1877501650338
-2070.3359049172104	-1373.8647620347892
-2069.8982237181226	-1374.2543894372247
-2069.7712441516796	-1374.3674276914123
-2069.160605416274	-1374.8858057658827
-2068.4508195857284	-1375.4769379331535
-2067.7008009763867	-1376.0909385310185
-2065.8982237181226	-1377.5540382156323
-2065.0666238941617	-1378.2273083572054
-2064.61946379408	-1378.5826035838136
-2064.4586902568453	-1378.6849799687166
-2064.1066694042734	-1378.8971031649303
-2062.8982237181226	-1379.5808384539034
-2060.1364593964927	-1381.271698038659
-2059.6302436044957	-1382.9302486846996
-2058.9663982995917	-1384.8649834551302
-2058.085850986034	-1387.2722183980266
-2057.7534767082625	-1388.1219570477642
-2056.2128682196662	-1388.5166087651364
-2055.371244462576	-1393.963206713576
-2054.0928563321377	-1397.0089316324909
-2050.3867413745565	-1405.181260009812
-2049.1092890544824	-1407.7840587832188
-2048.834444760151	-1408.3096704497848
-2048.1164464568365	-1409.5899759169797
-2047.227512784289	-1411.1031581789007
-2046.9574680586372	-1411.5282205559424
-2046.6275960277067	-1411.9728745732104
-2043.6422854644748	-1415.3961193725854
-2043.2301729586031	-1415.867954381416
-2042.8180730286504	-1416.3241980073205
-2041.64573740813	-1417.5405430843007
-2040.8763742383217	-1418.3351149626146
-2040.3792225308543	-1418.8347115685863
-2040.2545827842112	-1418.959964270039
-2039.0238569412654	-1420.1877501650338
-2038.3359049172104	-1420.8647620347892
-2037.7712441516794	-1421.3674276914123
-2037.1606054162737	-1421.8858057658827
-2036.4508195857281	-1422.4769379331535
-2035.7008009763867	-1423.0909385310185
-2034.0012436472389	-1424.4706324232516
-2032.60130849482	-1425.5959849665537
-2032.1066694042734	-1425.8971031649303
-2030.8840856310158	-1426.588750168307
-2029.726456853122	-1427.195384989971
-2029.0281052562761	-1427.5435268398273
-2027.1831286495053	-1428.415165982023
-2026.64801939111	-1428.6624234143114
-2025.9967379299203	-1428.9428510638218
-2023.431166891112	-1430.0411918192153
-2020.9120547853213	-1430.9594901044977
-2020.6647048097157	-1431.043546091904
-2018.61727140443	-1431.6617129423223
-2013.4422408513715	-1433.179680240945
-2012.8080632489223	-1433.35440405498
-2012.0480325025396	-1435.5890373907205
-2010.2128682196662	-1438.5166087651364
-1970.0672676961997	-1457.129624554317
-1955.2128682196662	-1482.5166087651364
-1928.5743909974344	-1512.6152602043367
-1903.9754857638452	-1513.3145438948677
-1902.9440979803974	-1516.2549976751588
-1902.0928563321377	-1519.0089316324907
-1901.3867413745565	-1520.181260009812
-1900.884700269279	-1520.584368836979
-1899.9844443242496	-1523.034967834371
-1899.1187433466082	-1526.3637161650308
-1898.3867413745565	-1527.181260009812
-1898.2129642994955	-1527.8888745577344
-1897.897990654582	-1529.3375195695464
-1896.9844443242496	-1530.034967834371
-1896.3809124308048	-1531.122716555206
-1896.1164464568365	-1531.5899759169797
-1895.8982237181226	-1533.8244441374477
-1895.6092760706688	-1534.655312067147
-1894.1844878900924	-1537.963339455913
-1892.6426421559686	-1541.3796888587292
-1891.0237189270965	-1544.553234761945
-1890.4008984090158	-1545.761864265693
-1885.1201477752875	-1555.4017385412753
-1881.5743909974344	-1564.6152602043367
-1869.3160933058798	-1570.1503388935198
-1842.8982237181226	-1577.122716555206
-1828.8982237181226	-1598.122716555206
-1817.4586902568453	-1599.4763722024948
-1817.4565986841994	-1600.122716555206
-1817.456598684199	-1600.1227165552089
-1817.448054806994	-1602.762972342036
-1817.444514213979	-1603.21879280857
-1817.4424157403637	-1603.3191707941241
-1817.2820636935176	-1607.1051230461565
-1817.1986498049375	-1609.0141337473485
-1817.0998451255236	-1610.3821240259517
-1817.0345874035193	-1611.0852294199594
-1816.6434284537825	-1614.8773765948827
-1816.4776619533945	-1615.957266630241
-1816.126602664251	-1618.09080385785
-1815.9221803303185	-1619.2494541713932
-1815.8982237181226	-1619.3797236449573
-1815.8665453252092	-1619.5519820400268
-1815.7601117141405	-1620.122716555206
-1815.016734653851	-1624.1066157535815
-1814.3572686269217	-1627.1068796405932
-1814.3536743567415	-1627.122716555206
-1814.1072020539264	-1628.2087119363955
-1814.089266418241	-1628.2876067465254
-1814.0715126703576	-1628.3650475880697
-1813.1364593964927	-1632.271698038659
-1812.8622134425173	-1633.1781148562154
-1812.6302436044957	-1633.9302486846996
-1812.5653255583727	-1634.1223954990455
-1811.9663982995921	-1635.8649834551302
-1811.0858509860345	-1638.2722183980268
-1810.7534767082625	-1639.1219570477642
-1810.6004098240398	-1639.5024989972435
-1808.3712444625762	-1644.9632067135758
-1808.2026660722374	-1645.3685143539344
-1807.0928563321377	-1648.0089316324907
-1803.3867413745565	-1656.181260009812
-1803.2772569573854	-1656.4061472565677
-1803.0575097467963	-1656.855477450297
-1802.1092890544824	-1658.7840587832188
-1801.9844443242496	-1659.034967834371
-1801.8344447601517	-1659.3096704497848
-1801.6161426279773	-1659.7071110610414
-1801.1164464568362	-1660.5899759169797
-1800.6414194823976	-1661.412939284572
-1800.0789036282329	-1662.3444967505964
-1799.8982237181226	-1662.6136861664684
-1799.8221272539604	-1662.7234625723158
-1799.6275960277067	-1662.9728745732104
-1799.3090624252322	-1663.3428785393173
-1796.8982237181226	-1666.103091069757
-1796.6422854644748	-1666.3961193725854
-1796.323429066334	-1666.7611837889494
-1796.2301729586031	-1666.867954381416
-1795.8180730286504	-1667.3241980073205
-1794.64573740813	-1668.5405430843007
-1793.8763742383217	-1669.3351149626149
-1793.3792225308546	-1669.8347115685863
-1793.2545827842114	-1669.959964270039
-1792.3546611781594	-1670.8577361506284
-1792.3546611781592	-1670.8577361506286
-1792.0238569412654	-1671.1877501650338
-1791.3359049172104	-1671.8647620347892
-1790.7712441516794	-1672.3674276914123
-1790.160605416274	-1672.8858057658827
-1789.4508195857281	-1673.4769379331535
-1788.7008009763867	-1674.0909385310185
-1787.0012436472389	-1675.4706324232516
-1785.6013084948197	-1676.5959849665537
-1785.1066694042734	-1676.8971031649303
-1783.8840856310158	-1677.588750168307
-1782.726456853122	-1678.195384989971
-1782.028105256276	-1678.5435268398273
-1780.1831286495053	-1679.415165982023
-1779.64801939111	-1679.6624234143114
-1778.9967379299203	-1679.9428510638218
-1776.431166891112	-1681.0411918192153
-1773.9120547853213	-1681.9594901044977
-1773.6647048097157	-1682.043546091904
-1771.61727140443	-1682.6617129423223
-1768.514542495694	-1689.3252027557905
-1765.9393986514392	-1693.5821458471262
-1762.0480325025396	-1693.5890373907205
-1761.7416330670726	-1698.3788763083369
-1758.8490603176679	-1701.2083815003828
-1749.9813153169468	-1707.2184558772497
-1739.5496877163016	-1711.747758784195
-1739.1201477752875	-1712.4017385412753
-1735.3516551390385	-1716.8136484394113
-1732.5914384885864	-1718.8527046265003
-1726.1317608207996	-1722.3175936928185
-1718.4759230494008	-1725.1561247155726
-1714.6693388337603	-1726.5961332972809
-1711.2746135216462	-1730.7109649177962
-1706.8490603176679	-1735.208381500383
-1701.774378422842	-1739.1464321733756
-1695.8982237181226	-1742.1260756119361
-1682.6322357872662	-1743.2402055726939
-1681.8762525618963	-1747.6180421708268
-1680.2863611533348	-1754.584418407132
-1679.8072098453135	-1756.2263979301447
-1678.7459828711583	-1759.122716555206
-1678.559979463344	-1759.6254162741566
-1678.1422078883515	-1760.7427642913835
-1678.1306810729463	-1760.7731521821977
-1677.8881781961536	-1761.3638304911326
-1677.300918982622	-1762.7659741849156
-1677.2886420669213	-1762.7942147153558
-1676.3250210594813	-1764.9984450206753
-1672.4908768886862	-1773.658886234095
-1672.210104536622	-1774.2858128350267
-1672.1084880483656	-1774.510983453058
-1672.1084880483654	-1774.5109834530583
-1671.6039783920037	-1775.5649583020004
-1670.996155740864	-1776.7811598178132
-1669.8544493290158	-1778.930153603545
-1668.154741405935	-1782.1227165552057
-1667.514542495694	-1783.3252027557905
-1666.633791646661	-1784.9232334939052
-1666.0423926172377	-1785.9824551069835
-1665.9789202728896	-1786.0885231321104
-1665.6693388337603	-1786.5961332972809
-1665.4589991619027	-1786.9148953845433
-1664.9393986514397	-1787.582145847126
-1662.931342806319	-1789.953908103359
-1662.2746135216462	-1790.7109649177962
-1660.7416330670726	-1792.378876308337
-1660.4139576531743	-1792.7163227893707
-1659.685856762555	-1793.4449108913602
-1658.3508620432979	-1794.7514632070856
-1657.8490603176679	-1795.208381500383
-1657.0774732264613	-1795.8330438125104
-1656.5134403658722	-1796.271392297811
-1653.117519612986	-1798.8947049446574
-1653.1175196129857	-1798.8947049446576
-1652.774378422842	-1799.1464321733756
-1652.385315518557	-1799.373880411352
-1651.960649986766	-1799.6189861236012
-1650.0999146186336	-1800.6885417621224
-1648.8982237181226	-1801.256192664399
-1648.825523653089	-1801.2892100442393
-1645.8982237181226	-1802.5602921822342
-1641.076536485284	-1804.6278926663686
-1638.7474131267886	-1805.4385181141274
-1638.5496877163016	-1805.747758784195
-1638.1201477752877	-1806.4017385412753
-1637.504983679392	-1807.1804261276736
-1636.7062695368413	-1808.1182076743862
-1634.6465839917034	-1810.4824702507556
-1634.3516551390385	-1810.8136484394113
-1634.2804223610626	-1810.8794787403822
-1633.136946693152	-1811.8808666119253
-1633.0894933465931	-1811.9206118099064
-1632.8331727454154	-1812.0927290893753
-1631.591438488586	-1812.8527046265003
-1629.4018613773524	-1814.0616115923485
-1625.1317608207996	-1816.3175936928183
-1625.1078009639375	-1816.3285710614912
-1622.8828503294346	-1817.2993053527232
-1621.2657197730223	-1817.9298202296873
-1619.6493362100287	-1818.502715069438
-1617.1121948606637	-1819.2643697744884
-1614.508473902688	-1819.9809608576402
-1613.1220927990998	-1823.730657265679
-1612.931342806319	-1823.953908103359
-1612.2746135216462	-1824.7109649177964
-1610.7416330670728	-1826.3788763083369
-1609.685856762555	-1827.4449108913602
-1608.3508620432979	-1828.7514632070856
-1607.8490603176679	-1829.2083815003828
-1606.5134403658722	-1830.2713922978107
-1602.774378422842	-1833.1464321733756
-1601.960649986766	-1833.6189861236012
-1600.0999146186336	-1834.6885417621224
-1598.825523653089	-1835.2892100442393
-1592.4489836693137	-1838.058009366363
-1591.076536485284	-1838.6278926663688
-1588.9504232367149	-1839.3742985241688
-1586.8244531967512	-1839.995476194692
-1585.6322357872662	-1840.2402055726939
-1585.4335909043468	-1841.5255229515103
-1585.3370371301482	-1842.0869067290687
-1584.8762525618963	-1844.6180421708268
-1584.7980660083524	-1845.0096155390422
-1584.3526909167106	-1847.01778660509
-1583.2863611533348	-1851.584418407132
-1583.2053633477196	-1851.8930923420673
-1583.1474434198208	-1852.1016284538218
-1582.8671355619224	-1853.036086888653
-1582.8072098453138	-1853.2263979301445
-1582.7669878238069	-1853.3410884910913
-1582.2010388990707	-1854.8926907605037
-1581.1306810729463	-1857.7731521821977
-1580.300918982622	-1859.7659741849156
-1579.3250210594815	-1861.9984450206753
-1575.8982237181226	-1869.7387843514691
-1575.4908768886862	-1870.658886234095
-1575.1084880483656	-1871.5109834530585
-1574.6039783920037	-1872.5649583020004
-1570.514542495694	-1880.3252027557905
-1569.0423926172377	-1882.9824551069835
-1568.4589991619027	-1883.9148953845433
-1567.9393986514394	-1884.582145847126
-1567.9393986514392	-1884.5821458471262
-1566.3150303993887	-1886.504846086047
-1565.931342806319	-1886.953908103359
-1565.4432129908987	-1887.5166087651364
-1565.2746135216462	-1887.7109649177964
-1563.7416330670726	-1889.378876308337
-1563.4139576531743	-1889.716322789371
-1562.8982237181226	-1890.2324018296688
-1562.685856762555	-1890.4449108913602
-1562.2128682196662	-1890.9078222925127
-1561.3508620432979	-1891.7514632070856
-1561.0222995172235	-1892.0552409792406
-1560.8490603176679	-1892.2083815003828
-1560.0774732264613	-1892.8330438125106
-1559.5134403658722	-1893.271392297811
-1558.4113873122267	-1894.122716555206
-1556.117519612986	-1895.8947049446576
-1555.774378422842	-1896.1464321733756
-1555.385315518557	-1896.3738804113518
-1554.960649986766	-1896.6189861236012
-1553.252967025831	-1897.6010347350598
-1553.1073886346662	-1897.6843189437027
-1553.0999146186336	-1897.6885417621224
-1552.7788499818619	-1897.8421366746925
-1551.981315316947	-1898.2184558772497
-1551.825523653089	-1898.2892100442393
-1545.4489836693137	-1901.058009366363
-1544.5545193699534	-1901.4298173058644
-1544.076536485284	-1901.6278926663688
-1543.8637091534447	-1901.705125554838
-1543.2738930917153	-1901.914674132976
-1541.9983814333432	-1902.358214424305
-1541.9504232367144	-1902.374298524169
-1541.747413126789	-1902.4385181141276
-1541.0671807396002	-1902.6389923700706
-1539.8244531967512	-1902.995476194692
-1537.0287019394452	-1903.7400548321286
-1536.9674459310095	-1903.7559569083737
-1535.8078628203755	-1904.0491430344211
-1535.1747586373979	-1904.2001900702799
-1534.4952666378995	-1904.3448574958575
-1531.8447824901164	-1904.881673363845
-1530.9764894227205	-1905.0555259564544
-1529.602279231825	-1905.2931839758958
-1529.0924472187721	-1905.3763393933023
-1526.8982237181226	-1905.6879132094705
-1524.2430013847447	-1906.0649476159201
-1523.577751516376	-1906.099557182975
-1523.4003546448596	-1906.1064299327822
-1522.5280453268829	-1906.1227879304433
-1522.0672676962604	-1906.1296245543153
-1522.0672676961997	-1906.129624554317
-1522.0672676961333	-1906.1296245543178
-1509.390576616901	-1928.122716555206
-1508.1882992658711	-1929.6697630800209
-1508.1834047307964	-1929.6757604342822
-1507.9292265999884	-1929.9084818079987
-1506.5682118573764	-1930.9259097882004
-1504.0951709956603	-1934.6532941189669
-1503.3776316112264	-1935.825716425256
-1501.1334363037918	-1936.095957588008
-1494.7492237690972	-1936.837369966327
-1493.5483819249948	-1943.122716555206
-1492.6281965459937	-1943.506419437249
-1491.7492237690972	-1943.837369966327
-1490.8720962751604	-1944.120060630718
-1489.8359900116666	-1944.4080395301244
-1488.5619670664423	-1944.7322559100821
-1484.1766687796262	-1945.8351711505811
-1479.0815020297046	-1947.0664639084084
-1477.1323498438903	-1947.5098045840366
-1477.0329852805346	-1947.5270040547598
-1474.9089592095136	-1947.8938562023784
-1471.8250086551125	-1948.321853036999
-1469.4023490768632	-1948.390130225043
-1466.1026987488917	-1948.4072138045353
-1466.102698748888	-1948.4072138045356
-1462.6588204210502	-1949.335088242356
-1460.7745429031747	-1952.9609031644964
-1458.7947790376863	-1956.5172416001099
-1456.778914180617	-1959.9369451654125
-1454.9039396897624	-1962.7832887246484
-1453.5038861614087	-1964.6807049324466
-1451.1834047307964	-1967.675760434282
-1450.9292265999884	-1967.9084818079987
-1449.8028799398764	-1968.7765320106182
-1446.5160529819805	-1970.6969475068572
-1441.5078359548265	-1973.2504194976314
-1439.8982237181224	-1973.9699356687374
-1427.7848737702573	-1974.5796201702603
-1427.7131792646019	-1974.9442458881872
-1426.475885417153	-1981.0186300593098
-1425.3110174633207	-1986.191778634821
-1424.8982237181226	-1987.9542075097065
-1424.6251729430296	-1989.1200017494007
-1424.2631098254933	-1990.3717957457573
-1423.9861470871147	-1991.2698273927263
-1422.6199336970403	-1995.122716555206
-1421.6002090035058	-1997.8523028003879
-1419.422419446245	-2003.5698273716162
-1419.1187433466082	-2004.3637161650308
-1418.6092760706688	-2005.6553120671467
-1418.5210592309509	-2005.8746702711264
-1418.3644657425407	-2006.2481933349936
-1417.984443849399	-2007.122716555206
-1417.1964885768652	-2008.9359941446182
-1417.1844878900924	-2008.9633394559132
-1416.2520118685186	-2011.0557204160798
-1415.8387859895486	-2011.9532455932779
-1415.6588204210502	-2012.335088242356
-1413.7745429031747	-2015.9609031644964
-1412.617235737829	-2018.078888776325
-1412.1729627750012	-2018.8614896755387
-1410.728142613975	-2021.3571349510976
-1409.778914180617	-2022.9369451654125
-1408.6589972048546	-2024.6534800612394
-1407.9039396897624	-2025.7832887246482
-1407.5443071074674	-2026.289516647174
-1406.5038861614087	-2027.6807049324466
-1405.4936655670085	-2028.9900654644455
-1404.1882992658711	-2030.6697630800209
-1404.1834047307964	-2030.6757604342822
-1404.063850415589	-2030.787152900965
-1403.9292265999884	-2030.9084818079987
-1403.2338660391551	-2031.445522319644
-1402.8028799398764	-2031.7765320106182
-1401.8647971253258	-2032.3442536566854
-1399.5160529819805	-2033.6969475068572
-1397.9796686727761	-2034.5325261777957
-1395.8982237181226	-2035.56276814113
-1394.5078359548268	-2036.2504194976314
-1394.3003539951321	-2036.350146247497
-1393.7582146599052	-2036.594365393769
-1392.8982237181224	-2036.9699356687374
-1391.6281965459937	-2037.5064194372492
-1391.0235442063304	-2037.7396697353377
-1389.5051672519194	-2038.2247983766372
-1378.0815020297046	-2041.0664639084084
-1373.9089592095133	-2041.8938562023789
-1370.6022864439121	-2042.3396618037755
-1365.1026987488917	-2042.4072138045353
-1343.8982237181226	-2051.122716555206
-1339.1969383244243	-2051.453310571098
-1337.7608353282437	-2054.827904456708
-1337.5769298914934	-2055.2582172679176
-1336.4208581390876	-2057.9536599404064
-1336.310313234474	-2058.2108547771086
-1336.2798722524683	-2058.2784712084017
-1335.5301472321596	-2059.8175056842083
-1335.0112461707804	-2060.8439469063637
-1334.8125325413996	-2061.23269941115
-1334.3323255050266	-2062.162334499425
-1334.1809895860158	-2062.438845296457
-1333.6526255039623	-2063.398078819929
-1332.2154392211164	-2065.981666838114
-1330.9959921113036	-2068.122716555206
-1330.8982237181226	-2068.2943738488075
-1330.1077535548725	-2069.682245373351
-1329.3312903601384	-2070.9995896479386
-1329.2480146816026	-2071.1366318791606
-1327.882463405619	-2073.2590801182323
-1327.7476373282325	-2073.464837461838
-1327.475885417153	-2075.0186300593095
-1326.3477218890648	-2075.5190246652346
-1326.3110174633207	-2080.1917786348213
-1325.6251729430296	-2083.1200017494007
-1325.5239034615101	-2083.506705980997
-1325.4939020966754	-2083.6115783846967
-1325.2631098254933	-2084.3717957457575
-1324.9861470871147	-2085.2698273927263
-1324.8757436154551	-2085.609385133608
-1324.2924228274842	-2087.2735170836477
-1323.9440979803971	-2088.254997675159
-1322.6002090035063	-2091.852302800388
-1320.422419446245	-2097.569827371616
-1320.1187433466082	-2098.363716165031
-1320.118743346608	-2098.3637161650313
-1319.9198519519177	-2098.8680485096847
-1319.8982237181226	-2098.9228728579587
-1319.6092760706688	-2099.655312067147
-1319.5210592309509	-2099.8746702711264
-1319.3644657425407	-2100.2481933349936
-1318.1964885768652	-2102.9359941446182
-1318.1844878900924	-2102.9633394559132
-1317.2520118685186	-2105.0557204160796
-1316.8982237181226	-2105.8242273740934
-1316.838785989548	-2105.9532455932795
-1316.6588204210502	-2106.335088242356
-1314.7745429031747	-2109.9609031644964
-1313.1729627750012	-2112.861489675539
-1312.794779037686	-2113.5172416001096
-1310.778914180617	-2116.9369451654125
-1308.5443071074674	-2120.289516647174
-1305.8442447464752	-2123.8257164252564
-1305.6342285484607	-2124.095957588008
-1305.1882992658711	-2124.669763080021
-1305.1834047307964	-2124.675760434282
-1305.130189796129	-2124.7260544189603
-1305.063850415589	-2124.7871529009653
-1304.9292265999884	-2124.9084818079987
-1304.2338660391551	-2125.4455223196437
-1303.8597456578077	-2125.7331678699625
-1303.8028799398764	-2125.776532010618
-1303.7596800208507	-2125.80421685232
-1303.580783503161	-2125.9181272750016
-1303.5682118573764	-2125.9259097882004
-1303.3776316112267	-2126.039254126609
-1302.8647971253258	-2126.344253656685
-1301.1334363037918	-2127.341382757508
-1300.5160529819805	-2127.696947506857
-1298.979668672776	-2128.5325261777957
-1297.4075755936428	-2129.310855316964
-1295.5078359548268	-2130.2504194976314
-1295.3003539951321	-2130.350146247497
-1294.7582146599052	-2130.5943653937693
-1293.2019231952513	-2131.274020009781
-1292.6281965459937	-2131.506419437249
-1292.0235442063304	-2131.739669735338
-1291.7492237690972	-2131.837369966327
-1290.87209627516	-2132.1200606307175
-1290.5051672519194	-2132.2247983766374
-1289.7328520921396	-2132.434862427006
-1288.5619670664423	-2132.732255910082
-1284.1766687796262	-2133.835171150581
-1279.0815020297046	-2135.066463908409
-1277.1323498438903	-2135.509804584037
-1277.0329852805362	-2135.5270040547593
-1274.9089592095124	-2135.8938562023786
-1274.9089592095122	-2135.893856202379
-1271.8250086551127	-2136.321853036999
-1271.6022864439121	-2136.3396618037755
-1269.4023490768632	-2136.3901302250433
-1266.7506604544437	-2136.4058799495147
-1266.1026987488938	-2136.407213804536
-1247.3776316112264	-2157.825716425256
-1210.1026987488917	-2170.4072138045353
-1192.8982237181226	-2190.122716555206
-1192.8856433674498	-2190.544598436981
-1172.6327676732353	-2190.8294524616613
-1172.6305143937243	-2190.8513119317768
-1172.6241490412028	-2190.9020510216033
-1172.5959583003535	-2191.1267192029827
-1172.334474777599	-2193.1671738493683
-1172.1701017817013	-2194.26133509556
-1172.0356424736633	-2195.1227165552054
-1172.018075613145	-2195.235254453663
-1171.9316541062276	-2195.7426904496165
-1171.912882230158	-2195.850435590811
-1171.7848737702573	-2196.5796201702606
-1171.7131792646019	-2196.944245888187
-1170.475885417153	-2203.01863005931
-1169.3110174633207	-2208.1917786348213
-1168.8982237181226	-2209.9542075097065
-1168.6251729430296	-2211.1200017494007
-1168.5239034615101	-2211.506705980997
-1168.4939020966756	-2211.6115783846967
-1168.2631098254933	-2212.3717957457575
-1167.9861470871147	-2213.2698273927263
-1167.8757436154551	-2213.609385133608
-1166.9440979803971	-2216.254997675159
-1166.6199336970403	-2217.122716555206
-1165.6002090035058	-2219.852302800388
-1163.97362002001	-2224.122716555206
-1163.4224194462452	-2225.5698273716152
-1163.422419446245	-2225.569827371616
-1163.1187433466082	-2226.363716165031
-1162.6092760706688	-2227.655312067147
-1162.5210592309509	-2227.8746702711264
-1162.3644657425407	-2228.2481933349936
-1161.1964885768652	-2230.9359941446182
-1161.1844878900924	-2230.9633394559132
-1160.2520118685186	-2233.0557204160796
-1159.8387859895483	-2233.953245593278
-1159.7291195688726	-2234.1883605842218
-1159.6588204210502	-2234.335088242356
-1157.7745429031747	-2237.9609031644964
-1156.617235737829	-2240.0788887763247
-1156.1729627750012	-2240.861489675539
-1154.728142613975	-2243.3571349510976
-1153.778914180617	-2244.9369451654125
-1152.6589972048546	-2246.6534800612394
-1151.9039396897624	-2247.783288724648
-1151.5443071074674	-2248.289516647174
-1150.5038861614087	-2249.6807049324466
-1150.5038861614084	-2249.680704932447
-1149.4936655670085	-2250.9900654644453
-1148.1882992658711	-2252.669763080021
-1148.1834047307964	-2252.675760434282
-1148.063850415589	-2252.7871529009653
-1147.9292265999884	-2252.9084818079987
-1147.2338660391551	-2253.4455223196437
-1146.8028799398764	-2253.776532010618
-1146.5682118573764	-2253.9259097882004
-1145.8647971253258	-2254.344253656685
-1143.5160529819805	-2255.696947506857
-1142.7331884738508	-2256.122716555206
-1141.9796686727761	-2256.5325261777957
-1140.4075755936428	-2257.310855316964
-1139.8982237181226	-2257.5627681411297
-1138.5078359548268	-2258.2504194976314
-1138.3003539951321	-2258.350146247497
-1137.7582146599052	-2258.5943653937693
-1136.8982237181224	-2258.9699356687374
-1136.2019231952513	-2259.274020009781
-1135.0235442063304	-2259.739669735338
-1133.8720962751604	-2260.120060630718
-1132.8359900116666	-2260.4080395301244
-1132.7328520921394	-2260.434862427006
-1131.5619670664423	-2260.732255910082
-1130.009457557774	-2261.122716555206
-1127.176668779627	-2261.835171150581
-1122.0815020297048	-2263.066463908409
-1120.1323498438903	-2263.509804584037
-1120.0329852805362	-2263.52700405476
-1117.9089592095124	-2263.8938562023786
-1116.8982237181224	-2264.034128098222
-1114.8250086551127	-2264.321853036999
-1114.6022864439121	-2264.3396618037755
-1113.1988926595652	-2264.3764386757884
-1112.4023490768632	-2264.3901302250433
-1109.7506604544442	-2264.4058799495147
-1109.1026987488915	-2264.4072138045353
-1109.1026987488888	-2264.407213804536
-1105.3520756774026	-2264.970042051527
-1105.3111638689265	-2264.984164313818
-1103.300363053342	-2265.550372886758
-1101.8815193374542	-2265.929997107758
-1099.4151535821816	-2266.562117127851
-1097.6196015166295	-2267.001308264452
-1095.1556733764858	-2267.5564187946943
-1092.8982237181226	-2267.9945800823257
-1091.144652761072	-2268.334940677145
-1088.8982237181226	-2268.7563122043625
-1074.1841081069588	-2269.566892903049
-1074.0287547261478	-2269.9291075589144
-1073.1057189893547	-2272.0766513685985
-1072.851540704496	-2272.6412398740226
-1072.1146595303521	-2274.1539085203403
-1071.8982237181226	-2280.122716555206
-1068.3699705926867	-2281.0396085153043
-1067.014474402088	-2283.4210646551446
-1066.0036017922398	-2285.13610698291
-1065.8729289683197	-2285.35114810494
-1064.8982237181226	-2286.866112411502
-1064.2099286126577	-2289.3243213522555
-1064.030149321026	-2290.122716555206
-1063.393845639531	-2292.9485248132914
-1062.9591725056314	-2294.8388454526316
-1062.578372436255	-2296.464676865133
-1062.3252331965107	-2297.431305840846
-1062.2090082143473	-2297.8375804659045
-1061.7808994000961	-2299.2256923317636
-1061.7752654277838	-2299.243020219028
-1061.7454981286296	-2299.327942125825
-1061.1413783891564	-2301.0301801493265
-1060.8982237181226	-2301.681053517122
-1059.049394341573	-2306.6230494793413
-1056.4084132041005	-2313.4829472649335
-1054.8684142763996	-2317.03232839213
-1053.2620757481588	-2320.585313915458
-1053.1499909919396	-2320.81925606557
-1051.069145017024	-2324.8233172056885
-1049.7362489608233	-2327.2626477081076
-1046.6589327919273	-2332.3073193137634
-1044.38509359914	-2335.4855296871438
-1043.8922388003675	-2336.122716555206
-1043.5643759836182	-2336.544598436981
-1043.352849808587	-2336.8167825829346
-1042.625223905748	-2337.726341240949
-1042.3511595781338	-2338.043075718472
-1042.3173161244094	-2338.079915812414
-1042.2345845072557	-2338.1496182264336
-1041.3004075174272	-2338.9209498477376
-1040.8982237181226	-2339.247771814545
-1040.8856433674498	-2339.257994839334
-1040.7111079333372	-2339.399825549455
-1040.6592164850063	-2339.4397397567914
-1040.6578857598827	-2339.440654161506
-1040.5873459068607	-2339.4837835290905
-1038.5605417953066	-2340.6400474876054
-1038.1965752967635	-2340.8379944734584
-1035.8419607987325	-2342.096991631329
-1034.4948840175723	-2342.7637716078084
-1032.4280065408857	-2343.7433948053977
-1030.7587387513147	-2344.4840265976327
-1029.5515368661213	-2344.9490401985868
-1028.7856094512986	-2345.2297919382877
-1028.3868352155348	-2345.3420802311944
-1027.1558899626214	-2345.679150613233
-1023.0291334001165	-2346.7170418600617
-1018.5877506231229	-2347.790341855225
-1016.3531716268203	-2348.3193303700564
-1014.9180845310564	-2348.6448169101927
-1014.3028869064326	-2348.7510710531537
-1009.3784842983769	-2349.4344895099243
-1009.022845056319	-2349.462926262075
-1007.2661994419409	-2349.5078049197477
-1006.6396099578913	-2349.518575178864
-1005.5922641295933	-2349.5260756343396
-1001.6563633388771	-2349.535593627428
-967.8982237181226	-2356.122716555206
-959.8982237181226	-2384.122716555206
-959.7575906443308	-2384.1901299744077
-958.6038260065159	-2385.3013645180945
-932.2598886609021	-2392.915938804897
-931.8856433674498	-2393.544598436981
-921.2836303354363	-2397.533780067752
-894.3459115528401	-2421.1700386577686
-891.8982237181226	-2422.122716555206
-891.7575906443308	-2422.1901299744077
-880.3520756774026	-2430.970042051527
-864.0644591177496	-2431.3547831860014
-863.8856433674498	-2431.544598436981
-857.6028171371106	-2433.2659574058966
-856.3471105983101	-2436.4494103196785
-856.23328512465	-2436.7315715890813
-855.850270275057	-2437.651699717147
-854.1841081069589	-2441.566892903049
-853.1057189893547	-2444.0766513685985
-852.8515407044961	-2444.6412398740226
-852.1146595303521	-2446.1539085203403
-851.245335263095	-2447.8565909778886
-850.1148485618221	-2449.9184777896835
-848.3699705926869	-2453.0396085153043
-847.0144744020879	-2455.4210646551446
-845.8729289683198	-2457.35114810494
-844.5064362532764	-2459.475059603363
-843.5709973308939	-2460.859579903317
-842.8982237181227	-2461.765432168897
-842.6295747149078	-2462.122716555206
-841.7281647180015	-2463.321528810988
-841.7281647180014	-2463.3215288109886
-841.5193207395398	-2463.591702667374
-841.3365608783015	-2463.825873388224
-840.8982237181226	-2464.3372790317953
-840.8690826493938	-2464.371277762365
-840.6621266970113	-2464.5809130523608
-840.0029729265684	-2465.2396547218605
-839.8665516807258	-2465.3627975774525
-839.6053601762884	-2465.5745580929706
-838.5802406463538	-2466.3973900693436
-838.2266436392215	-2466.6507724023504
-837.4087655494868	-2467.1502516231967
-836.2908689642094	-2467.8086118874917
-835.4795146368123	-2468.275888841472
-834.4948840175723	-2468.7637716078084
-832.4280065408857	-2469.7433948053977
-831.7999786708401	-2470.021466317946
-831.1015455995191	-2470.3212619348637
-830.9562557085301	-2470.380405320445
-830.4438071000551	-2470.5704885514783
-829.3520756774026	-2470.9700420515264
-829.3111638689267	-2470.984164313818
-828.8191173452622	-2471.122716555206
-827.3003630533419	-2471.550372886758
-826.493867417124	-2471.766979768183
-825.9698291901778	-2471.9067351276058
-825.8815193374542	-2471.929997107758
-825.7981337636057	-2471.9514028157046
-824.2976433502376	-2472.3360209496186
-823.4151535821816	-2472.562117127851
-821.7770675681227	-2472.963255180358
-821.6196015166295	-2473.001308264452
-819.1556733764858	-2473.5564187946943
-815.144652761072	-2474.334940677145
-812.8982237181225	-2474.7563122043625
-810.271604699001	-2475.248997460093
-809.3290583553976	-2475.4019558214777
-808.8669824214296	-2475.4548561730994
-808.677342566123	-2475.472616353087
-808.3133429292243	-2475.482825221937
-807.9960812771699	-2475.4903935258912
-807.2441456390932	-2475.5063419341805
-804.6073582068163	-2475.5280392134373
-802.2836303354684	-2475.533780067752
-802.283630335434	-2475.5337800677526
-788.8982237181226	-2491.122716555206
-759.6249784281833	-2504.1227165552054
-759.5442643234446	-2504.1227165552064
-757.3784842983769	-2504.434489509924
-757.022845056319	-2504.4629262620756
-756.3133429292241	-2504.482825221937
-755.266199441941	-2504.5078049197477
-754.6396099578913	-2504.518575178864
-754.2774979741328	-2504.5221031484384
-753.5922641295934	-2504.5260756343396
-749.6563633388685	-2504.535593627428
-746.625223905748	-2505.7263412409484
-746.3173161244096	-2506.079915812414
-745.3004075174271	-2506.9209498477376
-744.6578857598824	-2507.440654161506
-742.5605417953067	-2508.640047487605
-739.8419607987325	-2510.096991631329
-736.4280065408857	-2511.7433948053977
-734.7060829236614	-2512.5056588561574
-733.5515368661213	-2512.9490401985868
-732.7856094512985	-2513.2297919382877
-727.0291334001165	-2514.717041860061
-721.1841081069588	-2518.566892903049
-721.0287547261479	-2518.9291075589144
-720.1057189893548	-2521.0766513685985
-719.8515407044961	-2521.6412398740226
-719.1146595303522	-2523.1539085203403
-718.6832224063608	-2524.0073368167787
-718.6075715600099	-2524.1553360058615
-718.2453352630951	-2524.856590977888
-717.4290951807112	-2526.347969873429
-717.1148485618221	-2526.9184777896835
-716.1267697332662	-2528.6947183876837
-715.8982237181226	-2529.101360715877
-715.3699705926869	-2530.039608515304
-715.1030629397557	-2530.509770461368
-714.0144744020879	-2532.4210646551446
-713.0036017922399	-2534.13610698291
-712.8729289683198	-2534.35114810494
-711.5064362532764	-2536.475059603363
-711.0007435526268	-2537.235667920111
-710.5709973308938	-2537.859579903317
-710.3459115528402	-2538.1700386577686
-709.6295747149076	-2539.1227165552064
-708.7281647180016	-2540.321528810988
-708.7281647180014	-2540.3215288109886
-708.3365608783015	-2540.825873388224
-707.8982237181226	-2541.3372790317953
-707.8690826493938	-2541.371277762365
-707.0029729265684	-2542.2396547218605
-706.8665516807258	-2542.3627975774525
-705.2266436392215	-2543.6507724023504
-702.4795146368124	-2545.275888841472
-701.4948840175724	-2545.7637716078084
-698.5489432188381	-2547.129720205166
-696.3111638689267	-2547.984164313818
-690.4151535821816	-2549.562117127851
-686.1556733764857	-2550.556418794694
-682.1446527610719	-2551.334940677145
-677.271604699001	-2552.248997460093
-676.3290583553976	-2552.4019558214777
-675.6773425661229	-2552.472616353087
-674.2441456390932	-2552.5063419341805
-669.2836303354422	-2552.5337800677526
-668.0804927799102	-2557.122716555206
-667.7856094512983	-2557.2297919382877
-666.1558899626225	-2557.6791506132327
-664.7281647180016	-2558.3215288109886
-664.5193207395398	-2558.591702667374
-664.3365608783015	-2558.825873388224
-664.3365608783014	-2558.8258733882244
-663.8982237181226	-2559.3372790317953
-657.5877506231229	-2559.790341855225
-655.3531716268203	-2560.3193303700564
-653.9562557085301	-2560.380405320445
-653.9180845310566	-2560.644816910193
-653.3028869064331	-2560.7510710531537
-652.3111638689267	-2560.984164313818
-650.3003630533419	-2561.550372886758
-650.245335263095	-2562.8565909778886
-648.1297965191185	-2567.122716555206
-647.8862210522901	-2567.1227165552064
-647.3699705926869	-2568.0396085153043
-644.8729289683199	-2572.35114810494
-642.5709973308939	-2575.859579903317
-640.3365608783015	-2578.825873388224
-639.0029729265684	-2580.2396547218605
-637.5802406463537	-2581.3973900693436
-635.2908689642095	-2582.8086118874917
-634.4795146368124	-2583.275888841472
-633.4948840175725	-2583.763771607809
-628.3111638689267	-2585.984164313818
-624.1297965191185	-2587.122716555206
-622.4151535821816	-2587.562117127851
-620.6196015166295	-2588.001308264452
-618.1556733764858	-2588.5564187946943
-614.1446527610722	-2589.334940677145
-609.8982237181226	-2590.1314600671803
-609.271604699001	-2590.248997460093
-608.3290583553976	-2590.4019558214777
-607.8669824214295	-2590.454856173099
-607.677342566123	-2590.472616353087
-606.2441456390932	-2590.5063419341805
-603.6073582068163	-2590.528039213437
-601.2836303354425	-2590.533780067752
-583.2266436392215	-2591.6507724023504
-572.6563633388756	-2599.535593627428
-548.5593384593893	-2602.7547257100714
-546.3471105983101	-2608.4494103196785
-545.850270275057	-2609.651699717147
-543.8982237181226	-2619.122716555206
-541.2453352630951	-2619.856590977888
-536.8982237181227	-2627.618295089217
-536.0036017922399	-2629.13610698291
-533.5709973308939	-2632.859579903317
-532.6295747149078	-2634.122716555206
-531.7281647180016	-2635.321528810988
-531.5193207395398	-2635.591702667374
-531.3365608783015	-2635.825873388224
-530.8982237181226	-2636.337279031795
-530.8690826493938	-2636.371277762365
-530.6621266970114	-2636.5809130523608
-530.0029729265684	-2637.2396547218605
-529.8665516807259	-2637.3627975774525
-529.6053601762884	-2637.5745580929706
-528.5802406463538	-2638.3973900693436
-528.2266436392215	-2638.6507724023504
-527.4087655494868	-2639.1502516231967
-525.4795146368124	-2640.275888841472
-524.8042246844079	-2640.6106532663443
-524.4948840175723	-2640.7637716078084
-522.4280065408856	-2641.7433948053977
-521.5489432188381	-2642.129720205166
-520.9562557085301	-2642.380405320445
-519.3111638689265	-2642.984164313818
-516.493867417124	-2643.766979768183
-513.4151535821816	-2644.562117127851
-511.6196015166295	-2645.001308264452
-509.15567337648577	-2645.556418794694
-505.14465276107194	-2646.334940677145
-500.27160469900105	-2647.248997460093
-499.3290583553976	-2647.4019558214777
-498.8669824214296	-2647.454856173099
-498.6773425661229	-2647.472616353087
-497.9960812771699	-2647.4903935258912
-497.2441456390932	-2647.5063419341805
-494.60735820681634	-2647.5280392134373
-492.2836303354363	-2647.533780067752
-492.2836303354338	-2647.5337800677526
-474.8515407044961	-2649.6412398740226
-473.24533526309506	-2652.8565909778886
-469.0144744020879	-2660.4210646551446
-466.50643625327643	-2664.475059603363
-465.3459115528402	-2666.1700386577686
-462.8982237181226	-2667.122716555206
-462.8690826493938	-2669.371277762365
-461.8665516807258	-2670.3627975774525
-460.2266436392215	-2671.6507724023504
-457.4795146368124	-2673.275888841472
-452.9562557085301	-2675.380405320445
-445.4151535821816	-2677.562117127851
-431.3290583553976	-2680.4019558214777
-424.28363033543974	-2680.5337800677526
-408.8982237181226	-2682.1227165552064
-407.6038260065159	-2683.3013645180945
-384.2380521212874	-2694.122716555206
-383.1587125675285	-2694.1227165552064
-383.14465276107205	-2694.334940677145
-378.27160469900105	-2695.248997460093
-377.3290583553976	-2695.4019558214777
-376.8669824214296	-2695.4548561730994
-376.6773425661231	-2695.472616353087
-376.5193207395398	-2695.591702667374
-376.3365608783015	-2695.825873388224
-376.3365608783014	-2695.8258733882244
-375.8982237181226	-2696.3372790317953
-375.8690826493938	-2696.371277762365
-375.0029729265684	-2697.2396547218605
-373.5802406463538	-2698.3973900693436
-373.2266436392215	-2698.6507724023504
-370.4795146368124	-2700.275888841472
-369.4948840175723	-2700.7637716078084
-366.5489432188381	-2702.129720205166
-364.31116386892654	-2702.984164313818
-358.41515358218163	-2704.562117127851
-354.15567337648565	-2705.556418794694
-345.2716046990011	-2707.248997460093
-343.67734256612283	-2707.472616353087
-340.8982237181226	-2715.122716555206
-312.8982237181226	-2724.122716555206
-307.8982237181226	-2727.122716555206
-288.5592753934682	-2727.574392253775
-287.65128542786044	-2729.141984648443
-286.51817462055004	-2730.996035031084
-285.0241576098286	-2733.257146956979
-284.50312883719516	-2733.9905602407894
-281.3511595781339	-2738.0430757184718
-280.300407517427	-2738.9209498477376
-279.6578857598825	-2739.440654161506
-277.5605417953066	-2740.6400474876054
-274.84196079873254	-2742.096991631329
-270.7167002493703	-2744.061844978328
-267.78560945129846	-2745.2297919382877
-262.0291334001162	-2746.717041860061
-253.9180845310571	-2748.644816910193
-248.37848429837675	-2749.434489509924
-248.02284505631906	-2749.462926262075
-246.0718165054576	-2749.963003181998
-243.9329468434787	-2754.5693546179255
-243.00748202818886	-2756.4436377095117
-241.114848561822	-2759.9184777896835
-238.01447440208807	-2765.4210646551446
-236.8729289683198	-2767.35114810494
-234.82238772798752	-2770.499256064303
-233.6295747149078	-2772.122716555206
-232.72816471800155	-2773.3215288109877
-232.7281647180015	-2773.321528810988
-232.5193207395398	-2773.591702667374
-232.33656087830144	-2773.825873388224
-231.89822371812267	-2774.337279031795
-231.86908264939382	-2774.371277762365
-231.6621266970114	-2774.5809130523608
-231.00297292656848	-2775.2396547218605
-230.86655168072588	-2775.3627975774525
-230.6053601762884	-2775.5745580929706
-229.5802406463538	-2776.3973900693436
-229.22664363922144	-2776.6507724023504
-228.40876554948682	-2777.1502516231967
-226.47951463681233	-2778.275888841472
-225.80422468440798	-2778.6106532663443
-225.49488401757236	-2778.7637716078084
-223.42800654088558	-2779.7433948053977
-222.54894321883813	-2780.129720205166
-221.95625570853008	-2780.380405320445
-220.3111638689266	-2780.984164313818
-217.2223577451084	-2781.8399012580103
-214.41515358218152	-2782.562117127851
-212.6196015166293	-2783.001308264452
-210.15567337648577	-2783.556418794694
-206.14465276107194	-2784.334940677145
-201.27160469900105	-2785.248997460093
-200.32905835539754	-2785.4019558214777
-199.86698242142955	-2785.454856173099
-199.6773425661229	-2785.472616353087
-199.56372312701177	-2785.5342609142317
-198.86908264939382	-2786.371277762365
-197.86655168072593	-2787.3627975774525
-196.5802406463538	-2788.3973900693436
-195.40876554948682	-2789.1502516231967
-193.47951463681238	-2790.275888841472
-190.4280065408857	-2791.7433948053977
-188.95625570852997	-2792.380405320445
-187.3111638689266	-2792.984164313818
-181.41515358218157	-2794.562117127851
-177.15567337648565	-2795.556418794694
-168.2716046990011	-2797.248997460093
-166.67734256612277	-2797.472616353087
-160.28363033543621	-2797.533780067752
-160.28363033543383	-2797.5337800677526
-155.4059554680515	-2799.1399284090858
-144.37771526290106	-2801.29993158501
-135.57275289659106	-2802.3764063684152
-93.65046671471273	-2804.0985045823363
-92.71699664250926	-2806.28925970797
-90.75323270897408	-2810.6555366551593
-88.9329468434787	-2814.5693546179255
-88.00748202818878	-2816.4436377095117
-83.01447440208807	-2825.4210646551446
-79.82238772798746	-2830.499256064303
-79.57099733089382	-2830.8595799033164
-78.62957471490779	-2832.122716555206
-77.7281647180015	-2833.321528810988
-77.51932073953978	-2833.591702667374
-77.33656087830155	-2833.8258733882244
-76.89822371812255	-2834.3372790317953
-76.86908264939382	-2834.371277762365
-76.66212669701133	-2834.5809130523608
-76.12010231581996	-2835.122716555206
-76.00297292656842	-2835.2396547218605
-75.86655168072593	-2835.3627975774525
-75.60536017628854	-2835.5745580929706
-74.58024064635379	-2836.3973900693436
-74.22664363922144	-2836.6507724023504
-73.40876554948684	-2837.1502516231967
-72.29086896420944	-2837.8086118874917
-71.4795146368125	-2838.275888841472
-70.80422468440796	-2838.610653266344
-70.49488401757236	-2838.7637716078084
-68.42800654088563	-2839.7433948053977
-67.79997867084006	-2840.021466317946
-66.95625570853034	-2840.380405320445
-66.44380710005521	-2840.570488551479
-65.35207567740258	-2840.9700420515264
-65.31116386892668	-2840.984164313818
-63.30036305334215	-2841.550372886758
-61.92740872328301	-2841.9182169550822
-59.415153582181574	-2842.562117127851
-57.77706756812279	-2842.963255180358
-57.619601516629444	-2843.001308264452
-55.15567337648571	-2843.5564187946943
-53.89822371812261	-2843.8004843752483
-51.14465276107191	-2844.334940677145
-45.329058355397535	-2845.4019558214777
-44.67734256612303	-2845.472616353087
-43.24414563909323	-2845.5063419341805
-40.60735820681634	-2845.528039213437
-40.11550819505712	-2845.5342609142317
-38.0889979157609	-2846.047661724432
-38.051707955028576	-2846.057108849496
-35.70616319629647	-2846.632667422906
-34.61888003656469	-2846.8806815264816
-33.40595546805156	-2847.1399284090858
-31.16627569603031	-2847.593199963436
-24.51513631348132	-2848.88790825486
-22.42432145255904	-2849.2913985484074
-22.424321452558956	-2849.291398548408
-22.37771526290109	-2849.29993158501
-21.10800386499551	-2849.4662413923593
-20.89822371812261	-2850.359182993955
-17.59104943371011	-2853.0703624466605
-17.403281952650786	-2853.219838467752
-17.340548363834245	-2853.266380702407
-16.810894084862554	-2853.591496671873
-15.523702531754992	-2854.3449843832095
-15.50074821839064	-2854.3559044252925
-14.422485066046704	-2854.850274309274
-13.994650794827436	-2855.0405177935972
-11.515843991370218	-2856.0906325844658
-11.458010149237225	-2856.1137767599457
-10.216741955405723	-2856.565013400579
-8.626389568208083	-2857.122716555206
-8.360527913045047	-2857.2159486495348
-7.225272083006445	-2857.506453076502
-5.051707955028576	-2858.057108849496
-2.7061631962965293	-2858.632667422906
-1.6188800365647182	-2858.8806815264816
-0.4059554680515305	-2859.1399284090858
1.8337243039697455	-2859.593199963436
8.48486368651865	-2860.88790825486
10.575678547440958	-2861.2913985484074
10.622284737098965	-2861.29993158501
11.891996135004518	-2861.4662413923593
16.98264806434983	-2861.691486012569
17.291208219405746	-2862.166109512408
18.49534525336054	-2862.3183457817877
18.752651687788727	-2862.344976725106
18.95078277075683	-2862.3574521847627
19.164668617822485	-2862.3704807650934
19.427247103407694	-2862.376406368415
19.427247103408945	-2862.3764063684152
95.10177628187745	-2872.122716555206
105.10177628187742	-2874.122716555206
106.10177628187739	-2877.122716555206
121.91220503586277	-2879.0665661569683
126.27679910634191	-2879.594055854405
135.10177628187745	-2880.122716555206
145.97360812839827	-2881.0350273623085
149.03160524544796	-2885.192447320421
150.78561352833106	-2887.2408616874536
153.0719593639762	-2889.657624732351
154.91220503586277	-2891.0665661569683
156.2769320540301	-2892.532273775066
157.7218275817989	-2893.9246866107337
160.34169273100116	-2896.1227165552064
161.70336549381648	-2897.2589076297463
161.86828970515052	-2897.396029580895
162.95702023280717	-2898.2313195758024
163.063366792027	-2898.302221220418
163.3256821703347	-2898.424646785731
165.19948447972962	-2899.155818842839
165.8431553789294	-2899.3980540323823
166.18417461983057	-2899.516065299229
170.0862905310667	-2900.532943530792
175.8426517516582	-2901.977120445069
180.63947208695504	-2902.2159486495348
181.25743431680434	-2903.283827476391
186.29383680370353	-2903.632667422906
186.40899544108493	-2904.2104742053616
190.8642555220601	-2904.45732713486
192.1017762818773	-2904.8400386799854
199.57567854744096	-2906.2913985484074
207.49534525336048	-2907.3183457817877
208.42724710340943	-2907.376406368415
232.6955595952166	-2911.393645609368
237.38368068175345	-2913.4175416314583
238.79662916774262	-2915.2589946969156
239.70552837055826	-2916.435591388108
241.30929721749166	-2918.389810366009
241.38208980499488	-2918.4550670948843
241.79993215232267	-2918.829098733766
241.84714855101072	-2918.8712932455364
246.1017762818774	-2919.122716555206
246.1017762818775	-2922.359182993955
264.20361540735155	-2923.00045170076
267.2845578215474	-2928.0454888215595
267.54580688314206	-2928.4298624280864
268.1781870345485	-2929.3244233882824
269.69511802307545	-2931.422943364314
269.76930859705044	-2931.5252069692847
270.5951155331728	-2932.6285874979403
271.2197610416506	-2933.458759014051
271.8239049522435	-2934.14914535484
272.78561352833106	-2935.2408616874536
274.8453101336107	-2937.4251154700823
275.0719593639762	-2937.657624732351
275.133258978765	-2937.7157970248604
276.60587941773787	-2939.0665661569683
276.9122050358628	-2939.347545001473
279.72182758179883	-2941.9246866107337
279.7218275817989	-2941.924686610734
279.94228629805366	-2942.1206318783607
283.7033654938165	-2945.2589076297463
283.8682897051506	-2945.396029580895
283.9771999247756	-2945.480103794777
284.95702023280694	-2946.2313195758034
285.0145447500223	-2946.272482136975
285.06336679202707	-2946.302221220418
285.2209368290082	-2946.3820943302426
285.3256821703346	-2946.424646785731
285.3256821703347	-2946.4246467857315
287.1994844797297	-2947.155818842839
287.8431553789294	-2947.3980540323823
288.18417461983057	-2947.516065299229
289.0609835412325	-2947.7456510392008
292.0862905310667	-2948.532943530792
302.27339460624233	-2951.0887213850506
303.60770683385977	-2951.402992592529
303.60770683385994	-2951.4029925925292
304.4726083669293	-2951.5931304236065
307.43678472550687	-2952.107431180146
307.97847051145527	-2952.1981007445074
308.0729678624467	-2952.2091171115735
310.3341074637178	-2952.460897615178
311.19597659477887	-2952.5271672352087
311.1959765947789	-2952.527167235209
311.27693205403	-2952.532273775066
336.9486267138901	-2952.5322737750666
341.3188090031713	-2956.5550156206614
341.94228629805366	-2957.1206318783607
345.8682897051506	-2960.396029580895
347.01454475002225	-2961.2724821369748
347.32568217033463	-2961.424646785731
350.083990630714	-2962.485976985853
359.84265175165814	-2964.9771204450685
365.0344568716055	-2966.23355277765
365.2574343168044	-2966.283827476391
370.4089954410849	-2967.2104742053616
374.1145503477011	-2967.4895865623666
374.11455034770756	-2967.489586562367
430.063366792027	-2970.302221220418
447.2733946062423	-2975.0887213850506
456.276932054033	-2976.5322737750657
456.27693205403307	-2976.532273775066
476.27339460624233	-2978.0887213850506
485.28276218820133	-2979.533558977021
511.1483124065592	-2981.044658952944
517.0145447500223	-2984.272482136975
520.1841746198306	-2985.516065299229
534.2733946062423	-2989.0887213850506
539.9784705114553	-2990.1981007445074
543.2827621882011	-2990.533558977021
545.1017762818774	-2992.122716555206
546.2197610416507	-2997.458759014051
551.9122050358628	-3003.0665661569683
560.0633667920271	-3010.302221220418
575.9122050358628	-3012.0665661569683
580.6224870764672	-3016.5226053774286
600.2197610416506	-3020.458759014051
605.6058794177378	-3026.0665661569683
605.9122050358628	-3026.347545001473
608.7218275817988	-3028.924686610734
608.9422862980537	-3029.1206318783607
612.7033654938165	-3032.2589076297463
612.8682897051506	-3032.396029580895
612.9771999247756	-3032.480103794777
613.9570202328072	-3033.2313195758024
614.0145447500223	-3033.272482136975
614.0633667920271	-3033.302221220418
614.2209368290082	-3033.3820943302426
614.3256821703346	-3033.4246467857315
616.1994844797297	-3034.155818842839
616.8431553789294	-3034.3980540323823
617.1841746198306	-3034.516065299229
618.0609835412325	-3034.7456510392008
621.0862905310667	-3035.532943530792
631.2733946062424	-3038.0887213850506
632.6077068338598	-3038.402992592529
632.60770683386	-3038.4029925925292
633.4726083669293	-3038.5931304236065
636.4367847255069	-3039.107431180146
636.9784705114553	-3039.1981007445074
637.0729678624468	-3039.2091171115735
639.3341074637178	-3039.460897615178
639.8564683454605	-3039.5123829097274
640.2827621882013	-3039.533558977021
666.9422862980537	-3040.1206318783607
670.8682897051506	-3043.396029580895
671.9570202328072	-3044.2313195758024
672.0145447500222	-3044.2724821369748
672.2209368290082	-3044.3820943302426
672.3256821703346	-3044.424646785731
674.1994844797296	-3045.155818842839
675.0839906307141	-3045.485976985853
679.0862905310668	-3046.532943530792
689.2733946062423	-3049.0887213850506
691.4726083669293	-3049.5931304236065
694.9784705114553	-3050.1981007445074
698.2827621882013	-3050.533558977021
785.8682897051506	-3053.396029580895
787.063366792027	-3054.302221220418
787.3256821703346	-3054.424646785731
790.083990630714	-3055.485976985853
791.0609835412325	-3055.7456510392008
804.2733946062424	-3059.0887213850506
806.9978191032352	-3059.583295334685
808.6058794177379	-3061.0665661569683
808.9122050358628	-3061.347545001473
811.7218275817988	-3063.9246866107337
811.721827581799	-3063.924686610734
811.9422862980537	-3064.1206318783607
815.7033654938165	-3067.2589076297463
815.8682897051506	-3067.396029580895
815.9771999247756	-3067.480103794777
816.9570202328072	-3068.2313195758024
817.0145447500223	-3068.272482136975
817.063366792027	-3068.302221220418
817.2209368290081	-3068.3820943302426
817.3256821703346	-3068.4246467857315
819.1994844797297	-3069.155818842839
819.8431553789294	-3069.3980540323823
820.1841746198305	-3069.516065299229
821.0609835412325	-3069.7456510392008
824.0862905310667	-3070.532943530792
834.2733946062424	-3073.0887213850506
835.6077068338598	-3073.402992592529
835.60770683386	-3073.4029925925292
836.4726083669293	-3073.5931304236065
839.4367847255069	-3074.107431180146
839.9784705114553	-3074.1981007445074
840.0729678624467	-3074.2091171115735
842.3341074637178	-3074.460897615178
842.8564683454605	-3074.5123829097274
843.2827621882013	-3074.533558977021
