-7068.49866231373	271.199134355381
-7068.498662313729	271.19913435537995
-7068.4826403496845	268.25972795053315
-7068.460046809381	265.7600137189307
-7068.453981893091	265.33940262589283
-7068.405323797831	262.93685838192226
-7068.294940527018	258.19408743385384
-7068.156039118117	253.28116963908246
-7068.078079262623	251.60180841517695
-7067.792092927588	247.30043432389226
-7067.640148386993	245.20738058716364
-7067.49866231373	66.19913435527627
-7067.498662313728	66.19913435527565
-7062.250086670589	37.26315476736846
-7062.218831692313	31.299062555186197
-7058.49866231373	-2.7360417954232616
-7058.498662313729	-142.80086564461965
-7058.4826403496845	-145.74027204946628
-7058.453981893092	-148.66059737410728
-7058.294940527018	-155.80591256614616
-7058.156039118117	-160.71883036091748
-7058.078079262623	-162.39819158482305
-7057.792092927588	-166.6995656761078
-7057.640148386994	-168.7926194128363
-7057.469088129843	-170.6068984681072
-7056.815146220148	-174.65203656517053
-7056.292317223932	-177.70588838765718
-7055.942161652374	-179.18283190842038
-7055.4938758624885	-181.02306653513642
-7055.082487986185	-182.48668089608424
-7052.49866231373	-242.80086564472373
-7052.498662313728	-242.80086564472435
-7052.460046809381	-248.23998628106926
-7052.405323797831	-251.06314161807785
-7052.190129772204	-259.60534837202795
-7052.071094840114	-262.51096132190787
-7051.649349862126	-268.67758136361533
-7051.469088129843	-270.60689846810715
-7050.815146220148	-274.65203656517053
-7050.292317223932	-277.7058883876574
-7049.4938758624885	-281.02306653513637
-7049.082487986185	-282.4866808960841
-7048.453981893091	-284.6605973741068
-7048.156039118117	-296.7188303609176
-7047.427408943344	-306.9117467024293
-7045.326072997669	-317.63655387366373
-7010.623902885154	-535.9440585176369
-7009.28192245838	-537.4686962801716
-7009.281922458379	-537.4686962801717
-7009.254416731397	-537.495704520291
-7009.116325803947	-537.6253424615884
-7009.012814152335	-537.7225178348224
-6984.498662313729	-591.8008656446193
-6980.498662313729	-627.80086564462
-6979.742598228943	-736.2169188187669
-6960.28192245838	-798.4686962801716
-6929.507516548412	-950.1245571376662
-6922.079859273856	-1006.59126175507
-6921.318975951762	-1008.6524970611092
-6920.964816821865	-1009.5917032583454
-6920.921689164356	-1009.704978894328
-6920.500884013831	-1010.8091296788884
-6920.344901768581	-1011.2105006272866
-6920.248123829069	-1011.4348969089162
-6920.180802563153	-1011.5689818502346
-6919.844081378307	-1012.2047691902395
-6919.497283516641	-1012.8378557905244
-6919.227081048506	-1013.2928035865802
-6918.925797550706	-1013.7585398586825
-6917.842060538953	-1015.384143872855
-6917.459757553466	-1015.9439483968786
-6915.941723470127	-1018.0461262823435
-6914.341651976583	-1025.7942129901094
-6879.294671150181	-1097.7782776224265
-6878.952258177153	-1100.032875852106
-6868.155922151115	-1154.9399305028192
-6867.7425982289415	-1235.0676211144842
-6848.28192245838	-1311.684023015219
-6842.2835024161795	-1336.2753522048167
-6840.968470440408	-1345.4501806534981
-6838.174838289291	-1358.5338422504688
-6834.227081048507	-1368.2928035865798
-6818.276377191301	-1386.5183280270244
-6795.496809006323	-1547.0676211140085
-6792.7425982289415	-1547.0676211144842
-6776.742598228942	-1606.6736498758962
-6776.7425982289415	-1611.3478328034955
-6776.73164797798	-1615.8377173065592
-6776.690339678726	-1619.4046682749652
-6776.461181251505	-1623.6256046945828
-6776.121034718359	-1628.298103720192
-6776.05840413684	-1628.8372115800591
-6775.2218775733445	-1633.951574187675
-6774.724180021187	-1636.7559654157737
-6773.492905258116	-1642.8357907202444
-6772.977816930077	-1645.3444997272231
-6772.026126462038	-1649.4061485793227
-6771.324079179889	-1651.3706064504504
-6769.735663786554	-1655.5980829738571
-6768.845445740964	-1657.3288301601199
-6768.333112341111	-1658.1450982462175
-6768.3210230868135	-1658.1624687976773
-6768.2280801444185	-1658.4278174371125
-6762.538674207148	-1666.4825425439044
-6757.492905258116	-1672.3995912737048
-6757.492905258115	-1672.399591273705
-6757.492905258114	-1694.0838460995228
-6733.0884908796	-1713.8828869063527
-6730.311108558872	-1714.0893474823035
-6715.586778667311	-1714.4283874973983
-6710.586778667312	-1842.428387497398
-6710.369386036831	-1855.464804459426
-6709.553953175663	-1866.3617351369876
-6707.792743243502	-1877.7845103268196
-6705.26934018356	-1886.238249496589
-6700.992479912968	-1895.8751230480614
-6696.675629456806	-1901.8243394604426
-6695.747468835475	-1902.820956442275
-6689.739056922968	-1907.8739987814347
-6686.0884908796	-1927.8828869063525
-6686.023683800333	-1927.946509860164
-6683.647270056683	-1941.4263515975776
-6682.585568250314	-1942.7086535338672
-6682.564735512639	-1946.7834818029696
-6682.552418185197	-1948.0698781969747
-6682.5442877683	-1948.9037083898666
-6682.505377399564	-1951.0223072053573
-6682.488574638817	-1951.7230036672313
-6682.424001572598	-1954.0625810429178
-6682.369386036831	-1955.4648044594257
-6682.30403016634	-1956.8523576223529
-6682.28726216094	-1957.1774772336867
-6682.221786417706	-1958.329597030936
-6682.184938049562	-1958.9571513208673
-6682.118675327979	-1959.9588740835923
-6682.081135067318	-1960.4925196448312
-6681.948444387341	-1962.333474507357
-6681.885482032159	-1963.0471293204648
-6681.773468877445	-1964.226706035283
-6681.601986559486	-1965.948467042911
-6681.593704169405	-1966.0308078406865
-6681.490992932886	-1966.8576490216842
-6681.054933415346	-1970.2518488595115
-6680.911599782528	-1971.2744472163226
-6680.806785375311	-1972.0090769862124
-6680.416767542354	-1974.5537554565367
-6680.230376717967	-1975.6208055744448
-6679.792743243502	-1977.7845103268196
-6679.420251243687	-1979.3787514325593
-6679.120825751859	-1980.576061551611
-6678.54002920386	-1982.6833314998753
-6677.761951776872	-1985.1397813291635
-6677.30238149044	-1986.451956907898
-6676.632470316221	-1988.1743629248422
-6675.660889698762	-1990.5712900188382
-6674.72389608812	-1992.7949810410223
-6674.260203312277	-1993.7955258661125
-6673.6858784084325	-1994.912921933612
-6673.357362407003	-1995.4832893926737
-6672.9385385425485	-1996.1407151519943
-6671.415657786186	-1998.476870188098
-6669.781721690173	-2000.8133031500556
-6669.182078425978	-2001.6350204073929
-6668.414178149815	-2002.5913251330978
-6667.647270056684	-2003.4263515975776
-6667.647270056683	-2003.426351597578
-6660.3989390253355	-2009.59534221034
-6654.641681399226	-2013.7450967996767
-6647.060223484112	-2017.852981272736
-6637.745576751128	-2021.8728345806574
-6631.752135470136	-2023.774134279724
-6623.7234851709945	-2025.5559580100612
-6617.647270056684	-2078.4263515975776
-6616.646775473162	-2086.907290453486
-6607.586778667311	-2185.4283874974117
-6607.5442877683	-2191.9037083898666
-6607.424001572598	-2197.062581042918
-6607.221786417706	-2201.329597030936
-6606.948444387341	-2205.333474507357
-6606.593704169405	-2209.0308078406865
-6605.806785375311	-2215.009076986212
-6604.420251243687	-2222.3787514325595
-6602.30238149044	-2229.451956907898
-6599.260203312277	-2236.7955258661123
-6596.415657786186	-2241.476870188098
-6595.054933415346	-2244.2518488595115
-6594.402172268539	-2248.6447435685427
-6593.792743243503	-2251.784510326819
-6592.647270056683	-2256.3077780855633
-6573.586778667311	-2273.428387497397
-6573.564735512639	-2277.7834818029696
-6573.5442877683	-2279.903708389866
-6573.505377399564	-2282.0223072053573
-6573.424001572598	-2285.062581042918
-6573.30403016634	-2287.8523576223524
-6573.221786417706	-2289.329597030936
-6572.948444387341	-2293.333474507357
-6572.593704169405	-2297.0308078406865
-6571.806785375311	-2303.009076986212
-6571.230376717967	-2306.6208055744446
-6570.586778667312	-2309.6673524537805
-6569.948444387341	-2312.333474507357
-6568.806785375311	-2322.009076986212
-6567.420251243687	-2329.3787514325595
-6565.30238149044	-2336.451956907898
-6562.260203312277	-2343.7955258661127
-6559.415657786186	-2348.476870188098
-6555.647270056684	-2353.4263515975776
-6555.647270056683	-2353.426351597578
-6553.907493922824	-2355.073205958514
-6552.827240093096	-2356.0386845504836
-6547.822182021544	-2360.0495559771734
-6545.450729573655	-2361.845551118569
-6543.053381574995	-2363.4759514386265
-6541.851612016939	-2364.214386428087
-6540.67278818456	-2364.890518384195
-6535.060223484112	-2367.8529812727365
-6532.209297244109	-2369.138649558665
-6528.022475049573	-2370.9302650940112
-6526.87676683875	-2382.3768507836885
-6526.647270056684	-2383.4263515975776
-6524.586778667311	-2399.428387497399
-6524.5442877683	-2405.9037083898666
-6524.424001572598	-2411.0625810429174
-6523.948444387341	-2419.333474507357
-6522.806785375311	-2429.0090769862127
-6521.467706176123	-2436.1777422175355
-6519.437189931086	-2443.0742648255314
-6516.308951391906	-2450.694690475053
-6513.415657786186	-2455.476870188098
-6510.586778667312	-2459.379589741448
-6510.424001572598	-2461.0625810429174
-6510.369386036831	-2462.464804459426
-6510.30403016634	-2463.852357622353
-6510.28726216094	-2464.1774772336867
-6510.221786417706	-2465.329597030936
-6510.184938049562	-2465.9571513208675
-6510.118675327979	-2466.9588740835925
-6510.081135067318	-2467.492519644831
-6509.948444387341	-2469.333474507357
-6509.885482032159	-2470.0471293204646
-6509.773468877445	-2471.2267060352833
-6509.601986559486	-2472.948467042911
-6509.593704169405	-2473.0308078406865
-6509.490992932886	-2473.857649021684
-6509.054933415346	-2477.2518488595115
-6508.911599782528	-2478.2744472163226
-6508.806785375311	-2479.0090769862127
-6508.416767542354	-2481.553755456537
-6508.230376717967	-2482.6208055744446
-6507.792743243502	-2484.7845103268196
-6507.420251243687	-2486.3787514325595
-6507.120825751859	-2487.576061551611
-6506.54002920386	-2489.6833314998753
-6505.761951776872	-2492.1397813291633
-6505.30238149044	-2493.451956907898
-6504.632470316221	-2495.174362924842
-6503.660889698762	-2497.571290018838
-6502.72389608812	-2499.7949810410223
-6502.260203312277	-2500.7955258661127
-6501.6858784084325	-2501.9129219336123
-6501.357362407003	-2502.4832893926737
-6500.9385385425485	-2503.1407151519943
-6499.415657786186	-2505.476870188098
-6497.781721690173	-2507.8133031500556
-6497.182078425978	-2508.6350204073933
-6496.414178149815	-2509.5913251330976
-6495.647270056683	-2510.426351597578
-6487.5442877683	-2512.9037083898666
-6487.488574638817	-2515.7230036672313
-6487.300313405169	-2520.9306364472795
-6486.948444387341	-2526.333474507357
-6486.593704169405	-2530.030807840687
-6486.054933415347	-2534.251848859511
-6485.402172268539	-2538.6447435685427
-6484.792743243503	-2541.7845103268196
-6484.120825751859	-2544.576061551611
-6483.514671190433	-2546.765395414966
-6482.279370432956	-2550.5152634114006
-6480.660889698762	-2554.571290018838
-6479.208121059288	-2557.9017654356667
-6478.357362407003	-2559.4832893926737
-6476.824674494974	-2561.054229449265
-6476.415657786186	-2562.4768701880985
-6474.182078425978	-2565.6350204073933
-6472.647270056684	-2567.426351597577
-6472.647270056683	-2567.4263515975786
-6472.564681886623	-2567.506777164508
-6471.9378688575325	-2568.106504268052
-6471.663204080035	-2568.36687173011
-6471.5557957005685	-2568.467875748202
-6471.339393465539	-2568.6708650467767
-6470.893747189817	-2569.0851378400216
-6470.736592930965	-2569.2299266790624
-6470.527573097037	-2569.421209099779
-6470.243579277308	-2569.6804594935334
-6470.061200668451	-2569.843605796102
-6469.827240093097	-2570.038684550484
-6469.346990996831	-2570.432995701703
-6468.902614541355	-2570.796600406351
-6468.679758081886	-2570.975971454191
-6467.998535585313	-2571.524268745246
-6467.140076871868	-2572.211395258124
-6466.996507619437	-2572.3256269109097
-6441.508374359643	-2610.6808004746517
-6441.336202612643	-2618.2932218188125
-6441.1280033473695	-2622.851494705617
-6440.431792198008	-2630.8404405933247
-6439.647151526016	-2636.7906256584065
-6438.900347298996	-2640.6117440466332
-6437.345719159636	-2646.3199516826035
-6433.640457079236	-2656.6461041097837
-6429.869705939827	-2663.2011422289493
-6427.838358971223	-2665.960941673036
-6427.170368944304	-2666.508685710857
-6426.180727312038	-2667.629801788791
-6423.489038291198	-2669.1731735113212
-6417.6134468675045	-2674.674106861656
-6410.650178004058	-2678.829384005134
-6381.647270056683	-2704.4263515975776
-6378.647270056684	-2723.4263515975776
-6378.302329640097	-2723.6341986956827
-6365.586778667311	-2770.4283874974117
-6365.564735512639	-2774.7834818029696
-6365.5442877683	-2776.9037083898666
-6365.424001572598	-2782.0625810429174
-6365.221786417706	-2786.329597030936
-6364.948444387341	-2790.333474507357
-6364.593704169405	-2794.0308078406865
-6363.806785375311	-2800.0090769862127
-6363.230376717967	-2803.6208055744446
-6362.420251243686	-2807.3787514325595
-6361.54002920386	-2810.6833314998753
-6360.30238149044	-2814.451956907898
-6358.660889698762	-2818.571290018838
-6357.260203312277	-2821.7955258661127
-6356.357362407003	-2823.483289392674
-6354.415657786186	-2826.4768701880985
-6352.182078425978	-2829.6350204073933
-6350.921160738986	-2830.57199989728
-6350.647270056684	-2831.426351597577
-6350.647270056683	-2831.426351597578
-6349.339393465539	-2832.6708650467763
-6348.061200668451	-2833.843605796102
-6345.998535585313	-2835.5242687452464
-6343.3989390253355	-2837.5953422103403
-6341.039899692119	-2839.421927428111
-6337.6416813992255	-2841.745096799677
-6335.67278818456	-2842.890518384195
-6330.060223484112	-2845.852981272736
-6325.795246361777	-2847.7512486909195
-6320.7260841538	-2849.880508553429
-6318.647270056683	-2880.4263515975776
-6295.647270056683	-2937.426351597577
-6264.508374359643	-2983.223916135309
-6264.413063596416	-2985.158744578023
-6264.336202612643	-2988.2932218188125
-6264.240355511699	-2990.763909912487
-6264.225101205864	-2991.089075722116
-6264.164314018728	-2992.3140128253663
-6264.122487511147	-2992.9237096210245
-6263.985683658159	-2994.6484505958265
-6263.928422383748	-2995.3489242034398
-6263.741687060174	-2997.6093392221674
-6263.738048375796	-2997.6498062881183
-6263.7021752821765	-2998.0411774510776
-6263.567938535732	-2999.489314653576
-6263.563559895663	-2999.535236523371
-6263.4793161549715	-3000.382114561243
-6263.431792198008	-3000.840440593325
-6263.317765647567	-3001.8769783954867
-6263.155145797965	-3003.3088173238248
-6263.08590904283	-3003.845218659222
-6263.028561940408	-3004.2855062082017
-6262.8312025858595	-3005.6543680996233
-6262.759759479255	-3006.117656882818
-6262.315072285275	-3008.756866713976
-6262.129590893482	-3009.704145506218
-6261.470011031272	-3012.792499545907
-6261.286605516154	-3013.578117204337
-6260.9915557503045	-3014.7424811009546
-6260.214967471615	-3017.4235284234937
-6259.3989139425175	-3019.839245180205
-6258.568923629144	-3022.2165765714603
-6258.091576746416	-3023.4917328570464
-6257.971750078687	-3023.7909520556705
-6257.355541625251	-3025.204513499117
-6255.991393706594	-3028.26182803762
-6255.571371199372	-3029.138671563027
-6255.194556503138	-3029.8536790339194
-6254.656931918843	-3030.7278961857373
-6254.3877768947295	-3031.1353797212455
-6253.625501913149	-3032.22236973249
-6251.755061536003	-3034.840381238985
-6251.234612448134	-3035.5240555058454
-6250.838358971223	-3035.960941673036
-6250.170368944304	-3036.508685710857
-6237.842174341411	-3061.1271685703223
-6229.647270056683	-3074.426351597577
-6189.586778667311	-3119.428387497404
-6178.586778667311	-3150.4283874974035
-6178.4470839913265	-3161.25741965446
-6178.081135067319	-3168.4925196448307
-6177.553953175663	-3174.3617351369876
-6176.221747928623	-3183.7716908695375
-6175.271108458464	-3188.0963556615725
-6173.75527162419	-3193.1628294868547
-6172.06867408181	-3197.6741177791646
-6169.989905490826	-3202.4838269072297
-6168.009375363522	-3205.7311340272604
-6165.354961676037	-3209.4268223508666
-6163.87676683875	-3210.3768507836885
-6163.788077145049	-3211.281792186266
-6163.647270056684	-3211.426351597577
-6162.11719489346	-3212.324069624898
-6161.061200668451	-3213.843605796102
-6151.89064666348	-3220.9198050878913
-6147.1870865498895	-3223.6808004746517
-6144.741133699201	-3224.9780009124966
-6143.696818302533	-3225.52846361755
-6143.508374359643	-3225.625028214372
-6143.205519440713	-3225.7802205898524
-6143.060223484112	-3225.8529812727365
-6142.471949645773	-3226.1318259426803
-6140.72330969329	-3226.9134647400606
-6138.795246361777	-3227.7512486909195
-6135.899563427438	-3228.9819597041705
-6133.7260841538	-3229.8805085534286
-6132.448360880411	-3230.3529407276505
-6129.838358971223	-3278.960941673036
-6129.31005521141	-3279.4867752003047
-6129.3081897322445	-3279.5033572884863
-6129.170368944304	-3279.508685710857
-6102.838358971223	-3324.960941673036
-6102.308189732244	-3325.4867752003047
-6081.647270056684	-3331.426351597577
-6080.155569708612	-3331.7701617341518
-6046.586778667311	-3384.4283874974044
-6037.575969718351	-3407.9892521144902
-6037.4420775483995	-3414.411589049544
-6037.153417943689	-3421.5910191081084
-6036.163455257858	-3432.237965970773
-6035.2069469764565	-3438.406654379162
-6033.65839486994	-3445.174705498749
-6031.770324190155	-3450.9728896875617
-6027.656931918843	-3459.7278961857373
-6023.838358971223	-3464.960941673036
-6022.078626009744	-3466.7392306637944
-6011.917306879803	-3474.8851622879556
-6004.87676683875	-3490.376850783688
-6004.647270056684	-3491.426351597578
-5986.575969718351	-3495.9892521144893
-5984.575969718351	-3501.9892521144907
-5984.535592673839	-3504.328106171328
-5984.449864002509	-3508.154572268517
-5984.3288607624645	-3511.911082732743
-5984.266646309397	-3513.644469737414
-5984.197210137334	-3514.867087508623
-5984.153417943689	-3515.591019108109
-5983.741687060174	-3520.6093392221674
-5983.567938535732	-3522.489314653576
-5983.431792198008	-3523.840440593325
-5983.147241474806	-3526.3762142422675
-5982.9211303061575	-3528.199827601485
-5982.79397877171	-3529.0310208685155
-5982.383924919083	-3531.417925215305
-5982.2069469764565	-3532.406654379162
-5981.906629681586	-3533.868841183909
-5981.277110318399	-3536.7402749054863
-5980.658394869939	-3539.174705498749
-5978.833875176668	-3544.7870858792835
-5977.854108858493	-3547.3937963388307
-5977.055950287038	-3549.2561353233887
-5976.54479099361	-3550.373522482639
-5975.077706475706	-3553.0498104881453
-5974.792959253964	-3553.508685710857
-5974.656931918843	-3553.7278961857373
-5974.640466281883	-3553.7532090632985
-5974.3877768947295	-3554.135379721245
-5973.953396440091	-3554.7568010418827
-5973.625501913148	-3555.22236973249
-5972.19290396054	-3557.230489923392
-5972.170368944304	-3557.261880007881
-5971.755061536003	-3557.840381238985
-5971.250559010012	-3558.5035656736222
-5971.234612448135	-3558.5240555058454
-5971.129946563604	-3558.6509404559633
-5971.116048885242	-3558.6676674009223
-5971.042022790364	-3558.7491678690817
-5970.858996752203	-3558.9398271800615
-5970.838358971223	-3558.9609416730364
-5970.308189732243	-3559.486775200304
-5969.801159310683	-3560.020632486071
-5968.887182892686	-3560.923142792682
-5967.762755016545	-3561.9747498685165
-5966.845853774141	-3562.7486696923283
-5962.576716540341	-3566.1850778729067
-5961.608141198781	-3566.9416398694207
-5960.6134468675045	-3567.6741068616557
-5958.917306879803	-3568.8851622879556
-5957.8788827597255	-3569.53132097998
-5956.645720710259	-3570.2636754820296
-5956.21372326518	-3570.4922132303263
-5948.771195664831	-3574.3733842115685
-5943.535054194161	-3577.0393243505814
-5941.233820344874	-3578.1013445231706
-5941.113992952291	-3578.149998974138
-5940.359713016067	-3584.1499989741374
-5925.647270056683	-3631.426351597578
-5914.190610215119	-3640.297810050166
-5898.651070503776	-3641.8369788440573
-5893.838358971223	-3642.960941673036
-5892.458812920571	-3643.945159013987
-5889.651070503776	-3689.9867070474465
-5887.232841618551	-3691.947337777075
-5887.021027346738	-3693.0806366510096
-5886.727728706017	-3694.431348811201
-5886.095160946405	-3696.870869186612
-5885.622144698667	-3698.597745543923
-5885.261988094053	-3699.824696450013
-5884.593103195292	-3701.891924458313
-5883.934472959483	-3703.7500876442696
-5883.064848309259	-3706.029524928321
-5882.131581252397	-3708.309523522767
-5881.351796907905	-3709.993517473908
-5880.441016264109	-3711.5455009407915
-5879.776406204622	-3712.603799692842
-5878.363211640948	-3714.6648441505577
-5877.458812920571	-3715.945159013987
-5876.849594398227	-3716.786376602938
-5875.853797653479	-3718.0615091674463
-5875.094773145985	-3718.9591394463223
-5874.647270056684	-3719.426351597578
-5873.9378688575325	-3720.106504268052
-5873.339393465539	-3720.6708650467763
-5872.522638627463	-3721.4270463463135
-5872.061200668451	-3721.8436057961026
-5870.902614541355	-3722.796600406351
-5869.998535585313	-3723.5242687452464
-5869.140076871868	-3724.211395258124
-5867.3989390253355	-3725.5953422103403
-5866.822182021544	-3726.0495559771734
-5865.789511200972	-3726.8518103545657
-5865.039899692119	-3727.421927428111
-5864.450729573655	-3727.8455511185693
-5863.391041352915	-3728.5819776154685
-5862.89064666348	-3728.9198050878913
-5861.6416813992255	-3729.7450967996765
-5861.063103438521	-3730.0902687083217
-5860.466742529456	-3730.424457438598
-5858.982550336776	-3731.2395535166106
-5858.009894036935	-3731.7676471035807
-5856.866418443064	-3732.373925927739
-5856.043394894905	-3732.8089284557004
-5854.920085735144	-3733.3917362062357
-5854.718154467522	-3733.492826293363
-5851.331293478286	-3735.062374327961
-5850.374890026114	-3735.4889523332195
-5847.298281981239	-3736.8308214811213
-5845.13454433221	-3737.723462631828
-5843.621847530411	-3738.2745801887577
-5840.734856476201	-3739.195305536055
-5839.954338914276	-3739.4210408707318
-5837.9579521757205	-3739.9533824179684
-5835.896813207403	-3740.4343056970947
-5834.4284485558765	-3740.761566624138
-5831.371094082848	-3741.3593736143184
-5829.562167732405	-3741.6789986916515
-5826.872137843695	-3742.1110902295695
-5825.157620763074	-3742.371081024204
-5822.354920806367	-3742.7579673175123
-5821.835179690108	-3742.8158999069196
-5820.818123999989	-3742.886488430875
-5817.946066359575	-3743.0044877516716
-5814.1361438167005	-3743.1382557071884
-5813.377589980166	-3743.1499989741374
-5801.575969718351	-3771.989252114489
-5797.647270056683	-3803.4263515975776
-5787.838358971223	-3828.960941673036
-5787.308189732244	-3829.4867752003047
-5771.094773145985	-3848.9591394463223
-5770.647270056683	-3849.4263515975776
-5770.302329640097	-3849.6341986956827
-5750.575969718351	-3859.989252114489
-5741.13454433221	-3867.7234626318286
-5736.838358971223	-3916.960941673036
-5736.308189732244	-3917.4867752003047
-5736.170368944304	-3917.508685710857
-5732.781144711567	-3945.2143868377066
-5721.094773145985	-3969.9591394463223
-5720.647270056683	-3970.4263515975776
-5693.528872584592	-3983.782952855115
-5691.647270056683	-3989.4263515975776
-5689.838358971223	-4007.960941673036
-5664.647270056684	-4020.426351597577
-5664.647270056683	-4020.4263515975776
-5662.021027346739	-4034.080636651009
-5661.781144711567	-4035.2143868377066
-5653.363211640948	-4055.664844150557
-5650.094773145985	-4059.9591394463223
-5649.647270056684	-4060.426351597577
-5649.647270056683	-4060.4263515975776
-5645.321046131378	-4060.6594050277813
-5635.9699642779315	-4071.1436629692175
-5620.13454433221	-4078.7234626318286
-5606.651070503776	-4113.836978844058
-5606.651070503775	-4113.836978844097
-5606.647270056684	-4125.426351597578
-5606.189258340654	-4130.247042482484
-5606.010668806305	-4132.844071108773
-5605.633676350461	-4136.761156849176
-5605.091153674443	-4141.066075774084
-5603.727728706017	-4149.431348811201
-5600.818224479035	-4159.206637303897
-5598.351796907905	-4164.9935174739085
-5594.458812920571	-4170.945159013987
-5591.647270056684	-4174.426351597578
-5590.339393465539	-4175.670865046776
-5589.061200668451	-4176.843605796103
-5586.998535585313	-4178.524268745246
-5584.3989390253355	-4180.59534221034
-5582.789511200972	-4181.851810354566
-5582.039899692119	-4182.42192742811
-5580.391041352915	-4183.5819776154685
-5578.6416813992255	-4184.7450967996765
-5577.466742529456	-4185.4244574385975
-5575.009894036935	-4186.767647103581
-5573.043394894905	-4187.808928455701
-5571.718154467522	-4188.492826293363
-5567.374890026114	-4190.4889523332195
-5562.13454433221	-4192.723462631828
-5557.734856476201	-4194.1953055360555
-5554.9579521757205	-4194.953382417969
-5551.633676350461	-4202.761156849176
-5550.058771815532	-4213.893147468917
-5547.782250260392	-4222.333351085284
-5544.351796907905	-4230.993517473908
-5540.361404778517	-4237.082084528112
-5537.647270056683	-4240.426351597578
-5530.377589980165	-4246.6121606299075
-5509.042022790364	-4251.749167869082
-5508.838358971223	-4251.960941673036
-5508.170368944304	-4252.508685710857
-5493.651070503776	-4256.836978844062
-5478.934344317797	-4271.222943110613
-5478.647270056683	-4317.426351597578
-5478.302329640097	-4317.634198695683
-5463.647270056683	-4324.426351597578
-5430.009375363522	-4326.731134027261
-5428.945450729769	-4331.3184182091445
-5425.647270056683	-4378.426351597578
-5411.71172682559	-4391.237178435478
-5405.094773145985	-4400.959139446322
-5404.647270056684	-4401.426351597578
-5404.302329640097	-4401.634198695683
-5391.641681399226	-4411.7450967996765
-5385.651070503776	-4437.836978844085
-5385.6509638474845	-4438.057516402087
-5385.649467064928	-4438.803719877918
-5385.601295457601	-4442.045288552748
-5385.565567117452	-4444.374642421558
-5385.537403838284	-4445.879713811596
-5385.508266983537	-4447.310193592287
-5385.442835399822	-4449.296363484211
-5385.434041082282	-4449.5337766238745
-5385.372953576244	-4450.902230965249
-5385.2967444762835	-4452.328316924128
-5385.189258340654	-4454.247042482483
-5385.178247671578	-4454.436477732925
-5385.124380939034	-4455.253735588834
-5385.010668806305	-4456.844071108773
-5384.774313773885	-4459.358477187832
-5384.70007890795	-4460.133065212964
-5384.677134488395	-4460.365602061336
-5384.633676350461	-4460.761156849176
-5384.578431558191	-4461.2326543827585
-5384.427662040106	-4462.489987534469
-5384.3028964752175	-4463.463772782563
-5384.091153674443	-4465.066075774084
-5383.667258950503	-4468.13368735181
-5383.232841618551	-4470.9473377770755
-5383.021027346738	-4472.08063665101
-5382.727728706017	-4473.431348811201
-5382.006405987564	-4476.2050276186
-5381.476037344266	-4478.135163370227
-5380.967604521455	-4479.79465143812
-5379.818224479035	-4483.206637303897
-5379.5844324087275	-4483.799757877061
-5378.219970728046	-4487.1137204076995
-5377.71172682559	-4488.237178435478
-5377.351796907905	-4488.9935174739085
-5376.441016264109	-4490.545500940791
-5375.776406204622	-4491.603799692843
-5374.363211640948	-4493.664844150558
-5373.458812920571	-4494.945159013987
-5372.849594398227	-4495.786376602939
-5371.853797653479	-4497.061509167446
-5371.094773145985	-4497.959139446322
-5370.647270056683	-4498.426351597578
-5368.061200668451	-4500.843605796103
-5363.3989390253355	-4504.59534221034
-5361.03989969212	-4506.42192742811
-5357.641681399226	-4508.7450967996765
-5354.009894036935	-4510.767647103581
-5350.718154467522	-4512.492826293363
-5349.647270056683	-4521.426351597578
-5345.321046131378	-4521.659405027782
-5326.54479099361	-4524.37352248264
-5326.434041082282	-4526.5337766238745
-5325.677134488395	-4537.365602061336
-5324.194665130987	-4548.169544233178
-5322.751590671753	-4554.152779614359
-5320.782189641677	-4560.30562967705
-5318.351796907905	-4565.9935174739085
-5309.377589980165	-4577.55963564156
-5292.647270056683	-4581.426351597578
-5277.528872584592	-4599.782952855116
-5276.094773145985	-4604.959139446322
-5275.647270056684	-4605.426351597578
-5271.431792198009	-4607.840440593324
-5270.383924919082	-4615.417925215304
-5268.964481356366	-4622.109941306335
-5266.396463018568	-4630.0419869465795
-5264.54479099361	-4634.37352248264
-5259.042022790364	-4642.749167869082
-5246.917306879803	-4652.885162287956
-5242.53320898191	-4653.842715238811
-5239.969011525856	-4669.091441758215
-5235.54479099361	-4681.37352248264
-5230.042022790364	-4689.749167869082
-5204.647270056683	-4699.426351597578
-5199.934344317797	-4709.222943110613
-5184.354961676037	-4710.426822350866
-5180.061200668451	-4714.843605796103
-5169.641681399226	-4722.7450967996765
-5160	-4727.754901162714
-5140.651070503776	-4778.836978844085
-5140.6509638474845	-4779.057516402087
-5140.649467064928	-4779.803719877918
-5140.601295457601	-4783.045288552748
-5140.565567117452	-4785.374642421558
-5140.537403838284	-4786.879713811596
-5140.508266983537	-4788.310193592287
-5140.442835399822	-4790.296363484211
-5140.4340410822815	-4790.5337766238745
-5140.372953576244	-4791.902230965249
-5140.2967444762835	-4793.328316924128
-5140.189258340654	-4795.247042482483
-5140.178247671578	-4795.436477732925
-5140.124380939034	-4796.253735588834
-5140.010668806305	-4797.844071108773
-5139.774313773885	-4800.358477187832
-5139.70007890795	-4801.133065212964
-5139.677134488395	-4801.365602061336
-5139.633676350461	-4801.761156849176
-5139.578431558191	-4802.2326543827585
-5139.427662040106	-4803.489987534469
-5139.3028964752175	-4804.463772782563
-5139.091153674443	-4806.066075774084
-5138.667258950503	-4809.13368735181
-5138.232841618551	-4811.9473377770755
-5138.021027346738	-4813.08063665101
-5137.781144711567	-4814.214386837706
-5137.727728706017	-4814.431348811201
-5137.006405987564	-4817.2050276186
-5136.476037344266	-4819.135163370227
-5135.967604521455	-4820.79465143812
-5134.818224479035	-4824.206637303897
-5134.5844324087275	-4824.799757877061
-5133.219970728046	-4828.1137204076995
-5132.71172682559	-4829.237178435478
-5132.351796907905	-4829.9935174739085
-5131.441016264109	-4831.545500940791
-5130.776406204622	-4832.603799692843
-5129.363211640948	-4834.664844150558
-5128.458812920571	-4835.945159013987
-5127.849594398227	-4836.786376602939
-5126.853797653479	-4838.061509167446
-5126.094773145985	-4838.959139446322
-5125.647270056684	-4839.426351597578
-5123.061200668451	-4841.843605796103
-5118.3989390253355	-4845.59534221034
-5116.03989969212	-4847.42192742811
-5112.641681399226	-4849.7450967996765
-5109.009894036935	-4851.767647103581
-5105.718154467522	-4853.492826293363
-5103.672248555533	-4854.01733708804
-5101.374890026114	-4855.4889523332195
-5096.13454433221	-4857.723462631829
-5091.734856476201	-4859.1953055360555
-5088.9579521757205	-4859.953382417969
-5085.4284485558765	-4860.761566624138
-5080.562167732406	-4861.678998691652
-5072.835179690108	-4862.81589990692
-5064.377589980166	-4863.149998974137
-5027.575969718351	-4926.98925211449
-5026.563559895663	-4947.53523652337
-5024.058578013304	-4962.712666012665
-5019.54479099361	-4975.37352248264
-5014.234612448134	-4983.524055505844
-5013.838358971223	-4983.960941673036
-5013.308189732243	-4984.486775200304
-5013.170368944304	-4984.508685710857
-5013.014222387027	-4984.5121555286405
-5001.917306879803	-4993.885162287956
-4985.818538940437	-5002.390622563776
-4974.805708906752	-5006.036408155302
-4961.651070503776	-5009.836978844063
-4961.6509638474845	-5010.057516402087
-4961.649467064928	-5010.803719877918
-4961.601295457601	-5014.045288552748
-4961.565567117452	-5016.374642421557
-4961.537403838284	-5017.879713811596
-4961.508266983537	-5019.310193592287
-4961.442835399822	-5021.296363484211
-4961.4340410822815	-5021.5337766238745
-4961.372953576244	-5022.90223096525
-4961.2967444762835	-5024.328316924128
-4961.189258340654	-5026.247042482484
-4961.178247671578	-5026.436477732925
-4961.124380939034	-5027.253735588834
-4961.010668806305	-5028.844071108773
-4960.774313773885	-5031.358477187832
-4960.70007890795	-5032.133065212964
-4960.677134488395	-5032.365602061336
-4960.633676350461	-5032.761156849176
-4960.578431558191	-5033.2326543827585
-4960.427662040106	-5034.489987534469
-4960.3028964752175	-5035.463772782563
-4960.091153674443	-5037.066075774084
-4959.667258950503	-5040.13368735181
-4959.232841618551	-5042.9473377770755
-4959.021027346738	-5044.08063665101
-4958.727728706017	-5045.4313488112
-4958.006405987564	-5048.2050276186
-4957.476037344266	-5050.135163370227
-4956.967604521455	-5051.79465143812
-4955.818224479035	-5055.206637303897
-4955.5844324087275	-5055.799757877061
-4954.219970728046	-5059.1137204076995
-4953.711726825591	-5060.237178435478
-4953.351796907905	-5060.993517473908
-4952.441016264109	-5062.545500940791
-4951.776406204622	-5063.603799692843
-4950.363211640948	-5065.664844150558
-4949.458812920571	-5066.945159013987
-4948.849594398227	-5067.786376602939
-4947.853797653479	-5069.061509167446
-4947.094773145985	-5069.959139446322
-4946.647270056684	-5070.426351597578
-4944.061200668451	-5072.843605796103
-4939.3989390253355	-5076.595342210339
-4937.03989969212	-5078.42192742811
-4933.641681399226	-5080.7450967996765
-4930.009894036935	-5082.767647103581
-4926.718154467522	-5084.492826293363
-4922.374890026114	-5086.4889523332195
-4919.647270056683	-5092.426351597578
-4917.522638627463	-5094.427046346314
-4905.466742529456	-5103.4244574385975
-4891.647270056683	-5118.426351597578
-4887.111638979459	-5123.340502087803
-4885.377589980166	-5128.302785955782
-4878.528872584592	-5136.782952855116
-4876.647270056683	-5142.426351597578
-4815.377589980165	-5166.149998974137
-4794.108652286766	-5198.665943002812
-4794.081178428381	-5201.894502481856
-4794.073942644736	-5202.373019482249
-4794.009475983343	-5206.025094910955
-4793.94511371059	-5208.501913029733
-4793.918484451242	-5209.4358881208445
-4793.851691590918	-5211.278875497871
-4793.8469375682635	-5211.404621735605
-4793.670953429917	-5215.91429440266
-4793.648202031604	-5216.473247609934
-4793.633652584169	-5216.8059023899605
-4793.477262622073	-5220.2561471248055
-4793.44567813126	-5220.858904281664
-4793.410585497457	-5221.417143151156
-4793.395706883915	-5221.651428836425
-4793.304488492914	-5222.850580050486
-4793.2724360366665	-5223.267270011656
-4793.253808771459	-5223.484149786021
-4793.247069267252	-5223.5456243151275
-4793.202139136465	-5223.934466190276
-4793.190136231163	-5224.016775256696
-4792.888968179977	-5225.8833600004655
-4792.520864285391	-5227.913649371159
-4792.36833721831	-5228.729472034724
-4792.1465020093165	-5229.708729004469
-4791.576097515701	-5231.740050774773
-4790.050874350569	-5236.597126800705
-4788.936288493057	-5239.796562179077
-4788.791378855814	-5240.202900954011
-4788.45052974082	-5241.123011061993
-4788.098699518993	-5242.027006344274
-4786.476817156863	-5245.748359389316
-4785.646326625205	-5247.5401833484675
-4785.293923785446	-5248.247853884837
-4784.983637205549	-5248.829162816144
-4783.9412654731295	-5250.395914775777
-4782.010140135595	-5253.20001138976
-4780.849594398227	-5254.786376602938
-4780.354961676037	-5255.426822350866
-4779.5931495103	-5256.3768507836885
-4779.536671668822	-5256.4450411638945
-4779.457221640787	-5256.54029573827
-4779.414178149815	-5256.5913251330985
-4779.094773145985	-5256.959139446322
-4779.028073195181	-5257.031755253352
-4778.87676683875	-5257.189391919754
-4778.788077145049	-5257.281792186266
-4778.647270056684	-5257.426351597578
-4777.9378688575325	-5258.106504268053
-4777.339393465539	-5258.670865046776
-4776.522638627463	-5259.427046346314
-4776.061200668451	-5259.843605796103
-4774.902614541356	-5260.796600406351
-4773.998535585313	-5261.524268745246
-4773.140076871868	-5262.211395258124
-4771.3989390253355	-5263.595342210339
-4770.822182021544	-5264.049555977173
-4769.789511200972	-5264.851810354566
-4769.03989969212	-5265.42192742811
-4769.039899692119	-5265.421927428111
-4768.450729573655	-5265.845551118569
-4767.391041352915	-5266.581977615468
-4766.89064666348	-5266.919805087891
-4765.641681399226	-5267.7450967996765
-4765.063103438521	-5268.090268708322
-4764.466742529456	-5268.4244574385975
-4762.982550336776	-5269.239553516611
-4762.009894036935	-5269.767647103581
-4760.866418443064	-5270.373925927739
-4760.043394894905	-5270.808928455701
-4758.920085735144	-5271.391736206236
-4758.718154467522	-5271.492826293363
-4755.331293478286	-5273.062374327961
-4754.374890026114	-5273.4889523332195
-4751.647270056683	-5279.426351597578
-4733.562167732405	-5279.678998691652
-4730.872137843695	-5280.1110902295695
-4729.157620763074	-5280.371081024205
-4726.354920806367	-5280.757967317511
-4725.835179690108	-5280.81589990692
-4724.818123999989	-5280.886488430875
-4723.647270056683	-5305.426351597578
-4709.476817156863	-5307.748359389316
-4703.849594398227	-5316.786376602937
-4698.346990996831	-5322.4329957017035
-4688.063103438521	-5330.090268708322
-4671.134047981185	-5338.096004876289
-4640.817668180072	-5343.125162031864
-4631.108652286766	-5347.665943002776
-4617.528872584592	-5400.782952855116
-4615.647270056683	-5406.426351597578
-4607.646326625205	-5420.540183348468
-4601.028073195181	-5430.031755253352
-4600.647270056684	-5430.426351597578
-4587.641681399226	-5440.7450967996765
-4572.647270056683	-5456.426351597578
-4545.647270056683	-5478.426351597578
-4541.321046131378	-5478.659405027782
-4511.8176681800705	-5480.125162031864
-4511.817668180069	-5480.125162031865
-4484.817668180069	-5502.125162031865
-4404.108652286766	-5573.665943002812
-4404.081178428381	-5576.894502481855
-4404.073942644736	-5577.373019482249
-4404.009475983343	-5581.025094910955
-4403.94511371059	-5583.501913029733
-4403.918484451242	-5584.4358881208445
-4403.8469375682635	-5586.404621735605
-4403.648202031604	-5591.473247609934
-4403.477262622073	-5595.2561471248055
-4403.400929984377	-5596.540116344738
-4403.270139548161	-5598.190446836614
-4403.232617502934	-5598.618342672036
-4403.192944110882	-5598.887639560497
-4402.90977808665	-5600.616350895545
-4402.849140315749	-5600.953930356536
-4402.722888999786	-5601.643307578444
-4402.472147320024	-5602.718765705906
-4401.790166687684	-5605.541482941753
-4401.2933105667125	-5607.442972729902
-4400.791142254529	-5609.226243369587
-4399.898679941665	-5612.028829017444
-4398.791378855814	-5615.202900954011
-4398.45052974082	-5616.123011061993
-4398.098699518993	-5617.027006344275
-4396.476817156863	-5620.748359389316
-4395.646326625205	-5622.540183348468
-4395.293923785446	-5623.247853884837
-4394.983637205549	-5623.829162816144
-4393.94126547313	-5625.395914775777
-4392.010140135595	-5628.20001138976
-4390.849594398227	-5629.786376602939
-4390.354961676037	-5630.426822350866
-4389.5931495103	-5631.3768507836885
-4389.536671668822	-5631.4450411638945
-4389.457221640787	-5631.54029573827
-4389.414178149815	-5631.5913251330985
-4389.094773145985	-5631.959139446322
-4389.028073195181	-5632.031755253352
-4388.87676683875	-5632.189391919754
-4388.788077145049	-5632.281792186266
-4388.647270056684	-5632.426351597578
-4387.9378688575325	-5633.106504268052
-4387.339393465539	-5633.670865046776
-4386.522638627463	-5634.427046346314
-4386.061200668451	-5634.843605796103
-4384.902614541356	-5635.796600406351
-4383.998535585313	-5636.524268745246
-4383.140076871868	-5637.211395258124
-4381.3989390253355	-5638.595342210339
-4380.822182021544	-5639.049555977173
-4379.789511200972	-5639.851810354566
-4379.03989969212	-5640.421927428111
-4378.450729573655	-5640.845551118569
-4377.391041352915	-5641.581977615468
-4376.89064666348	-5641.919805087891
-4375.641681399226	-5642.7450967996765
-4375.063103438521	-5643.090268708322
-4374.466742529456	-5643.4244574385975
-4372.982550336776	-5644.239553516611
-4372.009894036935	-5644.767647103581
-4370.866418443064	-5645.373925927739
-4370.043394894905	-5645.808928455701
-4368.920085735144	-5646.391736206236
-4368.718154467522	-5646.492826293363
-4365.331293478286	-5648.062374327961
-4364.374890026114	-5648.4889523332195
-4361.298281981239	-5649.83082148112
-4359.13454433221	-5650.723462631828
-4357.621847530411	-5651.274580188758
-4354.734856476201	-5652.195305536055
-4353.954338914276	-5652.421040870731
-4351.9579521757205	-5652.953382417968
-4349.896813207403	-5653.434305697095
-4348.4284485558765	-5653.761566624138
-4345.371094082848	-5654.359373614318
-4343.562167732405	-5654.678998691652
-4340.872137843695	-5655.1110902295695
-4339.157620763074	-5655.371081024205
-4337.133427216137	-5655.652828689591
-4335.9292342485505	-5655.794826113386
-4335.204059313194	-5655.8565775604475
-4330.432007340392	-5656.06117149016
-4328.503519232563	-5656.111470639374
-4327.817668180071	-5656.125162031864
-4327.817668180069	-5656.125162031865
-4228.398591375432	-5699.104304662562
-4227.539657268562	-5724.990672913098
-4225.6684245283905	-5735.522145694889
-4219.645474811386	-5750.937070091523
-4214.254533846078	-5754.593569431936
-4213.551092373713	-5757.882014377541
-4213.028073195181	-5760.031755253352
-4212.647270056684	-5760.426351597578
-4208.321046131378	-5760.659405027782
-4199.641681399226	-5770.7450967996765
-4183.134544332211	-5778.723462631829
-4175.560865861673	-5784.479259693471
-4171.94990555108	-5789.704089772651
-4171.775692264266	-5789.927556942424
-4171.6473226048	-5790.090351193121
-4171.35988349467	-5790.453581482137
-4170.918119022189	-5790.993887584124
-4170.414178149815	-5791.5913251330985
-4170.330604119803	-5791.687565718195
-4170.094773145985	-5791.959139446322
-4170.028073195181	-5792.031755253352
-4169.788077145049	-5792.281792186266
-4169.717999340053	-5792.353737472215
-4169.669225737552	-5792.393119222577
-4169.646836009588	-5792.426106883213
-4167.53880932302	-5794.40283746468
-4164.312627841067	-5797.0506999240615
-4159.596950790725	-5800.583940267847
-4157.143031495541	-5802.101320370999
-4154.728728286403	-5803.412209669297
-4150.432635940006	-5805.450751641504
-4142.891524220273	-5808.715921520772
-4139.567401934114	-5810.0135297915795
-4137.538776927761	-5810.630620352681
-4132.623420210211	-5811.7044436891465
-4126.996661816549	-5812.788379492375
-4117.4934316886975	-5814.425737314743
-4110.617154464731	-5814.950556930546
-4103.569256834701	-5815.185858166889
-4011.637039952754	-5815.984201871881
-4010.3126278410678	-5817.0506999240615
-4008.8334186126644	-5818.1854681466375
-4006.183902740535	-5820.167672708022
-4005.5969507907243	-5820.583940267847
-4005.3335646455744	-5820.760392048431
-4002.6952526410023	-5822.360822333609
-4002.049147725552	-5825.052537886035
-4001.7583285384076	-5828.787621992806
-4001.506275818929	-5831.205994732567
-4000.9318479118265	-5835.379422763746
-4000.3150383959296	-5839.078568807383
-3998.87956970265	-5845.672331031143
-3997.481957345385	-5850.418920345932
-3994.3285049306205	-5857.49442117697
-3992.1905441170334	-5860.957291948857
-3990.81019476393	-5862.462615099086
-3990.8101947639293	-5862.462615099088
-3989.4760459817135	-5881.012297383126
-3989.4423885921533	-5882.488019200076
-3989.3693209946987	-5884.476857554975
-3989.1820539023433	-5887.935326800671
-3989.049147725552	-5890.052537886036
-3988.8592639189405	-5892.539039763713
-3988.7583285384076	-5893.787621992806
-3988.7444276750384	-5893.936456485888
-3988.506275818929	-5896.205994732567
-3988.3392437901357	-5897.496064477116
-3987.955807876242	-5900.220817177355
-3987.8506250125724	-5900.8889387912495
-3987.38805802632	-5903.6514149391305
-3986.915203692987	-5906.180792203772
-3986.3182542744885	-5909.0340072225135
-3985.144372476845	-5913.320576303799
-3985.1053264141383	-5913.447622444893
-3984.487807433944	-5915.4036349095095
-3983.013544841733	-5918.885713933885
-3981.898607395293	-5921.341210208553
-3980.744947233802	-5923.5623435134585
-3979.7012062493213	-5925.246655604955
-3979.1097511728344	-5926.054234217729
-3977.8101947639307	-5927.462615099086
-3977.8101947639298	-5927.462615099088
-3976.2621904766347	-5928.026830277166
-3975.993702267371	-5928.518272039417
-3973.775267306687	-5931.350425383722
-3944.898607395293	-5936.341210208553
-3944.270717880122	-5947.320677747622
-3928.8940728336743	-5952.059928661416
-3925.399412122263	-5954.184602182556
-3916.5418065067156	-5958.305056922269
-3907.2650990289253	-5961.95633970461
-3870.2650990289203	-5967.2351349162
-3851.267558514379	-5972.174833847001
-3844.147946926797	-5977.139193662392
-3829.658558484868	-5984.166348895964
-3826.1432627014274	-5986.526434860716
-3824.7051324236045	-5989.543934000705
-3807.1180936393407	-6005.012297383126
-3805.2449018797442	-6006.407428235626
-3803.804199612524	-6007.369910988227
-3801.952516598585	-6008.4379679745325
-3799.2432649802977	-6009.836644631549
-3796.3153411857324	-6011.169679928184
-3793.6524844700134	-6012.311305741223
-3783.680022090935	-6016.188929378025
-3777.0925288665567	-6017.937884117728
-3770.9664440426814	-6019.256472372861
-3761.531288074284	-6020.74953428369
-3758.11361424214	-6020.9967713919605
-3758.113614242139	-6050.752736154227
-3757.1451493983245	-6051.695624386231
-3756.9648816556974	-6051.867870779296
-3755.873774658342	-6052.885269467455
-3754.364097588131	-6054.280990185885
-3753.211286549731	-6055.312534729124
-3751.24789174699	-6056.917562019838
-3746.668548237045	-6060.490004917397
-3745.233857186763	-6061.5402446865355
-3744.094399942809	-6062.248957141996
-3742.399412122263	-6063.184602182556
-3739.9719653060138	-6064.441385366481
-3738.154296920074	-6065.28653989891
-3735.031508058565	-6066.663735323982
-3733.25212698825	-6067.426940546562
-3728.916678776191	-6069.195864075489
-3727.2518585924054	-6069.841364731403
-3723.581451189275	-6071.209470242395
-3722.5230583206694	-6071.546129117876
-3717.679496633281	-6072.852437938756
-3716.6773694840595	-6073.093714029683
-3712.2429158296027	-6074.076365309327
-3709.4675022383362	-6074.629313342331
-3707.4614056103255	-6075.00097163729
-3704.5115493674216	-6075.47228811401
-3703.1355927631566	-6075.666493758332
-3702.445976465058	-6075.760520985577
-3701.204329795506	-6075.870246343503
-3699.410271433101	-6075.982880943715
-3696.0094737272575	-6076.120235056149
-3694.9852132980964	-6076.14503207433
-3692.285393530078	-6076.195403577066
-3690.290949164019	-6076.2351349162
-3690.1672126935528	-6076.526843872876
-3690.035740120744	-6076.834449162734
-3690.013544841733	-6076.885713933885
-3689.998185752892	-6076.920152207623
-3689.134381090139	-6078.824032325467
-3688.985360374578	-6079.151796599581
-3688.898607395293	-6079.341210208553
-3688.7612223614005	-6079.6290867972375
-3688.6907104039583	-6079.772967476967
-3688.50648006178	-6080.145912761831
-3688.3285049306205	-6080.49442117697
-3688.278504129413	-6080.590656190489
-3688.1442513225174	-6080.842459849101
-3687.744947233802	-6081.5623435134585
-3687.7429481313757	-6081.565783090613
-3687.441229393163	-6082.078613184607
-3687.4068375644915	-6082.134083230732
-3687.3227275369927	-6082.269702673689
-3686.7675931154554	-6083.143976124895
-3686.701206249322	-6083.246655604956
-3686.6589892828206	-6083.309763015895
-3686.5455103920103	-6083.469621095815
-3686.296522522145	-6083.814026550252
-3686.1905441170334	-6083.957291948857
-3686.109751172834	-6084.054234217729
-3685.6127096025702	-6084.6269221256425
-3685.583836625752	-6084.659267478031
-3685.323890525512	-6084.946517304168
-3684.8101947639307	-6085.462615099086
-3684.8101947639293	-6085.462615099088
-3684.810194763928	-6085.462615099089
-3684.7017754651306	-6085.57035685837
-3684.7017754651283	-6085.570356858371
-3684.5877710628	-6085.683610824322
-3684.230498015731	-6086.038253030599
-3683.990509784768	-6086.275500256665
-3683.9905097847677	-6086.2755002566655
-3683.7660869251777	-6086.497109523748
-3683.7446455491154	-6086.518272039417
-3683.6503389521877	-6086.6113521117695
-3683.6503389521868	-6086.61135211177
-3683.124191850883	-6087.125770431709
-3682.993702267372	-6087.253309604977
-3682.112072197715	-6088.104487965731
-3680.775267306687	-6089.350425383722
-3679.696407979957	-6090.26810136178
-3677.446939976988	-6092.160240014363
-3675.4030677775404	-6093.790065397592
-3673.7940403042003	-6095.01492127532
-3672.1309580585885	-6096.1694413897985
-3671.6253838118278	-6096.475507832167
-3669.952516598585	-6097.4379679745325
-3667.2432649802977	-6098.836644631549
-3666.006896450405	-6099.408043275114
-3664.3153411857324	-6100.169679928184
-3657.194465709944	-6103.127268819636
-3652.113737293593	-6105.04291106617
-3647.80209722807	-6106.263274286592
-3641.565596713627	-6107.73623305987
-3637.659592057391	-6108.481962740148
-3629.775267306687	-6109.350425383722
-3629.531288074284	-6109.74953428369
-3626.446939976988	-6112.160240014362
-3623.3509442316745	-6114.6013019991715
-3621.1309580585885	-6116.1694413897985
-3619.0527514708197	-6117.383482407711
-3616.2432649802977	-6118.836644631549
-3614.2650990289258	-6119.745019668373
-3577.2650990289203	-6125.2351349162
-3533.1432627014274	-6144.526434860716
-3531.7051324236045	-6147.543934000705
-3463.265099028919	-6169.235134916201
-3451.659265204251	-6178.862951981716
-3447.728037212315	-6187.485027243427
-3445.113614242139	-6190.752736154227
-3440.3523300826946	-6195.195577970644
-3435.5740819667235	-6199.012297383127
-3434.686471627284	-6199.706327747313
-3433.668548237045	-6200.490004917397
-3432.412946006846	-6201.410389457977
-3432.091327865471	-6201.636400618119
-3431.094399942809	-6202.248957141996
-3429.399412122263	-6203.184602182556
-3427.815378513333	-6204.017511783467
-3426.9719653060138	-6204.441385366481
-3425.1542969200736	-6205.286539898909
-3422.031508058565	-6206.663735323982
-3420.447204712154	-6207.345348951462
-3418.240137025972	-6208.255345214613
-3417.4035678075634	-6208.258823990973
-3414.2518585924054	-6209.841364731403
-3410.112854198749	-6211.36431112047
-3409.5230583206694	-6211.546129117876
-3404.679496633281	-6212.852437938756
-3399.1352802250894	-6214.0994005110115
-3394.4614056103255	-6215.00097163729
-3389.4713781111604	-6215.757514670321
-3386.410271433101	-6215.982880943715
-3383.0094737272575	-6216.120235056149
-3379.285393530078	-6216.195403577066
-3374.265099028934	-6216.2351349162
-3374.2650990289285	-6216.235134916201
-3374.265099028921	-6216.235134916202
-3370.7051324236045	-6216.543934000705
-3330.955807876242	-6218.220817177355
-3330.8506250125724	-6218.8889387912495
-3330.38805802632	-6221.6514149391305
-3329.915203692987	-6224.180792203772
-3329.3182542744885	-6227.0340072225135
-3328.144372476845	-6231.320576303799
-3327.487807433944	-6233.4036349095095
-3326.013544841733	-6236.885713933885
-3324.8986073952924	-6239.341210208553
-3323.744947233802	-6241.5623435134585
-3322.7012062493213	-6243.246655604955
-3322.1097511728344	-6244.054234217729
-3320.8101947639307	-6245.462615099086
-3320.8101947639293	-6245.462615099088
-3320.810194763928	-6245.462615099089
-3318.7918551967186	-6247.450530707374
-3316.775267306687	-6249.350425383722
-3315.696407979957	-6250.26810136178
-3313.446939976988	-6252.160240014362
-3311.4030677775404	-6253.790065397592
-3310.350944231674	-6254.6013019991715
-3309.1407728626323	-6255.481384103547
-3307.804199612524	-6256.369910988227
-3305.952516598585	-6257.4379679745325
-3303.2432649802977	-6258.836644631549
-3302.006896450405	-6259.408043275114
-3300.3153411857324	-6260.169679928184
-3293.194465709944	-6263.127268819636
-3288.50479364547	-6264.906855901641
-3285.0170106415844	-6265.950261256457
-3278.068725964885	-6267.631144361874
-3273.8446837618753	-6268.45049887861
-3271.653542565432	-6270.235134916202
-3250.265099028923	-6279.956339704611
-3213.2650990289176	-6285.2351349162
-3178.318254274489	-6286.0340072225135
-3174.1285474787096	-6297.968273575221
-3170.5637892704676	-6304.610913600093
-3167.7051324236045	-6307.543934000705
-3161.4664985565432	-6312.718421093732
-3148.314077071358	-6319.176992313293
-3143.859905140319	-6321.012297383126
-3141.498282351249	-6321.970819931638
-3137.3559251872184	-6323.569083794857
-3135.5785561790426	-6324.210497569582
-3134.6366984230517	-6324.514049679588
-3130.585973355	-6325.621844750873
-3128.6773694840595	-6326.093714029683
-3119.4614056103255	-6328.00097163729
-3114.4713781111604	-6328.757514670321
-3114.445976465058	-6328.760520985577
-3111.410271433101	-6328.982880943713
-3107.1526708919155	-6329.141695351618
-3099.26509902893	-6329.235134916202
-3062.399412122263	-6337.184602182556
-3043.2706449564757	-6345.884885833165
-3022.531288074284	-6349.74953428369
-3007.265099028921	-6350.235134916201
-2984.7051324236045	-6370.543934000705
-2982.4719351271474	-6372.561314905162
-2978.4664985565432	-6375.718421093732
-2976.884430430441	-6376.78212800026
-2973.71660525123	-6378.548143929796
-2971.993384584307	-6379.34106015788
-2962.8300947956286	-6383.209806866473
-2956.8537489463706	-6385.611131146099
-2952.112854198749	-6387.364311120471
-2946.679496633281	-6388.852437938756
-2941.1352802250894	-6390.0994005110115
-2936.4614056103255	-6391.00097163729
-2931.5312880742845	-6391.749534283688
-2925.0094737272575	-6392.120235056149
-2916.2650990289285	-6392.235134916201
-2874.7368963995395	-6397.044702622271
-2843.4246667981492	-6401.653680659531
-2839.6068486969325	-6407.962765249061
-2837.561066097203	-6418.21736436919
-2827.4392484557184	-6419.001537686452
-2813.2650990289276	-6420.235134916201
-2803.374264889416	-6429.144683025313
-2778.7051324236045	-6435.543934000705
-2709.228481345684	-6436.721824664606
-2703.228481345684	-6448.721824664606
-2663.9785901707037	-6456.204712606698
-2662.7645783322405	-6459.432828730774
-2659.675904013489	-6466.051829940519
-2654.2712933748135	-6473.884885833166
-2654.2706449564757	-6473.885522855317
-2651.4085845754375	-6476.613229480932
-2648.9224026604115	-6478.837720263144
-2646.720998948618	-6480.542644586293
-2645.0460456350092	-6481.66396330456
-2640.958080936372	-6483.8323638471265
-2636.775361778897	-6485.871201779697
-2623.4255361793403	-6491.264444043533
-2614.6529083900514	-6493.612484393535
-2602.7267681438593	-6496.195225605034
-2598.8987874710388	-6496.581876217981
-2588.7368963995386	-6497.044702622272
-2542.7514956880204	-6509.217364369189
-2485.7368963995405	-6525.044702622272
-2422.147113912276	-6532.699588227399
-2419.098464185544	-6537.562800459804
-2417.6946719531006	-6539.255138021068
-2417.228481345684	-6539.721824664606
-2413.293205189638	-6543.1142768586615
-2408.02178848345	-6547.016150346461
-2395.9457356371536	-6553.304156094431
-2388.576042682129	-6556.133254348494
-2386.1550910919223	-6556.860674235438
-2362.4284845100356	-6562.053607850707
-2349.31575890761	-6562.898211915404
-2320.460936824529	-6564.721824664606
-2320.2284813456845	-6564.877620806619
-2315.9991391274507	-6568.350244423392
-2310.529385506065	-6572.3335688583775
-2299.5281794340726	-6578.033185916633
-2292.877070408005	-6580.716041601694
-2279.423262218017	-6584.290803073138
-2269.8635327150714	-6586.277374736052
-2261.7239898769917	-6587.444023140936
-2252.315758907777	-6587.898211915404
-2219.3470552460603	-6591.4045746465
-2215.6327498886044	-6593.831813044395
-2205.2528310864855	-6599.162233966386
-2198.41775225022	-6601.86912977541
-2184.980637918009	-6605.39601432392
-2173.5535113163405	-6607.685604220544
-2167.7239898769917	-6608.444023140936
-2158.3157589076004	-6608.898211915404
-2077.309647739143	-6621.721824664606
-2054.986618066698	-6622.903041677675
-2051.9991391274507	-6625.350244423392
-2049.3470552460603	-6627.4045746465
-2046.529385506065	-6629.3335688583775
-2039.376603617131	-6633.103302851456
-2035.528179434073	-6635.033185916633
-2031.4943380416512	-6636.734998830611
-2028.8770704080048	-6637.716041601694
-2025.1224541193933	-6638.869446235685
-2015.423262218017	-6641.290803073138
-2010.1553525206582	-6642.441052129241
-2005.8635327150714	-6643.277374736052
-1997.7239898769917	-6644.444023140936
-1988.3157589077769	-6644.898211915404
-1958.315758907606	-6645.898211915404
-1803.931745630663	-6647.065770513351
-1802.1256074913215	-6649.996794789561
-1800.8740062073375	-6651.890648716062
-1800.109240738165	-6652.82471490488
-1799.228481345684	-6653.721824664606
-1797.9869536786466	-6654.902744961092
-1795.2932051896382	-6657.1142768586615
-1792.6359030342273	-6659.193064697325
-1789.5964737084264	-6661.293417065841
-1782.3766036171314	-6665.103302851456
-1779.1315711680547	-6666.73833707403
-1777.9457356371536	-6667.304156094431
-1774.4943380416512	-6668.734998830611
-1768.3405091329935	-6670.808210951996
-1762.8916604178494	-6671.865722716455
-1761.2284813456845	-6673.721824664606
-1761.2284813456836	-6673.721824664607
-1760.5207367045114	-6674.411912694738
-1758.0345317681447	-6676.776567701531
-1756.2182864351075	-6678.4656719578925
-1755.6762570271053	-6678.961624211004
-1754.304797575918	-6680.014972184151
-1754.2237080146429	-6680.071769238588
-1754.1939695833466	-6680.091367307583
-1752.9374617003116	-6680.858940961589
-1750.5037317187941	-6682.28784593936
-1748.849738341846	-6683.2113227059845
-1746.0658744939951	-6684.719215240506
-1743.443036949406	-6686.053408485028
-1739.3907043346294	-6687.825248508443
-1733.8932123268276	-6689.896989581906
-1729.6620800932176	-6691.359605891768
-1723.1841425451985	-6693.298645493056
-1719.339647241914	-6694.301919482983
-1714.1367902900088	-6695.494568795009
-1707.314190282708	-6696.839825333769
-1702.6382319742181	-6697.6225133938115
-1699.614961955386	-6697.883569721177
-1694.4741053914336	-6698.096833341333
-1556.8841905937838	-6698.778116573514
-1554.3281806858122	-6699.85024491492
-1552.27749605111	-6700.649779804129
-1548.2562343184968	-6702.118971381542
-1545.2601911818779	-6703.0440675471855
-1542.8063822921258	-6703.725399337155
-1536.8870710789602	-6705.060626506809
-1530.043197777283	-6705.411224647012
-1528.0002627665585	-6706.808828047011
-1518.4435958979288	-6708.3330260283155
-1510.3649801604784	-6708.916566754555
-1502.0431977772832	-6709.411224647012
-1409.9477311908597	-6709.749513657122
-1401.708703514178	-6712.96307959711
-1391.1841425451985	-6716.298645493056
-1390.4741053914188	-6717.096833341333
-1382.1367902900088	-6718.494568795009
-1370.6382319742181	-6720.6225133938115
-1362.4741053914329	-6721.096833341333
-1239.120019797314	-6722.642891749625
-1235.1237805933401	-6723.579973574279
-1224.090804849879	-6725.792021193225
-1218.025019671672	-6726.823468596887
-1214.4435958979288	-6727.3330260283155
-1213.2648707642854	-6727.444958628428
-1213.0234157562222	-6727.466433018098
-1212.608712911996	-6727.49548273178
-1210.1986468728055	-6727.660671518573
-1207.3176508591598	-6727.853494682123
-1206.3649801604784	-6727.916566754555
-1205.8899896267123	-6727.947610513424
-1202.7464333771318	-6728.148461188078
-1202.7464333771316	-6728.148461188079
-1201.5509842737808	-6728.223549703995
-1198.9101665214753	-6728.384030912901
-1198.6185959666414	-6728.400018812388
-1198.0431977772832	-6728.411224647012
-1083.6620800932178	-6729.35960589177
-1077.1841425451985	-6731.298645493056
-1068.212699570059	-6733.478575528117
-1060.0397531627605	-6735.0652780903165
-1055.7871648551832	-6735.727554580535
-1048.4741053914186	-6736.096833341333
-801.692902106901	-6738.407437276764
-761.7703473015393	-6747.961087303704
