-7073.49866231373	325.19913435536444
-7067.49866231373	66.19913435536444
-7058.49866231373	-142.80086564463556
-7052.49866231373	-242.80086564463556
-7040.742598228943	-361.06762111410603
-7028.742598228943	-474.06762111410603
-7009.281922458379	-537.4686962801713
-6984.49866231373	-591.8008656446356
-6979.742598228943	-735.067621114106
-6960.281922458379	-798.4686962801716
-6944.742598228943	-810.067621114106
-6932.742598228943	-949.067621114106
-6913.281922458379	-1012.4686962801716
-6912.821030220011	-1012.520854042954
-6878.9522581771525	-1100.032875852106
-6874.9522581771525	-1136.032875852106
-6867.742598228943	-1235.067621114106
-6848.281922458379	-1298.4686962801716
-6827.9522581771525	-1350.032875852106
-6792.742598228943	-1547.067621114106
-6783.742598228943	-1571.067621114106
-6776.742598228943	-1609.067621114106
-6773.492905258115	-1610.3995912737046
-6762.952258177153	-1636.032875852106
-6757.492905258115	-1672.3995912737046
-6709.952258177153	-1716.032875852106
-6698.586778667312	-1880.4283874974012
-6683.647270056683	-1941.4263515975779
-6682.586778667312	-1942.4283874974012
-6667.647270056683	-2003.4263515975779
-6624.542352244898	-2027.9420585023336
-6612.6817054297635	-2052.263708898373
-6612.0884908796	-2052.8828869063527
-6607.586778667312	-2185.428387497401
-6592.647270056683	-2246.426351597578
-6570.586778667312	-2292.428387497401
-6555.647270056683	-2353.426351597578
-6526.647270056683	-2383.426351597578
-6510.586778667312	-2449.428387497401
-6495.647270056683	-2510.426351597578
-6472.647270056683	-2567.426351597578
-6415.647270056683	-2616.426351597578
-6394.647270056683	-2661.426351597578
-6393.586778667312	-2662.428387497401
-6378.647270056683	-2723.426351597578
-6365.586778667311	-2770.428387497401
-6350.647270056683	-2831.426351597578
-6318.647270056684	-2880.426351597577
-6318.647270056683	-2880.4263515975776
-6295.647270056683	-2937.426351597578
-6264.508374359642	-2980.6808004746595
-6250.838358971223	-3035.960941673036
-6223.647270056683	-3054.426351597578
-6187.650178003925	-3061.127168570323
-6178.586778667311	-3150.428387497401
-6163.647270056683	-3211.4263515975776
-6143.508374359642	-3223.6808004746595
-6129.838358971223	-3278.960941673036
-6128.713744570192	-3279.227312522611
-6091.647270056683	-3288.426351597578
-6070.647270056683	-3310.426351597578
-6039.508374359642	-3353.6808004746595
-6025.838358971223	-3408.960941673036
-6024.713744570192	-3409.227312522611
-5988.094773145984	-3417.959139446322
-5987.647270056683	-3418.426351597578
-5986.575969718351	-3495.9892521144893
-5984.575969718351	-3501.9892521144893
-5971.713744570192	-3553.227312522611
-5970.838358971223	-3558.960941673036
-5928.094773145984	-3574.959139446322
-5927.647270056683	-3575.426351597578
-5910.377589980171	-3578.149998974137
-5908.377589980171	-3584.149998974137
-5907.508374359642	-3587.6808004746595
-5897.726084153799	-3593.8805085534295
-5893.838358971223	-3642.960941673036
-5892.713744570192	-3643.227312522611
-5889.651070503775	-3658.8369788442924
-5874.647270056683	-3719.4263515975776
-5813.377589980171	-3743.149998974137
-5785.651070503775	-3788.8369788442924
-5785.010668806305	-3807.8440711087733
-5782.781144711567	-3824.2143868377066
-5777.71172682559	-3839.237178435479
-5771.094773145984	-3848.959139446322
-5770.647270056683	-3849.426351597578
-5750.575969718351	-3859.9892521144893
-5741.13454433221	-3867.7234626318286
-5736.838358971223	-3916.960941673036
-5698.647270056683	-3934.426351597578
-5674.377589980171	-3942.149998974137
-5664.651070503775	-3999.8369788442924
-5649.647270056683	-4060.426351597578
-5606.651070503775	-4113.836978844028
-5591.647270056683	-4174.426351597578
-5543.094773145984	-4183.959139446322
-5542.647270056683	-4184.426351597578
-5530.377589980171	-4198.149998974137
-5513.13454433221	-4202.723462631829
-5508.838358971223	-4251.960941673036
-5506.781479367921	-4252.726422822885
-5446.377589980171	-4277.149998974137
-5419.651070503775	-4340.836978844292
-5404.647270056683	-4401.426351597578
-5385.651070503775	-4437.836978844292
-5370.647270056683	-4498.426351597578
-5349.647270056683	-4521.426351597578
-5321.042022790363	-4532.749167869082
-5320.838358971223	-4532.960941673036
-5319.713744570192	-4533.227312522611
-5290.934344317797	-4552.222943110613
-5287.838358971223	-4572.960941673036
-5252.651070503775	-4598.836978844292
-5249.781144711567	-4634.214386837706
-5238.094773145984	-4658.959139446322
-5237.647270056683	-4659.426351597578
-5208.13454433221	-4677.723462631829
-5204.647270056683	-4699.426351597578
-5184.575969718351	-4709.989252114489
-5183.533208981909	-4730.842715238813
-5180.969011525856	-4746.091441758215
-5176.54479099361	-4758.37352248264
-5171.042022790363	-4766.749167869082
-5170.838358971223	-4766.960941673036
-5169.713744570192	-4767.227312522611
-5140.934344317797	-4786.222943110613
-5140.010668806305	-4797.844071108773
-5137.781144711567	-4814.214386837706
-5132.71172682559	-4829.237178435479
-5126.094773145984	-4838.959139446322
-5125.647270056683	-4839.426351597578
-5096.13454433221	-4857.723462631829
-5064.377589980171	-4863.149998974137
-5027.575969718351	-4926.989252114489
-5027.266646309397	-4938.644469737414
-5026.533208981909	-4947.842715238813
-5025.763845303176	-4954.213444278738
-5023.969011525856	-4963.091441758215
-5021.396463018569	-4971.0419869465795
-5019.54479099361	-4975.37352248264
-5014.042022790363	-4983.749167869082
-5013.838358971223	-4983.960941673036
-5012.713744570192	-4984.227312522611
-5001.917306879803	-4993.885162287956
-4983.934344317798	-5003.222943110613
-4966.21859185376	-5007.829482897357
-4961.651070503775	-5009.836978844292
-4946.647270056683	-5070.426351597578
-4891.651070503775	-5081.836978844292
-4891.647270056683	-5118.426351597578
-4887.476037344266	-5122.135163370227
-4885.975365661446	-5126.748343845094
-4884.239052261563	-5131.068654006453
-4883.711726825591	-5132.237178435479
-4881.534010232036	-5135.970885601104
-4877.094773145985	-5141.959139446322
-4876.647270056683	-5142.426351597578
-4871.998535585313	-5146.524268745246
-4863.641681399226	-5152.7450967996765
-4856.718154467525	-5156.492826293363
-4847.13454433221	-5160.723462631829
-4839.9579521757205	-5162.953382417969
-4831.562167732405	-5164.678998691652
-4823.835179690107	-5165.81589990692
-4815.377589980171	-5166.149998974137
-4794.108652286766	-5198.665943002771
-4794.081178428381	-5201.894502481856
-4794.009475983343	-5206.025094910955
-4793.94511371059	-5208.501913029733
-4793.918484451242	-5209.435888120844
-4793.846937568264	-5211.404621735605
-4793.648202031604	-5216.473247609934
-4793.477262622073	-5220.2561471248055
-4793.410585497457	-5221.417143151156
-4793.395706883915	-5221.651428836425
-4793.2724360366665	-5223.267270011656
-4793.247069267252	-5223.5456243151275
-4793.190136231163	-5224.016775256696
-4792.888968179977	-5225.8833600004655
-4792.520864285391	-5227.913649371159
-4792.36833721831	-5228.729472034724
-4792.146502009316	-5229.708729004469
-4791.576097515701	-5231.740050774773
-4790.050874350567	-5236.597126800707
-4788.936288493057	-5239.796562179077
-4788.791378855815	-5240.202900954011
-4788.45052974082	-5241.1230110619945
-4788.098699518993	-5242.027006344275
-4786.476817156863	-5245.748359389316
-4785.646326625205	-5247.540183348468
-4784.983637205549	-5248.829162816144
-4782.3125982584925	-5252.766722064107
-4780.810198151299	-5254.838112969473
-4779.028073195181	-5257.031755253352
-4778.647270056683	-5257.426351597578
-4776.061200668451	-5259.843605796103
-4773.140076871869	-5262.211395258124
-4769.039899692119	-5265.421927428111
-4765.641681399226	-5267.7450967996765
-4762.009894036935	-5269.767647103581
-4758.718154467525	-5271.492826293363
-4754.374890026114	-5273.4889523332195
-4749.13454433221	-5275.723462631829
-4744.734856476201	-5277.195305536055
-4741.9579521757205	-5277.953382417969
-4738.4284485558765	-5278.761566624138
-4733.562167732405	-5279.678998691652
-4729.157620763074	-5280.371081024205
-4725.835179690108	-5280.81589990692
-4723.647270056683	-5305.426351597578
-4662.817668180065	-5329.125162031867
-4616.108652286766	-5371.665943002771
-4616.081178428381	-5374.894502481856
-4616.009475983343	-5379.025094910955
-4615.94511371059	-5381.501913029733
-4615.918484451242	-5382.435888120844
-4615.846937568264	-5384.404621735605
-4615.648202031604	-5389.473247609934
-4615.647270056683	-5406.426351597578
-4612.791142254529	-5407.226243369587
-4611.898679941666	-5410.028829017444
-4610.791378855815	-5413.202900954011
-4610.45052974082	-5414.1230110619945
-4610.098699518993	-5415.027006344275
-4608.476817156863	-5418.748359389316
-4607.646326625205	-5420.540183348468
-4606.983637205549	-5421.829162816144
-4604.3125982584925	-5425.766722064107
-4602.810198151299	-5427.838112969473
-4601.028073195181	-5430.031755253352
-4600.647270056683	-5430.426351597578
-4598.061200668451	-5432.843605796103
-4595.140076871869	-5435.211395258124
-4591.039899692119	-5438.421927428111
-4587.641681399226	-5440.7450967996765
-4584.009894036935	-5442.767647103581
-4580.718154467525	-5444.492826293363
-4576.374890026114	-5446.4889523332195
-4571.13454433221	-5448.723462631829
-4566.734856476201	-5450.195305536055
-4563.9579521757205	-5450.953382417969
-4560.4284485558765	-5451.761566624138
-4555.562167732405	-5452.678998691652
-4551.157620763074	-5453.371081024205
-4547.835179690108	-5453.81589990692
-4545.647270056683	-5478.426351597578
-4484.817668180065	-5502.125162031867
-4404.108652286766	-5573.665943002771
-4388.647270056683	-5632.426351597578
-4327.817668180065	-5656.125162031867
-4228.398591375433	-5699.1043046625555
-4212.647270056683	-5760.426351597578
-4169.646836009588	-5792.426106883213
-4103.569256834713	-5815.185858166889
-3989.476045981714	-5881.012297383125
-3977.8101947639298	-5927.462615099086
-3941.113614242139	-5941.752736154227
-3907.265099028952	-5952.235134916201
-3870.265099028952	-5967.235134916201
-3825.036622420884	-5984.6066869123715
-3824.7051324236045	-5989.543934000705
-3769.476045981714	-6005.012297383125
-3758.113614242139	-6050.752736154227
-3687.265099028952	-6076.235134916201
-3684.8101947639298	-6085.462615099086
-3614.265099028952	-6110.235134916201
-3421.5421300656926	-6134.309927065505
-3407.2706449564757	-6185.884885833165
-3371.036622420884	-6211.6066869123715
-3370.7051324236045	-6216.543934000705
-3320.8101947639298	-6245.462615099086
-3250.265099028952	-6270.235134916201
-3068.7368963995586	-6273.044702622272
-3057.5421300656926	-6294.309927065505
-3046.2706449564757	-6307.884885833165
-3043.2706449564757	-6345.884885833165
-2984.7051324236045	-6370.543934000705
-2916.265099028952	-6392.235134916201
-2770.2706449564757	-6409.884885833165
-2709.2284813456836	-6436.721824664606
-2654.2706449564757	-6473.884885833165
-2588.7368963995586	-6497.044702622272
-2430.2284813456836	-6512.721824664606
-2362.315758907531	-6535.898211915404
-2320.2284813456836	-6564.721824664606
-2252.315758907531	-6587.898211915404
-2068.315758907531	-6593.898211915404
-2056.228481345684	-6621.721824664606
-1988.3157589075308	-6644.898211915404
-1799.228481345684	-6653.721824664606
-1761.228481345684	-6673.721824664606
-1731.3157589075308	-6676.898211915404
-1694.4741053914108	-6698.096833341333
-1362.4741053914108	-6721.096833341333
-1103.7703473015379	-6728.961087303703
-761.7703473015379	-6747.961087303703
