-3671.8000817952034	-705.099399077779
-3671.800081795203	-705.0993990777794
-3671.796760165001	-705.1915946264198
-3671.732388059093	-706.4098159613415
-3671.6883872084645	-706.8334027602613
-3671.626771005438	-707.4080311091915
-3671.3685152634707	-709.5777649262994
-3671.2632830735415	-710.4064553011285
-3671.193833772941	-710.8703087651284
-3671.0212796727137	-711.9726194816096
-3670.686599984392	-714.0878599885605
-3670.6791153222803	-714.1246432866114
-3669.463182026506	-720.0321363317371
-3668.329153974757	-725.3760281645995
-3668.233096021432	-725.8252253698411
-3666.7426759706386	-732.6334640831567
-3666.238588442318	-734.8422002591242
-3666.2385884423175	-734.8422002591252
-3665.894689419909	-736.1870893188357
-3665.591873721748	-737.1835312438582
-3665.5264655387014	-737.3903450141496
-3665.5245009868368	-737.3965567197669
-3665.5245009868363	-737.3965567197683
-3665.491261584657	-737.4978580388795
-3665.029450368281	-738.7769991819961
-3665.0294503682803	-738.7769991819963
-3664.5034783483025	-740.1189732388044
-3663.7703832510715	-741.8789472022838
-3663.105231919205	-743.1664107706648
-3663.0366977083095	-743.2981970962842
-3662.322942350441	-744.6672201499464
-3661.9718720275564	-745.3329693218074
-3661.7651262315494	-745.721804039712
-3660.865932799635	-747.1090922740331
-3660.7912535996907	-747.2228980600952
-3660.5533429060342	-747.5833471696858
-3659.9191690000575	-748.5288293558372
-3659.919169000057	-748.5288293558373
-3658.576552730823	-750.4556817669634
-3657.728120590947	-751.5112993102605
-3656.6881188551206	-752.7507009371438
-3654.6757568348203	-755.0155255855973
-3654.185384952108	-755.5674174995127
-3653.9054531838137	-755.8729476495847
-3653.8663707492888	-755.9145021299056
-3653.5410847368703	-756.2603631635349
-3652.530762613491	-757.3048775365703
-3652.196973188696	-757.6276332772945
-3651.61490619687	-758.1495685060049
-3650.5441668866806	-758.9776866073303
-3648.6999792813504	-760.336271215119
-3646.3621689305546	-762.0191644560315
-3645.801379822996	-762.4041490436737
-3645.227310600636	-762.788244189903
-3644.369697959939	-763.3248569020358
-3642.7888158854316	-764.2629260553606
-3642.1465878279178	-764.6326663394588
-3641.079831815282	-765.2236315015617
-3639.8000817952034	-839.099399077779
-3639.800081795203	-839.0993990777794
-3639.796760165001	-839.1915946264198
-3639.732388059093	-840.4098159613415
-3639.6883872084645	-840.8334027602613
-3639.626771005438	-841.4080311091915
-3639.3685152634707	-843.5777649262994
-3639.2632830735415	-844.4064553011285
-3639.193833772941	-844.8703087651284
-3639.0212796727137	-845.9726194816096
-3638.686599984392	-848.0878599885605
-3638.6791153222803	-848.1246432866114
-3637.556099358988	-849.9952156768053
-3637.5560993589875	-853.5807065556828
-3637.556099358987	-853.5807065556829
-3637.463182026506	-854.0321363317371
-3636.647478044494	-857.875986438251
-3636.329153974757	-859.3760281645995
-3636.233096021432	-859.8252253698407
-3636.153593453242	-860.1883930971346
-3635.848739465893	-861.5809660952468
-3634.7426759706386	-866.6334640831567
-3634.5169724765055	-867.6224182717158
-3634.347646665151	-868.3643450682579
-3634.2385884423175	-868.8422002591252
-3634.1643671867587	-869.1324580036792
-3633.894689419909	-870.1870893188357
-3633.591873721748	-871.1835312438582
-3633.5245009868363	-871.3965567197681
-3633.491261584657	-871.4978580388795
-3633.0294503682803	-872.7769991819962
-3632.5034783483025	-874.1189732388044
-3631.7703832510715	-875.8789472022838
-3631.105231919205	-877.1664107706648
-3631.0366977083095	-877.2981970962842
-3630.322942350441	-878.6672201499464
-3629.9718720275564	-879.3329693218072
-3629.7651262315494	-879.721804039712
-3628.865932799635	-881.1090922740331
-3628.7912535996907	-881.2228980600952
-3628.713262180241	-881.3410597839935
-3628.5533429060342	-881.5833471696856
-3627.919169000057	-882.5288293558372
-3626.576552730823	-884.4556817669634
-3626.535875380153	-884.5062924439568
-3626.12855739558	-885.0130766521534
-3623.8000817952034	-978.099399077779
-3623.800081795203	-978.0993990777794
-3623.796760165001	-978.1915946264198
-3623.732388059093	-979.4098159613415
-3623.6883872084645	-979.8334027602613
-3623.626771005438	-980.4080311091915
-3623.3685152634707	-982.5777649262994
-3623.2632830735415	-983.4064553011285
-3623.193833772941	-983.8703087651284
-3623.0212796727137	-984.9726194816096
-3622.686599984392	-987.0878599885605
-3622.6791153222803	-987.1246432866114
-3621.463182026506	-993.0321363317372
-3620.329153974757	-998.3760281645995
-3620.2855055734217	-998.5801418190592
-3620.233096021432	-998.8252253698411
-3618.7426759706386	-1005.6334640831567
-3618.238588442318	-1007.8422002591242
-3618.2385884423175	-1007.8422002591252
-3617.894689419909	-1009.1870893188357
-3617.591873721748	-1010.1835312438582
-3617.5245009868363	-1010.3965567197683
-3617.491261584657	-1010.4978580388795
-3617.2566578271026	-1011.1476718761701
-3616.6660715924777	-1012.6351886460933
-3616.0337684720225	-1014.1803903938865
-3615.812709036709	-1014.7206082336581
-3615.6593209589464	-1015.0884570806819
-3614.651168965052	-1017.0255232277218
-3614.6511689650515	-1017.0255232277226
-3613.8632735413767	-1018.5372146441025
-3613.7651262315494	-1018.721804039712
-3613.0053824962984	-1019.8939473268009
-3612.686710256016	-1020.3812875572723
-3612.5533429060342	-1020.5833471696856
-3611.9191690000575	-1021.5288293558372
-3611.919169000057	-1021.5288293558373
-3611.455809094742	-1022.193819175516
-3610.442329644044	-1023.5991075500183
-3610.218969372203	-1023.9005862546758
-3609.728120590947	-1024.5112993102605
-3608.6881188551206	-1025.7507009371438
-3606.6757568348203	-1028.0155255855973
-3606.185384952108	-1028.5674174995127
-3605.9054531838137	-1028.8729476495846
-3605.8663707492888	-1028.9145021299055
-3605.5410847368703	-1029.2603631635347
-3604.530762613491	-1030.30487753657
-3604.196973188696	-1030.6276332772943
-3603.61490619687	-1031.149568506005
-3602.5441668866806	-1031.9776866073303
-3600.6999792813504	-1033.336271215119
-3598.3621689305546	-1035.0191644560314
-3597.801379822996	-1035.404149043674
-3597.227310600636	-1035.788244189903
-3596.369697959939	-1036.3248569020357
-3594.7888158854316	-1037.2629260553606
-3594.1465878279178	-1037.6326663394589
-3593.079831815282	-1038.2236315015616
-3591.736618701477	-1038.9528132191135
-3591.388419065576	-1039.1406875596201
-3591.243244859411	-1039.2170479725849
-3590.132445954507	-1039.7977254843665
-3589.975552079998	-1039.8797428002476
-3589.5560993589875	-1040.0973737414902
-3588.647478044494	-1040.486989942452
-3588.153593453242	-1040.6834042245284
-3587.8487394658932	-1040.8026937358452
-3586.5169724765055	-1041.3180542670248
-3586.347646665151	-1041.380155290116
-3586.1643671867587	-1041.445078994176
-3582.697096903338	-1042.6559042635163
-3580.713262180241	-1043.345830318186
-3578.649781680343	-1044.0624993587976
-3578.535875380153	-1044.1017727073022
-3578.128557395581	-1044.2414922692433
-3578.12855739558	-1044.2414922692435
-3577.1867260770136	-1044.562322448965
-3577.186726077013	-1044.5623224489652
-3576.635591353108	-1044.7462886293088
-3575.305206264086	-1045.1903649188212
-3575.1505891067395	-1045.2414721821224
-3575.059381249108	-1045.2715783116378
-3574.931175101303	-1045.3138267486838
-3574.663579828557	-1045.4018164445663
-3574.5000758291335	-1045.4548758526207
-3574.5000758291326	-1045.454875852621
-3573.6637507365886	-1045.7246386000834
-3573.663750736588	-1045.7246386000838
-3573.086547596835	-1045.910668575672
-3569.8167428766474	-1046.9533856029984
-3568.48121823805	-1047.3615208344575
-3568.4812182380497	-1047.3615208344577
-3566.4921976226433	-1047.9495029035638
-3566.34276678584	-1047.9926359571796
-3565.073437465576	-1048.3530832953675
-3563.02132001595	-1048.9335116644706
-3562.013487861621	-1049.2164426780482
-3560.064139208884	-1049.7557696888407
-3557.1332009215703	-1050.5203164950524
-3557.1187194767035	-1050.5240372026506
-3557.117546917146	-1050.5243152830362
-3556.454467700262	-1050.658404116451
-3556.052454824499	-1050.7358972045126
-3555.507239778939	-1050.836014227906
-3555.281763516236	-1050.8744993173896
-3551.8000817952034	-1123.099399077779
-3541.8000817952034	-1182.099399077779
-3541.732388059093	-1183.4098159613416
-3541.626771005438	-1184.4080311091914
-3541.3247687000285	-1186.8184785248725
-3541.0630219334416	-1188.6068519494559
-3540.736701779303	-1190.4057741303855
-3540.669280874108	-1190.740543355711
-3540.511239962358	-1191.434570457311
-3540.5112399623576	-1191.434570457313
-3540.4416969208914	-1191.7389222183892
-3540.0698781608016	-1193.3087802878517
-3539.0325285893423	-1197.6446743877789
-3538.6792873256895	-1199.1178248192323
-3538.5994891656865	-1199.422236520062
-3538.214730776601	-1200.696397938059
-3537.872971931458	-1201.7698557194824
-3537.6872107129548	-1202.3509614686936
-3537.6872107129543	-1202.350961468695
-3537.687210712954	-1202.3509614686957
-3536.8481158361055	-1204.8421239056552
-3536.848115836105	-1204.842123905656
-3536.1598304905883	-1206.8362935238627
-3535.331218455046	-1209.1586281830325
-3535.331218455045	-1209.1586281830337
-3535.123900685575	-1209.6959867139658
-3534.9291428909764	-1210.1926381061076
-3534.040690493014	-1212.3978502124003
-3532.216192682291	-1216.8055376160266
-3531.20223492893	-1219.0648555486878
-3530.634554361967	-1220.1970720001445
-3529.628624544971	-1222.0795832765873
-3529.5110255692734	-1222.2921371765565
-3528.77737870311	-1223.522013550901
-3526.98578888671	-1226.305426378617
-3526.1462483667624	-1227.3048378418475
-3525.5798033435703	-1227.9548330352698
-3524.4446003150188	-1229.2472438596153
-3524.191746649538	-1229.535113787746
-3523.816419897038	-1229.962417402515
-3522.977010911327	-1230.9067723659634
-3521.464635923797	-1232.5558929248616
-3520.995848143967	-1233.0653546486772
-3520.1680214594635	-1233.9643199892184
-3520.0225179779945	-1234.1152312134222
-3519.7978329381344	-1234.331522689261
-3518.5080038297883	-1235.3639889924204
-3517.6900847413635	-1236.0169498218227
-3517.422226007433	-1236.2268446664934
-3517.117368914578	-1236.4591933637644
-3515.7428323278773	-1237.4809022551594
-3514.565421846686	-1238.2803947116788
-3514.5555220881984	-1238.2870816497657
-3510.6770386316125	-1240.7453432106754
-3510.094885064015	-1241.0509786884256
-3509.463777886638	-1241.3654953805635
-3506.7075554742573	-1242.6541417625783
-3505.7133401705614	-1243.077614294502
-3499.070879595358	-1245.8395909147816
-3497.371429430799	-1246.543092052962
-3496.7434439571985	-1247.200586656828
-3496.732388059093	-1247.4098159613413
-3496.6883872084645	-1247.8334027602614
-3496.626771005438	-1248.4080311091914
-3496.4990726979313	-1249.480887550156
-3496.3247687000285	-1250.8184785248725
-3496.262122464439	-1251.2787775465818
-3496.1153525175437	-1252.2642146726505
-3496.0630219334416	-1252.6068519494559
-3495.736701779303	-1254.4057741303855
-3495.669280874108	-1254.740543355711
-3495.511239962358	-1255.434570457311
-3495.5112399623576	-1255.434570457313
-3495.4416969208914	-1255.7389222183892
-3495.0698781608016	-1257.3087802878517
-3494.89539183245	-1258.0380949397609
-3494.0325285893423	-1261.6446743877789
-3493.679287325689	-1263.1178248192318
-3493.5994891656865	-1263.422236520062
-3493.214730776601	-1264.696397938059
-3492.872971931458	-1265.7698557194824
-3492.6872107129548	-1266.3509614686936
-3492.6872107129543	-1266.350961468695
-3492.687210712954	-1266.3509614686957
-3491.8481158361055	-1268.8421239056552
-3491.848115836105	-1268.842123905656
-3491.1598304905883	-1270.8362935238627
-3490.331218455045	-1273.158628183034
-3489.929142890976	-1274.1926381061076
-3489.040690493014	-1276.3978502124003
-3487.216192682291	-1280.8055376160266
-3486.20223492893	-1283.0648555486878
-3485.634554361967	-1284.1970720001443
-3484.628624544971	-1286.0795832765868
-3484.5110255692734	-1286.2921371765565
-3483.77737870311	-1287.522013550901
-3481.98578888671	-1290.305426378617
-3481.1462483667624	-1291.3048378418475
-3479.1917466495374	-1312.2472438596153
-3443.5033448048216	-1313.764102823975
-3441.1970972855543	-1314.4647706873818
-3441.1917466495374	-1348.2472438596153
-3429.1917466495374	-1373.2472438596153
-3424.8000817952034	-1399.099399077779
-3424.800081795203	-1399.0993990777793
-3424.796760165001	-1399.1915946264198
-3424.732388059093	-1400.4098159613413
-3424.6883872084645	-1400.8334027602614
-3424.626771005438	-1401.4080311091914
-3424.4990726979313	-1402.480887550156
-3424.3247687000285	-1403.8184785248725
-3424.262122464439	-1404.2787775465818
-3424.0630219334416	-1405.6068519494559
-3423.736701779303	-1407.4057741303855
-3423.669280874108	-1407.740543355711
-3423.511239962358	-1408.434570457311
-3423.5112399623576	-1408.434570457313
-3423.4416969208914	-1408.7389222183892
-3423.0698781608016	-1410.3087802878517
-3422.0325285893423	-1414.6446743877789
-3421.6792873256895	-1416.1178248192323
-3421.5994891656865	-1416.422236520062
-3421.214730776601	-1417.6963979380594
-3420.872971931458	-1418.7698557194824
-3420.6872107129548	-1419.3509614686936
-3420.6872107129543	-1419.350961468695
-3420.687210712954	-1419.3509614686957
-3419.8481158361055	-1421.8421239056552
-3419.848115836105	-1421.842123905656
-3419.1598304905883	-1423.8362935238627
-3418.331218455046	-1426.1586281830325
-3418.331218455045	-1426.1586281830341
-3418.123900685575	-1426.6959867139658
-3417.9291428909764	-1427.1926381061076
-3417.040690493014	-1429.3978502124003
-3415.216192682291	-1433.8055376160266
-3414.20223492893	-1436.0648555486878
-3413.881491169924	-1436.7045662976238
-3413.6345543619673	-1437.1970720001436
-3413.634554361967	-1437.1970720001445
-3412.628624544971	-1439.079583276587
-3412.5110255692734	-1439.2921371765565
-3411.77737870311	-1440.522013550901
-3409.98578888671	-1443.305426378617
-3409.1462483667624	-1444.3048378418475
-3408.579803343571	-1444.9548330352695
-3407.4446003150188	-1446.2472438596153
-3407.191746649538	-1446.535113787746
-3406.816419897038	-1446.962417402515
-3405.977010911327	-1447.9067723659634
-3405.7938097852116	-1448.1065381290719
-3404.7915700771255	-1449.1993981149724
-3404.464635923797	-1449.5558929248614
-3403.995848143967	-1450.0653546486772
-3403.1680214594635	-1450.9643199892184
-3402.7978329381344	-1451.331522689261
-3401.5080038297883	-1452.3639889924204
-3400.6900847413635	-1453.0169498218227
-3400.422226007433	-1453.2268446664934
-3398.7428323278773	-1454.4809022551594
-3397.565421846686	-1455.2803947116786
-3397.5555220881984	-1455.2870816497657
-3393.6770386316125	-1457.7453432106754
-3392.463777886638	-1458.3654953805635
-3389.7075554742573	-1459.6541417625783
-3388.7133401705614	-1460.077614294502
-3382.070879595358	-1462.8395909147816
-3380.371429430799	-1463.543092052962
-3378.679750188421	-1464.2005866568277
-3376.403317493261	-1465.0775169675167
-3376.3998261267166	-1465.0788032433875
-3376.3949424953544	-1465.0804927370345
-3372.248053427561	-1466.5105260287273
-3371.8000817952034	-1489.0993990777788
-3361.8000817952034	-1494.099399077779
-3361.796760165001	-1494.1915946264198
-3361.732388059093	-1495.4098159613413
-3361.626771005438	-1496.4080311091916
-3361.4990726979313	-1497.480887550156
-3361.2865356942884	-1499.0993990777788
-3361.262122464439	-1499.2787775465818
-3361.20223492893	-1526.0648555486878
-3354.1917466495374	-1536.2472438596153
-3348.0630219334416	-1536.6318377852544
-3347.736701779303	-1537.138808574358
-3347.4416969208914	-1537.5971279394412
-3347.422226007433	-1543.2268446664934
-3342.6114134089717	-1543.305426378617
-3342.331218455045	-1543.6109559349966
-3341.6948734440275	-1544.3048378418475
-3341.464635923797	-1544.5558929248614
-3341.040690493014	-1545.0166215941301
-3340.995848143967	-1545.0653546486772
-3340.1680214594635	-1545.9643199892184
-3340.0225179779945	-1546.1152312134222
-3339.8853823532227	-1546.2472438596153
-3339.7978329381344	-1546.331522689261
-3339.216192682291	-1546.7971068203942
-3338.5080038297883	-1547.3639889924204
-3338.20223492893	-1547.60809029527
-3337.8280964569267	-1547.9067723659632
-3337.6900847413635	-1548.0169498218227
-3336.793433559971	-1548.719568167249
-3336.628624544971	-1548.8414120735729
-3336.5143597322526	-1548.9258884666694
-3335.8778435413105	-1549.3939000939752
-3335.77737870311	-1549.4617605527726
-3334.5555220881984	-1550.2870816497657
-3333.98578888671	-1550.6481901203495
-3333.1462483667624	-1551.1803079473598
-3331.1917466495374	-1552.4191108186285
-3330.6770386316125	-1552.7453432106754
-3330.57023116048	-1552.8070453754813
-3330.094885064015	-1553.0509786884254
-3329.977010911327	-1553.1099020467436
-3329.5299218977234	-1553.333394521962
-3329.463777886638	-1553.3654953805635
-3327.1680214594635	-1554.4388551357765
-3326.8000817952034	-1572.0993990777788
-3326.800081795203	-1572.0993990777793
-3326.796760165001	-1572.1915946264198
-3326.732388059093	-1573.4098159613413
-3326.6883872084645	-1573.8334027602612
-3326.626771005438	-1574.4080311091914
-3326.4990726979313	-1575.480887550156
-3326.3247687000285	-1576.8184785248725
-3326.262122464439	-1577.2787775465818
-3326.0630219334416	-1578.6068519494552
-3326.063021933441	-1578.6068519494554
-3325.736701779303	-1580.4057741303855
-3325.669280874108	-1580.740543355711
-3325.511239962358	-1581.434570457311
-3325.5112399623576	-1581.4345704573127
-3325.4416969208914	-1581.7389222183892
-3325.0698781608016	-1583.3087802878517
-3324.0325285893423	-1587.6446743877789
-3323.6792873256895	-1589.1178248192323
-3323.5994891656865	-1589.422236520062
-3323.214730776601	-1590.6963979380594
-3322.872971931458	-1591.7698557194826
-3322.6872107129548	-1592.3509614686936
-3322.6872107129543	-1592.350961468695
-3322.687210712954	-1592.3509614686955
-3321.8481158361055	-1594.8421239056552
-3321.848115836105	-1594.842123905656
-3321.1598304905883	-1596.8362935238627
-3320.331218455046	-1599.1586281830325
-3320.331218455045	-1599.1586281830337
-3320.1239006855753	-1599.6959867139649
-3320.123900685575	-1599.6959867139658
-3319.9291428909764	-1600.1926381061076
-3319.040690493014	-1602.3978502124003
-3317.2161926822914	-1606.8055376160266
-3316.20223492893	-1609.0648555486878
-3315.8814911699237	-1609.7045662976245
-3315.6345543619673	-1610.1970720001436
-3315.634554361967	-1610.1970720001443
-3314.628624544971	-1612.079583276587
-3314.5110255692734	-1612.2921371765565
-3313.77737870311	-1613.5220135509007
-3311.98578888671	-1616.3054263786169
-3311.1462483667624	-1617.3048378418475
-3310.579803343571	-1617.9548330352693
-3310.5798033435703	-1617.9548330352695
-3309.4446003150188	-1619.2472438596155
-3309.191746649538	-1619.535113787746
-3308.816419897038	-1619.962417402515
-3307.977010911327	-1620.9067723659632
-3307.250509621653	-1621.698962280995
-3306.464635923797	-1622.5558929248616
-3305.995848143967	-1623.0653546486772
-3305.1680214594635	-1623.9643199892187
-3305.0225179779945	-1624.1152312134222
-3304.7978329381344	-1624.331522689261
-3303.5080038297883	-1625.3639889924207
-3302.6900847413635	-1626.0169498218227
-3301.793433559971	-1626.719568167249
-3301.5143597322526	-1626.9258884666697
-3300.8778435413105	-1627.3939000939754
-3299.5555220881984	-1628.2870816497657
-3295.6770386316125	-1630.7453432106754
-3295.57023116048	-1630.8070453754813
-3295.094885064015	-1631.0509786884254
-3294.5299218977234	-1631.3333945219622
-3294.463777886638	-1631.3654953805635
-3293.984357949861	-1631.5896437527044
-3291.7075554742573	-1632.6541417625783
-3290.7133401705614	-1633.077614294502
-3289.906289626332	-1633.413190954583
-3284.070879595358	-1635.8395909147816
-3281.8164186702465	-1636.772843245373
-3279.6925799604237	-1637.604873081721
-3278.9692520445315	-1637.8811145525451
-3278.3949424953544	-1638.0804927370345
-3276.0777336768424	-1639.5105260287276
-3276.063021933441	-1639.6068519494554
-3276.03449700326	-1639.764102823975
-3276.0085771794647	-1639.9069923922734
-3275.945726963031	-1640.2534700676038
-3275.9207133303935	-1640.3913640285073
-3275.736701779303	-1641.4057741303855
-3275.7198640936595	-1641.4893793410065
-3275.673287268599	-1641.7206501552837
-3275.669280874108	-1641.740543355711
-3275.511239962358	-1642.434570457311
-3275.5112399623576	-1642.4345704573127
-3275.4416969208914	-1642.7389222183892
-3275.252899054636	-1643.5360467469277
-3275.1478783786156	-1643.9794551313532
-3275.1138352161906	-1644.1231889580972
-3275.0951428167673	-1644.2021102423948
-3275.0768355338814	-1644.2794055240033
-3275.0710759395997	-1644.3037231392789
-3275.0698781608016	-1644.3087802878517
-3275.048659039362	-1644.3974715699273
-3275.0311539799186	-1644.4706388859895
-3274.0325285893423	-1648.6446743877789
-3273.6792873256895	-1650.1178248192323
-3273.5994891656865	-1650.422236520062
-3273.5033448048216	-1650.7406270702008
-3273.214730776601	-1651.6963979380594
-3273.040650824842	-1652.2431796277233
-3272.872971931458	-1652.7698557194826
-3272.687210712954	-1653.3509614686955
-3271.9005387071475	-1655.686487289605
-3271.848115836105	-1655.8421239056552
-3271.443255930196	-1657.0151247972965
-3271.1970972855543	-1657.728320412459
-3271.1598304905883	-1657.836293523862
-3270.3312184550455	-1660.1586281830323
-3270.1239006855753	-1660.6959867139649
-3269.9291428909764	-1661.1926381061076
-3269.040690493014	-1663.3978502124003
-3267.2161926822914	-1667.8055376160266
-3266.886469281675	-1668.540232912118
-3266.20223492893	-1670.0648555486878
-3265.8814911699237	-1670.7045662976245
-3265.6345543619673	-1671.1970720001436
-3265.634554361967	-1671.1970720001443
-3264.628624544971	-1673.079583276587
-3264.5110255692734	-1673.2921371765565
-3264.054468135676	-1674.0575043129952
-3263.77737870311	-1674.5220135509007
-3261.98578888671	-1677.3054263786169
-3261.1462483667624	-1678.3048378418475
-3260.579803343571	-1678.9548330352693
-3259.1917466495374	-1680.2472438596153
-3258.816419897038	-1680.962417402515
-3258.7202967968024	-1681.0705581638776
-3258.169732325149	-1681.6899562169776
-3257.977010911327	-1681.9067723659632
-3257.8396332883362	-1682.056571367054
-3257.4620148214062	-1682.468333253073
-3257.3394098524973	-1682.6020238896667
-3256.844742271735	-1683.141418209185
-3256.464635923797	-1683.5558929248616
-3256.435728119576	-1683.587308888339
-3255.995848143967	-1684.0653546486772
-3255.1680214594635	-1684.9643199892187
-3255.1216475881665	-1685.0124173791767
-3252.422226007433	-1687.2268446664934
-3236.063021933441	-1687.6068519494554
-3230.244265828015	-1724.1521369340292
-3224.7978329381344	-1730.331522689261
-3214.7978329381344	-1733.331522689261
-3213.1153525175437	-1734.2642146726505
-3213.0630219334416	-1734.6068519494552
-3213.063021933441	-1734.6068519494554
-3212.736701779303	-1736.4057741303855
-3212.669280874108	-1736.740543355711
-3212.511239962358	-1737.434570457311
-3212.5112399623576	-1737.434570457313
-3212.4416969208914	-1737.7389222183892
-3212.0698781608016	-1739.3087802878517
-3211.0325285893423	-1743.6446743877789
-3210.6792873256895	-1745.1178248192323
-3210.5994891656865	-1745.422236520062
-3210.214730776601	-1746.6963979380594
-3209.872971931458	-1747.7698557194826
-3209.6872107129548	-1748.3509614686936
-3209.6872107129543	-1748.350961468695
-3209.687210712954	-1748.3509614686955
-3208.848115836105	-1750.842123905656
-3208.1598304905883	-1752.8362935238627
-3207.331218455046	-1755.1586281830325
-3207.331218455045	-1755.1586281830337
-3207.1239006855753	-1755.6959867139649
-3207.123900685575	-1755.6959867139658
-3206.9291428909764	-1756.1926381061076
-3206.040690493014	-1758.3978502124003
-3204.2161926822914	-1762.8055376160266
-3203.20223492893	-1765.0648555486878
-3202.8814911699237	-1765.7045662976245
-3202.6345543619673	-1766.1970720001436
-3202.634554361967	-1766.1970720001443
-3201.628624544971	-1768.079583276587
-3201.5110255692734	-1768.2921371765565
-3200.77737870311	-1769.5220135509007
-3198.98578888671	-1772.3054263786169
-3198.1462483667624	-1773.3048378418475
-3197.579803343571	-1773.9548330352693
-3197.5798033435703	-1773.9548330352695
-3197.4064993297097	-1774.152136934029
-3197.244265828015	-1774.3368372285029
-3196.6105655076058	-1775.0582950936505
-3196.074114042144	-1775.6690366643306
-3195.816419897038	-1775.962417402515
-3194.977010911327	-1776.9067723659632
-3193.464635923797	-1778.5558929248616
-3192.995848143967	-1779.0653546486772
-3192.1680214594635	-1779.9643199892187
-3192.0225179779945	-1780.1152312134222
-3191.7978329381344	-1780.331522689261
-3190.5080038297883	-1781.3639889924207
-3189.6900847413635	-1782.0169498218227
-3188.793433559971	-1782.719568167249
-3188.5143597322526	-1782.9258884666697
-3187.8778435413105	-1783.3939000939754
-3186.5555220881984	-1784.2870816497657
-3182.6770386316125	-1786.7453432106754
-3182.57023116048	-1786.8070453754813
-3182.094885064015	-1787.0509786884254
-3181.463777886638	-1787.3654953805635
-3178.7075554742573	-1788.6541417625783
-3177.7133401705614	-1789.077614294502
-3177.1385271880763	-1789.316625125004
-3174.7978329381344	-1791.331522689261
-3170.683704652862	-1791.7863625341681
-3170.1703018015455	-1791.9630732245334
-3169.7872387378457	-1792.0945924295472
-3169.5692435843166	-1792.1680339792629
-3157.888347068543	-1796.0944765718061
-3152.3456052180336	-1797.9512459226169
-3152.2644628750204	-1797.9769899386802
-3150.971133541343	-1798.3516785924064
-3150.7622307921874	-1798.4114102266694
-3150.571269959603	-1798.4655178655103
-3150.156024926703	-1798.5820078752424
-3150.0815712933463	-1798.6026550386146
-3148.5143728978774	-1799.0340030102184
-3148.2466271983476	-1799.1071673864035
-3147.8370685671784	-1799.21907627588
-3147.642073108464	-1799.27230826041
-3146.847974598915	-1799.4815049893436
-3146.7556051240686	-1799.5053787059799
-3146.3521686808526	-1799.6089289411163
-3145.508748975595	-1799.8245334750486
-3143.4688415716228	-1800.3341746244723
-3143.422226007433	-1803.2268446664934
-3132.7075554742573	-1809.6541417625783
-3122.8000817952034	-1832.0993990777788
-3119.5994891656865	-1849.422236520062
-3113.216192682291	-1866.8055376160264
-3105.1917466495374	-1879.2472438596153
-3099.5080038297883	-1885.3639889924207
-3088.1917466495374	-1890.2472438596153
-3069.5033448048216	-1899.764102823975
-3051.7978329381344	-1900.331522689261
-3050.063021933441	-1901.6068519494554
-3049.244265828015	-1937.1521369340292
-3043.7978329381344	-1943.331522689261
-3042.1153525175437	-1944.2642146726505
-3042.0630219334416	-1944.6068519494552
-3042.063021933441	-1944.6068519494554
-3041.736701779303	-1946.4057741303855
-3041.669280874108	-1946.740543355711
-3041.511239962358	-1947.434570457311
-3041.5112399623576	-1947.434570457313
-3041.4416969208914	-1947.7389222183892
-3041.0698781608016	-1949.3087802878517
-3040.0325285893423	-1953.6446743877789
-3039.679287325689	-1955.1178248192318
-3039.5994891656865	-1955.422236520062
-3039.214730776601	-1956.6963979380594
-3038.872971931458	-1957.7698557194826
-3038.6872107129548	-1958.3509614686936
-3038.6872107129543	-1958.350961468695
-3038.687210712954	-1958.3509614686955
-3037.848115836105	-1960.842123905656
-3037.1598304905883	-1962.8362935238627
-3036.331218455046	-1965.1586281830325
-3036.331218455045	-1965.1586281830337
-3036.1239006855753	-1965.6959867139649
-3036.123900685575	-1965.6959867139658
-3035.9291428909764	-1966.1926381061076
-3035.040690493014	-1968.3978502124005
-3033.2161926822914	-1972.8055376160264
-3032.20223492893	-1975.0648555486878
-3031.8814911699237	-1975.7045662976245
-3031.6345543619673	-1976.1970720001436
-3031.634554361967	-1976.1970720001443
-3030.628624544971	-1978.079583276587
-3030.5110255692734	-1978.2921371765565
-3029.77737870311	-1979.5220135509007
-3027.98578888671	-1982.3054263786169
-3027.1462483667624	-1983.3048378418475
-3026.579803343571	-1983.9548330352693
-3026.5798033435703	-1983.9548330352695
-3026.4064993297097	-1984.152136934029
-3026.244265828015	-1984.336837228503
-3025.8088209049806	-1984.4446158784149
-3025.64540925893	-1984.502483308091
-3025.528624873525	-1984.5491433638824
-3024.816419897038	-1985.962417402515
-3023.977010911327	-1986.9067723659632
-3022.464635923797	-1988.5558929248616
-3021.995848143967	-1989.0653546486772
-3021.1680214594635	-1989.9643199892187
-3021.0225179779945	-1990.1152312134222
-3020.7978329381344	-1990.331522689261
-3019.5080038297883	-1991.3639889924207
-3018.6900847413635	-1992.0169498218227
-3017.793433559971	-1992.719568167249
-3017.5143597322526	-1992.9258884666694
-3016.8778435413105	-1993.3939000939754
-3015.5555220881984	-1994.2870816497657
-3011.6770386316125	-1996.7453432106754
-3011.57023116048	-1996.8070453754813
-3011.094885064015	-1997.0509786884254
-3010.5299218977234	-1997.3333945219622
-3010.463777886638	-1997.3654953805635
-3007.7075554742573	-1998.6541417625783
-3006.7133401705614	-1999.077614294502
-3006.1385271880763	-1999.316625125004
-3003.1481169969866	-2000.5086918115694
-3002.22378346883	-2000.8515717944993
-3002.0643504667905	-2000.9103795334877
-2999.6837046528626	-2001.7863625341683
-2999.1703018015455	-2001.9630732245334
-2998.7872387378457	-2002.0945924295472
-2998.569243584316	-2002.1680339792629
-2993.7978329381344	-2004.331522689261
-2987.244265828015	-2012.1521369340292
-2986.074114042144	-2013.0582950936503
-2985.751805813624	-2013.321721882537
-2981.7978329381344	-2018.331522689261
-2979.6593591627957	-2019.0932865070502
-2979.164218037903	-2020.365857714572
-2978.566496202281	-2021.6586783621942
-2977.8377822574525	-2023.1521369340294
-2977.837782257452	-2023.15213693403
-2977.4094826254814	-2024.0299131330726
-2977.3482689642715	-2024.1427500067964
-2977.157142508826	-2024.4746779494499
-2977.128573493499	-2024.524228273836
-2977.0924808490786	-2024.5857836272312
-2977.036529935114	-2024.6802908161899
-2975.5354273297553	-2027.097802603269
-2974.8198482365187	-2028.2095258387599
-2974.707770351041	-2028.3429463477876
-2974.7077703510404	-2028.3429463477878
-2973.8916529606513	-2029.2881678401777
-2973.3437745282895	-2029.918905603945
-2973.191685231978	-2030.0934466272506
-2973.0629033727546	-2030.2402243936049
-2971.392555965922	-2032.1047487495175
-2970.244265828015	-2033.358560926109
-2970.1244917210643	-2033.4893416659047
-2969.51538499625	-2034.1521369340294
-2969.5153849962494	-2034.1521369340296
-2969.244265828015	-2034.4471533810377
-2968.772477239191	-2034.6400385722786
-2968.393283033976	-2035.3731444203195
-2964.995848143967	-2039.0653546486772
-2964.1680214594635	-2039.9643199892187
-2964.0225179779945	-2040.1152312134222
-2963.7978329381344	-2040.331522689261
-2962.5080038297883	-2041.3639889924207
-2961.6900847413635	-2042.0169498218227
-2960.793433559971	-2042.719568167249
-2960.5143597322526	-2042.9258884666694
-2959.8778435413105	-2043.3939000939754
-2958.5555220881984	-2044.2870816497657
-2954.6770386316125	-2046.7453432106754
-2954.57023116048	-2046.8070453754813
-2954.094885064015	-2047.0509786884254
-2953.5299218977234	-2047.3333945219622
-2953.463777886638	-2047.3654953805635
-2952.244265828015	-2047.9356670020948
-2946.7978329381344	-2051.331522689261
-2924.2644628750204	-2057.97698993868
-2913.7354233364204	-2060.6825604656146
-2907.7978329381344	-2079.331522689261
-2877.244265828015	-2106.152136934029
-2872.4990726979313	-2106.480887550156
-2872.063021933441	-2109.6068519494556
-2871.7978329381344	-2112.331522689261
-2871.4416969208914	-2112.7389222183883
-2871.0698781608016	-2114.3087802878517
-2869.679287325689	-2120.1178248192314
-2869.5994891656865	-2120.422236520062
-2869.2147307766004	-2121.696397938059
-2868.687210712954	-2123.3509614686955
-2867.1598304905883	-2127.836293523862
-2866.331218455045	-2130.1586281830323
-2865.929142890976	-2131.1926381061076
-2865.040690493014	-2133.3978502124
-2863.331218455045	-2135.1586281830323
-2863.216192682291	-2137.8055376160264
-2862.20223492893	-2140.064855548688
-2860.628624544971	-2143.0795832765866
-2859.77737870311	-2144.5220135509007
-2859.20223492893	-2145.064855548688
-2858.634554361967	-2146.197072000144
-2857.98578888671	-2147.305426378617
-2857.628624544971	-2148.0795832765866
-2857.5110255692734	-2148.2921371765565
-2856.8000817952034	-2149.4839543730072
-2855.64540925893	-2149.502483308091
-2854.98578888671	-2152.305426378617
-2853.244265828015	-2154.152136934029
-2852.4865215356813	-2154.5080245061736
-2851.1680214594635	-2154.964319989219
-2850.7978329381344	-2155.331522689261
-2848.6900847413635	-2157.016949821823
-2847.7978329381344	-2160.331522689261
-2846.5080038297883	-2161.3639889924207
-2841.6770386316125	-2161.7453432106754
-2840.463777886638	-2162.3654953805635
-2837.98578888671	-2169.305426378617
-2836.244265828015	-2171.152136934029
-2835.4865215356813	-2171.5080245061736
-2834.751805813624	-2172.321721882537
-2830.7978329381344	-2177.331522689261
-2829.5080038297883	-2178.3639889924207
-2824.244265828015	-2179.152136934029
-2823.4865215356813	-2179.5080245061736
-2822.751805813624	-2180.321721882537
-2821.7978329381344	-2180.331522689261
-2819.164218037903	-2182.365857714572
-2818.7978329381344	-2185.331522689261
-2817.5080038297883	-2186.3639889924207
-2816.331199728621	-2186.9366950352724
-2816.2473740507576	-2187.1521369340294
-2816.164218037903	-2187.365857714572
-2815.566496202281	-2188.658678362194
-2814.4094826254814	-2191.0299131330726
-2814.3482689642715	-2191.1427500067966
-2814.157142508826	-2191.47467794945
-2814.128573493499	-2191.524228273836
-2814.0924808490786	-2191.585783627231
-2814.036529935114	-2191.68029081619
-2812.5354273297553	-2194.097802603269
-2812.4023732244814	-2194.3045153787098
-2812.114675662052	-2194.751482133286
-2811.8198482365187	-2195.20952583876
-2811.707770351041	-2195.342946347788
-2811.0091039380486	-2196.152136934029
-2810.8916529606513	-2196.2881678401777
-2810.3437745282895	-2196.918905603945
-2810.244265828015	-2197.0331039781563
-2810.191685231978	-2197.0934466272506
-2810.0629033727546	-2197.240224393605
-2809.244265828015	-2198.154028093714
-2808.392555965922	-2199.1047487495175
-2807.1244917210643	-2200.4893416659047
-2806.244265828015	-2201.4471533810374
-2805.772477239191	-2201.6400385722786
-2805.253673868914	-2201.857174101637
-2804.751805813624	-2202.321721882537
-2803.7978329381344	-2202.331522689261
-2801.6900847413635	-2204.016949821823
-2800.7978329381344	-2207.331522689261
-2799.9253547558815	-2208.029913133072
-2799.5080038297883	-2208.3639889924207
-2798.6900847413635	-2209.016949821823
-2797.793433559971	-2209.7195681672492
-2797.5143597322526	-2209.9258884666697
-2797.3482689642706	-2210.0480101215617
-2795.5354273297553	-2211.097802603269
-2794.8198482365187	-2212.20952583876
-2794.707770351041	-2212.342946347788
-2793.8916529606513	-2213.2881678401777
-2793.3437745282895	-2213.918905603945
-2793.191685231978	-2214.0934466272506
-2793.0629033727546	-2214.240224393605
-2792.244265828015	-2215.154028093714
-2791.392555965922	-2216.1047487495175
-2790.1244917210643	-2217.4893416659047
-2789.51538499625	-2218.152136934029
-2789.244265828015	-2218.4471533810374
-2789.0670049561404	-2218.6400385722786
-2788.772477239191	-2218.9605268696046
-2788.393283033976	-2219.3731444203195
-2784.995848143967	-2223.0653546486774
-2784.1680214594635	-2223.964319989219
-2784.0225179779945	-2224.1152312134222
-2783.7978329381344	-2224.331522689261
-2782.5080038297883	-2225.3639889924207
-2781.6900847413635	-2226.016949821823
-2780.793433559971	-2226.7195681672492
-2779.8778435413105	-2227.3939000939754
-2778.5555220881984	-2228.2870816497657
-2774.6770386316125	-2230.7453432106754
-2774.57023116048	-2230.8070453754813
-2774.094885064015	-2231.0509786884254
-2773.5299218977234	-2231.333394521962
-2773.463777886638	-2231.3654953805635
-2770.7075554742573	-2232.6541417625785
-2769.7133401705614	-2233.077614294502
-2769.1385271880763	-2233.316625125004
-2766.1481169969866	-2234.5086918115694
-2765.22378346883	-2234.8515717944993
-2765.0643504667905	-2234.9103795334877
-2762.6837046528626	-2235.7863625341683
-2762.1703018015455	-2235.963073224533
-2761.7872387378457	-2236.0945924295474
-2761.5692435843166	-2236.168033979263
-2753.244265828015	-2237.152136934029
-2750.244265828015	-2246.152136934029
-2744.7978329381344	-2252.331522689261
-2733.244265828015	-2257.152136934029
-2727.7978329381344	-2263.331522689261
-2704.7978329381344	-2269.331522689261
-2694.7354233364204	-2272.6825604656146
-2687.253673868914	-2291.857174101637
-2687.244265828015	-2300.152136934029
-2686.4865215356813	-2300.5080245061736
-2672.7978329381344	-2302.331522689261
-2670.244265828015	-2313.152136934029
-2667.906289626332	-2314.5896437527044
-2667.244265828015	-2322.152136934029
-2654.7978329381344	-2324.331522689261
-2654.244265828015	-2344.152136934029
-2653.4865215356813	-2344.5080245061736
-2648.7978329381344	-2350.331522689261
-2644.957101296507	-2354.90759922081
-2644.4094826254814	-2356.029913133072
-2644.3482689642706	-2356.142750006796
-2644.128573493499	-2356.524228273836
-2644.0924808490786	-2356.585783627231
-2644.036529935114	-2356.68029081619
-2642.701174606407	-2358.8308681555154
-2642.5354273297553	-2359.0978026032685
-2642.1894348756305	-2359.6353362654318
-2641.8198482365187	-2360.20952583876
-2641.707770351041	-2360.342946347788
-2641.6663051676205	-2360.3909710351872
-2640.9501081721655	-2361.2204654202606
-2640.8916529606513	-2361.2881678401777
-2640.3437745282895	-2361.918905603945
-2640.191685231978	-2362.0934466272506
-2640.062903372754	-2362.240224393605
-2639.887067037832	-2362.4365016038287
-2639.4841141422876	-2362.8862975474476
-2638.6379138442044	-2363.8308681555154
-2638.4169654773223	-2364.0775016461093
-2638.392555965922	-2364.1047487495175
-2637.1244917210643	-2365.4893416659047
-2636.244265828015	-2366.152136934029
-2635.772477239191	-2366.640038572279
-2635.393283033976	-2367.3731444203195
-2632.023167573269	-2371.035664874019
-2631.995848143967	-2371.0653546486774
-2631.8890194191817	-2371.1813636186153
-2631.3608258403033	-2371.754947110663
-2631.168266015355	-2371.9640544176023
-2631.1680214594635	-2371.964319989219
-2631.0225179779945	-2372.1152312134222
-2630.944043674138	-2372.1907739509675
-2630.7978329381344	-2372.331522689261
-2630.6903596610928	-2372.4175515564325
-2630.310133908212	-2372.7219099205777
-2630.1649413979358	-2372.838131808703
-2629.8574546419695	-2373.08426496863
-2629.7771678626777	-2373.1485319274634
-2629.6308733226424	-2373.2656359546136
-2629.5080038297883	-2373.3639889924207
-2628.6900847413635	-2374.016949821823
-2627.793433559971	-2374.7195681672492
-2627.5143597322526	-2374.9258884666697
-2627.3890445136153	-2375.0180290598473
-2627.334878103579	-2375.057856027436
-2625.566496202281	-2375.658678362194
-2625.2137512398394	-2376.3816094815566
-2624.8198482365187	-2377.20952583876
-2624.4094826254814	-2378.0299131330726
-2624.3482689642715	-2378.1427500067966
-2624.157142508826	-2378.47467794945
-2624.128573493499	-2378.524228273836
-2624.0924808490786	-2378.585783627231
-2624.036529935114	-2378.68029081619
-2622.5354273297553	-2381.097802603269
-2622.2137512398394	-2381.5975583770764
-2621.8198482365187	-2382.20952583876
-2621.707770351041	-2382.342946347788
-2620.8916529606513	-2383.2881678401777
-2620.3437745282895	-2383.918905603945
-2620.191685231978	-2384.0934466272506
-2620.0629033727546	-2384.240224393605
-2618.392555965922	-2386.1047487495175
-2617.1244917210643	-2387.4893416659047
-2616.244265828015	-2388.152136934029
-2616.0670049561404	-2388.640038572279
-2615.772477239191	-2388.9605268696046
-2615.393283033976	-2389.3731444203195
-2611.995848143967	-2393.0653546486774
-2611.290912725737	-2393.8308681555154
-2611.1680214594635	-2393.964319989219
-2611.0225179779945	-2394.1152312134222
-2610.7978329381344	-2394.331522689261
-2609.5080038297883	-2395.3639889924207
-2608.6900847413635	-2396.016949821823
-2607.793433559971	-2396.7195681672492
-2607.5143597322526	-2396.9258884666697
-2606.8778435413105	-2397.3939000939754
-2605.5555220881984	-2398.2870816497657
-2601.6770386316125	-2400.7453432106754
-2601.57023116048	-2400.8070453754813
-2601.094885064015	-2401.0509786884254
-2600.5299218977234	-2401.333394521962
-2600.463777886638	-2401.3654953805635
-2597.7075554742573	-2402.6541417625785
-2596.7133401705614	-2403.077614294502
-2596.1385271880763	-2403.316625125004
-2594.309247885221	-2404.8515717944993
-2593.8499129316842	-2405.5913264657847
-2593.701174606407	-2405.8308681555154
-2593.5374206189554	-2406.0945924295474
-2593.5354273297553	-2406.0978026032685
-2592.8198482365183	-2407.20952583876
-2592.707770351041	-2407.342946347788
-2592.0643504667905	-2408.0881507882104
-2591.8916529606513	-2408.2881678401777
-2591.3437745282895	-2408.918905603945
-2591.191685231978	-2409.0934466272506
-2591.062903372754	-2409.240224393605
-2589.683704652862	-2410.7797541910377
-2589.392555965922	-2411.1047487495175
-2589.170301801546	-2411.3474269441604
-2588.569243584316	-2412.003719362535
-2587.244265828015	-2413.152136934029
-2586.772477239191	-2413.640038572279
-2585.751805813624	-2414.3217218825375
-2584.7978329381344	-2414.331522689261
-2582.690084741363	-2416.016949821823
-2581.7978329381344	-2419.331522689261
-2579.690084741363	-2421.016949821823
-2573.244265828015	-2421.152136934029
-2568.7075554742573	-2427.6541417625785
-2557.7978329381344	-2428.331522689261
-2554.87784354131	-2428.3939000939754
-2553.555522088198	-2429.2870816497657
-2551.2137512398394	-2430.7713435591995
-2549.6770386316125	-2431.7453432106754
-2549.57023116048	-2431.8070453754813
-2549.0948850640148	-2432.0509786884254
-2548.5299218977234	-2432.333394521962
-2548.463777886638	-2432.3654953805635
-2548.2137512398394	-2432.4823930345256
-2547.4684149303325	-2432.8308681555154
-2546.244265828015	-2435.152136934029
-2542.2644628750204	-2436.97698993868
-2536.7872387378457	-2437.0945924295474
-2536.5692435843166	-2437.168033979263
-2534.2137512398394	-2437.959814426532
-2531.7354233364204	-2439.6825604656146
-2528.244265828015	-2442.152136934029
-2525.244265828015	-2447.152136934029
-2522.7978329381344	-2448.331522689261
-2519.7978329381344	-2453.331522689261
-2511.244265828015	-2455.152136934029
-2509.1917466495374	-2461.247243859615
-2505.7978329381344	-2461.331522689261
-2502.7978329381344	-2464.331522689261
-2494.244265828015	-2466.152136934029
-2488.7978329381344	-2472.331522689261
-2469.7354233364204	-2473.6825604656146
-2468.244265828015	-2512.152136934029
-2467.4865215356813	-2512.508024506174
-2458.244265828015	-2513.152136934029
-2452.7978329381344	-2519.331522689261
-2449.772477239191	-2534.640038572279
-2443.7995430645947	-2534.8109822246365
-2442.690084741363	-2542.016949821823
-2434.5906240354975	-2542.2058668335712
-2434.482504659612	-2542.564255189769
-2434.3930010652903	-2542.855035488242
-2434.3702684802156	-2542.9288893700113
-2434.3465299460167	-2543.0060113907734
-2433.9104946512216	-2544.4226078316797
-2433.903552461604	-2544.4451616965225
-2433.810677475173	-2544.746895012143
-2433.7351388398292	-2544.992305792547
-2433.7232148704697	-2545.031044520255
-2433.7073198918165	-2545.0826843082655
-2433.6566516557623	-2545.2472958516855
-2433.4693917323457	-2545.8399648896393
-2433.40791139814	-2546.0315731645032
-2433.4030740543726	-2546.046649125072
-2433.336267537574	-2546.254856864975
-2433.299910895359	-2546.3681651868083
-2432.1682660153556	-2549.6353362654304
-2432.168266015355	-2549.6353362654318
-2431.9440436741384	-2550.3909710351872
-2431.712460130479	-2551.2204654202606
-2431.5435288862936	-2551.731994226584
-2431.5397153069357	-2551.7432304496297
-2431.43990178881	-2552.035664874019
-2431.3890445136153	-2552.1813636186153
-2431.334878103579	-2552.3304169094918
-2431.310133908212	-2552.4365016038287
-2431.1649413979358	-2552.8862975474476
-2430.7771678626777	-2554.0775016461093
-2430.6308733226424	-2554.5256325499945
-2430.251549067436	-2555.6826975139775
-2430.2515490674355	-2555.6826975139784
-2429.793765561666	-2557.0441721008533
-2429.7937655616656	-2557.0441721008538
-2429.015589479399	-2559.349010585241
-2428.43990178881	-2561.035664874019
-2428.3890445136153	-2561.1813636186157
-2428.334878103579	-2561.3304169094918
-2427.6593591627957	-2563.09328650705
-2427.164218037903	-2564.365857714572
-2426.566496202281	-2565.658678362194
-2426.2137512398394	-2566.3816094815566
-2425.4094826254814	-2568.0299131330726
-2425.3482689642715	-2568.1427500067966
-2425.157142508826	-2568.47467794945
-2425.128573493499	-2568.524228273836
-2425.0924808490786	-2568.585783627231
-2425.036529935114	-2568.68029081619
-2423.5354273297553	-2571.097802603269
-2422.8198482365187	-2572.20952583876
-2422.707770351041	-2572.342946347788
-2421.8916529606513	-2573.2881678401777
-2421.3437745282895	-2573.918905603945
-2421.191685231978	-2574.0934466272506
-2421.0629033727546	-2574.240224393605
-2419.392555965922	-2576.1047487495175
-2418.1244917210643	-2577.4893416659047
-2417.244265828015	-2578.152136934029
-2417.0670049561404	-2578.640038572279
-2416.772477239191	-2578.9605268696046
-2416.393283033976	-2579.3731444203195
-2412.995848143967	-2583.0653546486774
-2412.290912725737	-2583.8308681555154
-2412.1680214594635	-2583.9643199892184
-2412.0225179779945	-2584.1152312134222
-2411.7978329381344	-2584.331522689261
-2410.5080038297883	-2585.3639889924207
-2409.690084741363	-2586.016949821823
-2408.793433559971	-2586.7195681672492
-2407.87784354131	-2587.3939000939754
-2406.5555220881984	-2588.2870816497657
-2405.6975714941677	-2588.8308681555154
-2404.1198372455997	-2589.8308681555154
-2402.6770386316125	-2590.7453432106754
-2402.57023116048	-2590.8070453754813
-2402.094885064015	-2591.0509786884254
-2401.5299218977234	-2591.333394521962
-2401.463777886638	-2591.3654953805635
-2399.772477239191	-2591.6400385722786
-2398.7075554742573	-2592.6541417625785
-2397.7133401705614	-2593.077614294502
-2397.1385271880763	-2593.316625125004
-2394.7978329381344	-2597.331522689261
-2384.6224263374315	-2597.8308681555154
-2376.971922760872	-2600.402525481376
-2372.804438476055	-2601.796217674435
-2372.35146339196	-2601.9476666273476
-2371.749013848588	-2602.1461724518094
-2370.7789948518775	-2602.463312119829
-2368.21375123984	-2603.1540642219165
-2367.2317151331063	-2603.418500512438
-2365.7484812319	-2603.792502974419
-2365.46044371722	-2603.861863924367
-2365.244265828015	-2609.152136934029
-2359.7978329381344	-2615.331522689261
-2351.244265828015	-2617.152136934029
-2349.7978329381344	-2618.331522689261
-2348.244265828015	-2622.152136934029
-2345.7978329381344	-2623.331522689261
-2342.7978329381344	-2628.331522689261
-2332.7978329381344	-2629.331522689261
-2324.244265828015	-2631.152136934029
-2321.244265828015	-2636.152136934029
-2318.7978329381344	-2637.331522689261
-2292.7354233364204	-2648.6825604656146
-2282.7354233364204	-2651.6825604656146
-2269.7978329381344	-2678.331522689261
-2266.7978329381344	-2687.331522689261
-2252.7978329381344	-2695.331522689261
-2249.7978329381344	-2700.331522689261
-2233.772477239191	-2737.6400385722786
-2233.253673868914	-2737.857174101637
-2228.7978329381344	-2743.331522689261
-2205.7978329381344	-2749.331522689261
-2194.890257067295	-2749.558023157056
-2194.7757659174226	-2750.6089840556215
-2194.707444545187	-2751.1566916082397
-2194.6849318686654	-2751.3264192490724
-2194.636470924237	-2751.6866217893185
-2194.4730208991227	-2752.8826127611947
-2194.355374850347	-2753.5425243268023
-2194.307314828706	-2753.762602457827
-2194.1298787057112	-2754.535873691242
-2193.5333554160984	-2757.0312926758365
-2193.0112172676145	-2758.8117067595613
-2192.4825046596125	-2760.564255189769
-2192.482504659612	-2760.5642551897695
-2191.6566516557623	-2763.2472958516855
-2191.4693917323457	-2763.8399648896393
-2191.004155583446	-2765.289909771147
-2191.0041555834455	-2765.2899097711474
-2191.004155583445	-2765.289909771149
-2190.4851507466606	-2766.8772088865853
-2189.859704809748	-2768.774460811009
-2189.822418595165	-2768.8875079353556
-2189.5435288862936	-2769.731994226584
-2189.43990178881	-2770.035664874019
-2189.3890445136153	-2770.1813636186157
-2189.334878103579	-2770.3304169094918
-2188.6593591627957	-2772.09328650705
-2188.164218037903	-2773.365857714572
-2187.5664962022806	-2774.6586783621938
-2187.21375123984	-2775.381609481555
-2186.4094826254814	-2777.0299131330726
-2186.3482689642715	-2777.1427500067966
-2186.157142508826	-2777.474677949449
-2186.1571425088255	-2777.47467794945
-2186.128573493499	-2777.524228273836
-2186.092480849078	-2777.585783627231
-2186.036529935114	-2777.68029081619
-2184.881941575558	-2779.5397446326624
-2183.9029685990336	-2780.9052168629764
-2183.9029685990326	-2780.905216862977
-2183.632503523517	-2781.2460365362094
-2180.9803759633987	-2784.299263142126
-2179.65559738812	-2785.819608188035
-2179.6555973881195	-2785.8196081880355
-2179.3999466594564	-2786.111463256153
-2178.421419089998	-2787.2267297372127
-2178.051153430188	-2787.640038572278
-2178.0511534301877	-2787.6400385722786
-2177.772477239191	-2787.9511107141584
-2177.6663878599143	-2788.0695329242667
-2176.6802625881737	-2789.1462781061127
-2175.410257565262	-2790.5282252844772
-2173.995848143967	-2792.0653546486774
-2173.1680214594635	-2792.9643199892184
-2173.0225179779945	-2793.1152312134222
-2172.7978329381344	-2793.331522689261
-2171.508003829789	-2794.3639889924207
-2170.690084741363	-2795.016949821823
-2169.793433559971	-2795.719568167249
-2169.5143597322526	-2795.9258884666697
-2168.87784354131	-2796.3939000939754
-2167.555522088198	-2797.2870816497657
-2163.6770386316125	-2799.7453432106754
-2163.57023116048	-2799.807045375481
-2163.0948850640148	-2800.0509786884254
-2162.463777886638	-2800.3654953805635
-2159.7075554742573	-2801.6541417625785
-2158.7133401705614	-2802.077614294502
-2158.1385271880763	-2802.316625125004
-2155.1481169969866	-2803.5086918115694
-2154.0643504667905	-2803.9103795334877
-2151.6837046528617	-2804.786362534169
-2151.1703018015455	-2804.963073224533
-2150.7872387378457	-2805.0945924295474
-2150.5692435843166	-2805.168033979263
-2137.971922760872	-2809.402525481376
-2133.804438476055	-2810.796217674435
-2133.35146339196	-2810.9476666273476
-2132.749013848588	-2811.1461724518094
-2131.7789948518775	-2811.463312119829
-2128.2317151331063	-2812.4185005124386
-2126.7484812319	-2812.792502974419
-2125.8166747985597	-2813.008550933971
-2124.794332838104	-2813.2220718608255
-2122.5477283592127	-2813.643610251136
-2122.5350395233418	-2813.645817347914
-2121.8632117650477	-2813.762464625541
-2121.165286653605	-2813.883157664168
-2119.008407387053	-2814.253448849912
-2115.1804665116338	-2814.904517690841
-2112.466165608297	-2815.361550438859
-2112.411729865176	-2815.370662219181
-2107.9013298367704	-2816.090841639131
-2103.5762659514694	-2816.6537473454287
-2100.6088049754603	-2817.0040953811636
-2099.4054796055534	-2817.0862675834696
-2099.2325735190243	-2817.0871144381686
-2079.244265828015	-2819.152136934029
-2073.7978329381344	-2825.331522689261
-2052.7978329381344	-2846.331522689261
-2050.2142291863534	-2847.340836770587
-2050.213106887044	-2847.3873137591654
-2050.1779132625525	-2848.644307219295
-2050.150449981943	-2849.377611584179
-2050.12296369826	-2849.890485818942
-2050.0958427956766	-2850.2651021815027
-2049.9602395923207	-2851.897268267472
-2049.890257067295	-2852.558023157056
-2049.7757659174226	-2853.6089840556215
-2049.6849318686654	-2854.3264192490724
-2049.4730208991227	-2855.8826127611947
-2049.355374850347	-2856.5425243268023
-2049.307314828706	-2856.762602457827
-2049.1298787057112	-2857.535873691242
-2048.5333554160984	-2860.0312926758365
-2048.0112172676145	-2861.8117067595613
-2047.482504659612	-2863.5642551897695
-2046.656651655762	-2866.2472958516855
-2046.469391732346	-2866.8399648896393
-2046.0041555834466	-2868.2899097711443
-2046.0041555834462	-2868.289909771146
-2046.004155583446	-2868.2899097711465
-2046.0041555834457	-2868.289909771147
-2046.0041555834455	-2868.2899097711474
-2046.0041555834453	-2868.289909771148
-2045.4851507466606	-2869.8772088865853
-2044.859704809748	-2871.774460811009
-2044.822418595165	-2871.8875079353556
-2044.5435288862934	-2872.731994226584
-2044.3890445136153	-2873.1813636186157
-2044.3348781035788	-2873.3304169094918
-2043.6593591627957	-2875.09328650705
-2043.1642180379033	-2876.3658577145716
-2043.164218037903	-2876.365857714572
-2042.5664962022806	-2877.6586783621938
-2041.4094826254818	-2880.029913133072
-2041.4094826254816	-2880.0299131330726
-2041.3482689642715	-2880.1427500067966
-2041.157142508826	-2880.4746779494494
-2041.1571425088255	-2880.47467794945
-2041.128573493499	-2880.524228273836
-2041.0924808490784	-2880.585783627231
-2041.0365299351138	-2880.68029081619
-2039.881941575558	-2882.5397446326624
-2038.9029685990336	-2883.9052168629764
-2038.9029685990329	-2883.905216862977
-2038.632503523517	-2884.246036536209
-2035.9803759633987	-2887.299263142126
-2034.65559738812	-2888.819608188035
-2034.6555973881195	-2888.8196081880355
-2034.3999466594564	-2889.111463256153
-2033.421419089998	-2890.2267297372127
-2033.0511534301882	-2890.640038572278
-2033.0511534301875	-2890.640038572279
-2032.7724772391916	-2890.951110714158
-2032.7724772391912	-2890.9511107141584
-2032.6663878599138	-2891.0695329242667
-2031.6802625881735	-2892.1462781061127
-2030.4102575652619	-2893.5282252844772
-2028.9958481439671	-2895.0653546486774
-2028.1680214594635	-2895.9643199892184
-2028.0225179779943	-2896.1152312134222
-2027.7978329381344	-2896.331522689261
-2026.5080038297888	-2897.3639889924207
-2025.690084741363	-2898.016949821823
-2024.7934335599712	-2898.719568167249
-2023.87784354131	-2899.3939000939754
-2022.5555220881981	-2900.2870816497657
-2018.6770386316125	-2902.7453432106754
-2018.570231160481	-2902.807045375481
-2018.57023116048	-2902.8070453754813
-2018.0948850640148	-2903.0509786884254
-2017.5299218977234	-2903.333394521962
-2017.463777886638	-2903.3654953805635
-2014.7075554742573	-2904.6541417625785
-2013.7133401705617	-2905.077614294502
-2013.1385271880765	-2905.316625125004
-2010.148116996987	-2906.5086918115694
-2009.5177914115882	-2906.7425100377595
-2008.9274590050773	-2906.9607501483424
-2006.683704652862	-2907.7863625341683
-2006.1703018015455	-2907.963073224533
-2005.7872387378454	-2908.0945924295474
-2005.5692435843168	-2908.168033979263
-1992.971922760872	-2912.402525481376
-1988.8044384760556	-2913.796217674435
-1988.35146339196	-2913.9476666273476
-1987.7490138485882	-2914.1461724518094
-1986.7789948518775	-2914.463312119829
-1983.2317151331065	-2915.418500512438
-1981.7484812319	-2915.792502974419
-1977.5477283592124	-2916.643610251136
-1977.5350395233418	-2916.645817347914
-1976.8632117650477	-2916.762464625541
-1976.165286653605	-2916.883157664168
-1975.3104625575425	-2917.0299131330726
-1974.0084073870532	-2917.253448849912
-1972.054454443139	-2917.585783627231
-1970.1804665116338	-2917.904517690841
-1967.4661656082974	-2918.361550438859
-1967.4117298651759	-2918.3706622191817
-1967.2739008690564	-2918.3930818913896
-1965.4094826254816	-2918.6914194222873
-1965.0924808490784	-2918.742144911371
-1964.5371631058429	-2918.8310048680632
-1964.3622788977248	-2918.8588930493497
-1963.881941575558	-2919.5397446326624
-1963.4895057311226	-2920.087114438169
-1962.9029685990336	-2920.9052168629764
-1962.9029685990329	-2920.905216862977
-1962.632503523517	-2921.246036536209
-1959.9803759633987	-2924.299263142126
-1958.65559738812	-2925.819608188035
-1958.3999466594564	-2926.111463256153
-1957.421419089998	-2927.2267297372127
-1957.0511534301882	-2927.640038572278
-1956.7724772391923	-2927.951110714157
-1956.7724772391912	-2927.9511107141584
-1956.666387859914	-2928.0695329242667
-1955.6802625881737	-2929.1462781061127
-1954.4102575652616	-2930.5282252844772
-1954.232573519024	-2930.7213259248647
-1952.9958481439671	-2932.0653546486774
-1952.1680214594635	-2932.9643199892184
-1952.0225179779943	-2933.1152312134222
-1951.7978329381344	-2933.331522689261
-1950.5080038297888	-2934.3639889924207
-1949.690084741363	-2935.016949821823
-1948.7934335599712	-2935.719568167249
-1948.5143597322526	-2935.9258884666697
-1947.87784354131	-2936.3939000939754
-1946.5555220881981	-2937.2870816497657
-1942.6770386316125	-2939.7453432106754
-1942.57023116048	-2939.807045375481
-1942.094885064015	-2940.0509786884254
-1941.463777886638	-2940.3654953805635
-1938.7075554742573	-2941.6541417625785
-1937.7133401705617	-2942.077614294502
-1937.1385271880765	-2942.316625125004
-1934.1481169969868	-2943.5086918115694
-1932.9274590050773	-2943.9607501483424
-1930.683704652862	-2944.7863625341683
-1929.7872387378454	-2945.0945924295474
-1929.5692435843162	-2945.168033979263
-1921.8004259983766	-2947.7794616399688
-1916.971922760872	-2949.402525481376
-1912.8044384760553	-2950.796217674435
-1912.3514633919597	-2950.9476666273476
-1911.7490138485882	-2951.1461724518094
-1910.7789948518775	-2951.463312119829
-1907.285760107213	-2952.4039476336025
-1907.2317151331065	-2952.418500512438
-1905.7484812319	-2952.792502974419
-1905.4604437172202	-2952.861863924367
-1904.8166747985595	-2953.008550933971
-1903.7943328381039	-2953.2220718608255
-1903.376895002182	-2953.3047145188684
-1902.0981696527713	-2953.5437057529325
-1901.7418559354676	-2953.6092352224578
-1900.165286653605	-2953.883157664168
-1898.0084073870532	-2954.253448849912
-1891.4117298651759	-2955.370662219181
-1891.2739008690564	-2955.3930818913896
-1887.2973532889105	-2956.028402738092
-1886.9013298367704	-2956.090841639131
-1886.5121463705373	-2956.1454419775605
-1882.5762659514694	-2956.6537473454287
-1879.6088049754603	-2957.0040953811636
-1878.4054796055534	-2957.0862675834696
-1878.232573519024	-2957.0871144381686
-1871.7724772391912	-2963.6400385722786
-1847.244265828015	-2974.152136934029
-1841.7978329381344	-2980.331522689261
-1831.7978329381344	-2986.331522689261
-1820.6593591627957	-2987.09328650705
-1820.164218037903	-2988.365857714572
-1819.5664962022806	-2989.6586783621938
-1818.4094826254816	-2992.0299131330726
-1818.348268964271	-2992.142750006796
-1818.0365299351138	-2992.68029081619
-1816.8819415755574	-2994.5397446326624
-1815.9029685990329	-2995.9052168629764
-1815.632503523517	-2996.246036536209
-1815.4681411268814	-2996.4352565609042
-1813.8134888048928	-2998.3401530557067
-1812.7373963580521	-2999.5701169103713
-1810.6137446035518	-3001.9937544821296
-1810.0346571177142	-3002.6400385722786
-1810.0346571177136	-3002.640038572279
-1809.7724772391916	-3002.932641483566
-1809.7724772391912	-3002.932641483567
-1808.9004959757315	-3003.905806387427
-1808.6802625881737	-3004.1462781061127
-1807.4102575652619	-3005.5282252844772
-1806.469846708249	-3006.550230031451
-1806.1408307729246	-3006.904262658381
-1804.9935880225644	-3008.119176977517
-1804.4920375923102	-3008.5561956760716
-1803.461428665063	-3009.3789509698986
-1801.949178082861	-3010.571332142511
-1801.3888592997107	-3011.0018990515837
-1800.8244306777208	-3011.428319713273
-1800.6579251101675	-3011.542447246419
-1799.5555220881981	-3012.2870816497657
-1795.6770386316125	-3014.7453432106754
-1795.57023116048	-3014.807045375481
-1795.0948850640148	-3015.0509786884254
-1794.5299218977234	-3015.333394521962
-1794.463777886638	-3015.3654953805635
-1791.7075554742573	-3016.6541417625785
-1790.7133401705617	-3017.077614294502
-1790.1385271880765	-3017.316625125004
-1787.1481169969868	-3018.5086918115694
-1785.9274590050766	-3018.9607501483424
-1785.232573519024	-3019.216440377288
-1783.683704652862	-3019.786362534168
-1782.7872387378454	-3020.0945924295474
-1769.9719227608712	-3024.402525481376
-1763.7789948518775	-3026.463312119829
-1760.2317151331065	-3027.418500512438
-1757.8166747985595	-3028.008550933971
-1755.0981696527713	-3028.5437057529325
-1751.0084073870532	-3029.253448849912
-1744.2739008690564	-3030.3930818913896
-1740.2973532889105	-3031.028402738092
-1739.5121463705373	-3031.1454419775605
-1732.6088049754603	-3032.0040953811636
-1731.232573519024	-3032.0871144381686
-1719.2607233353365	-3032.1986691543634
-1719.2142291863534	-3034.340836770587
-1719.213106887044	-3034.3873137591654
-1719.1779132625527	-3035.644307219295
-1719.1504499819428	-3036.377611584179
-1719.1229636982596	-3036.890485818942
-1719.0958427956766	-3037.2651021815027
-1718.9602395923207	-3038.897268267472
-1718.890257067295	-3039.558023157056
-1718.7757659174226	-3040.6089840556215
-1718.6849318686652	-3041.3264192490724
-1718.4730208991227	-3042.8826127611947
-1718.355374850347	-3043.5425243268023
-1718.307314828706	-3043.762602457827
-1718.129878705711	-3044.535873691242
-1717.5333554160986	-3047.0312926758365
-1717.0112172676145	-3048.8117067595613
-1716.482504659612	-3050.5642551897695
-1715.656651655762	-3053.2472958516855
-1715.469391732346	-3053.8399648896393
-1715.0041555834455	-3055.289909771148
-1714.4851507466606	-3056.8772088865853
-1713.8597048097479	-3058.7744608110092
-1713.822418595165	-3058.8875079353556
-1713.5435288862934	-3059.731994226584
-1713.3890445136153	-3060.1813636186157
-1713.3348781035788	-3060.3304169094918
-1712.6593591627957	-3062.09328650705
-1712.164218037903	-3063.365857714572
-1711.5664962022806	-3064.6586783621938
-1710.4094826254814	-3067.0299131330726
-1710.3482689642715	-3067.1427500067966
-1710.1571425088255	-3067.47467794945
-1710.128573493499	-3067.524228273836
-1710.0924808490784	-3067.585783627231
-1710.036529935114	-3067.68029081619
-1708.881941575558	-3069.5397446326624
-1707.9029685990336	-3070.9052168629764
-1707.632503523517	-3071.246036536209
-1704.9803759633987	-3074.299263142126
-1703.65559738812	-3075.819608188035
-1703.3999466594564	-3076.111463256153
-1702.4214190899977	-3077.2267297372127
-1702.0511534301882	-3077.640038572278
-1702.0511534301875	-3077.640038572279
-1702.051153430187	-3077.6400385722795
-1701.7724772391928	-3077.951110714156
-1701.7724772391925	-3077.951110714157
-1701.7724772391912	-3077.9511107141584
-1701.666387859914	-3078.0695329242667
-1700.6802625881737	-3079.1462781061127
-1699.4102575652619	-3080.5282252844772
-1697.9958481439671	-3082.0653546486774
-1697.1680214594635	-3082.9643199892184
-1697.0225179779945	-3083.1152312134222
-1696.7978329381344	-3083.331522689261
-1695.5080038297888	-3084.3639889924207
-1694.690084741363	-3085.016949821823
-1693.7934335599712	-3085.719568167249
-1693.5143597322526	-3085.9258884666697
-1692.87784354131	-3086.3939000939754
-1691.5555220881981	-3087.2870816497657
-1687.6770386316125	-3089.7453432106754
-1687.57023116048	-3089.807045375481
-1687.094885064015	-3090.0509786884254
-1686.463777886638	-3090.3654953805635
-1683.7075554742573	-3091.6541417625785
-1682.7133401705617	-3092.077614294502
-1682.1385271880765	-3092.316625125004
-1679.1481169969868	-3093.5086918115694
-1677.9274590050773	-3093.9607501483424
-1675.683704652862	-3094.7863625341683
-1675.1703018015455	-3094.963073224533
-1674.7872387378454	-3095.0945924295474
-1674.5692435843166	-3095.168033979263
-1661.971922760872	-3099.402525481376
-1657.804438476055	-3100.796217674435
-1657.35146339196	-3100.9476666273476
-1656.7490138485882	-3101.1461724518094
-1655.7789948518775	-3101.463312119829
-1652.2317151331063	-3102.4185005124386
-1650.7484812319	-3102.792502974419
-1649.8166747985592	-3103.008550933971
-1648.7943328381039	-3103.2220718608255
-1646.5477283592122	-3103.643610251136
-1646.5350395233415	-3103.645817347914
-1645.8632117650477	-3103.762464625541
-1645.1652866536049	-3103.883157664168
-1643.0084073870532	-3104.253448849912
-1639.1804665116335	-3104.904517690841
-1636.4661656082974	-3105.361550438859
-1636.4117298651759	-3105.370662219181
-1631.9013298367706	-3106.090841639131
-1627.5762659514694	-3106.6537473454287
-1624.6088049754603	-3107.0040953811636
-1623.4054796055534	-3107.0862675834696
-1623.232573519024	-3107.0871144381686
-1558.1779132625527	-3108.644307219295
-1558.1504499819428	-3109.377611584179
-1558.1229636982596	-3109.890485818942
-1558.0958427956766	-3110.2651021815027
-1558.032045457076	-3111.0424477912975
-1557.9589887039433	-3111.9106507017004
-1557.7757659174226	-3113.6089840556215
-1557.7074445451872	-3114.1566916082397
-1557.636470924237	-3114.6866217893185
-1557.4730208991227	-3115.8826127611947
-1557.355374850347	-3116.5425243268023
-1557.307314828706	-3116.762602457827
-1557.129878705711	-3117.535873691242
-1556.5333554160986	-3120.0312926758365
-1556.0112172676145	-3121.8117067595613
-1555.482504659612	-3123.5642551897695
-1554.656651655762	-3126.2472958516855
-1554.469391732346	-3126.8399648896393
-1554.0041555834455	-3128.289909771148
-1553.4851507466606	-3129.8772088865853
-1552.8597048097479	-3131.7744608110092
-1552.822418595165	-3131.8875079353556
-1552.5435288862932	-3132.731994226584
-1552.4399017888097	-3133.035664874019
-1552.3890445136153	-3133.1813636186157
-1552.3348781035788	-3133.3304169094918
-1551.6593591627957	-3135.09328650705
-1551.164218037903	-3136.365857714572
-1550.5664962022806	-3137.6586783621938
-1549.4094826254814	-3140.0299131330726
-1549.3482689642715	-3140.1427500067966
-1549.1571425088255	-3140.47467794945
-1549.128573493499	-3140.524228273836
-1549.0924808490784	-3140.585783627231
-1549.036529935114	-3140.68029081619
-1547.881941575558	-3142.5397446326624
-1546.9029685990336	-3143.9052168629764
-1546.632503523517	-3144.246036536209
-1544.8134888048928	-3146.3401530557067
-1543.7373963580521	-3147.5701169103713
-1541.6137446035518	-3149.9937544821296
-1541.034657117714	-3150.6400385722786
-1540.7724772391916	-3150.932641483566
-1540.7724772391912	-3150.932641483567
-1540.4262105491875	-3151.3190885372
-1540.426210549187	-3151.3190885372005
-1540.0048649684045	-3151.7893265443654
-1539.9004959757315	-3151.905806387427
-1539.6802625881735	-3152.1462781061127
-1538.4102575652619	-3153.5282252844772
-1537.4698467082487	-3154.550230031451
-1537.1408307729243	-3154.904262658381
-1535.9935880225644	-3156.119176977517
-1535.4920375923102	-3156.5561956760716
-1534.461428665063	-3157.3789509698986
-1532.9491780828612	-3158.571332142511
-1532.3888592997107	-3159.0018990515837
-1531.8244306777208	-3159.428319713273
-1531.6579251101675	-3159.542447246419
-1530.5555220881981	-3160.2870816497657
-1529.002833320551	-3161.2712073154516
-1526.6770386316125	-3162.7453432106754
-1525.463777886638	-3163.3654953805635
-1522.7075554742573	-3164.6541417625785
-1521.7133401705617	-3165.077614294502
-1521.1385271880765	-3165.316625125004
-1518.1481169969868	-3166.5086918115694
-1517.5177914115882	-3166.7425100377595
-1516.9274590050773	-3166.9607501483424
-1514.6837046528626	-3167.786362534168
-1514.683704652862	-3167.7863625341683
-1514.1703018015455	-3167.963073224533
-1513.7872387378454	-3168.094592429547
-1513.5692435843166	-3168.168033979263
-1500.9719227608718	-3172.402525481376
-1496.804438476055	-3173.796217674435
-1496.3514633919597	-3173.9476666273476
-1495.7490138485882	-3174.1461724518094
-1494.7789948518775	-3174.463312119829
-1491.2317151331063	-3175.4185005124386
-1489.7484812319	-3175.792502974419
-1489.4604437172216	-3175.861863924367
-1488.8166747985592	-3176.008550933971
-1488.5982443426244	-3176.0543225541487
-1487.7943328381039	-3176.2220718608255
-1487.4506052717581	-3176.2906810977483
-1487.42683937927	-3176.2953229423038
-1487.3768950021818	-3176.3047145188684
-1486.420659691225	-3176.4834783683305
-1486.0981696527713	-3176.5437057529325
-1485.9426236769732	-3176.572440555332
-1485.7418559354676	-3176.6092352224578
-1485.551053812659	-3176.6430242112438
-1485.5477283592115	-3176.643610251136
-1485.5350395233415	-3176.645817347914
-1484.8632117650477	-3176.762464625541
-1484.1652866536049	-3176.883157664168
-1482.9337173394206	-3177.0945924295474
-1482.0084073870532	-3177.253448849912
-1478.1804665116335	-3177.904517690841
-1477.7872387378452	-3177.9707292040266
-1475.4661656082974	-3178.361550438859
-1475.4117298651759	-3178.3706622191817
-1475.2739008690564	-3178.3930818913896
-1472.5371631058429	-3178.8310048680632
-1472.3622788977248	-3178.8588930493497
-1471.488297928721	-3178.9980266280727
-1471.2973532889105	-3179.028402738092
-1471.2401086816465	-3179.0374470071574
-1470.9042519328148	-3179.0903818785855
-1470.9013298367709	-3179.090841639131
-1462.232573519024	-3182.3186200342298
-1430.6389059756093	-3182.509113016372
-1427.2556016307046	-3183.4159598783913
-1426.9685033840642	-3183.492060638994
-1426.1244410569825	-3183.710567735111
-1424.8166747985592	-3184.008550933971
-1424.5982443426244	-3184.0543225541487
-1423.7943328381039	-3184.2220718608255
-1421.5477283592122	-3184.643610251136
-1421.5350395233415	-3184.645817347914
-1420.8632117650477	-3184.762464625541
-1420.1652866536049	-3184.883157664168
-1418.0084073870532	-3185.253448849912
-1414.1804665116335	-3185.904517690841
-1411.4117298651759	-3186.370662219181
-1407.551296355047	-3186.987997580737
-1407.4882979287208	-3186.9980266280727
-1407.2973532889105	-3187.028402738092
-1407.2401086816465	-3187.0374470071574
-1406.9042519328148	-3187.0903818785855
-1406.9013298367706	-3187.090841639131
-1406.8961249217273	-3187.0916376227806
-1406.5121463705373	-3187.1454419775605
-1403.8178371855508	-3187.494633981052
-1402.5762659514694	-3187.6537473454287
-1400.279695291333	-3187.926068336208
-1400.0719043480185	-3187.950579046064
-1399.6088049754603	-3188.0040953811636
-1399.375409857832	-3188.0202641283813
-1398.4054796055534	-3188.0862675834696
-1398.232573519024	-3188.0871144381686
-1383.7724772391912	-3192.6400385722786
-1324.5074520853454	-3194.630674054886
-1324.4730208991227	-3194.8826127611947
-1324.355374850347	-3195.5425243268023
-1324.307314828706	-3195.762602457827
-1324.129878705711	-3196.535873691242
-1324.1046232847434	-3196.641523978572
-1323.7315885932069	-3198.2020294397707
-1323.5333554160986	-3199.0312926758365
-1323.0112172676145	-3200.8117067595613
-1322.482504659612	-3202.5642551897695
-1321.656651655762	-3205.2472958516855
-1321.469391732346	-3205.8399648896393
-1321.0041555834455	-3207.289909771148
-1320.4851507466606	-3208.8772088865853
-1319.8597048097479	-3210.7744608110092
-1319.822418595165	-3210.8875079353556
-1319.5435288862932	-3211.731994226584
-1319.5397153069357	-3211.7432304496297
-1319.4399017888097	-3212.035664874019
-1319.3890445136153	-3212.1813636186157
-1319.3348781035788	-3212.3304169094918
-1318.6593591627957	-3214.09328650705
-1318.164218037903	-3215.365857714572
-1317.5664962022806	-3216.6586783621938
-1317.3920527068535	-3217.0161905731175
-1316.4094826254814	-3219.0299131330726
-1316.3482689642715	-3219.1427500067966
-1316.1571425088255	-3219.47467794945
-1316.128573493499	-3219.524228273836
-1316.0924808490784	-3219.585783627231
-1316.036529935114	-3219.68029081619
-1314.8819415755577	-3221.5397446326624
-1313.902968599033	-3222.9052168629764
-1313.632503523517	-3223.246036536209
-1311.8134888048928	-3225.3401530557067
-1310.7373963580521	-3226.5701169103713
-1308.6137446035518	-3228.9937544821296
-1307.7724772391912	-3229.932641483567
-1306.9004959757315	-3230.905806387427
-1306.6802625881735	-3231.1462781061127
-1305.4102575652619	-3232.5282252844772
-1304.4698467082485	-3233.550230031451
-1304.1408307729243	-3233.904262658381
-1302.9935880225644	-3235.119176977517
-1302.4920375923102	-3235.5561956760716
-1301.461428665063	-3236.3789509698986
-1300.3359555639463	-3237.266365365269
-1298.8244306777208	-3238.428319713273
-1297.5555220881981	-3239.2870816497657
-1297.3246848320643	-3239.433390989468
-1295.4209156147122	-3240.6400385722786
-1293.6770386316125	-3241.7453432106754
-1293.57023116048	-3241.807045375481
-1293.0948850640157	-3242.0509786884254
-1291.9207312647798	-3242.637918941695
-1289.581303898292	-3243.805023050454
-1288.170013383641	-3244.50852805581
-1285.7564485588796	-3245.6802742380987
-1283.5481056305348	-3246.6764698927295
-1279.7724772391912	-3248.3796766495607
-1278.5193451384398	-3248.944971440249
-1278.0291526518108	-3249.1457105629415
-1277.576886360348	-3249.322581170911
-1276.1164029342242	-3249.8778088557424
-1275.8956219982288	-3249.955832146861
-1274.9350685071445	-3250.2870816497657
-1274.8628675623286	-3250.311980343385
-1271.9860158002489	-3251.3039342964325
-1271.986015800248	-3251.303934296433
-1270.0121172771992	-3251.984157692009
-1269.5555220881981	-3252.139303633469
-1267.106029079415	-3252.9716139777333
-1266.8705168593253	-3253.0509786884254
-1266.032456979001	-3253.333394521962
-1265.094885064015	-3253.64934468267
-1264.5299218977234	-3253.839730295049
-1264.4637778866377	-3253.862020010214
-1261.7075554742573	-3254.6541417625785
-1261.4723725938552	-3254.857060195678
-1260.7133401705617	-3255.077614294502
-1260.1385271880765	-3255.316625125004
-1257.7122385862992	-3256.2838161220084
-1257.1481169969868	-3256.5086918115694
-1256.5433401093383	-3256.7330327908767
-1256.5177914115882	-3256.7425100377595
-1255.9274590050766	-3256.9607501483424
-1254.7186537676344	-3257.4055424114076
-1253.683704652862	-3257.786362534168
-1253.1703018015455	-3257.963073224533
-1252.7872387378454	-3258.0945924295474
-1252.5692435843166	-3258.168033979263
-1251.0675685400274	-3258.6728103760142
-1248.6639586230867	-3259.4807651713495
-1243.5456677360999	-3261.2012388792155
-1239.9719227608718	-3262.402525481376
-1235.974409709123	-3263.739375809084
-1235.804438476055	-3263.796217674435
-1235.3514633919597	-3263.9476666273476
-1234.7490138485882	-3264.1461724518094
-1233.6389059756093	-3264.509113016372
-1230.2556016307046	-3265.4159598783913
-1229.9685033840642	-3265.492060638994
-1229.2770451934912	-3265.6716061060247
-1229.1244410569839	-3265.710567735111
-1227.8166747985592	-3266.008550933971
-1227.5982443426244	-3266.0543225541487
-1226.7943328381039	-3266.2220718608255
-1226.4506052717584	-3266.2906810977483
-1226.42683937927	-3266.2953229423038
-1226.3768950021818	-3266.3047145188684
-1225.420659691225	-3266.4834783683305
-1225.0981696527713	-3266.5437057529325
-1224.9426236769732	-3266.572440555332
-1224.7418559354676	-3266.6092352224578
-1224.551053812659	-3266.6430242112438
-1224.5477283592122	-3266.643610251136
-1224.5477283592118	-3266.6436102511366
-1224.5350395233415	-3266.645817347914
-1223.8632117650477	-3266.762464625541
-1223.1652866536049	-3266.883157664168
-1221.0084073870532	-3267.253448849912
-1217.1804665116335	-3267.904517690841
-1214.4661656082974	-3268.361550438859
-1214.4117298651759	-3268.3706622191817
-1214.2739008690564	-3268.3930818913896
-1211.5371631058429	-3268.8310048680632
-1211.3622788977248	-3268.8588930493497
-1210.4882979287208	-3268.9980266280727
-1210.2973532889105	-3269.028402738092
-1210.2401086816465	-3269.0374470071574
-1209.9042519328148	-3269.0903818785855
-1209.9013298367709	-3269.090841639131
-1202.6088049754603	-3270.0040953811636
-1201.232573519024	-3270.0871144381686
-1132.591158258631	-3270.9055726512343
-1121.4399017888097	-3271.035664874019
-1121.3890445136153	-3271.1813636186157
-1121.3348781035788	-3271.3304169094918
-1120.6593591627957	-3273.09328650705
-1120.164218037903	-3274.365857714572
-1119.5664962022806	-3275.6586783621938
-1118.4094826254814	-3278.0299131330726
-1118.3482689642715	-3278.1427500067966
-1118.1571425088255	-3278.47467794945
-1118.128573493499	-3278.524228273836
-1118.0924808490784	-3278.585783627231
-1118.036529935114	-3278.68029081619
-1116.8819415755577	-3280.5397446326624
-1115.902968599033	-3281.9052168629764
-1115.9029685990329	-3281.905216862977
-1115.632503523517	-3282.246036536209
-1113.8134888048928	-3284.3401530557067
-1112.4325077393087	-3285.918601821546
-1110.0484471527602	-3288.6400385722786
-1109.7724772391912	-3288.9550618854955
-1109.5968613824907	-3289.1555297130044
-1109.3645056534283	-3289.4201876351926
-1109.2474020239579	-3289.5492062802746
-1108.5034128613463	-3290.362041892455
-1107.1241770697059	-3291.846147730639
-1106.1408307729243	-3292.904262658381
-1104.9935880225644	-3294.119176977517
-1104.4920375923102	-3294.5561956760716
-1103.461428665063	-3295.3789509698986
-1101.949178082861	-3296.571332142511
-1101.3888592997107	-3297.0018990515837
-1099.5555220881981	-3298.2870816497657
-1095.6770386316125	-3300.7453432106754
-1095.0948850640157	-3301.0509786884254
-1093.9207312647798	-3301.637918941695
-1091.5813038982917	-3302.805023050454
-1090.170013383641	-3303.50852805581
-1087.7564485588796	-3304.6802742380987
-1080.5193451384398	-3307.944971440249
-1080.0291526518108	-3308.1457105629415
-1079.576886360348	-3308.322581170911
-1078.7418392510908	-3308.6400385722786
-1078.1164029342242	-3308.8778088557424
-1077.8956219982288	-3308.955832146861
-1076.8628675623286	-3309.311980343385
-1076.862867562328	-3309.3119803433856
-1074.3078213912936	-3310.1929739986663
-1072.2266297624965	-3310.9101797508347
-1071.618762481768	-3311.1178152546267
-1069.106029079415	-3311.9716139777333
-1065.6321722707667	-3313.14226083631
-1064.931637321375	-3313.377441579366
-1063.4723725938552	-3313.857060195678
-1061.80432806789	-3314.3699659396534
-1061.4168793007825	-3314.4879212402643
-1060.5015233122674	-3314.7631591203235
-1059.7122385862992	-3314.9961099128523
-1058.0456978522566	-3315.433081066543
-1056.3990987530256	-3315.8014833584184
-1056.1867486137337	-3315.8442289412455
-1056.1867486137317	-3315.844228941246
-1053.887598780937	-3316.2941996293803
-1053.2039367844795	-3316.4280003302347
-1053.1856401191158	-3316.431548521298
-1052.666232067781	-3316.530102685011
-1050.3755162547836	-3316.9564753443237
-1048.0146711832913	-3317.319316208142
-1045.7548721079606	-3317.6204579930354
-1044.3435282407797	-3317.7755661539786
-1040.2235327179355	-3318.188497216675
-1037.9861217694452	-3318.412515698677
-1036.7791961981761	-3318.532355673054
-1035.7724772391912	-3318.598220589122
-1033.5793238607648	-3318.7395432827834
-1028.591158258631	-3318.9055726512343
-1021.6770386316124	-3320.7453432106754
-1021.57023116048	-3320.807045375481
-1021.0948850640151	-3321.0509786884254
-1019.9207312647798	-3321.637918941695
-1016.1700133836409	-3323.50852805581
-1013.7564485588796	-3324.6802742380987
-1006.5193451384397	-3327.9449714402494
-1006.02915265181	-3328.1457105629415
-1005.576886360348	-3328.322581170911
-1004.1164029342242	-3328.8778088557424
-1003.8956219982288	-3328.955832146861
-1002.862867562328	-3329.3119803433856
-999.9860158002489	-3330.3039342964325
-998.0121172771998	-3330.984157692009
-995.1060290794151	-3331.9716139777333
-991.6321722707667	-3333.14226083631
-990.9316373213751	-3333.377441579366
-989.8978173511445	-3333.719583961305
-989.4723725938553	-3333.857060195678
-987.8043280678902	-3334.3699659396534
-987.4168793007825	-3334.4879212402643
-986.5015233122675	-3334.7631591203235
-985.7122385862992	-3334.9961099128523
-984.6187442069877	-3335.2859933891677
-984.0456978522566	-3335.433081066543
-983.3131052508304	-3335.5997086232283
-982.7186537676344	-3335.7330327908767
-982.3990987530256	-3335.8014833584184
-982.1867486137338	-3335.8442289412455
-979.2039367844794	-3336.4280003302347
-979.1856401191158	-3336.431548521298
-978.9644317652019	-3336.4736305763486
-978.666232067781	-3336.530102685011
-976.3755162547837	-3336.9564753443237
-975.9824401473319	-3337.0195221983768
-972.5203903192106	-3337.546973245195
-971.5456677360993	-3337.6728103760142
-969.9975029590378	-3337.8615473909585
-963.9744097091232	-3338.4807651713495
-963.974409709123	-3338.48076517135
-962.2904988363696	-3338.649536982464
-961.110643823265	-3338.76044375892
-957.9497113518737	-3339.039092324595
-953.6245696213759	-3339.226010500165
-953.2784593721242	-3339.235591092561
-951.7869935636746	-3339.246012241538
-951.322704215829	-3339.249149991185
-911.576886360348	-3339.322581170911
-910.1164029342242	-3339.8778088557424
-909.8956219982288	-3339.955832146861
-908.8628675623279	-3340.3119803433856
-906.3078213912936	-3341.1929739986663
-904.2266297624966	-3341.9101797508347
-903.6187624817685	-3342.1178152546267
-901.1060290794151	-3342.9716139777333
-897.6321722707665	-3344.14226083631
-896.9316373213751	-3344.377441579366
-895.8978173511445	-3344.719583961305
-895.4723725938553	-3344.857060195678
-893.8043280678901	-3345.369965939654
-893.4168793007825	-3345.487921240264
-892.5015233122674	-3345.7631591203235
-892.4856214767863	-3345.7678655218924
-891.7122385862992	-3345.9961099128523
-890.6187442069877	-3346.2859933891677
-890.0456978522566	-3346.433081066543
-889.3131052508304	-3346.5997086232283
-888.7186537676344	-3346.7330327908767
-888.3990987530256	-3346.8014833584184
-888.1867486137338	-3346.8442289412455
-888.1867486137315	-3346.844228941246
-885.8875987809375	-3347.2941996293803
-885.2039367844795	-3347.4280003302347
-885.1856401191158	-3347.431548521298
-884.9644317652019	-3347.4736305763486
-884.666232067781	-3347.530102685011
-882.3755162547835	-3347.9564753443237
-881.9824401473319	-3348.0195221983768
-880.0146711832912	-3348.319316208142
-878.5380667514023	-3348.525166932492
-878.1074850512514	-3348.579950356944
-877.7548721079608	-3348.6204579930354
-876.3435282407797	-3348.7755661539786
-872.2235327179357	-3349.1884972166754
-869.9861217694452	-3349.412515698677
-868.7791961981761	-3349.532355673054
-865.7418485586544	-3349.731075132502
-865.5793238607648	-3349.7395432827834
-862.4267724844461	-3349.875786020796
-861.4191254129355	-3349.9036784507143
-860.5911582586309	-3349.9055726512343
-812.0121172771998	-3349.984157692009
-809.1060290794151	-3350.9716139777333
-805.6321722707667	-3352.14226083631
-804.9316373213751	-3352.377441579366
-803.8978173511445	-3352.719583961305
-803.4723725938553	-3352.857060195678
-801.8043280678902	-3353.3699659396534
-801.8043280678901	-3353.369965939654
-801.4168793007826	-3353.4879212402643
-800.5015233122674	-3353.7631591203235
-800.4856214767863	-3353.7678655218924
-799.7122385862992	-3353.9961099128523
-798.6187442069877	-3354.2859933891677
-798.0456978522566	-3354.433081066543
-797.3131052508304	-3354.5997086232283
-796.7186537676344	-3354.7330327908767
-796.3990987530256	-3354.8014833584184
-796.1867486137338	-3354.8442289412455
-793.2039367844795	-3355.4280003302347
-793.1856401191158	-3355.431548521298
-792.964431765202	-3355.4736305763486
-792.666232067781	-3355.530102685011
-790.3755162547835	-3355.9564753443237
-789.9824401473318	-3356.0195221983768
-786.5203903192106	-3356.546973245195
-785.5456677360994	-3356.6728103760142
-783.9975029590379	-3356.8615473909585
-777.9744097091248	-3357.4807651713495
-777.9744097091229	-3357.48076517135
-776.2904988363696	-3357.649536982464
-775.110643823265	-3357.76044375892
-771.9497113518737	-3358.039092324595
-767.6245696213759	-3358.226010500165
-767.2784593721242	-3358.235591092561
-765.7869935636746	-3358.246012241538
-765.322704215829	-3358.249149991185
