-7914.6244798927855	-246.43315933683402
-7914.615106701429	-247.39784733925126
-7914.612184926837	-247.58882614864706
-7914.566327902154	-248.6341433971029
-7914.524517576241	-249.2971754939581
-7914.435749357601	-250.37164573597033
-7914.398950642877	-250.73468877034725
-7914.336540832203	-251.2898591384294
-7914.062615995312	-253.4662596524663
-7914.062615995311	-253.46625965246676
-7913.840840285562	-255.13771193295588
-7913.712822738284	-255.9156460603249
-7913.60208282484	-256.5228735011158
-7913.486337211436	-257.0828467141671
-7912.85708851971	-259.9974304264774
-7912.68310827975	-260.7229063879745
-7911.582788951524	-265.1096629665926
-7911.31349112852	-266.08914172628624
-7910.5858873272355	-268.51588668347017
-7909.699639459772	-271.15295988915386
-7909.292087369031	-272.3139460880634
-7908.655298471718	-274.05782431775583
-7907.733673658162	-276.53658304955184
-7907.733673658161	-433.74932353969575
-7907.711825163398	-436.9485911466322
-7907.706645436279	-437.32782342860423
-7907.569123595451	-439.86246537579063
-7906.667774685169	-447.3617938151915
-7906.460006816873	-448.9386447334293
-7906.057594307074	-451.1726571222857
-7905.618688888771	-453.01734322195375
-7904.559316401783	-457.06420122755003
-7904.082069366023	-458.6178295664788
-7903.110692570901	-461.4542846723068
-7901.128495437802	-466.7496336717295
-7899.668845073389	-470.3779705666707
-7897.73752234277	-474.7040506487331
-7894.966396744985	-479.9860963002568
-7892.541469134242	-484.11402295501466
-7891.733673658161	-651.7493235397031
-7891.733495794362	-651.8125584466399
-7891.711825163398	-654.948591146632
-7891.70664543628	-655.3278234286042
-7891.706645436279	-655.3278234286043
-7891.7037522971605	-655.4224826123705
-7891.686114012198	-655.9147764139725
-7891.645672703629	-656.7920034713295
-7891.63531068846	-656.9848456433665
-7891.625528201046	-657.1421082057401
-7891.612200355414	-657.3259919928493
-7891.569123595451	-657.8624653757906
-7891.521599973419	-658.2824971964758
-7891.367155597546	-659.5953298373335
-7891.034291023628	-662.3427137263163
-7890.667774685169	-665.3617938151918
-7890.663553586957	-665.3956944508101
-7890.470128130517	-666.8693676050252
-7890.470128130516	-666.8693676050258
-7890.460006816874	-666.9386447334293
-7890.316593506992	-667.8205212483385
-7890.204834360107	-668.4132380748554
-7890.013490826536	-669.3633575222325
-7888.559316401785	-675.06420122755
-7887.365036651584	-678.7316628777952
-7885.3780875538205	-684.115634479997
-7882.733673658161	-782.7493235396952
-7881.460006816873	-797.9386447334294
-7879.6244798927855	-801.4331593368304
-7879.612184926837	-802.5888261486471
-7879.584136962536	-803.2865765561239
-7879.525578990792	-804.2823212777105
-7879.435749357601	-805.3716457359706
-7879.336540832203	-806.2898591384294
-7879.082069366023	-807.6178295664788
-7879.062615995311	-808.4662596524664
-7878.840840285562	-810.1377119329559
-7878.712822738282	-810.9156460603248
-7878.60208282484	-811.522873501116
-7878.486337211436	-812.0828467141667
-7877.85708851971	-814.9974304264772
-7877.7755781865635	-815.350018947743
-7876.582788951524	-820.1096629665925
-7875.779991876843	-822.8887380820827
-7874.699639459771	-826.1529598891542
-7873.655298471718	-829.0578243177561
-7871.3780875538205	-835.115634479997
-7871.030325269077	-835.9973148234822
-7870.927611975121	-836.2564581791271
-7870.3235082840365	-837.7679082387501
-7869.865716430599	-838.9011114698408
-7869.668845073389	-839.3779705666707
-7868.564493377667	-841.9118729618062
-7868.317742105979	-842.4725948185506
-7868.287318267605	-842.5403706036565
-7867.798722036507	-843.5774812927616
-7867.73752234277	-843.7040506487331
-7867.338651924819	-844.5170652765727
-7867.057166521316	-845.0638197170531
-7866.12479244269	-846.8664515560147
-7865.204834360107	-848.5525423883669
-7864.966396744985	-848.9860963002565
-7864.497110090049	-849.8166191905259
-7863.223716733573	-851.9835785631806
-7862.541469134242	-853.114022955015
-7862.458969522326	-853.2464954946716
-7862.21373967508	-853.5759651523517
-7860.946643806731	-855.2366591504951
-7860.911296032211	-855.278384604946
-7859.760699856384	-856.4301885659577
-7858.966507476402	-857.1266367713965
-7854.733673658161	-965.7493235396952
-7854.711825163398	-968.948591146632
-7854.706645436279	-969.3278234286042
-7854.63531068846	-970.9848456433665
-7854.569123595451	-971.8624653757906
-7854.367155597546	-973.595329837334
-7853.667774685169	-979.3617938151916
-7853.470128130516	-980.8693676050266
-7853.460006816874	-980.9386447334296
-7853.316593506992	-981.8205212483385
-7853.057594307074	-983.1726571222858
-7852.8271965049535	-984.1488410967577
-7852.618688888771	-985.0173432219538
-7851.559316401783	-989.06420122755
-7851.082069366022	-990.6178295664788
-7850.110692570901	-993.4542846723067
-7848.128495437802	-998.7496336717294
-7846.668845073389	-1002.3779705666707
-7845.038297861638	-1014.0630904094553
-7843.004118624052	-1022.7456575414933
-7837.204834360107	-1038.6280296382477
-7824.733673658161	-1110.749323539695
-7821.6244798927855	-1129.4331593368308
-7820.766658861229	-1138.599190727814
-7818.376557272191	-1148.8682865490305
-7815.655298471718	-1157.057824317756
-7810.564493377667	-1169.911872961806
-7806.497110090048	-1177.816619190526
-7802.946643806731	-1183.2366591504951
-7802.204834360107	-1183.997314823482
-7800.063109600178	-1185.8684474722218
-7795.733673658161	-1263.749323539695
-7795.711825163398	-1266.948591146632
-7795.706645436279	-1267.3278234286042
-7795.63531068846	-1268.9848456433665
-7795.569123595451	-1269.8624653757904
-7795.367155597547	-1271.595329837334
-7794.667774685169	-1277.361793815192
-7794.663553586957	-1277.3956944508097
-7794.470128130515	-1278.8693676050266
-7794.429714937103	-1279.1269689624337
-7794.316593506992	-1279.8205212483385
-7794.237000132223	-1280.2460827450332
-7794.057594307074	-1281.1726571222857
-7793.8271965049535	-1282.148841096758
-7793.585127088905	-1283.1510461274947
-7793.093254068203	-1285.0455846812338
-7792.725044658342	-1286.4425137808553
-7792.490436317398	-1287.3014331111058
-7792.082069366022	-1288.6178295664788
-7791.365036651584	-1290.731662877795
-7791.20551924467	-1291.1896746576226
-7790.141944239013	-1294.0886769328536
-7789.740361016858	-1295.1682778606234
-7789.37808755382	-1296.115634479997
-7788.3235082840365	-1298.7679082387501
-7787.865716430599	-1299.9011114698408
-7787.630154694952	-1300.4686760827356
-7786.564493377667	-1302.911872961806
-7786.287318267605	-1303.5403706036564
-7785.798722036507	-1304.577481292762
-7785.338651924818	-1305.5170652765723
-7783.9473482565645	-1309.9026776374558
-7783.947348256564	-1309.902677637458
-7783.88527528773	-1312.074251606739
-7783.794142148747	-1314.2881821815033
-7783.56773960729	-1316.9973148234815
-7783.384236254567	-1318.7911159627786
-7782.802051296836	-1323.327710910249
-7781.36947086717	-1332.5470874093671
-7781.044147033892	-1334.2734828286161
-7780.330599721271	-1337.2949215647386
-7779.364113897473	-1340.4855641595593
-7778.72496619248	-1342.4293234304407
-7778.204834360107	-1343.910696523211
-7770.66906088506	-1348.7953055835303
-7768.6257926321305	-1349.5609871785487
-7767.229877533314	-1365.6586489254996
-7766.995406728511	-1367.400882001456
-7766.80628145942	-1367.6082133989519
-7766.5343692078695	-1367.896021745154
-7766.482648989777	-1367.9502684113907
-7766.228791681575	-1368.2139385174382
-7765.66906088506	-1368.7953055835303
-7757.6244798927855	-1401.4331593368308
-7757.41256428563	-1405.6098161453822
-7756.60208282484	-1411.5228735011162
-7754.694733730207	-1419.672427587694
-7753.449134144887	-1423.948029300891
-7752.0532483729985	-1428.4934594168594
-7750.976778512544	-1437.4430049326074
-7749.004118624052	-1445.7456575414935
-7747.960805377548	-1449.538533879113
-7745.926743940694	-1454.9936127918163
-7742.823787276264	-1462.4883412755057
-7738.137686952023	-1470.9760626490377
-7735.66906088506	-1473.7953055835303
-7731.017544809012	-1478.1477129177704
-7728.204834360107	-1486.997314823482
-7713.9473482565645	-1553.9026776374587
-7713.676001569398	-1559.8889390388563
-7712.739405213197	-1567.7510053240226
-7711.098780185477	-1578.0236555347553
-7709.366162180786	-1584.4789882436166
-7706.250435146047	-1593.1664311012048
-7702.418006438144	-1602.3412186439468
-7698.052270776666	-1612.7953055835303
-7696.712242830863	-1612.7953055835305
-7695.9585122726	-1616.2595783883316
-7693.798722036507	-1619.5774812927616
-7690.497110090048	-1625.8166191905261
-7688.458969522325	-1629.2464954946718
-7685.434371437855	-1632.7267042393898
-7683.527541806319	-1634.2539682124434
-7680.340962984388	-1636.362195047961
-7677.6244798927855	-1676.4331593368304
-7661.9473482565645	-1729.9026776374587
-7661.897494724018	-1731.7172726909598
-7661.810479365982	-1733.990116042096
-7661.73937836113	-1735.0919499146423
-7661.676001569398	-1735.8889390388563
-7661.453218327435	-1738.1529793931527
-7661.321612866823	-1739.3267198254005
-7660.942032461917	-1742.271959855062
-7660.739405213197	-1743.7510053240226
-7659.938773096296	-1748.9752335858516
-7659.568766126631	-1751.3250847726715
-7659.337956321593	-1752.7302829631801
-7659.098780185477	-1754.0236555347553
-7658.330599721272	-1757.2949215647386
-7657.366162180786	-1760.4789882436166
-7655.971457303882	-1764.571074591792
-7654.250435146047	-1769.1664311012048
-7652.1740334308415	-1774.3445154725516
-7650.418006438144	-1778.3412186439468
-7648.747446935678	-1781.565903578635
-7645.9585122726	-1786.2595783883316
-7645.034721743603	-1787.3577823296846
-7643.66906088506	-1788.7953055835305
-7642.612482019923	-1789.8406177783313
-7642.612482019922	-1789.8406177783318
-7642.469154252147	-1789.9794088987683
-7642.015350254346	-1790.4058824393173
-7640.623320626814	-1791.7093043745053
-7639.739734082396	-1792.536647457478
-7639.463184611237	-1792.794597056965
-7639.332739477045	-1792.915323413434
-7639.243141797126	-1792.993515719987
-7639.160327876419	-1793.0566748022416
-7639.112666064737	-1793.090078570052
-7639.092306951383	-1793.1042327513692
-7639.017544809012	-1793.1477129177706
-7638.823716267871	-1793.2596442310569
-7637.813349205597	-1793.833861402005
-7637.0102750792175	-1794.2789719128755
-7636.864816144364	-1794.3585039175375
-7617.66906088506	-1815.7953055835305
-7602.399064098491	-1901.2005657101897
-7602.39906409849	-1914.036209786287
-7599.133749134149	-1919.3553974606384
-7597.960805377548	-1927.5385338791134
-7585.66906088506	-1951.7953055835308
-7584.612482019923	-1952.8406177783318
-7584.469154252147	-1952.9794088987683
-7584.296678273897	-1953.1414974688569
-7584.015350254346	-1953.4058824393173
-7583.380954831662	-1953.9998963116914
-7572.39906409849	-1982.838767103925
-7570.970720421823	-1996.4776006949885
-7567.960805377549	-2008.538533879113
-7566.799868622553	-2011.715252497997
-7559.45278661747	-2026.6936690476564
-7559.446428063344	-2027.9113159877425
-7557.848166285895	-2029.4703495707925
-7557.637311112669	-2030.799223727344
-7555.794279518416	-2032.7939451215539
-7554.972142291279	-2033.9137311723578
-7552.450021871848	-2036.353149246301
-7540.5848348483505	-2042.067640741337
-7539.972142291279	-2062.913731172358
-7527.327047326653	-2113.3387873324427
-7522.922363778304	-2119.655356459319
-7521.972142291279	-2120.913731172358
-7499.39906409849	-2174.838767103925
-7499.236583382923	-2177.5408975346127
-7499.0532483729985	-2179.4934594168594
-7498.571009415854	-2183.8642777772284
-7497.976778512544	-2188.4430049326074
-7497.082720884025	-2192.2567844450614
-7496.004118624052	-2196.7456575414935
-7494.960805377548	-2200.5385338791134
-7491.818229037253	-2208.7746544365614
-7491.705005255319	-2209.056660399457
-7489.153831667795	-2214.8760583005837
-7484.767388850945	-2222.6051839571783
-7481.976055183835	-2225.9137311723584
-7481.972142291279	-2225.9175327371686
-7481.6939923099935	-2226.1877689283565
-7480.593272406024	-2227.25431003293
-7480.590673595125	-2227.2543100329317
-7479.874966954272	-2227.9503111565327
-7479.682339698407	-2228.1363632620387
-7479.450021871848	-2228.353149246301
-7479.374445864019	-2228.4216318796866
-7479.328574350393	-2228.4621635188923
-7478.861481284864	-2228.87170092271
-7478.851931609917	-2228.8798235336576
-7478.5924591986295	-2229.0813177734985
-7478.22408836178	-2229.359198979161
-7478.218542973558	-2229.362810701233
-7478.114230499921	-2229.4269252905983
-7478.041425425295	-2229.4712926347142
-7477.658898460097	-2229.703671931088
-7477.646987423857	-2229.7102507341056
-7477.518296239124	-2229.7811684824524
-7477.507902599262	-2229.786114373804
-7476.874486136044	-2230.0832237259638
-7476.241841230918	-2230.371949017359
-7467.665882459007	-2234.0392776450863
-7464.915088463642	-2235.1469069936716
-7462.530615135725	-2235.971716189096
-7455.142536058055	-2238.375897052406
-7453.972142291279	-2267.9137311723575
-7441.9473482565645	-2288.9026776374576
-7424.718042305161	-2346.977599951375
-7397.972142291279	-2363.913731172358
-7382.972142291279	-2392.913731172358
-7382.39906409849	-2399.8387671039236
-7379.393574013463	-2421.092433860792
-7379.374042721613	-2421.976236648296
-7379.324796243929	-2422.8513334873433
-7379.305945676535	-2423.043708011952
-7378.991235299317	-2426.037720802371
-7378.622207085604	-2429.289620210725
-7378.448110790523	-2430.6865154390343
-7378.106262635938	-2433.236767920377
-7378.022873534823	-2433.74392077817
-7377.7237251329325	-2435.272254440716
-7377.041144619683	-2438.601625154554
-7376.832629102733	-2439.591635927313
-7375.772833185484	-2444.419018491987
-7375.39906409849	-2445.922692325434
-7374.705448725623	-2446.7178487462343
-7374.571009415854	-2447.8642777772284
-7374.369296689145	-2449.5248819519697
-7374.121969573995	-2451.4387465426125
-7374.038297861638	-2452.063090409455
-7373.976778512544	-2452.4430049326074
-7373.962137465613	-2452.517184568172
-7373.64153946424	-2453.896729503836
-7373.415929573221	-2454.8512375926184
-7373.082720884025	-2456.2567844450614
-7372.973241764737	-2456.7149994705446
-7372.9732417647365	-2456.7149994705455
-7372.156316469209	-2460.113361115907
-7372.004118624052	-2460.7456575414935
-7371.714461557218	-2461.896257772999
-7371.5839327102	-2462.3748549424845
-7371.280521784135	-2463.4391032109706
-7370.960805377548	-2464.5385338791134
-7370.629188551707	-2465.4739691976674
-7369.250435146047	-2469.166431101205
-7368.926743940694	-2469.993612791816
-7367.705005255319	-2473.056660399457
-7367.1740334308415	-2474.344515472552
-7366.060406007585	-2476.9601622974988
-7365.784996734523	-2477.5726861677863
-7365.278476974491	-2478.627066509099
-7364.124792442691	-2480.866451556015
-7363.594149984982	-2481.8571568355183
-7362.446428063344	-2483.9113159877425
-7361.5772832586545	-2485.334425467259
-7360.99890888023	-2486.2459216241555
-7360.619608852006	-2486.8239732588395
-7360.175570730565	-2487.414861627296
-7359.152199636431	-2488.655356459319
-7359.014388579433	-2488.8191094278113
-7358.9764960792145	-2488.8635153342066
-7358.976496079214	-2488.863515334207
-7358.922363778304	-2488.9264845930174
-7358.604031215213	-2489.2967841224386
-7358.561323674377	-2489.3447677636773
-7358.55874449319	-2489.347620260261
-7357.976055183835	-2489.9137311723575
-7357.972142291279	-2489.917532737169
-7355.682339698407	-2492.1363632620387
-7354.851931609917	-2492.8798235336576
-7353.658898460097	-2493.7036719310877
-7352.49824661199	-2494.259655613484
-7343.665882459007	-2498.039277645086
-7342.39906409849	-2504.8387671039236
-7329.163910640968	-2514.074292500256
-7324.972142291279	-2555.913731172358
-7319.874486136043	-2557.2543100329312
-7300.688462180568	-2557.419246265415
-7295.394358894537	-2558.5069472738546
-7288.934234683562	-2601.8500503488303
-7281.704426808638	-2608.920232836277
-7277.972142291279	-2610.913731172358
-7270.922363778304	-2660.655356459319
-7269.972142291279	-2661.913731172358
-7245.186338802599	-2696.0258150152185
-7244.972142291279	-2697.913731172358
-7238.647211029833	-2699.804825497514
-7236.228791681575	-2719.400882001456
-7235.66906088506	-2720.7953055835305
-7222.393574013463	-2751.0924338607915
-7222.374042721613	-2751.976236648296
-7222.324796243929	-2752.8513334873433
-7222.305945676535	-2753.043708011952
-7221.991235299317	-2756.0377208023715
-7221.585953680216	-2759.5974843309373
-7221.2069436999545	-2762.5269621453217
-7221.056981223797	-2763.5479652005797
-7220.7237251329325	-2765.272254440716
-7220.041144619683	-2768.6016251545534
-7219.832629102733	-2769.591635927313
-7218.772833185484	-2774.419018491987
-7218.392309138743	-2775.9476510402365
-7217.794812367785	-2777.999990628705
-7216.224256073589	-2782.232623079023
-7214.705005255319	-2786.056660399457
-7213.060406007585	-2789.9601622974988
-7212.153831667795	-2791.8760583005837
-7209.550874175929	-2796.73029337153
-7207.99890888023	-2799.2459216241555
-7207.175224285695	-2800.41528881376
-7206.678708114288	-2801.0258150152195
-7206.576327902528	-2801.1513052809955
-7206.014388579433	-2801.819109427811
-7205.604031215214	-2802.2967841224386
-7205.561323674377	-2802.3447677636773
-7205.55874449319	-2802.347620260261
-7205.1863388025995	-2802.7094304424386
-7204.976055183835	-2802.9137311723575
-7204.972142291279	-2802.9175327371695
-7204.693992309993	-2803.1877689283556
-7203.615548103325	-2804.2327260253032
-7203.07838610726	-2804.753208435545
-7202.450021871848	-2805.3531492463007
-7201.851931609917	-2805.8798235336576
-7200.518296239124	-2806.7811684824524
-7199.241841230918	-2807.371949017359
-7190.665882459007	-2811.0392776450863
-7187.915088463642	-2812.1469069936716
-7185.530615135725	-2812.971716189096
-7178.142536058055	-2815.375897052406
-7174.844465579552	-2816.357722212437
-7173.418006438145	-2819.341218643947
-7171.712938988902	-2822.6409300969462
-7169.5772832586545	-2826.334425467259
-7168.493440147611	-2827.9937930465394
-7166.604031215213	-2830.2967841224386
-7165.972142291279	-2830.913731172358
-7163.874966954272	-2832.9503111565327
-7163.328574350393	-2833.4621635188923
-7162.22408836178	-2834.359198979161
-7161.518296239124	-2834.7811684824524
-7151.934234683559	-2857.8500503484365
-7132.972142291279	-2917.913731172358
-7130.972142291279	-2923.913731172358
-7128.450021871848	-2926.3531492463007
-7111.305685437069	-2939.767235980214
-7110.105524164503	-2943.426292535062
-7097.972142291279	-2961.913731172358
-7092.22749103261	-2994.565886429573
-7092.227491032609	-2994.5658864295733
-7092.202613198915	-2994.595452916824
-7092.014388579433	-2994.8191094278113
-7091.9764960792145	-2994.8635153342066
-7091.976496079214	-2994.863515334207
-7091.52834450304	-2995.384826494319
-7091.497164569497	-2995.4208953278985
-7091.439616486125	-2995.486393881599
-7091.122126183637	-2995.8477465871674
-7091.122126183636	-2995.847746587168
-7090.944534415474	-2996.047048267036
-7090.580052433617	-2996.4439876750553
-7090.468404398892	-2996.5605885795476
-7089.616648444876	-2997.4464045723316
-7089.4574142933725	-2997.611320535631
-7089.30568543707	-2997.7672359802136
-7089.305685437069	-2997.767235980214
-7086.518296239124	-2999.7811684824524
-7075.660309239218	-3004.449662570049
-7060.844465579552	-3009.357722212437
-7047.687996915911	-3010.9477354904425
-7046.663523927946	-3033.9636982924612
-7028.972142291279	-3086.913731172358
-7023.874486136043	-3088.2543100329312
-7019.071397962523	-3089.371737824578
-6971.718042305161	-3102.4255568748295
-6937.934234683559	-3176.8500503484365
-6932.34506713193	-3184.0503789882696
-6929.335095775407	-3184.6501151835123
-6928.426912127899	-3184.6762099359767
-6926.663523927946	-3201.9636982924612
-6919.55874449319	-3236.347620260261
-6918.972142291279	-3236.913731172358
-6915.467152665244	-3237.9107671395122
-6909.186338802599	-3253.0258150152185
-6908.972142291279	-3254.913731172358
-6894.663523927946	-3261.9636982924612
-6894.657417045496	-3262.8894263224756
-6894.636603400306	-3263.424553882493
-6894.43191574344	-3265.51583795832
-6893.90509773784	-3270.226490501212
-6893.784538474232	-3271.1156140753683
-6893.718062151382	-3271.571828999089
-6893.351433675265	-3273.8827593360775
-6893.175638595745	-3274.9288359074744
-6892.904420619041	-3276.397479569636
-6892.402291516533	-3278.8869358898746
-6891.832629102733	-3281.591635927313
-6890.772833185484	-3286.4190184919867
-6890.392309138743	-3287.9476510402365
-6889.769250883889	-3290.0752670039715
-6887.953657050966	-3294.925334999404
-6885.39455542988	-3301.191740209483
-6884.27847697449	-3303.627066509099
-6882.712938988902	-3306.6409300969462
-6881.446428063344	-3308.9113159877425
-6879.619608852007	-3311.82397325884
-6877.497164569497	-3314.4208953278985
-6875.30568543707	-3316.767235980214
-6875.148106530799	-3316.8346714315812
-6874.823076779165	-3317.183025647203
-6874.596227609663	-3317.371737824578
-6874.5962276096625	-3317.3717378245783
-6867.071397962523	-3321.1612991672628
-6839.561565170625	-3330.4255568748295
-6836.157182160509	-3342.8598765475977
-6834.186338802599	-3367.0258150152185
-6833.972142291279	-3368.913731172358
-6831.450021871848	-3371.3531492463007
-6826.722749153492	-3371.7120811698283
-6826.1551583110195	-3371.8199415226436
-6808.981322882647	-3379.7880248058664
-6805.7480090043655	-3394.4590318699366
-6801.129740500606	-3406.1629762501702
-6795.905509076446	-3415.975622480997
-6790.810174700204	-3421.7004970945063
-6787.637545459976	-3424.0077405415896
-6776.010345102722	-3429.072897184502
-6766.338721299589	-3430.9293011951067
-6763.39455542988	-3438.191740209483
-6762.153831667795	-3440.8760583005837
-6759.663523927946	-3450.9636982924612
-6759.636603400306	-3452.4245538824935
-6758.90509773784	-3459.226490501212
-6758.718062151382	-3460.571828999089
-6758.175638595745	-3463.9288359074744
-6757.402291516533	-3467.8869358898746
-6755.772833185484	-3475.419018491987
-6755.392309138743	-3476.9476510402365
-6754.794812367785	-3478.999990628705
-6753.224256073589	-3483.232623079023
-6751.705005255319	-3487.056660399457
-6750.060406007585	-3490.9601622974988
-6749.203048781666	-3492.7792377672313
-6745.438790192715	-3499.5569673098526
-6743.227491032609	-3502.5658864295733
-6742.439616486125	-3503.486393881599
-6740.30568543707	-3505.767235980214
-6739.8118307757295	-3506.1927107105826
-6739.606894945838	-3506.3634341546067
-6739.121383925234	-3506.7331751493653
-6738.603544304528	-3507.107430279105
-6738.382299039069	-3507.2595140113226
-6738.236396754419	-3507.3518370584015
-6737.658898460097	-3507.703671931088
-6737.518296239124	-3507.7811684824524
-6736.49824661199	-3508.259655613484
-6736.241841230918	-3508.371949017359
-6728.477583113017	-3511.694932598428
-6726.660309239218	-3512.449662570049
-6726.009991150622	-3512.7141407308964
-6724.915088463642	-3513.1469069936716
-6722.530615135725	-3513.971716189096
-6721.352464023977	-3514.363054957094
-6720.201877333762	-3514.744006950508
-6715.142536058054	-3516.375897052406
-6713.231786521591	-3516.9597695323237
-6711.844465579552	-3517.357722212437
-6711.133073763283	-3517.5093690147423
-6710.8558061221265	-3519.4255568748295
-6709.559741755135	-3520.895170982892
-6707.810174700205	-3522.7004970945063
-6706.3185131076425	-3523.90694525831
-6704.7820528072225	-3524.9362475528314
-6701.585324714091	-3526.4310039013603
-6690.169891363259	-3531.2924165395
-6685.186338802599	-3553.0258150152185
-6684.972142291279	-3554.913731172358
-6676.972142291279	-3566.913731172358
-6673.467152665244	-3567.9107671395122
-6672.7258525654515	-3568.0774853812572
-6671.09323972572	-3575.1369731511995
-6669.713157694182	-3579.577252744174
-6667.744797760357	-3584.7247485084363
-6660.193777998677	-3599.4088873815117
-6656.3863099555665	-3603.9685218149834
-6655.575975914655	-3604.7623017508117
-6651.399809153392	-3607.48828184456
-6645.439616486125	-3625.565886429573
-6643.305685437069	-3628.7672359802136
-6640.68114945528	-3629.183025647203
-6623.805771421902	-3631.0478428552765
-6623.795179668775	-3631.808880150695
-6623.720007576399	-3634.5323790491448
-6623.606250048057	-3636.546438352522
-6623.497187180234	-3637.8945159449167
-6623.351942314344	-3639.356946846635
-6622.7396299405755	-3644.8877633044494
-6622.604354414077	-3645.9157708473604
-6622.258884984579	-3648.1364274456264
-6621.981322882647	-3649.788024805866
-6621.593983721668	-3651.88156186002
-6620.867973466233	-3655.520856077653
-6619.631333526095	-3661.0836599033655
-6618.748009004366	-3664.4590318699366
-6617.08257172916	-3669.0470197401028
-6615.354127506526	-3673.3717814468464
-6613.989792776298	-3676.4663437209524
-6612.016568024593	-3680.539260883381
-6610.373828676151	-3683.5845538748263
-6609.095286962537	-3685.7093496940106
-6607.894069606062	-3687.2252108432294
-6606.613758609054	-3688.702611618322
-6606.159975067442	-3689.222025683458
-6606.159975067441	-3689.22202568346
-6606.111747627516	-3689.2770306647135
-6605.734137383545	-3689.7067849403484
-6605.568305834815	-3689.8859198732534
-6605.559741755136	-3689.895170982892
-6605.559741755134	-3689.8951709828925
-6605.268345273155	-3690.2078967347206
-6605.050424392269	-3690.438518295812
-6604.961208920274	-3690.532011138721
-6604.3009269529775	-3691.210827258821
-6604.237138567491	-3691.2759696896064
-6604.204757723104	-3691.308425166922
-6604.201474140796	-3691.3116994530856
-6604.201474140795	-3691.311699453086
-6600.7820528072225	-3693.9362475528314
-6590.0938008826615	-3698.631663040418
-6584.464953698511	-3700.644658230444
-6575.872356687105	-3703.3363551332204
-6571.591976903126	-3704.0172581933457
-6562.687996915911	-3704.9477354904425
-6548.7180423051595	-3705.4255568748295
-6540.693251893406	-3719.549642791698
-6539.117264868126	-3737.164256987756
-6535.794812367785	-3751.999990628705
-6528.712938988903	-3768.6409300969444
-6521.305685437069	-3778.7672359802136
-6514.723230943189	-3782.874389255353
-6503.080272382904	-3797.9469416845673
-6502.305685437069	-3799.7672359802136
-6494.305685437069	-3827.767235980214
-6493.238448091304	-3828.227844686331
-6462.972142291279	-3845.913731172358
-6457.201474140796	-3871.3116994530856
-6457.201474140795	-3871.311699453086
-6447.3863099555665	-3895.9685218149834
-6419.305685437069	-3925.7672359802136
-6397.501765290095	-3946.557962077647
-6397.305685437069	-3947.7672359802136
-6373.13275248883	-3983.532954730086
-6363.972142291279	-3987.913731172358
-6361.497659779849	-4009.686481083548
-6358.201474140796	-4013.3116994530856
-6304.385816322774	-4067.576318830305
-6282.931223600699	-4077.612359366749
-6278.9414585301765	-4099.2175082001095
-6270.501765290095	-4123.557962077647
-6270.305685437069	-4124.767235980214
-6266.069002989903	-4125.073700014695
-6232.111289112077	-4126.271465232801
-6221.025265397923	-4145.9895319542375
-6219.502526994449	-4162.91261362089
-6215.126072734525	-4181.8805513928655
-6214.497659779849	-4186.470520491559
-6211.201474140796	-4190.311699453086
-6209.27947405482	-4196.424456536743
-6203.454705841681	-4205.960014707478
-6203.128317222279	-4206.289834259333
-6197.200486871498	-4208.400832959795
-6194.704566601311	-4212.066401312878
-6177.760669128021	-4218.449336992521
-6155.922363778304	-4245.65535645932
-6154.580052433617	-4247.443987675055
-6153.305685437069	-4248.767235980214
-6149.069002989903	-4249.073700014695
-6148.3118072822	-4249.505054365172
-6132.373260375478	-4259.0357957501665
-6132.371991572748	-4259.213496826499
-6132.350568597412	-4260.7771065481575
-6132.312629453852	-4262.2089671623
-6132.302562644767	-4262.571573697059
-6132.270108671446	-4263.685575659875
-6132.198706190674	-4265.540380900189
-6132.183595772733	-4265.825305273352
-6132.075321720735	-4267.26468062193
-6132.034738314784	-4267.765753275951
-6131.963027303693	-4268.553509734727
-6131.844976165905	-4269.716879249586
-6131.695538796104	-4270.99848373423
-6131.607196921441	-4271.608976827607
-6131.402164839818	-4272.911044313513
-6130.998298398744	-4275.319065200249
-6130.671380195179	-4277.235598270461
-6130.4957035254765	-4278.256053300376
-6130.3487308159365	-4279.061883168857
-6130.118086952143	-4280.281040195105
-6130.099202174939	-4280.3689802655745
-6129.945302806323	-4281.075928466899
-6128.993381654968	-4285.273501296514
-6127.275098415514	-4292.511900356167
-6126.896144413206	-4293.934799334902
-6126.503615970598	-4295.297013864995
-6126.324350812722	-4295.9015300450665
-6126.059996740838	-4296.74169321102
-6124.779718145677	-4300.482763468676
-6123.851605030995	-4303.1447385078445
-6123.541959323583	-4303.886925365013
-6122.430245082283	-4306.447922830083
-6120.828674609438	-4310.010192329823
-6119.959527158775	-4311.924071924857
-6118.830110621007	-4313.990677120662
-6118.22545806343	-4315.0267018465875
-6117.451764711893	-4316.223696328105
-6116.845378464011	-4317.128525788651
-6116.5126615114805	-4317.5979859890285
-6115.666199634608	-4318.623942149684
-6115.075362401973	-4319.325315109005
-6114.5223348388245	-4319.926126141448
-6114.506284311186	-4319.941739631648
-6114.395384936266	-4320.0467836188245
-6114.178026527606	-4320.249994914119
-6114.178026527605	-4320.24999491412
-6113.399525832965	-4320.953904179968
-6113.320108907506	-4321.0256346998995
-6113.1416093330245	-4321.186858106761
-6112.274988022526	-4321.968631186029
-6112.249885320654	-4321.990937257832
-6111.5571405093415	-4322.594442945239
-6111.47706666309	-4322.661697155578
-6105.123847925255	-4326.337709196252
-6086.602921826665	-4333.201223366894
-6082.128317222279	-4350.289834259333
-6046.128317222279	-4401.289834259333
-6040.7603353449285	-4401.539613763389
-6006.6950006482175	-4434.762496937732
-6006.386479466477	-4435.301949684018
-6006.113715381784	-4435.579862657461
-6003.729893432271	-4436.5532920644
-6001.213313311452	-4455.055544285341
-6001.128317222279	-4455.289834259333
-5998.527200933244	-4456.661376270595
-5967.3863099555665	-4462.968521814983
-5950.6664137093485	-4470.643041757081
-5949.305173331568	-4498.9064988107775
-5947.549029291029	-4500.905447777298
-5943.135508215208	-4501.417646357209
-5941.502526994449	-4501.91261362089
-5941.31485946791	-4503.006914995129
-5941.1006132609955	-4504.180769290751
-5940.457307630908	-4507.112150840992
-5939.734547583677	-4510.305340377354
-5937.601884948395	-4519.242690305588
-5937.118261042589	-4520.907093550477
-5935.410735281278	-4525.832517728819
-5934.560806897193	-4528.145026480523
-5933.642420062667	-4530.335976186442
-5931.27947405482	-4535.424456536743
-5930.501857763189	-4536.941131771006
-5927.943314710479	-4541.473315030133
-5926.05943837676	-4544.257709309975
-5925.128317222281	-4545.289834259333
-5925.128317222279	-4545.289834259334
-5924.6466942583465	-4545.730418001923
-5924.030054389066	-4546.287491048727
-5922.569460861818	-4547.535927149387
-5922.414912195494	-4547.6621953967715
-5922.128886156415	-4547.881152699616
-5921.925068567652	-4548.032448599317
-5920.806671697493	-4548.800173433802
-5920.4015470462855	-4549.0766090945945
-5920.171580120326	-4549.222611387042
-5919.655300199706	-4549.543073218614
-5919.564418106404	-4549.59820128675
-5919.447955402191	-4549.665837782755
-5918.908841499882	-4549.947049875801
-5918.325016310797	-4550.238741232434
-5917.389225420017	-4550.705116258769
-5916.089442380091	-4551.341446142425
-5915.646485235765	-4551.550144584167
-5915.422111758903	-4551.653858519733
-5914.593167719508	-4552.007175044175
-5912.0707199904355	-4553.077069695124
-5911.863608979839	-4553.161014239906
-5911.773282284987	-4553.1961959545715
-5910.963150405149	-4553.507660517429
-5910.827913660158	-4553.5590477554015
-5906.273324631324	-4555.233359611521
-5903.925438717365	-4556.086439880228
-5901.267913143531	-4556.985699947536
-5900.439759180674	-4557.24842948218
-5900.128317222279	-4571.289834259333
-5893.075362401973	-4572.325315109005
-5892.830229017379	-4575.14175784643
-5870.316623220445	-4578.259802846825
-5867.948441425999	-4584.652572478599
-5864.742965606499	-4591.488648631531
-5861.943314710479	-4596.473315030133
-5859.68219477767	-4599.712831892246
-5856.494225399034	-4602.5980897749405
-5853.44795540219	-4604.665837782755
-5847.399717217293	-4607.548504128305
-5836.238190382195	-4611.7047024472795
-5833.998984838992	-4614.701514245595
-5832.558732187447	-4622.411692366566
-5829.5097057926205	-4635.3269019320405
-5826.588346155662	-4643.797049029903
-5824.128317222279	-4654.289834259333
-5820.398229449431	-4656.128497573596
-5817.210265903075	-4660.443358197817
-5813.18937285368	-4663.760596889895
-5808.518381787865	-4666.205489609434
-5803.334676718093	-4668.372449649211
-5799.68219477767	-4679.712831892246
-5799.213313311452	-4680.055544285341
-5799.128317222279	-4680.289834259333
-5793.229064552041	-4682.064443197419
-5791.5223348388245	-4688.926126141448
-5791.499093062352	-4688.943917204562
-5756.128317222279	-4732.289834259333
-5737.734547583676	-4735.305340377353
-5736.128317222279	-4750.289834259333
-5733.242136390807	-4752.198974730512
-5732.560806897194	-4753.145026480523
-5731.128317222279	-4758.289834259333
-5729.27947405482	-4760.424456536743
-5728.128317222279	-4762.289834259333
-5725.943314710479	-4766.473315030133
-5723.68219477767	-4769.712831892246
-5723.327767866068	-4769.811285697357
-5723.213313311452	-4770.055544285341
-5723.128317222281	-4770.289834259333
-5723.128317222279	-4770.289834259334
-5723.115567474104	-4770.302025496093
-5723.097468686336	-4770.318561704143
-5722.6466942583465	-4770.730418001923
-5722.399525832965	-4770.953904179968
-5722.141609333025	-4771.186858106761
-5722.030054389066	-4771.287491048727
-5721.895626622081	-4771.404630769875
-5721.075326309057	-4772.104394556607
-5720.569460861818	-4772.535927149387
-5720.414912195494	-4772.6621953967715
-5720.128886156415	-4772.881152699616
-5719.925068567651	-4773.032448599317
-5718.806671697493	-4773.800173433802
-5718.4015470462855	-4774.0766090945945
-5718.171580120326	-4774.222611387042
-5717.655300199706	-4774.543073218614
-5717.564418106404	-4774.59820128675
-5717.447955402191	-4774.665837782755
-5716.908841499882	-4774.947049875801
-5716.325016310797	-4775.238741232434
-5715.389225420017	-4775.705116258769
-5714.089442380091	-4776.341446142425
-5713.646485235765	-4776.550144584167
-5713.422111758903	-4776.653858519733
-5712.593167719508	-4777.007175044175
-5710.0707199904355	-4778.077069695124
-5709.863608979839	-4778.161014239906
-5709.773282284987	-4778.1961959545715
-5708.963150405149	-4778.507660517429
-5708.827913660158	-4778.5590477554015
-5705.170096430533	-4785.65116440314
-5703.842789667849	-4787.524754307111
-5703.68219477767	-4787.712831892246
-5703.128317222279	-4788.289834259333
-5702.6466942583465	-4788.730418001922
-5700.128886156415	-4790.881152699616
-5697.447955402191	-4792.665837782755
-5693.435711970067	-4794.647650193655
-5690.070719990435	-4796.077069695124
-5681.615377512098	-4799.192894285765
-5676.652276517942	-4800.764478661964
-5669.169837843804	-4802.52038256092
-5661.529098841277	-4803.257641099239
-5657.128317222279	-4825.289834259333
-5649.830229017379	-4829.14175784643
-5605.629942124897	-4840.7789910926385
-5591.128317222279	-4888.289834259333
-5569.94721778382	-4899.077566299096
-5564.108720903086	-4909.821605798561
-5552.454705841681	-4933.960014707478
-5552.128317222281	-4934.289834259333
-5552.128317222279	-4934.289834259334
-5549.414912195494	-4936.6621953967715
-5547.4015470462855	-4938.0766090945945
-5546.447955402191	-4938.665837782755
-5543.089442380091	-4940.341446142425
-5539.0707199904355	-4942.077069695124
-5537.827913660158	-4942.5590477554015
-5530.925438717365	-4945.086439880228
-5527.439759180674	-4946.24842948218
-5524.479111603917	-4947.071162103486
-5520.376592376129	-4948.0616978389435
-5518.169837843805	-4948.52038256092
-5517.178817068765	-4949.65116440314
-5513.522907044511	-4958.813068404565
-5508.943314710479	-4967.473315030133
-5506.12831722228	-4971.289834259333
-5500.564418106404	-4975.59820128675
-5491.827913660158	-4979.5590477554015
-5477.850828342728	-4994.18041339683
-5476.09574652365	-4994.916288336874
-5474.168076395732	-4996.371254178826
-5438.850828342728	-5027.18041339683
-5420.47105882623	-5028.67581482027
-5413.973375070782	-5038.697582643291
-5409.128317222279	-5055.289834259333
-5406.527200933244	-5056.661376270595
-5375.850828342728	-5076.18041339683
-5375.200157373121	-5076.6056511384595
-5374.128317222279	-5089.289834259333
-5334.850828342728	-5115.18041339683
-5334.200157373121	-5115.6056511384595
-5296.947660602693	-5119.449211334668
-5296.873470686325	-5121.829116036186
-5296.673301678607	-5124.979302889282
-5296.588629801714	-5125.961396716251
-5296.254363806411	-5129.099458824327
-5296.104460754877	-5130.338231628445
-5295.962306850218	-5131.333632989153
-5295.469520087794	-5134.5629401654005
-5294.980239261943	-5137.666341965754
-5294.7471243678865	-5139.001255573703
-5294.237720894136	-5141.504489329654
-5294.136472789486	-5141.9371598937
-5293.865048272046	-5143.0576573951275
-5292.908907409517	-5146.796754447538
-5291.663259523981	-5151.090432218669
-5290.505564023093	-5154.707302448277
-5288.716329339355	-5159.752553544646
-5287.948441425999	-5161.652572478599
-5285.986370155622	-5165.964512139981
-5284.742965606499	-5168.488648631531
-5282.29700348355	-5172.900036822578
-5280.213834163165	-5176.045613371152
-5279.12831722228	-5177.289834259333
-5279.128317222279	-5177.289834259334
-5278.030054389066	-5178.287491048727
-5276.414912195494	-5179.6621953967715
-5275.925068567651	-5180.032448599317
-5274.4015470462855	-5181.0766090945945
-5273.655300199706	-5181.543073218614
-5273.447955402191	-5181.665837782755
-5272.908841499882	-5181.947049875801
-5270.03881817788	-5183.377848313439
-5268.926613714061	-5183.896449632186
-5268.144481353618	-5184.240449541618
-5267.399717217293	-5184.548504128305
-5265.685238160973	-5185.233281720838
-5256.238190382195	-5188.7047024472795
-5255.136819278157	-5189.041457865584
-5252.838560057583	-5189.727134154643
-5248.238435964566	-5191.029052915019
-5246.020699347771	-5191.525939166144
-5243.287074764588	-5191.960545787573
-5240.301837774525	-5192.276999045254
-5237.008056399684	-5192.553135457422
-5236.4223115855075	-5193.207465669157
-5236.131126667351	-5193.388648780589
-5235.766888465344	-5193.901384566629
-5233.791388031101	-5195.651417054205
-5233.599853203283	-5195.794664785029
-5232.18937285368	-5196.760596889894
-5231.212293415311	-5197.369306349824
-5231.083673381662	-5197.438305012976
-5230.823201346577	-5197.571639305346
-5227.629942124897	-5199.164442568548
-5156.660651898459	-5214.569969635643
-5153.947660602693	-5240.449211334606
-5151.980239261943	-5258.666341965754
-5148.737626680935	-5271.848286205239
-5142.986370155622	-5286.964512139981
-5136.68219477767	-5297.712831892246
-5136.128317222279	-5298.289834259333
-5134.416905939778	-5298.517803991809
-5133.527200933244	-5299.661376270595
-5129.908841499882	-5302.947049875801
-5113.16549108747	-5309.72916024987
-5102.850828342728	-5319.18041339683
-5062.966627913485	-5356.969425030076
-5061.850828342728	-5358.18041339683
-5060.578954817214	-5359.438220576622
-5060.194374053624	-5359.793275233296
-5058.292650656463	-5361.390567582055
-5057.869601263739	-5361.690188856934
-5057.319560374433	-5362.046219119085
-5056.313137754323	-5362.664582801528
-5054.108223707708	-5363.827724809395
-5052.570652678274	-5364.598620743382
-5050.933595992472	-5365.288196874841
-5048.353350948737	-5366.27876616731
-5046.970866465443	-5366.801213848454
-5043.014081338621	-5368.241477566995
-5039.1587891080135	-5369.569011505688
-5035.365677593658	-5370.7817036282195
-5032.1711625389335	-5371.776441085765
-5031.169450278214	-5372.026506329274
-5028.444516950185	-5372.60133580691
-5026.034570157966	-5372.959437922111
-5023.876461233341	-5373.16315746303
-5021.02689533044	-5373.283777748896
-5018.772558087858	-5373.363256635461
-5013.537768368194	-5373.446555245776
-4997.632911847328	-5380.157182972813
-4994.111454675711	-5384.243399484518
-4993.473443992907	-5384.846139149107
-4977.544880867794	-5385.980661894362
-4976.941153286271	-5388.177962072767
-4976.688560867893	-5389.015766407616
-4976.494358353422	-5389.639938801194
-4976.3864323193975	-5389.981158804698
-4975.590822921235	-5392.472321526271
-4975.372091937994	-5393.135248302389
-4975.3386047985605	-5393.233874085511
-4975.281455228827	-5393.390969194538
-4975.177562056622	-5393.664706827161
-4974.833174460877	-5394.531404529724
-4974.730384994757	-5394.782072404083
-4974.5649721631	-5395.176353360289
-4973.380805804361	-5397.85195775373
-4971.990609992054	-5400.941462169717
-4971.309043220338	-5402.344451592684
-4970.707559738083	-5403.523395955821
-4969.613940536096	-5405.416883817481
-4967.951919599232	-5408.196694238492
-4967.808461911012	-5408.419289552112
-4966.900466506901	-5409.810102150366
-4966.175711687118	-5410.724731651825
-4965.766909533686	-5411.194638742049
-4964.946308439165	-5412.084297325108
-4963.578954817214	-5413.438220576622
-4963.194374053624	-5413.793275233296
-4961.292650656463	-5415.390567582055
-4960.869601263739	-5415.690188856934
-4959.84989221108	-5416.3394995282615
-4959.313137754323	-5416.664582801528
-4957.108223707708	-5417.827724809395
-4955.570652678275	-5418.598620743382
-4954.6823317457065	-5418.9828340421045
-4948.830187735725	-5422.141269041184
-4948.005091431625	-5425.06530080568
-4946.615084880939	-5429.486642034182
-4944.8575063682565	-5433.997137859114
-4943.729891783993	-5436.517546462595
-4938.009089470293	-5446.776676489506
-4937.93148081251	-5446.8808796255835
-4935.850828342728	-5449.18041339683
-4934.255006358026	-5450.739614689723
-4932.292650656463	-5452.390567582055
-4930.142888126197	-5453.801953862984
-4927.332095612166	-5455.371370073939
-4925.016222492894	-5456.531599481139
-4922.043387852766	-5457.82560660179
-4918.210186460043	-5459.359165390908
-4915.342282690927	-5460.45298433711
-4912.4422358446645	-5461.494251751959
-4907.420410292172	-5463.069345954858
-4899.601224383037	-5465.165477238094
-4895.219621294873	-5465.9464958701
-4890.330866383797	-5466.259982049204
-4852.3942744541	-5471.483121416246
-4850.712250304464	-5478.646418304125
-4848.7708913224415	-5485.746069623216
-4846.833174460877	-5491.531404529724
-4842.9486889094715	-5500.063945292442
-4839.951919599232	-5505.196694238492
-4836.850828342728	-5509.18041339683
-4835.255006358026	-5510.739614689723
-4832.869601263739	-5512.690188856934
-4827.335618618023	-5515.707602616425
-4807.1711625389335	-5522.776441085765
-4801.850828342728	-5532.18041339683
-4797.799479688078	-5533.104075923024
-4756.3308663837915	-5549.259982049203
-4725.850828342728	-5566.18041339683
-4720.700794875382	-5566.526386479313
-4680.3308663837915	-5583.259982049203
-4674.53960034052	-5614.634916856546
-4673.292075077732	-5616.001273611745
-4669.67357795234	-5616.009057536191
-4627.3308663837915	-5633.259982049204
-4617.1401759988175	-5651.390309242974
-4616.782324343484	-5651.838914530661
-4607.850828342728	-5655.18041339683
-4589.863595027683	-5656.029080417473
-4587.360036017972	-5664.430110299256
-4584.729891783993	-5670.517546462595
-4579.009089470292	-5680.776676489506
-4576.850828342728	-5683.18041339683
-4575.7246241870325	-5684.294765158273
-4575.578954817214	-5684.438220576622
-4575.485006177117	-5684.527760855601
-4575.255006358026	-5684.739614689723
-4575.194374053624	-5684.793275233296
-4575.179551854525	-5684.805813698958
-4573.547944499378	-5686.177857466082
-4573.292650656463	-5686.390567582055
-4572.869601263739	-5686.690188856934
-4571.996041965645	-5687.259527155349
-4571.142888126197	-5687.801953862984
-4570.207000542463	-5688.327137260386
-4570.068242788891	-5688.404685351043
-4569.86176616295	-5688.519855035734
-4568.332095612166	-5689.371370073939
-4568.034951687863	-5689.531503566866
-4567.309257685433	-5689.915808143784
-4566.8552919610565	-5690.134367065105
-4566.016222492894	-5690.531599481139
-4565.725952066831	-5690.6626218279025
-4564.572678290262	-5691.1662533559775
-4563.47372760392	-5691.64067093286
-4563.043387852766	-5691.825606601789
-4560.832662475808	-5692.7138805060395
-4559.210186460043	-5693.359165390908
-4557.848382751137	-5693.884740346511
-4556.342282690927	-5694.45298433711
-4554.220748841651	-5695.22917622927
-4553.4422358446645	-5695.494251751959
-4549.363428802265	-5696.786386622208
-4548.420410292172	-5697.069345954858
-4546.25598526979	-5697.692246507608
-4543.975456723168	-5698.3159144051515
-4542.736246773795	-5698.640436686696
-4540.601224383037	-5699.165477238094
-4539.908110683738	-5699.309308680306
-4538.912770520911	-5699.508210324704
-4537.44897353598	-5699.75801132913
-4536.219621294873	-5699.9464958701
-4535.288743286321	-5700.043181441091
-4533.563914843124	-5700.176508893755
-4532.41960969833	-5700.24112900195
-4531.330866383797	-5700.259982049204
-4483.116638696177	-5713.582519560235
-4481.036464770309	-5716.616825220068
-4441.393992690193	-5729.860216628167
-4415.782324343484	-5740.838914530661
-4414.116638696177	-5745.582519560235
-4412.036464770309	-5748.616825220068
-4376.393992690191	-5753.860216628168
-4372.393992690193	-5761.860216628167
-4343.0280375428	-5768.715443131857
-4342.654729179537	-5770.062820273985
-4329.782324343484	-5803.838914530661
-4299.557666741174	-5826.932790149012
-4297.782324343484	-5829.838914530661
-4281.244284625899	-5831.812628558046
-4280.398090910586	-5834.417296812258
-4278.847294082611	-5838.1619963794365
-4277.094176516188	-5841.799025502376
-4275.050287398603	-5845.737748372025
-4272.2159033617945	-5850.449248986463
-4270.27095050849	-5853.550568734052
-4268.8158588980095	-5855.569101773264
-4266.795328105212	-5857.838914530661
-4266.782324343484	-5857.852821218811
-4266.654432514255	-5857.989347534786
-4265.912560658138	-5858.67885528114
-4265.532514486927	-5859.0144674251305
-4264.705043511895	-5859.702071223532
-4263.622512969076	-5860.547265006988
-4262.838056087043	-5861.025432045377
-4258.667730601362	-5863.05137836575
-4254.919652546932	-5864.762077410442
-4252.9456180643	-5865.541347888824
-4249.50472586847	-5866.766034189939
-4246.448901663349	-5867.69454878657
-4242.618029199932	-5868.693459015162
-4241.46645453659	-5870.860216628167
-4154.393992690193	-5881.860216628167
-4125.036464770309	-5900.616825220068
-4122.270208773377	-5902.161540803239
-4085.3939926901926	-5913.860216628167
-4015.393992690191	-5934.860216628167
-4001.707342838974	-5936.450838694622
-4001.7073428389726	-5936.450838695093
-3982.7382292469756	-5949.262927282567
-3982.340924493117	-6006.868219129461
-3982.228119351172	-6007.025628614432
-3982.034398065458	-6007.2829875797215
-3981.931320064989	-6007.419926829568
-3981.8158588980095	-6007.569101773264
-3981.4393154465492	-6008.027965273781
-3981.3413960416815	-6008.143753110272
-3981.341396041681	-6008.143753110273
-3980.783722643966	-6008.768776181066
-3980.713622780211	-6008.84686226581
-3980.673425798484	-6008.890686547624
-3980.348026832482	-6009.244583948397
-3980.1196136322405	-6009.492111983048
-3979.7953281052123	-6009.838914530661
-3979.782324343484	-6009.852821218812
-3979.7009302769748	-6009.939866946336
-3979.654432514255	-6009.989347534786
-3979.177365492858	-6010.438914092255
-3978.912560658138	-6010.67885528114
-3978.798056536325	-6010.780826687587
-3978.5325144869266	-6011.0144674251305
-3978.0237821745686	-6011.439649598055
-3977.7050435118954	-6011.702071223532
-3977.285225806174	-6012.038529153555
-3976.982547437392	-6012.279367159617
-3976.734477127626	-6012.46567707758
-3976.6225129690756	-6012.547265006988
-3976.4940555586945	-6012.637873020165
-3976.486550900432	-6012.642578910547
-3975.9530585408324	-6012.961670413648
-3975.8380560870423	-6013.025432045377
-3975.026701623573	-6013.431070365394
-3974.756922376397	-6013.564670411246
-3971.6677306013617	-6015.05137836575
-3969.4276225429926	-6016.098451843523
-3968.5719811554645	-6016.480833050251
-3967.919652546933	-6016.762077410442
-3967.2791561528993	-6017.025754753654
-3965.9456180643	-6017.541347888824
-3965.0606797442597	-6017.866034392975
-3962.5047258684704	-6018.766034189939
-3960.889322965227	-6019.27334983417
-3959.448901663349	-6019.69454878657
-3957.167820441633	-6020.308691036615
-3955.6180291999312	-6020.693459015161
-3954.5990261503266	-6020.930136838754
-3953.2950940877013	-6021.206731091048
-3952.7278119460725	-6021.320205186464
-3949.2441506163473	-6021.976780561626
-3947.5494284500182	-6022.266537301526
-3946.9002572610007	-6022.369053596671
-3945.8880163406475	-6022.508201396326
-3944.6168343768095	-6022.667575963662
-3943.3651972711205	-6022.751833072534
-3941.325230102719	-6022.847615327275
-3940.899540718388	-6022.856292323497
-3940.393992690192	-6022.860216628167
-3906.2441506163473	-6022.976780561626
-3906.1653061048846	-6022.991028201922
-3905.8290496172153	-6023.050710499056
-3904.5494284500182	-6023.266537301526
-3903.9002572610016	-6023.369053596671
-3903.2699983823195	-6023.455859021016
-3902.8880163406475	-6023.508201396326
-3901.8351915476305	-6023.640712111581
-3901.6168343768095	-6023.667575963662
-3901.153257733333	-6023.702949203707
-3900.3651972711205	-6023.751833072534
-3899.9049219782873	-6023.773648526405
-3898.325230102719	-6023.847615327275
-3898.2076837636787	-6023.851148014815
-3897.8995407183884	-6023.856292323497
-3897.8388341949862	-6023.856789602527
-3897.393992690191	-6023.860216628168
-3853.8739991304556	-6038.793582763764
-3846.6574702338226	-6071.582519560236
-3846.5641036315337	-6071.702469873435
-3846.116638696177	-6072.277120845119
-3845.7441770346804	-6072.755449846526
-3845.314633099424	-6073.242091004424
-3844.9766052985683	-6073.622622833411
-3844.946954198667	-6073.656000106784
-3844.6141871638056	-6074.028963589091
-3844.053329977477	-6074.616825220068
-3844.036464770309	-6074.634502462036
-3843.79126851655	-6074.888993379718
-3843.5037030913236	-6075.159040923577
-3843.30417128355	-6075.339638802303
-3842.8423821927317	-6075.748812452404
-3842.5175125313567	-6076.031553725556
-3841.668128028283	-6076.754813608508
-3841.471862656695	-6076.912132774678
-3841.20773706586	-6077.118775921126
-3840.4542370179265	-6077.675917844113
-3840.170225850139	-6077.877799147872
-3839.901874657414	-6078.059566466623
-3839.1539532530105	-6078.556261116207
-3839.034886200218	-6078.624901590516
-3838.7980971184934	-6078.760995917635
-3838.149658860222	-6079.132807581487
-3837.440723084343	-6079.52760472825
-3836.2739134774174	-6080.17117837191
-3835.822649723882	-6080.40842208074
-3835.0781256109794	-6080.787986974632
-3833.229248591134	-6081.677234897599
-3832.5546899806986	-6081.997100165954
-3832.2560396152276	-6082.135620226732
-3831.645671115855	-6082.399281897884
-3828.6996007513653	-6083.596105540815
-3827.7328969705436	-6083.963905113858
-3826.5588118049945	-6084.379959689439
-3825.3097908750615	-6084.775314527202
-3823.9394507984607	-6085.142705036014
-3823.0707949127013	-6085.340602847988
-3821.295048698387	-6085.717916515074
-3820.4309887393447	-6085.8835447489255
-3818.5671504883294	-6086.221845887216
-3816.486460725945	-6086.579240715722
-3815.1988414895673	-6086.784496940717
-3814.1795125245803	-6086.941492610247
-3810.29970181717	-6087.507844565702
-3810.1495885675863	-6087.526000704299
-3809.1475799055625	-6087.636723475054
-3807.8335734259485	-6087.7235185443005
-3806.9049219782873	-6087.773648526405
-3805.2820233895177	-6087.849505274559
-3804.393992690192	-6087.860216628167
-3775.2038997085156	-6106.41842626129
-3775.036464770309	-6106.616825220068
-3774.086657817936	-6107.499714795652
-3714.9663268258955	-6123.6760405064
-3638.459867648894	-6139.77543454102
-3631.3903342343824	-6156.5986841759
-3625.666126730882	-6166.139386266288
-3625.623837571452	-6166.206191980705
-3625.6238375714515	-6166.206191980706
-3625.3822809330936	-6166.573822389053
-3625.24874379278	-6166.7628129922105
-3624.9579204563147	-6167.174329537391
-3624.785560030137	-6167.413798240639
-3624.741117182796	-6167.475056318759
-3624.5641036315337	-6167.702469873435
-3623.7441770346804	-6168.755449846527
-3623.537561046618	-6168.98953031052
-3623.0838562133404	-6169.503543959155
-3623.000408071376	-6169.597713787154
-3622.9069110830405	-6169.702991495167
-3622.6352625094555	-6170.006970158074
-3622.612177999727	-6170.032107222323
-3622.5455883339587	-6170.104175040304
-3622.0817164144664	-6170.602495207652
-3621.999520284318	-6170.690410492249
-3621.900985372441	-6170.793582763765
-3621.8739991304556	-6170.8218390622915
-3621.420998445237	-6171.282614220252
-3620.852171458586	-6171.714827501571
-3620.1282510124342	-6172.425087891117
-3619.4593757467815	-6172.941448832202
-3618.565537485784	-6173.607262386504
-3617.582644202029	-6174.302679770257
-3616.979608966991	-6174.70607932511
-3616.7273042250936	-6174.857064670632
-3614.436825297422	-6176.144990384999
-3614.1234055165064	-6176.304870410249
-3610.5546899806986	-6177.997100165954
-3610.170687526819	-6178.17362168419
-3609.6456711158544	-6178.399281897884
-3606.4658100478932	-6179.686688414809
-3604.2362254304808	-6180.487146465378
-3601.875244506009	-6181.161230847552
-3599.295048698387	-6181.717916515075
-3596.567150488329	-6182.221845887216
-3593.1988414895673	-6182.784496940717
-3588.29970181717	-6183.507844565702
-3587.1475799055625	-6183.636723475054
-3584.9049219782873	-6183.773648526405
-3582.393992690192	-6183.860216628167
-3507.7216231040657	-6193.436902705052
-3502.3763950295206	-6205.62508996449
-3496.3795200941213	-6215.569309909997
-3492.843145333432	-6219.822004343929
-3491.1282510124347	-6221.425087891117
-3474.619688083906	-6229.6834230244
-3453.393992690191	-6232.860216628168
-3433.393992690191	-6236.860216628167
-3387.4824818276475	-6238.189612302929
-3364.873024788637	-6271.822004343929
-3364.843145333432	-6271.853555865577
-3364.420998445237	-6272.282614220252
-3363.1282510124347	-6273.425087891117
-3362.4593757467815	-6273.941448832202
-3361.565537485784	-6274.607262386504
-3360.582644202029	-6275.302679770257
-3359.979608966991	-6275.70607932511
-3359.7273042250936	-6275.857064670632
-3357.436825297422	-6277.144990384999
-3357.1234055165064	-6277.304870410249
-3353.5546899806986	-6278.997100165954
-3353.170687526819	-6279.17362168419
-3352.6456711158544	-6279.399281897884
-3350.6419253027743	-6280.220950299006
-3349.4658100478932	-6280.686688414809
-3348.7328969705436	-6280.963905113858
-3347.2362254304808	-6281.487146465378
-3346.3097908750615	-6281.775314527202
-3344.875244506009	-6282.161230847552
-3344.2941885284795	-6282.292832538532
-3342.295048698387	-6282.717916515075
-3341.4309887393447	-6282.8835447489255
-3339.567150488329	-6283.221845887216
-3337.486460725945	-6283.579240715722
-3336.1988414895673	-6283.784496940717
-3335.1795125245803	-6283.941492610247
-3331.29970181717	-6284.507844565702
-3331.1495885675863	-6284.526000704299
-3330.1475799055625	-6284.636723475054
-3327.9049219782873	-6284.773648526405
-3325.393992690192	-6284.860216628167
-3262.503784596691	-6288.816107844188
-3261.3795200941204	-6290.569309909998
-3259.710002568876	-6292.771205708359
-3257.843145333432	-6294.822004343929
-3257.8048902939368	-6294.893951672611
-3256.0768780015205	-6296.467657586689
-3253.7185340554715	-6298.207802517187
-3252.800952724705	-6298.814983041104
-3250.251685129898	-6300.242760227964
-3246.2560396152276	-6302.135620226731
-3243.3711919402494	-6303.329849224034
-3240.558811804995	-6304.379959689439
-3237.875244506009	-6305.161230847552
-3224.2997018171704	-6307.507844565702
-3218.393992690192	-6307.860216628167
-3208.97347492849	-6308.640833081592
-3208.8739991304556	-6308.793582763764
-3188.088067956247	-6315.983747260007
-3181.041670207123	-6328.957632771283
-3180.503784596691	-6329.816107844188
-3180.0368439605163	-6330.553750852715
-3179.6217242631465	-6331.201101307649
-3179.6217242631456	-6331.20110130765
-3179.4688737083907	-6331.436253586051
-3179.3795200941213	-6331.569309909997
-3179.3795200941204	-6331.569309909998
-3179.1201173760965	-6331.928522601488
-3179.087808553705	-6331.971982613224
-3179.0878085537047	-6331.971982613226
-3178.7913839273233	-6332.368781913565
-3178.0653031965153	-6333.3276858334775
-3178.044415830066	-6333.35490198923
-3177.875890956998	-6333.567290167046
-3177.7183100761677	-6333.761146945793
-3177.710002568876	-6333.771205708359
-3177.2398645838243	-6334.326798141504
-3177.030421488511	-6334.563844149523
-3177.000408071376	-6334.597713787154
-3176.8560037149064	-6334.759957572674
-3176.814531442259	-6334.804967235302
-3175.913158565722	-6335.779624664387
-3175.873024788637	-6335.822004343929
-3175.843145333432	-6335.853555865577
-3175.66910833696	-6336.033191748261
-3175.420998445237	-6336.282614220252
-3175.40021584837	-6336.301169938101
-3174.1282510124347	-6337.425087891116
-3173.783608947147	-6337.695855931756
-3173.4593757467815	-6337.941448832202
-3172.7859856999517	-6338.4442302151965
-3172.565537485784	-6338.607262386504
-3171.7185340554706	-6339.207802517187
-3171.582644202029	-6339.302679770257
-3171.231790407202	-6339.543244713364
-3170.979608966991	-6339.70607932511
-3170.800952724705	-6339.814983041104
-3170.7273042250936	-6339.857064670632
-3168.9718106994496	-6340.848170122396
-3168.436825297422	-6341.144990384999
-3168.251685129898	-6341.242760227965
-3168.1234055165064	-6341.304870410249
-3164.5546899806986	-6342.997100165954
-3164.2575040259835	-6343.134947324105
-3164.170687526819	-6343.17362168419
-3163.6456711158544	-6343.399281897884
-3161.6419253027743	-6344.220950299006
-3160.4658100478932	-6344.686688414809
-3159.7328969705436	-6344.963905113858
-3158.2362254304808	-6345.487146465378
-3157.3097908750615	-6345.775314527202
-3155.875244506009	-6346.161230847552
-3155.2941885284795	-6346.292832538533
-3153.295048698387	-6346.717916515076
-3152.4309887393447	-6346.8835447489255
-3150.567150488329	-6347.221845887216
-3148.486460725945	-6347.579240715722
-3147.1988414895673	-6347.784496940716
-3146.1795125245803	-6347.941492610247
-3142.29970181717	-6348.507844565702
-3142.1495885675863	-6348.5260007043
-3141.1475799055625	-6348.636723475054
-3139.8335734259485	-6348.7235185443005
-3138.9049219782873	-6348.773648526405
-3137.2820233895172	-6348.849505274559
-3136.393992690192	-6348.860216628167
-3136.393992690191	-6348.860216628168
-3063.719660717811	-6351.001080103295
-3022.536937189812	-6357.5715206277255
-2974.485429546804	-6374.916366104144
-2934.393992690191	-6387.860216628167
-2887.8739991304556	-6402.793582763764
-2854.390334234382	-6418.5986841759
-2846.7183100761677	-6430.761146945793
-2844.843145333432	-6432.822004343929
-2841.711275547595	-6435.49971479566
-2840.582644202029	-6436.302679770257
-2839.979608966991	-6436.70607932511
-2839.7273042250936	-6436.857064670632
-2837.6729875006113	-6438.015000659199
-2837.251685129898	-6438.242760227965
-2837.123405516506	-6438.304870410249
-2833.5546899806986	-6439.997100165954
-2833.170687526819	-6440.17362168419
-2832.645671115855	-6440.399281897884
-2830.641925302774	-6441.220950299006
-2829.465810047893	-6441.686688414809
-2828.7328969705436	-6441.963905113858
-2827.558811804995	-6442.379959689439
-2826.3097908750615	-6442.775314527202
-2824.872185576167	-6443.161959580022
-2822.295048698387	-6443.717916515076
-2817.641126279317	-6444.553253231638
-2815.179512524581	-6444.941492610247
-2811.29970181717	-6445.507844565702
-2810.1475799055625	-6445.636723475053
-2807.904921978287	-6445.773648526405
-2805.393992690192	-6445.860216628167
-2805.393992690191	-6445.860216628168
-2631.2975935399454	-6451.860940858802
-2631.1385092246073	-6453.010514841653
-2630.541344150455	-6457.214776412962
-2630.1272152855454	-6459.494157617381
-2629.8049022356413	-6461.091544550882
-2628.453465432688	-6466.999321130698
-2627.9790463046284	-6468.946072605171
-2627.6414489794997	-6470.188798922902
-2626.145354953467	-6474.860409840667
-2624.9147459344213	-6478.317512175067
-2624.1323909330454	-6480.318277704491
-2622.4916645820886	-6483.969561210746
-2621.750926149603	-6485.13660651067
-2618.5620804659493	-6489.73234427484
-2617.5617883506516	-6491.0244891098155
-2616.018566440514	-6492.83917434732
-2611.447237196023	-6497.870515152676
-2611.326820312271	-6498.002268137578
-2610.762869851643	-6498.6149513169785
-2610.485429546804	-6498.916366104144
-2610.249993574648	-6499.1511376439485
-2609.3097113058193	-6499.966283413214
-2609.0455745650042	-6500.1805337189435
-2608.6367083343825	-6500.47460647401
-2607.8752964660202	-6500.954033035092
-2605.728918163089	-6502.2823656172095
-2603.8328941411883	-6503.367434311473
-2602.251685129898	-6504.242760227965
-2602.123405516506	-6504.304870410249
-2598.554689980698	-6505.997100165954
-2598.170687526819	-6506.17362168419
-2597.6456711158544	-6506.399281897884
-2594.465810047893	-6507.686688414809
-2592.2362254304803	-6508.487146465378
-2589.875244506009	-6509.161230847552
-2587.295048698387	-6509.717916515076
-2584.567150488329	-6510.221845887216
-2581.1988414895673	-6510.784496940717
-2576.29970181717	-6511.507844565702
-2575.1475799055625	-6511.636723475054
-2572.9049219782873	-6511.773648526405
-2570.393992690192	-6511.860216628167
-2570.393992690191	-6511.860216628168
-2484.2298863810515	-6511.860216628169
-2467.7004090478677	-6526.931586473674
-2467.536937189812	-6529.5715206277255
-2386.1323909330454	-6544.318277704491
-2380.5023575979712	-6553.815658389992
-2374.5369371898123	-6560.5715206277255
-2373.7389307252124	-6561.359345908756
-2369.3570020321254	-6564.499714795645
-2369.357002032125	-6564.499714795646
-2366.1945381007786	-6566.242781701563
-2363.3452757041337	-6567.718702839365
-2362.6461796459007	-6568.054417132518
-2360.857439918926	-6568.884305883777
-2359.7629616710033	-6569.365558025253
-2358.284231757222	-6569.917504790931
-2355.2269524699204	-6570.892700381623
-2351.3739862188177	-6572.014322644271
-2350.005186716588	-6572.3144506058325
-2345.7966696583094	-6572.959680727237
-2336.377431081274	-6573.922351166511
-2329.5313492722416	-6574.367176361698
-2241.7168569369933	-6577.9552906822455
-2144.536937189812	-6599.5715206277255
-2141.3056509819726	-6600.587677374808
-2107.2981315895395	-6605.364410414695
-2103.5509964638304	-6610.7577005868125
-2101.5369371898123	-6625.5715206277255
-2101.536937189812	-6625.571520627726
-2101.317659139053	-6625.790601847355
-2100.7592327951083	-6626.339662259472
-2100.7389307252124	-6626.359345908757
-2100.4233774349946	-6626.61179055805
-2100.1321816184604	-6626.844749072698
-2099.737855990684	-6627.153142281353
-2099.0800050761227	-6627.664909612154
-2098.9107842375734	-6627.7946472697195
-2098.842581789049	-6627.846514688656
-2098.0254389669044	-6628.4675047711735
-2096.91265518914	-6629.18545812481
-2093.188869330259	-6631.245811669017
-2089.2994279931468	-6633.218272159506
-2086.9106002634917	-6634.305574666122
-2085.5227347039877	-6634.836506463309
-2082.2269524699204	-6635.892700381623
-2078.3739862188177	-6637.014322644271
-2076.4874273828673	-6637.422076330584
-2073.638056803343	-6637.857048710222
-2070.0478643606566	-6638.261541494847
-2063.600711816284	-6638.903256194537
-2056.531349272241	-6639.367176361698
-2049.6465812427887	-6639.530706101316
-1954.34941625609	-6658.947704040298
-1923.4887977705907	-6658.9477040403
-1917.949163411463	-6663.060960226231
-1875.7168569369949	-6673.9552906822455
-1789.3248736045773	-6673.955290682246
-1787.1068405178928	-6676.026405982169
-1785.2052039641444	-6677.574972960976
-1783.3124110632934	-6678.849417424301
-1779.9158591955065	-6680.858423388113
-1778.3710301667634	-6681.601302520725
-1775.9625063062213	-6682.593613222775
-1765.2764689052017	-6686.583627113816
-1759.0701774885458	-6688.242759343539
-1751.3595574251547	-6689.3779705694305
-1748.9479406245125	-6689.571771678344
-1663.7894269215153	-6691.320015237619
-1661.8072321932289	-6693.95394263725
-1660.8237646248303	-6694.500761032457
-1659.2512342272616	-6696.689585281995
-1659.2512342272607	-6696.689585281996
-1659.176816666681	-6696.763058523991
-1655.5603980268124	-6700.018685949115
-1651.1178231678712	-6703.586504111062
-1649.7336416627222	-6704.489015971154
-1647.2968804900959	-6705.963122246138
-1643.6017009928744	-6707.63523522864
-1637.2784623919551	-6710.044306700011
-1632.343753812521	-6711.411433090951
-1630.9876778117518	-6711.757490112328
-1621.1345536710521	-6713.377023056601
-1571.1273598066502	-6714.586671059385
-1569.1163125671646	-6715.458881981014
-1562.668657757592	-6717.899675270825
-1559.415673633262	-6719.098826070263
-1555.686420952852	-6720.3967680723945
-1553.246947336674	-6721.094303952488
-1549.5929581466498	-6721.78594060682
-1547.8511904988043	-6721.970139445986
-1546.2090020918267	-6722.0695648220635
-1540.985382503149	-6722.154495351895
-1355.9853825030862	-6725.154495351895
-1305.2875534352825	-6725.216812299181
-1304.7969805167133	-6725.918005859161
-1304.3936262199575	-6726.474289931566
-1304.2708648174012	-6726.641782959843
-1303.3908601509956	-6727.780643683596
-1303.3051764553993	-6727.885326595555
-1303.1947992151843	-6728.0197623367185
-1303.0865248889486	-6728.140444631308
-1302.4881241445942	-6728.801476196478
-1302.167760182541	-6729.151076172791
-1301.8518855118855	-6729.489015971152
-1300.9798351456438	-6730.3578644074205
-1300.0096151012772	-6731.299341857484
-1299.0440226055844	-6732.168044409388
-1298.414812310063	-6732.713588305754
-1297.5160806765634	-6733.429622137524
-1296.2493651817815	-6734.386445444011
-1295.6775872187857	-6734.810180935794
-1293.3138599557492	-6736.495968872988
-1293.1405129733557	-6736.610374856105
-1290.3480440100207	-6738.410714080006
-1289.7824880240755	-6738.732633652888
-1289.54486401148	-6738.866641147262
-1288.1273598066502	-6739.586671059385
-1286.1163125671646	-6740.458881981014
-1279.668657757592	-6742.899675270825
-1276.415673633262	-6744.098826070263
-1272.6864209528517	-6745.396768072394
-1270.246947336674	-6746.094303952488
-1266.5929581466498	-6746.78594060682
-1264.8511904988043	-6746.970139445986
-1263.2090020918267	-6747.0695648220635
-1257.985382503149	-6747.154495351895
-1012.6368275043578	-6747.231535016044
-1012.5285279098398	-6747.254269079761
-1012.1496197784041	-6747.331635707107
-1011.9020382029374	-6747.378598877383
-1010.5358417792747	-6747.624266836212
-1009.9742768387333	-6747.72223170432
-1009.565662185347	-6747.790261449121
-1009.4299526443231	-6747.810056579673
-1009.2393093471039	-6747.833976783421
-1008.9068283332083	-6747.871034090271
-1008.7301504859586	-6747.889409926971
-1008.5298947379283	-6747.909617448181
-1007.4815233948951	-6748.001334175885
-1006.8475179552968	-6748.044827427524
-1006.2090020918267	-6748.0695648220635
-1004.5366600169536	-6748.1120066768035
-1004.4268069147497	-6748.114585884622
-1004.3914610318851	-6748.115040499042
-1001.649799309847	-6748.146951734417
-1000.9853825031491	-6748.154495351895
