-6939.710489883731	160.65499385572198
-6938.710489883731	54.65499385572198
-6936.736263931444	-52.512620236310795
-6918.39012352011	-104.84864025386167
-6917.736263931444	-303.5126202363108
-6900.736263931444	-390.5126202363108
-6887.752232504356	-566.3472448068936
-6869.39012352011	-618.8486402538616
-6865.736263931444	-654.5126202363108
-6859.736263931444	-684.5126202363108
-6853.752232504356	-827.3472448068936
-6835.752232504356	-917.3472448068936
-6817.39012352011	-969.8486402538616
-6811.752232504356	-1055.3472448068937
-6793.39012352011	-1107.8486402538615
-6789.752232504356	-1160.3472448068937
-6771.39012352011	-1212.8486402538615
-6734.666774825856	-1254.5923094547452
-6721.666774825856	-1435.5923094547452
-6703.39012352011	-1485.8486402538615
-6688.666774825856	-1497.5923094547452
-6684.640376521973	-1563.1960675047765
-6666.39012352011	-1613.8486402538615
-6627.191559694168	-1675.9990810275199
-6609.0737542545285	-1727.707301956911
-6608.191559694168	-1766.9990810275199
-6591.640376521973	-1844.1960675047765
-6573.39012352011	-1894.8486402538617
-6571.191559694168	-1894.9990810275199
-6553.0737542545285	-1946.707301956911
-6513.417272114431	-2049.07457950392
-6495.0737542545285	-2102.7073019569107
-6453.191559694168	-2155.99908102752
-6435.0737542545285	-2207.7073019569107
-6404.0737542545285	-2254.7073019569107
-6402.908295333189	-2297.008900655169
-6384.91907371953	-2349.4879769084246
-6382.733387669332	-2349.6783057497314
-6364.417272114431	-2357.07457950392
-6346.0737542545285	-2410.7073019569107
-6335.8700528949275	-2412.4276941613703
-6317.91907371953	-2463.4879769084246
-6305.7887113158195	-2479.4700252462744
-6293.91907371953	-2501.4879769084246
-6292.3457768409025	-2503.0270084330004
-6253.908295333189	-2605.008900655169
-6235.91907371953	-2657.4879769084246
-6206.7887113158195	-2687.4700252462744
-6194.91907371953	-2709.4879769084246
-6193.3457768409025	-2711.0270084330004
-6156.908295333189	-2809.008900655169
-6138.91907371953	-2861.4879769084246
-6087.908295333189	-2886.008900655169
-6069.91907371953	-2938.4879769084246
-6058.7887113158195	-2946.4700252462744
-6050.908295333189	-2999.008900655169
-6032.91907371953	-3051.4879769084246
-5990.908295333189	-3090.008900655169
-5985.550735824678	-3118.2432054314663
-5972.91907371953	-3142.4879769084246
-5971.3457768409025	-3144.0270084330004
-5908.469650682004	-3165.490956471742
-5903.82338970735	-3181.6498607317376
-5902.079546592025	-3195.472145602809
-5898.182385014709	-3211.2269599272377
-5885.91907371953	-3234.4879769084246
-5885.58429563596	-3234.879592574563
-5857.59788812845	-3252.845399988595
-5838.908295333189	-3320.008900655169
-5820.91907371953	-3372.4879769084246
-5779.908295333189	-3403.008900655169
-5778.695223586377	-3414.8819954340747
-5775.040422741627	-3429.8415266360653
-5769.120974176165	-3444.0987686158987
-5761.91907371953	-3455.4879769084246
-5761.58429563596	-3455.879592574563
-5743.885251518766	-3469.1494784924544
-5733.597888128449	-3473.845399988595
-5721.400747930137	-3476.86953882375
-5698.878995406746	-3478.6606831738854
-5630.908295333189	-3621.008900655169
-5612.91907371953	-3673.4879769084246
-5549.878995406746	-3696.6606831738854
-5542.908295333189	-3729.008900655169
-5541.695223586377	-3740.8819954340747
-5538.040422741627	-3755.8415266360653
-5532.120974176165	-3770.0987686158987
-5524.91907371953	-3781.4879769084246
-5524.58429563596	-3781.879592574563
-5506.885251518766	-3795.1494784924544
-5496.597888128449	-3799.845399988595
-5484.400747930137	-3802.86953882375
-5461.878995406746	-3804.6606831738854
-5443.908295333189	-3872.008900655169
-5425.91907371953	-3924.487976908424
-5405.599161513354	-3925.390446413532
-5403.520557700405	-3934.632570275513
-5401.550735824678	-3941.2432054314663
-5398.339589686966	-3949.2860227814162
-5394.51107379157	-3957.1258185234788
-5388.91907371953	-3965.4879769084246
-5387.3457768409025	-3967.0270084330004
-5370.885251518766	-3979.1494784924544
-5360.5737438545275	-3983.8750955265855
-5348.284640090942	-3986.9012170866417
-5324.892555496237	-3988.90207699021
-5322.908295333189	-4033.008900655169
-5322.332848858803	-4040.243324887593
-5321.599161513354	-4045.390446413532
-5319.520557700405	-4054.632570275513
-5317.550735824678	-4061.2432054314663
-5314.339589686966	-4069.2860227814162
-5310.51107379157	-4077.1258185234788
-5304.91907371953	-4085.487976908424
-5303.3457768409025	-4087.027008433001
-5286.885251518766	-4099.149478492454
-5276.5737438545275	-4103.875095526586
-5264.284640090942	-4106.901217086642
-5240.892555496237	-4108.90207699021
-5122.716878433767	-4266.294234734491
-5122.514398280642	-4271.236842368564
-5121.695223586377	-4277.881995434074
-5119.520557700404	-4287.632570275513
-5117.550735824678	-4294.243205431467
-5114.339589686966	-4302.286022781416
-5110.51107379157	-4310.125818523478
-5106.964392520098	-4315.7827034825805
-5104.91907371953	-4318.487976908424
-5103.3457768409025	-4320.027008433
-5094.6163310921365	-4326.86354312987
-5093.91907371953	-4340.487976908424
-5091.733387669332	-4340.678305749732
-5040.892555496237	-4341.90207699021
-5029.892555496237	-4363.90207699021
-4891.7342383449095	-4523.683913366785
-4889.780917438198	-4535.868739547092
-4888.529226371191	-4541.873988444627
-4886.025442701942	-4550.225636186513
-4882.497734589207	-4559.442323299178
-4879.089461284292	-4566.413156928735
-4874.132146213307	-4574.810729720259
-4873.189512884174	-4575.748084936518
-4872.615180968845	-4576.4370845440335
-4868.535137474345	-4580.006679505106
-4862.3230525332	-4584.264794924677
-4855.954270449762	-4587.202372920152
-4846.211120750722	-4590.476852613496
-4834.025033610062	-4593.326077348683
-4828.91907371953	-4634.487976908424
-4826.733387669332	-4634.678305749732
-4783.7342383449095	-4652.683913366785
-4781.780917438198	-4664.868739547092
-4780.529226371191	-4670.873988444627
-4778.025442701942	-4679.225636186513
-4774.497734589207	-4688.442323299178
-4771.089461284292	-4695.413156928735
-4766.132146213307	-4703.810729720259
-4765.189512884173	-4704.748084936518
-4764.615180968845	-4705.4370845440335
-4760.535137474345	-4709.006679505106
-4754.3230525332	-4713.264794924677
-4747.954270449762	-4716.202372920152
-4738.211120750722	-4719.476852613496
-4726.025033610062	-4722.326077348683
-4700.211582713014	-4723.648115822912
-4661.4548237389845	-4800.340914842232
-4658.4548237389845	-4809.340914842232
-4655.08959490764	-4809.4143584032645
-4632.307608182908	-4819.244219175253
-4630.543589011257	-4825.7048647058855
-4628.590001990788	-4831.859511204017
-4626.398451094286	-4837.585861512119
-4623.590001990788	-4840.859511204017
-4623.418751448366	-4844.36423680556
-4621.398451094286	-4846.585861512119
-4618.418751448366	-4853.36423680556
-4617.049219851054	-4855.208266343249
-4615.4548237389845	-4857.340914842232
-4614.775496804615	-4858.103768193028
-4612.049219851054	-4864.208266343249
-4610.4548237389845	-4866.340914842232
-4609.775496804615	-4867.103768193028
-4604.688562819976	-4871.168041277711
-4596.447948374222	-4876.096727613361
-4589.8105869332285	-4878.668317769523
-4579.989601839345	-4881.658226345714
-4567.834527980156	-4883.733941826837
-4546.211582713014	-4884.648115822912
-4441.541645024923	-4994.1685439166595
-4439.307608182908	-5007.244219175253
-4437.543589011257	-5013.7048647058855
-4435.590001990788	-5019.859511204017
-4433.398451094286	-5025.585861512119
-4430.418751448366	-5032.36423680556
-4422.4548237389845	-5045.340914842232
-4421.775496804615	-5046.103768193028
-4408.447948374222	-5055.096727613361
-4391.989601839345	-5060.658226345714
-4379.834527980156	-5062.733941826837
-4372.373315566413	-5067.507494148973
-4370.406810572815	-5073.131401242032
-4366.4187514483665	-5082.36423680556
-4363.439572767482	-5100.493463113306
-4344.447948374222	-5105.096727613361
-4327.989601839345	-5110.658226345714
-4315.834527980156	-5112.733941826837
-4301.439572767482	-5150.493463113306
-4231.3737175629	-5170.436615520814
-4195.511307759028	-5190.494915872937
-4193.081562299988	-5211.3356105196635
-4189.902994887044	-5222.956314770634
-4181.589149051738	-5240.658310627103
-4176.439572767482	-5248.493463113306
-4174.356318601381	-5250.57624132628
-4162.5696885914385	-5258.654557571733
-4144.2385909491995	-5265.62919340378
-4132.439572767482	-5289.493463113306
-4126.087933668001	-5290.586862828731
-4097.5696885914385	-5293.654557571733
-4079.2385909491995	-5300.62919340378
-4062.7848661591793	-5302.599801557245
-4062.3737175629003	-5309.436615520814
-4059.439572767482	-5332.493463113306
-4053.087933668001	-5333.586862828731
-3994.606937228561	-5352.052703681904
-3968.5113077590277	-5354.494915872937
-3966.081562299988	-5375.3356105196635
-3963.308419893845	-5385.751234000422
-3949.439572767482	-5412.493463113306
-3949.063372213379	-5413.035997674875
-3917.2385909491995	-5429.62919340378
-3908.439572767482	-5459.493463113306
-3876.439572767482	-5466.493463113306
-3843.606937228561	-5479.052703681904
-3811.6069372286356	-5486.0527036819
-3808.439572767482	-5502.493463113306
-3808.063372213379	-5503.035997674875
-3776.2385909491995	-5519.62919340378
-3743.6069372286356	-5522.0527036819
-3700.439572767482	-5577.493463113306
-3635.6069372286356	-5597.0527036819
-3615.5113077590277	-5604.494915872937
-3614.439572767482	-5617.493463113306
-3614.063372213379	-5618.035997674875
-3596.439572767482	-5662.493463113306
-3590.087933668001	-5663.586862828731
-3531.606937228561	-5682.052703681904
-3438.439572767482	-5695.493463113306
-3438.127610405342	-5695.975934093924
-3428.439572767482	-5704.493463113306
-3427.3147655225284	-5704.868554400398
-3407.5113077590277	-5724.494915872937
-3388.439572767482	-5782.493463113306
-3323.606937228561	-5802.052703681904
-3179.439572767482	-5854.493463113306
-3173.087933668001	-5855.586862828731
-3127.5113077590277	-5871.494915872937
-3119.918868676091	-5874.606660416807
-3116.439572767482	-5909.493463113306
-3108.3373092340044	-5930.246381273993
-3043.606937228561	-5949.052703681904
-2979.918868676091	-5958.606660416807
-2932.5784742249534	-5987.4860557138245
-2872.918868676091	-6007.606660416807
-2836.3373092340044	-6057.246381273993
-2776.918868676091	-6076.606660416807
-2652.458902086645	-6135.161269751437
-2592.918868676091	-6154.606660416807
-2486.458902086645	-6194.161269751437
-2426.918868676091	-6213.606660416807
-2212.5113077590277	-6234.494915872937
-2193.458902086645	-6293.161269751437
-2133.9188686760904	-6312.606660416807
-1929.4589020866451	-6347.161269751437
-1869.9188686760904	-6366.606660416807
-1722.1094530729047	-6368.139416823429
-1663.4589020866451	-6391.161269751437
-1652.4589020866451	-6401.161269751437
-1603.2723264740528	-6410.5806774064
-1592.2723264740528	-6420.5806774064
-1398.4709209319617	-6424.917052109805
-1369.8767010156507	-6436.7973601618
-1337.2723264740528	-6444.5806774064
-1308.2723264740528	-6457.5806774064
-1112.2723264740528	-6458.5806774064
-1007.6195765168454	-6475.560934900826
-750.6195765168454	-6478.560934900826
