1034972.6000000001	992351.6099999987
1035521.5999999999	985500.6099999999
1036510.552152969	984763.0712630864
1036510.5521529691	984763.0712630862
1036510.5521529694	984763.071263086
1036510.5521529695	984763.0712630858
1036510.5521529698	984763.0712630857
1036510.5521529699	984763.0712630856
1036510.5521529701	984763.0712630855
1036510.5521529702	984763.0712630854
1036510.5521529705	984763.0712630852
1036510.5521529706	984763.0712630851
1036510.5521529707	984763.071263085
1036510.5521529708	984763.0712630849
1036510.552152971	984763.0712630847
1036510.5521529713	984763.0712630845
1036510.5521529715	984763.0712630844
1036510.5521529716	984763.0712630843
1036510.5521529719	984763.0712630842
1036510.552152972	984763.0712630841
1036510.5521529721	984763.071263084
1036510.5521529724	984763.0712630837
1036510.5521529727	984763.0712630836
1036510.5521529728	984763.0712630835
1036510.5521529729	984763.0712630834
1040999.1999999695	981594.0100000176
1040999.1999999699	981594.0100000172
1040999.1999999797	981594.0099999758
1040999.2000001342	981594.0099999129
1041316.4999999941	981425.4100000031
1041316.4999999942	981425.4099999929
1041331.8861209963	981418.2792229933
1041331.8861209966	981418.2792229916
1041436.8999999857	981369.609999983
1041787.1999999784	981278.4099999745
1042638.699998584	981058.7949909521
1042638.7000001596	953236.3099980968
1047079.699999932	949924.3100000508
1047079.6999999713	949924.3099999658
1047079.7000000465	949924.3099999442
1048116.3000000622	949329.7099999668
1048433.6000000472	949161.1099999434
1048553.9999999797	949105.3100000094
1048553.9999999799	949105.3099999758
1048554.0000000934	949105.3099999756
1048904.2999999719	949014.1100000072
1048904.299999972	949014.109999993
1048904.299999985	949014.1099999819
1048904.3000005041	949014.1099998698
1048907.6042469149	949013.2577836554
1048907.6042469153	949013.2577836553
1048907.604246916	949013.2577836551
1049339.9568016601	948901.7473780417
1049339.9568016604	948901.7473780416
1049339.9568016608	948901.7473780415
1049339.956801661	948901.7473780414
1051591.900000004	934631.7899994543
1051591.900000046	934631.7899994517
1051591.9000000462	934631.7899994489
1056778.7908002199	928550.1759446163
1056778.79080022	928550.1759446161
1056778.7908002208	928550.1759446156
1056778.7908002213	928550.1759446154
1056778.7908002215	928550.1759446153
1056778.7908002217	928550.1759446152
1057275.0999999824	928265.4899999789
1057592.3999999962	928096.8899999955
1057712.799999984	928041.0899999812
1057712.800000058	928041.089999981
1059098.7999999835	927587.7899999802
1059098.800000163	927587.7899999537
1060251.6999999841	927260.189999981
1061038.5799999982	927057.2414872503
1061038.579999999	927057.2414872498
1061038.58	925118.26
1061119.98	924775.76
1061229.6800000002	924542.96
1061956.9000003715	917448.7899979213
1062297.8966612238	916835.3899999987
1062297.896661224	916835.3899999986
1062297.8966612243	916835.3899999983
1062297.8966612245	916835.3899999982
1062297.8966612248	916835.3899999976
1062297.8966612252	916835.3899999971
1062297.8966612255	916835.3899999969
1062297.8966612257	916835.3899999966
1062297.896661226	916835.3899999964
1062297.8966612262	916835.3899999962
1062515.5014516423	916574.6899999997
1062515.5014516427	916574.6899999991
1062515.5014516432	916574.6899999985
1065278.0000000002	913265.0966304343
1065278.0000000005	913265.096630434
1065278.000000001	913265.0966304337
1065278.0000000014	913265.0966304329
1065278.0000000016	913265.0966304328
1065278.0000000019	913265.0966304324
1065278.000000002	913265.0966304322
1065278.0000000023	913265.0966304318
1065278.0000000026	913265.0966304316
1065278.0000000028	913265.0966304311
1065278.000000003	913265.096630431
1065278.0000000033	913265.0966304307
1065278.0000000035	913265.0966304305
1065278.0000000037	913265.0966304301
1065278.0000000042	913265.0966304296
1065278.0000000047	913265.0966304294
1065324.6	913209.2678043474
1065324.6000000006	913209.267804347
1065324.600000001	913209.2678043463
1065324.6000000015	913209.2678043458
1065324.600000002	913209.2678043452
1065324.6000000024	913209.2678043448
1065324.6000000027	913209.2678043444
1065324.600000003	913209.2678043442
1065324.6000000034	913209.2678043436
1065324.6000000036	913209.2678043435
1065324.6000000038	913209.267804343
1065324.6000000043	913209.2678043428
1067640.0999999973	911082.4899999966
1067957.3999999934	910913.889999992
1068077.799999985	910858.0899999822
1070514.9	909662.39
1071484.98	907592.76
1072889.5	904335.0899999989
1073156.900000128	900424.6899992833
1073156.9000001282	900424.689999283
1074597.7	899896.39
1075533.9000000001	898148.889999999
1075580.5	897888.19
1077803.499999992	894652.9899999908
1078411.3999999852	893966.9899999824
1078411.4000001135	893966.9899999148
1078892.2999999872	893606.6899999847
1079928.8999999808	893012.0899999774
1080105.4705498125	892918.2677664721
1080105.470549813	892918.2677664718
1080105.4705498132	892918.2677664717
1080105.4705498135	892918.2677664716
1080105.4705498137	892918.2677664715
1080105.470549814	892918.2677664713
1080105.4705498146	892918.267766471
1080105.4705498149	892918.2677664709
1080105.470549815	892918.2677664708
1080105.4705498163	892918.2677664702
1080246.1999999972	892843.4899999966
1080320.024060971	892809.2758587857
1080320.0240609716	892809.2758587855
1080320.024060972	892809.2758587853
1080320.0240609725	892809.2758587851
1080320.024060973	892809.2758587849
1080366.5999999838	892787.6899999806
1080879.9	892479.39
1081317.6	892254.99
1082411.2650962174	892230.0900000001
1082411.2650962179	892230.09
1082411.2650962188	892230.0899999997
1082411.265096219	892230.0899999996
1082411.2650962195	892230.0899999995
1082411.26509622	892230.0899999994
1082411.2650962211	892230.0899999992
1082411.2650962214	892230.089999999
1082411.2650962218	892230.0899999989
1082411.2650962225	892230.0899999988
1082411.2650962227	892230.0899999987
1082411.2650962232	892230.0899999986
1082573.29449237	891900.8777117915
1084201	891865.99
1084400.4933884623	891717.0372811205
1084400.4933884628	891717.0372811204
1084400.4933884633	891717.0372811203
1084400.4933884637	891717.0372811202
1084400.493388466	891717.0372811196
1084441.58	891646.0599999999
1084638.7	891641.59
1084980.5799999998	891567.4239791203
1084980.58	888635.36
1085061.98	888292.86
1085171.68	888060.0599999999
1085277.9	887938.44
1086733.9000001093	881124.7899993879
1087388.3999999757	880178.0899999713
1087869.2999999668	879817.7900000248
1087869.2999999672	879817.7899999608
1088259.6503945887	879564.6899999997
1088259.6503945892	879564.6899999995
1089856.9	878690.49
1090709.5	877976.2275730992
1092624.2952649374	876734.6900000003
1092624.2952649377	876734.6900000002
1092624.295264938	876734.69
1093026.3669673055	876473.9899999999
1093026.366967306	876473.9899999996
1093026.3669673062	876473.9899999995
1093026.3669673065	876473.9899999993
1094084.369222097	875787.9899999998
1094084.3692220973	875787.9899999996
1094229.8761919506	875628.7899999998
1094229.8761919509	875628.7899999996
1094229.876191951	875628.7899999992
1094329.8997745211	875516.9602417087
1094329.8997745214	875516.9602417084
1094329.8997745218	875516.9602417082
1094329.899774522	875516.9602417077
1094502.3722765988	875324.130133813
1094502.372276599	875324.1301338128
1094552.1383281737	875268.4899999995
1094552.1383281741	875268.4899999993
1094885.5822998877	874895.6883286128
1094885.5822998881	874895.6883286124
1095460.5458697383	874252.8595537366
1095460.5458697386	874252.8595537364
1095656.9329646006	874033.2921198823
1096790.6000000006	872765.8139183102
1096790.6000000008	872765.81391831
1098374.7000000002	871430.6899999991
1098421.3	871169.99
1098533.4128792584	870817.2899999984
1098533.4128792586	870817.2899999982
1098533.4128792589	870817.2899999977
1098681.6641950468	870651.5399999993
1098681.6641950472	870651.5399999991
1099003.9263312696	870291.2399999996
1099003.9263312698	870291.2399999995
1099303.6969567789	869956.0862719293
1099303.696956779	869956.0862719292
1099303.6969567793	869956.086271929
1099303.6969567798	869956.0862719286
1100698	868397.2081723779
1100698.0000000002	868397.2081723777
1100698.0000000005	868397.2081723775
1101178.9000000001	867859.5456593975
1101178.9000000004	867859.5456593973
1101695.8000000005	867281.633925233
1101695.8000000007	867281.6339252328
1107178.6156873065	861151.6599999999
1107178.6156873067	861151.6599999997
1107178.615687307	861151.6599999995
1107178.6156873072	861151.6599999992
1107178.6156873074	861151.6599999989
1107178.6156873077	861151.6599999986
1107178.615687308	861151.6599999983
1107178.6156873081	861151.659999998
1107178.6156873084	861151.6599999978
1107178.6156873086	861151.6599999976
1107178.6156873088	861151.6599999974
1107178.6156873093	861151.6599999971
1112338.8	860957.44
1112819.7	860597.1399999999
1114945.7800000003	852467.7068224296
1114945.7800000005	852467.7068224293
1114945.7800000007	852467.7068224291
1114945.780000001	852467.7068224289
1114945.7800000012	852467.7068224285
1114945.7800000014	852467.7068224284
1114945.7800000017	852467.7068224279
1114945.780000002	852467.7068224277
1114945.7800000021	852467.7068224275
1114945.7800000024	852467.7068224272
1114945.7800000026	852467.706822427
1114945.7800000028	852467.7068224268
1119599.4999999967	847264.6899999973
1119758.137863777	847145.8353060534
1119758.1378637773	847145.8353060533
1119758.1378637776	847145.835306053
1119758.1378637778	847145.8353060529
1119758.137863778	847145.8353060526
1119758.1378637785	847145.8353060524
1119758.1378637787	847145.8353060522
1119758.137863779	847145.8353060521
1119758.1378637792	847145.8353060519
1120080.4	846904.3899999998
1121117	846309.79
1121434.3	846141.19
1121554.7000000002	846085.3899999999
1122068	845777.09
1122385.3	845608.49
1122505.7	845552.69
1123658.6	845225.09
1125860.2999999993	845011.3899999994
1131240.299999983	837570.5899999865
1131398.9378637774	837451.7353060532
1131398.9378637776	837451.7353060531
1131398.9378637779	837451.7353060527
1131398.9378637783	837451.7353060525
1131398.9378637786	837451.7353060524
1131398.9378637788	837451.735306052
1131398.9378637793	837451.7353060517
1131398.9378637797	837451.7353060513
1131398.9378637802	837451.735306051
1131398.9378637807	837451.7353060507
1131398.937863781	837451.7353060506
1131398.9378637811	837451.7353060503
1131398.9378637818	837451.7353060499
1131398.937863782	837451.7353060498
1131398.9378637823	837451.7353060496
1131398.9378637825	837451.7353060495
1131398.937863783	837451.735306049
1131721.1999999997	837210.2899999998
1132757.8	836615.69
1133075.0999999912	836447.0899999901
1133195.4999999986	836391.2899999984
1133657.5661609913	836248.8316710548
1133657.5661609918	836248.8316710547
1133833.4999999977	836194.5899999973
1134986.3999999831	835866.9899999865
1135841.1651083594	835784.0253346702
1137749.6143808053	835646.9899999995
1137749.6143808055	835646.9899999993
1137749.6143808058	835646.989999999
1137749.6143808062	835646.9899999985
1137749.6143808067	835646.9899999981
1144441.119758514	828165.6599999999
1144441.1197585142	828165.6599999997
1144441.1197585145	828165.6599999995
1144441.1197585147	828165.659999999
1144441.119758515	828165.6599999989
1144441.1197585152	828165.6599999985
1144441.1197585154	828165.6599999983
1144441.1197585156	828165.659999998
1144441.1197585159	828165.6599999978
1144441.119758516	828165.6599999976
1144441.1197585163	828165.6599999974
1144441.1197585166	828165.6599999971
1144443.6800000002	828162.7975631704
1144443.6800000004	828162.7975631701
1144443.6800000006	828162.7975631699
1144443.6800000009	828162.7975631696
1144443.680000001	828162.7975631694
1144443.6800000013	828162.7975631692
1144443.6800000016	828162.7975631688
1144443.6800000018	828162.7975631687
1144443.680000002	828162.7975631682
1144443.6800000023	828162.797563168
1144443.6800000025	828162.7975631678
1144443.6800000027	828162.7975631675
1144443.680000003	828162.7975631673
1144443.6800000032	828162.797563167
1145030.799999996	827683.7399999968
1145348.0999999996	827515.1399999994
1146899.3672136227	827011.3187191761
1146899.367213623	827011.318719176
1146899.3672136231	827011.3187191759
1147996.56616099	826662.5816710552
1147996.5661609906	826662.581671055
1147996.5661609909	826662.5816710549
1147996.5661609913	826662.5816710547
1148172.4999999797	826608.3399999838
1149325.3999999997	826280.74
1151527.0999999302	826067.040000005
1151527.0999999316	826067.0400000049
1151527.0999999414	826067.039999994
1165011.019758514	820722.76
1165011.0197585141	820722.7599999998
1165011.0197585144	820722.7599999995
1165011.0197585146	820722.7599999991
1165011.019758515	820722.7599999986
1165011.0197585153	820722.7599999985
1165011.0197585155	820722.7599999984
1165011.0197585158	820722.7599999979
1165013.58	820719.8975631704
1165013.5800000003	820719.8975631702
1165013.5800000005	820719.89756317
1165013.5800000008	820719.8975631697
1165013.580000001	820719.8975631695
1165119.7999999812	820601.139999985
1165600.6999999997	820240.8399999995
1165917.9999999995	820072.2399999995
1168104.3999999994	819362.1399999994
1168742.399999972	819165.4400000087
1168742.3999999722	819165.4400000086
1168742.399999973	819165.4399999783
1169895.2999999996	818837.8400000002
1169895.3	818837.8400000001
1172096.9999999916	818624.1399999934
1183790.7197585138	817576.1599999999
1183790.719758514	817576.1599999997
1183790.7197585143	817576.1599999995
1183793.2799999998	817573.2975631705
1183793.2800000003	817573.2975631701
1183793.2800000005	817573.29756317
1183793.2800000007	817573.2975631696
1183793.280000001	817573.2975631695
1183793.2800000012	817573.2975631692
1183899.499999993	817454.5399999944
1184380.4	817094.2399999998
1184697.6999999997	816925.6399999997
1190537.9999999746	815524.9399999797
1192739.6999999746	815311.2399999984
1204744.5197585134	814655.1600000004
1204744.5197585137	814655.1600000003
1204744.519758514	814655.1599999998
1204744.5197585141	814655.1599999997
1204747.0799999996	814652.2975631708
1204747.0799999998	814652.2975631705
1204747.08	814652.2975631703
1204747.0800000003	814652.2975631701
1204747.0800000005	814652.2975631699
1204747.0800000008	814652.2975631696
1204747.080000001	814652.2975631692
1204853.29999999	814533.5399999919
1205334.1999999997	814173.2399999998
1205651.4999999995	814004.6399999997
1205912.53625387	813885.2297987614
1206093.2999999993	813802.5399999993
1208279.6999999997	813092.4399999997
1209432.5999999996	812764.8399999994
1211634.2999999807	812551.1400000018
1211634.2999999812	812551.1399999849
1226386.4190530109	812551.1399999848
1226386.419053011	812551.1399999845
1226386.4190530113	812551.1399999844
1226386.419053012	812551.1399999841
1228160.3999999915	811438.0399999933
1228290.5057497188	811378.5235400221
1228602.1999999932	811235.9399999924
1230788.5999999987	810525.8399999989
1231941.4999999995	810198.2399999994
1233813.6153325825	810016.5299366068
1234143.1999999764	809984.5399999811
1252436.827460921	809946.1399999999
1252436.8274609214	809946.1399999997
1252436.8274609223	809946.1399999994
1253082.2999999989	809736.5031311747
1253082.2999999996	809736.5031311745
1253082.3000000003	809736.5031311742
1253830.9999999981	809493.3399999978
1253831.0000000077	809493.3399999976
1253975.2186311795	809452.3598425062
1254983.899999999	809165.7399999993
1256081.8999999962	808887.7399999956
1258401.9553551292	808719.7565150457
1258401.9553551315	808719.7565150455
1258401.9553551318	808719.7565150454
1258401.955355134	808719.7565150453
1258401.9553551355	808719.7565150452
1258401.955355138	808719.756515045
1258661.0324773602	808719.7565150448
1277222.6999999993	808635.6399999994
1279834.399999998	808446.54
