928939.9	849378.82
929053.3	849146.72
929460.3	821200.8
929609.7	820945.1000000001
930115.6999999998	820382.3284130285
930115.7	815432.2999999998
931708.0999999999	813571.7
932561.8307506052	813312.7000000002
934467.7999999999	809478.1200000001
936601.5	784543.2
936750.9	784287.5
936775.9	782813
936925.3	782557.3
937285.0694230293	780952.4000000008
937358.3042584273	780693.4000000005
937429.397699758	780693.4
937791.6	779161.02
939906.6	774205.02
941489.3	771072.3721606816
941549.6	770953.02
941657	770863.6
941907.5	770758.4
943170.3999999999	760395.3999999999
943204.3999999999	759809.5
943435.5268085103	757955.3300000005
943998.0999999997	757955.3299999997
943998.0999999999	757942.5619526631
943998.1	757942.5619526627
943998.1000000001	757942.561952662
944505.1	752888.33
944709.8465031326	752164.2300000051
945078	750862.23
947193	745906.23
947434.8999999999	745405.3211591357
947702	744852.23
948169.9	741831.3300000001
948283.8999999999	741595.2671316309
948283.9	741595.2671316306
949260.8	740023.53
949439.4	739898.31
949497.9	739857.81
951649.9	738505.81
951989	737175.53
952123.6	734680.37
952298	732950.17
954372.3999999999	727563.51
955278.2000000001	725845.83
955787.2000000001	724791.83
956369.0999999999	724038.0299999998
956547.7000000001	723912.8099999999
958699.7000000001	722560.8099999999
960605.8	721563.71
961595.7000000001	721198.71
961683.1000000001	721178.54
961683.1000000006	721178.5399999998
963810	719285.03
963944.6	716789.87
964119	715059.67
965840.3999999999	711528.43
966014.7999999999	709798.23
966761.2000000001	709681.33
967042.8	709636.9299999999
967099.2000000001	707955.33
967608.2000000001	706901.33
968190.1000000001	706147.53
968368.7000000001	706022.3099999999
970520.7000000001	704670.3099999999
972426.8	703673.21
973416.7000000001	703308.21
973504.1000000001	703288.0399999999
973504.1000000013	703288.0399999997
973504.1000000024	703288.0399999995
975597.7	699991.47
976273.3999999999	698232.97
977853.8	697452.97
978714.2000000001	695724.77
978863.6	695469.0700000001
979445.5	694715.27
980435.3999999999	694350.27
980522.7999999999	694330.1
983643.7999999999	694071.1
985744.8	693401.44
987838.3999999999	690104.8700000001
988514.1	688346.3700000001
991511.8	686558.8699999999
991686.2	684828.6699999999
992676.1	684463.6699999999
992763.5	684443.5
995884.5	684184.5
1007133.9799999997	683361.8499999996
1007133.9800000001	683361.8499999986
1007133.9800000002	683361.8499999964
1007167.98	682775.95
1007333.8	677425.8699999999
1008308.0800000001	677055.35
1008457.48	676799.65
1010029.28	675680.8500000001
1010116.68	675660.68
1010176.3	675660.04
1021290.6771376998	675660.0399999998
1022130.58	673007.95
1023238.8	670755.8699999999
1024686.9799999995	668643.0499999991
1026048.1799999999	668063.45
1027038.0800000001	667698.45
1027125.48	667678.28
1027185.0999999989	667677.64
1040591.9799999999	661973.05
1040591.98	661973.0499999999
1041953.1799999999	661393.45
1042943.08	661028.45
1043030.48	661008.28
1043090.1	661007.64
1057848.0999999999	658376.83
1058350.2	656534.23
1058546.88	656144.0499999999
1059908.0799999998	655564.45
1060897.98	655199.45
1062285.7999999817	655097.9100000001
1062285.7999999998	655097.9099999999
1062789.8800000001	654919.25
1064151.08	654339.65
1064631.98	654217.65
1064719.3800000001	654197.48
1064779	654196.84
1065427.1800000002	653806.95
1066935.4	653206.54
1080046	651323.03
1080548.0999999999	649480.4299999999
1080595.38	649345.95
1080744.78	649090.25
1082105.98	648510.6499999999
1082491.8812836441	648362.83
1082491.8812836444	648362.8299999998
1082736.08	648258.85
1083232.68	648233.6499999999
1083382.08	647977.95
1083725.98	647893.85
1084743.28	647398.35
1086071.48	647297.45
1086131.1	647296.81
1099071.9	646567.9300000011
1099131.7	646149.13
1099344.3	645445.03
1099391.58	645310.55
1100752.78	644730.9500000001
1101003.28	644625.75
1101011.5	644484.83
1101513.6	642642.23
1101560.88	642507.7499999999
1101710.2799999998	642252.0500000002
1103071.48	641672.45
1104399.68	641571.55
1104459.2999999723	641570.9100000003
1104459.2999999835	641570.9100000001
1104459.2999999998	641570.9099999999
1119641.7999999998	641217.2300000009
1119701.6	640798.4299999999
1119914.2	640094.33
1119961.48	639959.85
1120037.4	639729.7300000009
1120357.08	638472.3499999999
1121897.2799999998	638002.0499999997
1123258.48	637422.45
1124586.68	637321.55
1124646.299999994	637320.91
1139828.7999999998	636967.2300000009
1139888.6	636548.4299999999
1140088.68	636128.6499999999
1140101.2	635844.33
1140148.48	635709.85
1140224.4	635479.7300000009
1140284.2	635060.9299999999
1140496.8	634356.83
1140544.08	634222.3499999999
1141905.2799999998	633642.75
1142155.7799999998	633537.55
1143483.98	633436.65
1143543.5999999994	633436.01
1144643.08	633330.85
1145971.28	633229.95
1146030.9	633229.31
1159386	633079.03
1160105.48	632173.35
1160501.08	630685.8499999999
1162343.1417443017	629983.55
1162343.1417443033	629983.5499999998
1163440.98	629900.15
1163500.5999999999	629899.51
1164731.48	629403.95
1166059.68	629303.0499999999
1166119.2999999998	629302.4099999999
1180736.8	629193.53
1180949.4	628489.43
1180996.68	628354.95
1181746.78	627709.0499999999
1182531.88	627582.8500000001
1183089.28	627548.1499999999
1183327.2799999998	626447.0499999998
1184688.48	625867.45
1186016.68	625766.55
1186076.2999999998	625765.91
1203620.7999999998	625036.23
1203680.5999999999	624617.43
1203775.5999999999	624250.63
1203822.88	624116.1499999999
1204572.98	623470.25
1205647.8958730157	623012.5499999999
1205647.8958730162	623012.5499999998
1205934.1799999997	622890.65
1207197.38	622432.95
1208525.5799999998	622332.05
1208585.2	622331.41
1226189.5	621182.9299999999
1226248.3181570342	620955.8299999989
1226284.5	620816.1299999999
1226331.78	620681.6499999999
1226939.6	620537.03
1227034.6	620170.23
1228173.88	619980.05
1228443.0799999998	619456.15
1229771.2799999998	619355.25
1229830.9	619354.6100000001
1248476.78	619060.6499999999
1249226.8800000001	618414.75
1249631.2000000002	618266.8300000001
1249678.48	618132.3500000001
1250115.8	618107.23
1250210.8	617740.43
1250258.08	617605.95
1251619.2799999998	617026.3500000001
1252947.4799999997	616925.4500000001
1253007.0999999996	616924.8099999999
1271823.48	616511.3500000001
1272260.8	616486.23
1272355.8	616119.43
1272403.08	615984.95
1272710.7799999998	615853.9311049075
1272896.98	615849.85
1274258.1799999997	615270.25
1275586.38	615169.35
1275645.9999999998	615168.71
1294276.1800000002	614918.95
1294855.78	614392.55
1295275.7542060418	614251.1499999999
1295292.48	614222.55
1295786.38	614087.45
1296653.6800000002	613642.95
1297089.2799999998	613627.45
1297147.58	613507.8500000001
1298475.7800000003	613406.95
1317165.58	613156.55
1317745.18	612630.15
1317931.38	612466.45
1319292.58	611886.8500000001
1319978.6800000002	611865.05
1320620.7800000003	611785.95
1320680.4000000001	611785.31
1340733.18	611205.95
1340864.919059253	611090.1300000014
1340864.9190592533	611090.1300000013
1340919.38	611042.25
1341276.58	610869.95
1341814.7	610671.3300000001
1341861.98	610536.85
1341937.48	610407.7499999999
1342123.6800000002	610244.05
1343451.8800000001	610143.1499999999
1343511.5	610142.51
1364403.18	610111.05
1364742.9	609665.9299999999
1364802.7	609247.13
1364849.98	609112.65
1364925.48	608983.5499999998
1365111.6800000002	608819.85
1365468.8800000001	608647.55
1366797.08	608546.6499999999
1387949.98	608054.75
1388595.48	607888.65
1388833.73	607723.1799999999
1389019.9300000002	607559.48
1389377.1300000001	607387.1799999999
1390705.33	607286.28
1411619.98	606959.85
1413099.9300000002	606728.58
1413101.4799999997	606689.5599999997
1413287.6800000002	606525.86
1413644.88	606353.5599999999
1413644.8800000004	606353.5599999998
1435528.23	605699.48
1436470.326604759	605594.6599999999
1436483.18	605588.46
1459296.53	604956.48
1459642.48	604942.83
1459774.3546615154	604704.8800000001
1459774.3546615157	604704.8799999998
1459794.43	604668.6567654724
1459794.4300000002	604668.6567654719
1459795.9799999995	604665.8599999996
1460188.5799999917	604588.5599999933
1483410.78	604199.83
1483542.6546615157	603961.8799999997
1483562.73	603925.6567654723
1483564.2799999986	603922.8599999989
1483956.88	603845.5599999999
1506845.63	603710.6799999999
1506847.18	603671.6599999999
1507239.7799999998	603594.36
1507610.17	603506.97
1507762.1199999999	603269.02
1507763.67	603229.9999999998
1508156.27	603152.7
1531045.02	603017.82
1531046.57	602978.7999999999
1532107.0446615154	602714.6200000002
1532107.0446615156	602714.62
1532127.1199999996	602678.3967654727
1532127.12	602678.3967654721
1532128.67	602675.5999999999
1532521.27	602598.2999999999
1555411.57	602424.3999999999
1556453.98	602339.25
1556515.37	602217.7999999999
1556571.8591633467	602156.4199999999
1556606.2200000002	602119.084199134
1556606.2200000004	602119.0841991338
1556607.7699999998	602117.3999999999
1580328.5799999998	602039.75
1581102.0199999998	601935.5699999998
1605090.7199999997	601632.27
1606175.7199999997	601373.07
1628090.58	601230.3500000001
1628090.5800000003	601230.35
1630792.8599999996	601084.4699999996
1652972.08	600990.2499999999
1653783.161620371	600903.1699999998
1677448.3800000001	600735.3499999999
1728318.61	600292.7699999999
