933036.4799999965	877977.7599999959
933197.1234190945	876971.7599999976
933197.1234190946	876971.7599999972
933197.1234190947	876971.7599999967
933197.1234190948	876971.7599999955
933197.123419095	876971.7599999954
933197.1234190951	876971.7599999937
933197.1234190952	876971.7599999933
933197.1234190953	876971.7599999921
933197.1234190955	876971.7599999914
933197.1234190956	876971.7599999903
933197.1234190958	876971.7599999899
933197.1234190959	876971.7599999891
933197.123419096	876971.7599999887
933197.1234190961	876971.7599999879
933197.1234190962	876971.7599999869
933197.1234190963	876971.7599999863
933197.1234190965	876971.7599999849
933197.1234190966	876971.7599999844
933197.1234190967	876971.7599999835
933197.1234190969	876971.7599999822
933197.123419097	876971.7599999816
933197.1234190972	876971.7599999802
933197.1234190974	876971.7599999798
933197.1234190975	876971.7599999788
933197.1234190976	876971.7599999785
933197.1234190977	876971.7599999778
934192.5800000002	870737.8954194391
934192.5800000003	870737.8954194379
934192.5800000004	870737.8954194373
934192.5800000007	870737.895419436
934192.5800000008	870737.8954194353
934192.5800000009	870737.8954194344
934192.580000001	870737.8954194336
934192.5800000012	870737.8954194325
934192.5800000015	870737.8954194315
934192.5800000016	870737.8954194312
934192.5800000017	870737.8954194301
934538.4799999995	868571.7599999991
934644.7	868450.1399999999
935252.5999999915	867764.1399999899
935404.5741781774	867650.2778739803
935422.7562867566	867636.6554707387
935462.1087943864	867403.840000001
935462.1087943865	867403.8399999999
935462.1087943866	867403.8399999996
935462.1087943867	867403.8399999985
935462.1087943868	867403.839999998
935462.108794387	867403.8399999974
935462.1087943871	867403.8399999933
935462.1087943877	867403.8399999931
935462.1087943878	867403.8399999923
935462.1087943879	867403.8399999912
935733.4999999974	865704.3022636425
935733.5	865704.3022636344
935733.5000000001	865704.3022636332
935733.500000001	865704.3022636238
935733.5000000023	865704.3022636216
935733.5000000043	865704.3022636211
935733.5000000044	865704.3022636202
935733.5000000045	865704.3022636167
935733.5000000047	865704.3022636147
935733.5000000054	865704.3022636146
935733.5000000055	865704.302263614
935733.5000000056	865704.3022636122
935733.5000000058	865704.3022636116
935733.5000000059	865704.302263611
935733.500000006	865704.3022636105
935733.5000000062	865704.3022636098
936624.6799999492	861765.0600001521
936624.6799999493	861765.0600001516
936624.6799999494	861765.0600001512
937075.3800000001	860709.76
937577.4799999971	859207.0600000089
937577.4799999972	859207.0599999966
937683.6999999988	859085.4399999985
937685.2537580183	859083.6866227989
937685.2537580188	859083.6866227982
938183.8262419825	858521.06
938185.379999998	858519.306622802
938185.3800000001	858519.3066227997
938185.3800000002	858519.3066227995
938185.3800000006	858519.306622799
938291.5999999801	858399.4399999764
938291.6000000641	858399.439999952
938772.4999999844	858039.1399999815
938838.8920178561	857996.0919591824
938838.8920178565	857996.0919591822
938838.8920178569	857996.0919591819
938838.8920178572	857996.0919591817
938838.8920178574	857996.0919591815
938838.8920178579	857996.0919591812
938838.8920178583	857996.091959181
938838.8920178586	857996.0919591804
938838.8920178593	857996.0919591803
938838.8920178596	857996.0919591801
938838.89201786	857996.0919591798
938838.8920178604	857996.0919591796
938838.8920178607	857996.0919591794
938838.8920178611	857996.0919591791
938838.8920178615	857996.0919591789
938838.8920178618	857996.0919591787
938838.8920178622	857996.0919591784
938838.8920178625	857996.0919591782
938838.8920178626	857996.0919591781
938838.8920178628	857996.091959178
938838.8920178632	857996.0919591777
938838.8920178633	857996.0919591776
938838.8920178637	857996.0919591775
938838.8920178639	857996.0919591773
939192.4799999923	857766.8284064378
939192.4799999925	857766.8284064375
939192.4799999928	857766.8284064373
939192.4799999932	857766.8284064371
939192.4799999935	857766.8284064368
939192.4799999939	857766.8284064366
939192.4799999944	857766.8284064364
939192.4799999949	857766.8284064359
939192.4799999956	857766.8284064356
939192.4799999958	857766.8284064354
939192.479999996	857766.8284064352
939192.4799999964	857766.828406435
939192.4799999967	857766.8284064347
939192.4799999971	857766.8284064345
939192.4799999974	857766.8284064343
939192.4799999979	857766.828406434
939192.4799999981	857766.8284064338
939192.4799999986	857766.8284064336
939192.479999999	857766.8284064333
939192.4799999995	857766.8284064331
939192.4799999997	857766.8284064329
939192.48	855824.8600000001
939383.2170019115	855254.0165569162
939694.58	854322.16
940145.2799999798	853266.8600001264
940341.9500339394	852678.2599999978
940341.9500339397	852678.2599999974
940341.9500339398	852678.2599999971
940341.9500339399	852678.2599999967
940341.9500339401	852678.2599999963
940341.9500339404	852678.2599999956
940341.9500339406	852678.2599999951
940341.9500339408	852678.2599999942
940341.9500339411	852678.259999984
940472.1799999983	852288.5038358861
940472.1799999995	852288.5038358797
940472.1800000011	852288.5038358751
940818.2470872429	851569.5873731722
940818.2470872431	851569.5873731719
940818.2470872434	851569.5873731717
940818.2470872435	851569.5873731715
941080.4999999998	851053.9399999997
941166.8111661806	850956.54
941166.8111661808	850956.5399999998
941361.5	850736.8385030432
941361.5000000002	850736.8385030428
941361.5000000003	850736.8385030427
941361.5000000005	850736.8385030425
941361.5000000007	850736.8385030422
941361.5000000009	850736.838503042
941361.5000000012	850736.8385030418
941688.3999999834	850367.9399999802
942169.2999999695	850007.6400000227
942169.299999992	850007.6399999906
942244.0825253748	849959.1516228016
942244.0825253751	849959.1516228013
942244.0825253753	849959.1516228011
942244.0825253755	849959.1516228009
942244.082525376	849959.1516228007
942244.0825253761	849959.1516228006
942244.0825253763	849959.1516228005
942244.0825253765	849959.1516228004
942244.0825253768	849959.1516228002
942244.0825253769	849959.1516228
942244.0825253772	849959.1516227999
942244.0825253774	849959.1516227997
942244.0825253777	849959.1516227996
942244.0825253779	849959.1516227995
942244.0825253781	849959.1516227993
942244.0825253782	849959.1516227992
942244.0825253784	849959.151622799
942244.0825253789	849959.1516227988
942244.0825253793	849959.1516227985
942244.0825253795	849959.1516227984
942244.0825253796	849959.1516227983
942244.08252538	849959.1516227981
942244.0825253802	849959.1516227978
942244.0825253807	849959.1516227976
942244.082525381	849959.1516227975
942244.0825253811	849959.1516227974
942318.8650507445	849910.6632456065
942318.8650507447	849910.6632456062
942318.8650507448	849910.663245606
942318.8650507452	849910.6632456059
942318.8650507455	849910.6632456057
942318.8650507458	849910.6632456055
942318.8650507461	849910.6632456053
942318.8650507464	849910.6632456051
942318.8650507466	849910.663245605
942318.8650507468	849910.6632456048
942318.8650507471	849910.6632456047
942318.8650507473	849910.6632456045
942318.8650507475	849910.6632456044
942318.8650507479	849910.6632456041
942555.4554002176	849757.2600000051
942555.4554002179	849757.2600000049
942555.455400218	849757.2600000048
942555.4554002183	849757.2600000044
942555.4554002188	849757.2600000042
942555.4554002192	849757.260000004
942555.4554002195	849757.2600000037
942555.4554002199	849757.2600000035
942555.4554002202	849757.2600000033
942555.4554002206	849757.260000003
942555.455400221	849757.2600000028
942555.4554002213	849757.2600000026
942555.4554002215	849757.2600000023
942555.455400222	849757.2600000022
942555.4554002222	849757.2600000019
942555.4554002229	849757.2600000016
942555.4554002231	849757.2600000014
942555.4554002235	849757.2600000012
942555.4554002238	849757.2600000009
942555.4554002241	849757.2600000008
942555.4554002242	849757.2600000007
942555.4554002245	849757.2600000005
942555.4554002249	849757.2600000002
942555.4554002252	849757.26
942555.4554002255	849757.2599999998
942555.4554002259	849757.2599999997
942555.4554002262	849757.2599999994
942555.4554002264	849757.2599999993
942555.4554002266	849757.2599999991
942555.4554002271	849757.2599999988
942555.4554002273	849757.2599999986
942555.4554002277	849757.2599999985
942555.4554002278	849757.2599999984
942630.2379255883	849708.7716228092
942630.2379255886	849708.7716228091
942630.2379255889	849708.7716228089
942630.2379255893	849708.7716228085
942630.2379255896	849708.7716228084
942630.2379255898	849708.7716228083
942630.23792559	849708.7716228082
942630.2379255904	849708.771622808
942630.2379255906	849708.7716228077
942630.237925591	849708.7716228075
942630.2379255913	849708.7716228073
942630.2379255915	849708.7716228071
942630.2379255919	849708.7716228069
942630.2379255922	849708.7716228068
942630.2379255926	849708.7716228066
942630.2379255929	849708.7716228063
942630.237925593	849708.7716228061
942630.2379255933	849708.771622806
942630.2379255935	849708.7716228059
942630.2379255939	849708.7716228056
942630.2379255941	849708.7716228055
942630.2379255942	849708.7716228054
942705.0204509576	849660.2832456144
942705.0204509579	849660.2832456143
942705.0204509583	849660.2832456139
942705.0204509585	849660.2832456138
942705.0204509587	849660.2832456136
942705.0204509592	849660.2832456133
942705.0204509594	849660.2832456132
942705.0204509596	849660.2832456131
942705.0204509599	849660.2832456119
942705.0204509618	849660.2832456117
942705.0204509621	849660.2832456115
942705.0204509624	849660.2832456112
942705.0204509627	849660.283245611
942705.0204509628	849660.2832456108
942705.0204509635	849660.2832456105
942705.0204509639	849660.2832456103
943136.3398421595	849380.6192836289
943136.3398421598	849380.6192836288
943136.33984216	849380.6192836287
943136.3398421601	849380.6192836285
943136.3398421603	849380.6192836284
943136.3398421608	849380.6192836281
943136.3398421612	849380.619283628
943136.3398421614	849380.6192836277
943136.3398421616	849380.6192836266
943136.3398421636	849380.6192836263
943136.3398421638	849380.6192836261
943136.3398421642	849380.6192836259
943136.3398421645	849380.6192836256
943136.3398421649	849380.6192836254
943136.3398421652	849380.6192836252
943136.3398421656	849380.6192836249
943136.3398421658	849380.6192836248
943136.3398421659	849380.6192836247
943136.3398421663	849380.6192836245
943136.3398421666	849380.6192836242
943136.3398421671	849380.619283624
943136.3398421673	849380.6192836238
943136.3398421678	849380.6192836235
943136.3398421681	849380.6192836233
943136.3398421684	849380.6192836232
943136.3398421685	849380.6192836231
943136.3398421687	849380.619283623
943136.3398421688	849380.6192836228
943136.3398421693	849380.6192836226
943136.3398421694	849380.6192836225
943136.3398421695	849380.6192836224
943136.33984217	849380.6192836221
943136.3398421702	849380.6192836219
943136.3398421705	849380.6192836218
943136.3398421707	849380.6192836217
943136.3398421708	849380.6192836215
943136.3398421712	849380.6192836214
943136.3398421714	849380.6192836212
943136.3398421718	849380.619283621
943136.339842172	849380.6192836207
943136.3398421723	849380.6192836206
943136.3398421725	849380.6192836205
943136.3398421728	849380.6192836203
943136.339842173	849380.6192836202
943136.3398421733	849380.61928362
943136.3398421736	849380.6192836198
943136.339842174	849380.6192836196
943136.3398421742	849380.6192836195
943136.3398421744	849380.6192836193
943136.3398421746	849380.6192836191
943345.0955580523	849245.2637865552
943345.0955580526	849245.263786555
943345.0955580529	849245.2637865548
943345.0955580531	849245.2637865546
943345.0955580535	849245.2637865543
943345.0955580538	849245.2637865541
943345.0955580543	849245.2637865539
943345.0955580546	849245.2637865536
943345.095558055	849245.2637865534
943345.0955580553	849245.2637865532
943345.0955580557	849245.2637865529
943345.0955580559	849245.2637865528
943345.0955580563	849245.2637865526
943345.0955580565	849245.2637865511
943345.0955580589	849245.2637865508
943345.0955580593	849245.2637865506
943345.0955580596	849245.2637865504
943345.0955580599	849245.2637865503
943345.0955580601	849245.2637865501
943345.0955580604	849245.2637865499
943345.0955580608	849245.2637865497
943345.095558061	849245.2637865494
943345.0955580613	849245.2637865493
943345.0955580614	849245.2637865492
943345.0955580616	849245.2637865491
943345.0955580622	849245.2637865487
943345.0955580627	849245.2637865485
943345.0955580629	849245.2637865483
943345.0955580632	849245.263786548
943345.0955580636	849245.2637865478
943345.0955580641	849245.2637865476
943345.0955580643	849245.2637865474
943345.0955580646	849245.2637865471
943345.0955580651	849245.2637865469
943345.0955580653	849245.2637865467
943345.0955580657	849245.2637865464
943345.095558066	849245.2637865455
943345.0955580676	849245.2637865453
943345.0955580679	849245.263786545
943345.0955580682	849245.2637865448
943345.0955580685	849245.2637865447
943345.0955580686	849245.2637865446
943345.0955580688	849245.2637865443
943345.0955580692	849245.2637865442
943345.0955580694	849245.2637865441
943345.0955580699	849245.2637865439
943925.979999992	848868.6230701806
943925.9799999923	848868.6230701803
943925.9799999926	848868.6230701801
943925.979999993	848868.62307018
943925.9799999932	848868.6230701797
943925.9799999936	848868.6230701795
943925.9799999939	848868.6230701793
943925.9799999942	848868.6230701791
943925.9799999943	848868.623070179
943925.9799999946	848868.6230701788
943925.9799999949	848868.6230701787
943925.9799999951	848868.6230701786
943925.9799999952	848868.6230701784
943925.9799999953	848868.6230701783
943925.9799999954	848868.6230701782
943925.9799999959	848868.623070178
943925.9799999963	848868.6230701779
943925.9799999965	848868.6230701776
943925.9799999967	848868.6230701774
943925.9799999973	848868.6230701772
943925.9799999975	848868.6230701769
943925.9799999979	848868.6230701767
943925.9799999982	848868.6230701765
943925.9799999986	848868.6230701762
943925.979999999	848868.623070176
943925.9799999994	848868.6230701758
943925.9799999995	848868.6230701756
943925.9799999996	848868.6230701755
943925.9799999999	848868.6230701754
943925.98	848868.6230701753
943925.9800000002	848868.6230701752
943925.9800000003	848868.6230701751
943925.9800000007	848868.6230701748
943925.9800000011	848868.6230701744
943925.9800000018	848868.6230701741
943925.9800000022	848868.6230701739
943925.9800000024	848868.6230701738
943925.9800000025	848868.6230701737
943925.980000003	848868.6230701734
944222.9019421461	848676.1013138276
944222.9019421465	848676.1013138273
944222.9019421467	848676.1013138272
944222.901942147	848676.1013138271
944222.9019421472	848676.101313827
944222.9019421473	848676.1013138269
944222.9019421476	848676.1013138267
944222.9019421478	848676.1013138266
944222.901942148	848676.1013138264
944222.9019421483	848676.1013138262
944222.9019421487	848676.1013138259
944222.901942149	848676.1013138253
944222.9019421499	848676.1013138252
944287.2296016008	848634.3917860964
944287.2296016011	848634.3917860962
944287.2296016015	848634.3917860959
944287.2296016018	848634.3917860958
944287.229601602	848634.3917860957
944287.2296016023	848634.3917860955
944287.2296016025	848634.3917860952
944287.2296016027	848634.3917860944
944301.1660851807	848625.355484243
944301.1660851811	848625.3554842428
944301.1660851815	848625.3554842426
944301.166085182	848625.3554842423
944304.1854018504	848623.3977840341
944304.1854018506	848623.3977840338
944304.1854018511	848623.3977840336
944304.1854018515	848623.3977840333
944304.8395319334	848622.9736514436
944304.8395319337	848622.9736514435
944304.8395319339	848622.973651443
944428.0799999612	848254.5599999537
944534.2999999954	848132.9400000051
944534.2999999955	848132.940000005
944534.2999999956	848132.9399999948
945142.1999999965	847446.9399999959
945623.0999999985	847086.6399999982
946659.8188275083	846414.44
946659.8188275087	846414.4399999997
946659.8188275091	846414.4399999995
946726.4452085681	846371.24
946726.4452085682	846371.2399999998
946726.4452085686	846371.2399999995
946726.445208569	846371.2399999993
950684.5999999999	843804.8048391812
950684.6000000001	843804.804839181
953320	842096.0330555553
953320.0000000007	842096.033055555
969008.342841037	831923.8400000001
969008.3428410371	831923.84
969008.3428410372	831923.8399999999
969008.3428410379	831923.8399999994
969008.3428410386	831923.8399999989
985387.0398142416	821304.0269771693
985387.0398142417	821304.0269771692
985387.0398142418	821304.0269771691
990453.5	818018.9756725144
991735.831375265	818018.9756725142
991735.8313752651	818018.975672514
991735.8313752654	818018.9756725137
991735.8313752657	818018.9756725135
991735.8313752658	818018.9756725132
991735.831375266	818018.9756725131
991735.8313752661	818018.975672513
991735.8313752662	818018.9756725129
991735.8313752663	818018.9756725128
991735.8313752664	818018.9756725125
991735.8313752665	818018.9756725124
991735.8313752667	818018.9756725123
991735.8313752669	818018.975672512
991735.8313752671	818018.9756725118
991735.8313752674	818018.9756725116
991735.8313752675	818018.9756725114
991735.8313752678	818018.975672511
991735.8313752679	818018.9756725109
991735.8313752682	818018.9756725107
991735.8313752683	818018.9756725106
991735.8313752684	818018.9756725103
991735.8313752685	818018.9756725102
991735.8313752686	818018.9756725101
991735.8313752688	818018.97567251
991735.8313752689	818018.9756725099
991735.831375269	818018.9756725098
991735.8313752692	818018.9756725095
991735.8313752693	818018.9756725094
991735.8313752695	818018.9756725092
991735.8313752696	818018.975672509
991735.8313752697	818018.9756725089
992539.7	816666.3006725146
992539.7000000002	816666.3006725144
992945.7007483301	816666.3006725141
992945.7007483302	816666.300672514
992945.7007483303	816666.3006725139
992945.7007483304	816666.3006725137
993492.5	816054.9605607477
993492.5000000002	816054.9605607472
993492.5000000005	816054.960560747
994853.2999999969	814533.5399999975
994861.1748542818	814527.6399999926
994861.174854293	814527.6399999866
994861.1748542986	814527.639999978
994861.1748543083	814527.6399999678
994861.1748543263	814527.6399999618
994861.1748543333	814527.6399999552
994861.1748543397	814527.6399999459
994861.1748543497	814527.6399999345
994861.1748543666	814527.6399999245
994861.1748543804	814527.6399999149
994861.1748543956	814527.6399999077
994861.1748544043	814527.6399998999
994861.1748544138	814527.6399998912
995500.6995665616	814084.7690673737
995500.6995665618	814084.7690673736
995500.6995665621	814084.7690673735
995500.6995665622	814084.7690673734
995500.6995665624	814084.7690673732
995500.6995665628	814084.769067373
995500.6995665629	814084.7690673729
995500.6995665634	814084.7690673728
995500.6995665636	814084.7690673727
995500.6995665638	814084.7690673725
995500.699566564	814084.7690673724
995500.6995665645	814084.7690673722
995500.6995665646	814084.7690673721
995500.6995665649	814084.769067372
995500.699566565	814084.7690673718
995500.6995665652	814084.7690673717
995500.6995665657	814084.7690673715
995500.6995665659	814084.7690673714
995500.6995665663	814084.7690673713
995500.6995665664	814084.7690673711
995500.6995665669	814084.7690673709
995500.6995665671	814084.7690673707
995500.6995665674	814084.7690673706
995500.6995665678	814084.7690673703
995500.699566568	814084.7690673702
995500.6995665682	814084.7690673701
995500.6995665686	814084.76906737
995500.6995665688	814084.7690673699
995500.6995665691	814084.7690673698
995500.6995665692	814084.7690673696
995500.6995665694	814084.7690673695
995500.6995665696	814084.7690673694
995500.69956657	814084.7690673693
995500.6995665701	814084.7690673692
995500.6995665703	814084.769067369
995500.6995665705	814084.7690673689
995500.6995665708	814084.7690673687
995500.6995665713	814084.7690673685
995500.6995665717	814084.7690673682
995500.6995665721	814084.7690673681
995500.6995665722	814084.769067368
995500.6995665726	814084.7690673679
995500.6995665727	814084.7690673678
995500.699566573	814084.7690673677
995500.6995665731	814084.7690673675
995500.6995665734	814084.7690673673
995500.6995665736	814084.7690673672
995500.6995665741	814084.7690673671
995500.6995665743	814084.769067367
995500.6995665744	814084.7690673668
995500.699566575	814084.7690673666
995500.6995665752	814084.7690673665
995500.6995665753	814084.7690673664
995500.6995665757	814084.7690673661
995579.8303790616	814042.7222505206
995579.830379062	814042.7222505204
995579.8303790622	814042.7222505203
995579.8303790623	814042.7222505201
995579.8303790624	814042.72225052
995579.8303790629	814042.7222505199
995579.830379063	814042.7222505198
995579.8303790633	814042.7222505197
995579.8303790635	814042.7222505196
995579.8303790637	814042.7222505193
995579.8303790641	814042.7222505192
995579.8303790644	814042.7222505191
995579.8303790645	814042.722250519
995651.4999996171	814004.6400002034
996273.7664976763	813743.9280076838
996273.766497677	813743.9280076836
996273.7664976777	813743.9280076834
996273.7664976784	813743.9280076831
996273.7664976792	813743.9280076829
996273.7664976799	813743.9280076827
996273.7664976806	813743.9280076824
996273.7664976813	813743.9280076822
996273.7664976821	813743.928007682
996273.7664976828	813743.9280076817
996273.7664976835	813743.9280076815
996273.7664976842	813743.9280076813
996273.7664976849	813743.928007681
996273.7664976856	813743.9280076808
996273.7664976863	813743.9280076806
996273.766497687	813743.9280076803
996273.7664976877	813743.9280076801
996273.7664976879	813743.92800768
996273.7664976884	813743.9280076799
996273.7664976888	813743.9280076798
996273.7664976892	813743.9280076796
996273.7664976899	813743.9280076794
996273.7664976906	813743.9280076792
996273.7664976908	813743.9280076791
996273.7664976913	813743.928007679
996273.7664976916	813743.9280076788
996273.7664976921	813743.9280076787
996454.2329953539	813685.3160153673
996454.2329953547	813685.316015367
996454.2329953554	813685.3160153668
996454.2329953561	813685.3160153666
996454.2329953568	813685.3160153663
996454.2329953576	813685.3160153661
996454.2329953583	813685.3160153659
996454.232995359	813685.3160153656
996454.2329953597	813685.3160153654
996454.2329953604	813685.3160153652
996454.2329953611	813685.316015365
996454.2329953618	813685.3160153647
996454.2329953625	813685.3160153645
996454.2329953632	813685.3160153643
996454.232995364	813685.316015364
996454.2329953647	813685.3160153638
996454.2329953654	813685.3160153636
996454.2329953661	813685.3160153633
996454.2329953669	813685.3160153631
996454.2329953671	813685.316015363
996454.2329953678	813685.3160153627
996454.2329953683	813685.3160153626
996454.2329953685	813685.3160153625
996454.232995369	813685.3160153624
996454.2329953695	813685.3160153623
996634.6994930352	813626.7040230496
996634.6994930359	813626.7040230493
996634.6994930366	813626.7040230491
996634.6994930373	813626.7040230489
996634.699493038	813626.7040230486
996634.6994930387	813626.7040230484
996634.6994930395	813626.7040230482
996634.6994930402	813626.7040230479
996634.6994930409	813626.7040230477
996634.6994930416	813626.7040230475
996634.6994930424	813626.7040230472
996634.6994930431	813626.704023047
996634.6994930438	813626.7040230468
996634.6994930442	813626.7040230467
996634.6994930445	813626.7040230465
996634.6994930448	813626.7040230464
996634.6994930459	813626.7040230461
996634.6994930462	813626.704023046
996634.6994930467	813626.7040230458
996634.6994930468	813626.7040230457
996815.165990715	813568.0920307323
996815.1659907157	813568.0920307321
996815.1659907164	813568.0920307318
996815.1659907171	813568.0920307316
996815.165990718	813568.0920307314
996815.1659907186	813568.0920307311
996815.1659907193	813568.0920307309
996815.16599072	813568.0920307307
996815.1659907207	813568.0920307304
996815.1659907214	813568.0920307302
996815.1659907217	813568.0920307301
996815.1659907222	813568.09203073
996815.1659907224	813568.0920307299
996889.2999999798	813544.0147530251
996889.2999999805	813544.0147530249
996889.2999999813	813544.0147530247
996889.299999982	813544.0147530244
996889.2999999827	813544.0147530242
996889.2999999834	813544.014753024
996889.2999999841	813544.0147530237
996889.2999999849	813544.0147530235
996889.2999999856	813544.0147530233
996889.2999999863	813544.014753023
996889.299999987	813544.0147530228
996889.2999999877	813544.0147530226
996889.2999999884	813544.0147530223
996889.2999999891	813544.0147530221
996889.2999999898	813544.0147530219
996889.2999999906	813544.0147530216
996889.2999999913	813544.0147530214
996889.299999992	813544.0147530212
996889.2999999927	813544.014753021
996889.2999999935	813544.0147530207
996889.2999999942	813544.0147530205
996889.2999999949	813544.0147530203
996889.2999999956	813544.01475302
996889.2999999963	813544.0147530198
996889.299999997	813544.0147530196
996889.2999999977	813544.0147530193
996889.2999999982	813544.0147530192
996889.2999999984	813544.0147530191
996889.2999999997	813544.0147530187
996889.2999999999	813544.0147530186
996889.3000000003	813544.0147530185
996889.3000000006	813544.0147530184
996889.3000000021	813544.0147530179
996889.3000000026	813544.0147530178
997069.7664976597	813485.4027607079
997069.7664976604	813485.4027607077
997069.7664976611	813485.4027607074
997069.7664976618	813485.4027607072
997069.7664976625	813485.402760707
997069.7664976632	813485.4027607067
997069.7664976639	813485.4027607065
997069.7664976646	813485.4027607063
997069.7664976653	813485.402760706
997069.7664976661	813485.4027607058
997069.7664976668	813485.4027607056
997069.7664976675	813485.4027607053
997069.7664976682	813485.4027607051
997069.766497669	813485.4027607049
997069.7664976697	813485.4027607046
997069.7664976704	813485.4027607044
997069.7664976711	813485.4027607042
997069.7664976718	813485.4027607039
997069.7664976725	813485.4027607037
997069.7664976732	813485.4027607035
997069.7664976739	813485.4027607032
997069.7664976746	813485.402760703
997069.7664976754	813485.4027607028
997069.7664976758	813485.4027607027
997069.7664976761	813485.4027607025
997069.7664976763	813485.4027607024
997069.7664976768	813485.4027607023
997069.766497677	813485.4027607022
997069.7664976777	813485.4027607021
997069.7664976779	813485.402760702
997069.7664976782	813485.4027607018
997069.7664976786	813485.4027607017
997069.7664976789	813485.4027607016
997069.7664976795	813485.4027607015
997250.232995338	813426.7907683911
997250.2329953387	813426.7907683909
997250.2329953394	813426.7907683906
997250.2329953401	813426.7907683904
997250.2329953408	813426.7907683902
997250.2329953416	813426.7907683899
997250.2329953423	813426.7907683897
997250.232995343	813426.7907683895
997250.2329953434	813426.7907683894
997250.2329953439	813426.7907683892
997250.2329953446	813426.790768389
997250.2329953453	813426.7907683888
997250.232995346	813426.7907683885
997250.2329953467	813426.7907683883
997250.2329953474	813426.7907683881
997250.232995348	813426.7907683878
997250.2329953487	813426.7907683876
997250.2329953494	813426.7907683874
997250.2329953501	813426.7907683871
997250.232995351	813426.7907683869
997250.2329953517	813426.7907683867
997250.2329953524	813426.7907683864
997250.2329953527	813426.7907683863
997355.1308205974	813392.7220043421
997355.1308205978	813392.722004342
997355.1308205981	813392.7220043419
997355.1308205985	813392.7220043418
997535.5973182744	813334.1100120258
997535.5973182747	813334.1100120257
997535.5973182749	813334.1100120256
998051.584329199	813166.5275127313
998051.5843291994	813166.5275127311
998051.5843291995	813092.44
998051.5843292001	813092.4399999995
998051.5843292006	813092.4399999992
998279.7000000001	812944.5316666665
998279.7000000002	812944.5316666664
998279.7000000008	812944.531666666
998279.7000000012	812944.5316666658
998279.7000000014	812944.5316666656
998279.7000000022	812944.5316666651
998279.7000000027	812944.5316666648
998279.7000000029	812944.5316666646
998279.7000000033	812944.5316666644
998279.7000000034	812944.5316666643
998279.7000000036	812944.5316666642
998279.7000000038	812944.531666664
998279.7000000039	812944.5316666639
998279.7000000043	812944.5316666638
998279.7000000044	812944.5316666637
998279.7000000047	812944.5316666635
998279.7000000052	812944.5316666632
998279.7000000054	812944.531666663
998279.7000000061	812944.5316666625
998279.7000000068	812944.5316666621
998279.7000000073	812944.5316666618
998279.7000000078	812944.5316666615
998279.700000008	812944.5316666614
998279.7000000082	812944.5316666613
998279.7000000083	812944.5316666611
998279.7000000085	812944.531666661
998279.7000000087	812944.5316666609
998279.7000000094	812944.5316666604
998279.7000000101	812944.53166666
998279.7000000108	812944.5316666595
998279.7000000115	812944.531666659
998279.7000000122	812944.5316666586
998279.7000000126	812944.5316666584
998279.7000000132	812944.5316666579
998279.7000000136	812944.5316666577
998279.700000014	812944.5316666574
998279.7000000147	812944.531666657
998279.7000000154	812944.5316666565
998556.8343855649	812764.8400000028
998556.834385565	812764.8400000026
998556.8343855654	812764.8400000024
998556.8343855657	812764.8400000022
998556.834385566	812764.8400000021
998556.8343855661	812764.840000002
998556.8343855663	812764.8400000018
998556.8343855665	812764.8400000017
998556.8343855666	812764.8400000016
998556.8343855669	812764.8400000015
998556.8343855671	812764.8400000014
998556.8343855672	812764.8400000012
998556.8343855673	812764.8400000011
998556.8343855676	812764.840000001
998556.8343855678	812764.8400000009
998556.8343855679	812764.8400000008
998556.8343855682	812764.8400000005
998556.8343855685	812764.8400000003
998556.834385569	812764.8400000001
998556.8343855692	812764.8399999999
998556.8343855698	812764.8399999996
998556.8343855701	812764.8399999994
998556.8343855705	812764.8399999992
998556.8343855706	812764.8399999989
998556.8343855712	812764.8399999987
999432.5999999987	812197.0007456148
999432.6	812197.0007456138
1000343.0999999999	811606.6399999999
1000400.3720405742	811576.2080238233
1000400.3720405744	811576.2080238232
1000400.3720405747	811576.2080238105
1000400.3720405978	811576.2080238049
1000400.3720406095	811576.2080238046
1000400.3720406096	811576.2080238045
1000400.37204061	811576.2080238044
1000447.3065878543	811551.2689608815
1000447.3065878546	811551.2689608814
1000447.3065878549	811551.2689608813
1000447.3065878551	811551.2689608812
1000447.3065878552	811551.268960881
1000447.3065878556	811551.2689608808
1000447.3065878559	811551.2689608807
1000447.3065878561	811551.2689608806
1000447.3065878564	811551.2689608805
1000447.3065878565	811551.2689608773
1000485.7695394761	811530.8313509116
1000485.7695394766	811530.8313509115
1000485.7695394767	811530.8313509114
1000660.3999999778	811438.0399999821
1001102.1999999906	811235.9399999894
1003139.8841571608	810574.14
1003139.884157161	810574.1399999999
1003139.8841571613	810574.1399999998
1003139.8841571617	810574.1399999997
1003139.8841571622	810574.1399999995
1003139.8841571624	810574.1399999994
1003288.5999999959	810525.8399999953
1004441.4999999992	810198.2399999993
1005885.5000000002	810058.0833937412
1005885.5000000007	810058.083393741
1005885.5000000016	810058.0833937409
1005885.5000000041	810058.0833937407
1005885.5000000056	810058.0833937406
1005885.5000000065	810058.0833937405
1005885.500000008	810058.0833937404
1006643.199999998	809984.5399999983
1008830.9999999999	809493.3399999999
1009983.8999999997	809165.7399999998
1010653.1468996622	808996.2949744023
1011081.9000042132	808887.7399996949
1014722.6999999993	808635.6399999994
1017334.3999999982	808446.54
