39	138	174
39	149	154
39	161	143
40	130	150
41	124	166
41	143	131
41	174	127
42	121	137
42	133	126
42	155	123
42	177	121
46	110	174
46	132	110
46	143	108
47	108	146
47	119	140
50	121	121
50	140	100
51	109	107
51	121	96
51	152	88
52	103	123
54	96	133
56	130	76
57	89	131
58	98	97
58	115	91
58	125	78
59	141	71
59	146	70
61	139	70
62	81	114
62	90	106
62	94	90
63	83	103
63	90	97
63	110	83
64	123	70
66	89	99
66	159	60
67	83	100
67	101	89
67	103	70
67	158	63
68	87	91
68	91	89
68	92	83
68	99	77
68	119	63
68	123	62
69	77	130
70	68	151
70	77	108
71	85	87
72	74	100
73	93	74
73	96	71
74	62	144
74	63	137
74	64	131
74	100	70
74	101	64
75	125	59
75	129	58
76	64	129
76	65	123
76	77	95
76	78	89
76	92	79
76	113	63
77	66	108
77	67	102
77	78	88
77	107	60
78	62	133
78	63	126
78	83	81
79	169	53
80	167	55
81	76	91
81	82	85
81	88	80
81	89	71
81	144	52
81	148	51
82	71	90
82	130	56
83	64	120
83	85	73
83	91	66
83	126	53
84	61	107
84	74	86
84	78	84
84	80	79
85	78	78
86	67	91
86	74	85
86	75	84
87	51	143
88	92	62
88	121	57
89	65	95
89	74	83
89	75	77
89	78	74
89	84	67
89	110	57
89	136	52
90	82	73
90	83	67
90	89	60
91	51	132
91	68	87
91	71	79
91	77	76
92	66	89
92	76	72
93	134	50
94	57	109
94	85	63
95	61	96
95	90	56
95	133	50
95	155	45
96	60	104
96	72	75
97	60	94
97	70	77
97	77	68
97	112	53
98	61	89
98	81	63
99	71	74
99	106	50
99	154	45
100	60	87
100	67	81
100	68	75
101	56	100
101	152	43
102	84	61
103	51	114
104	95	50
105	62	83
105	65	77
105	75	68
106	48	124
106	50	113
106	51	107
106	82	62
106	94	54
107	74	69
108	47	108
108	77	60
108	115	45
109	54	87
109	66	73
109	73	67
110	66	72
111	45	124
111	46	120
111	53	85
111	87	54
112	49	98
113	74	66
113	168	40
114	38	128
114	48	95
114	71	63
116	47	93
116	58	75
117	43	106
117	44	105
121	47	91
121	52	83
122	38	113
122	101	44
126	52	81
126	78	55
126	85	49
126	121	39
127	38	111
127	66	66
128	65	67
128	72	61
129	181	38
134	37	117
134	107	40
136	34	126
137	47	90
138	43	103
140	118	38
142	52	80
143	38	110
157	34	123
164	145	37
