47	309	293
47	313	270
49	275	275
49	287	243
49	322	231
51	244	296
51	281	248
51	285	225
52	280	224
53	277	211
53	339	198
57	294	178
58	204	253
59	205	238
60	206	223
60	212	204
60	281	159
61	181	266
61	300	152
65	194	207
65	285	142
66	197	202
66	219	184
66	279	145
67	170	245
69	176	219
70	165	241
70	256	152
71	161	312
71	162	248
71	242	147
71	298	130
73	157	302
73	159	275
74	156	285
74	184	213
74	264	145
75	260	135
76	200	191
76	254	138
77	138	315
77	155	238
77	225	154
77	248	139
77	254	130
78	146	274
78	154	227
78	310	119
79	134	305
79	143	249
80	149	243
80	174	208
81	133	310
81	145	235
81	273	123
83	138	278
83	169	204
83	183	180
84	124	310
84	163	200
84	239	138
85	142	255
86	138	253
86	150	220
87	154	208
88	125	282
88	285	112
89	178	177
90	121	272
91	251	127
92	136	232
92	147	212
93	153	206
93	183	161
93	242	113
94	274	110
94	282	108
95	134	222
95	147	208
95	308	103
96	140	196
96	238	132
97	189	148
98	122	242
98	125	224
98	138	208
98	156	185
98	167	172
99	152	191
99	162	179
99	171	159
99	191	143
100	127	210
100	139	203
100	211	136
100	257	103
101	143	195
101	156	181
102	179	141
102	209	121
103	172	144
104	125	211
104	147	181
104	203	134
105	154	164
105	197	124
106	136	183
106	238	114
107	142	174
107	194	132
107	223	115
108	188	140
108	211	118
110	134	184
110	146	171
110	237	100
111	138	176
111	140	175
111	174	130
112	168	133
115	165	144
115	188	122
117	142	163
117	154	155
118	169	130
118	173	127
118	188	120
119	163	133
119	166	130
119	182	123
120	126	174
120	135	158
120	162	139
121	178	122
121	207	119
123	116	214
123	184	114
124	146	140
124	172	122
124	177	117
125	165	124
125	174	116
125	193	106
125	206	105
128	154	132
128	220	98
130	129	151
130	135	147
130	149	129
130	176	115
132	148	134
133	143	138
133	164	118
134	141	140
136	156	120
137	154	120
137	169	111
138	162	114
138	169	109
138	175	105
139	124	147
139	186	102
140	230	90
141	139	135
142	172	108
142	197	90
144	122	145
144	128	137
144	141	125
144	146	121
145	174	101
146	170	104
147	117	162
147	193	97
148	235	76
149	134	126
149	154	109
149	162	104
149	189	94
151	142	124
151	145	117
151	200	86
154	159	104
155	116	143
155	122	135
155	130	132
155	135	123
156	83	217
156	152	106
156	161	100
157	101	179
157	130	125
158	115	145
159	168	99
160	107	156
160	128	124
160	142	120
160	201	78
161	189	83
162	212	74
163	151	102
163	180	85
163	204	75
164	81	243
164	195	81
165	79	275
165	124	129
165	147	107
166	103	164
167	66	353
167	147	105
168	124	123
169	71	321
170	134	115
170	171	94
170	174	85
170	224	73
171	106	149
172	137	109
172	145	107
174	167	93
176	104	150
176	133	112
177	73	268
178	88	187
179	91	177
179	148	96
179	160	92
179	177	79
181	121	123
181	207	72
182	103	142
182	235	63
183	227	66
185	66	285
185	134	106
188	134	103
189	132	108
189	180	77
192	130	113
194	153	91
194	244	58
195	77	258
195	94	153
197	76	212
197	82	203
197	168	79
198	68	258
198	81	180
199	126	116
199	150	91
199	217	59
201	131	100
202	79	202
202	159	86
203	69	223
204	68	241
204	268	55
206	102	128
206	125	112
206	155	85
208	57	329
208	73	197
208	166	77
208	232	55
211	120	116
211	139	98
219	61	281
219	80	178
219	177	71
221	94	145
223	150	82
225	92	131
226	60	280
226	68	227
227	54	298
229	150	81
230	129	102
234	53	297
235	120	107
236	125	105
237	156	76
237	240	53
238	142	82
239	67	211
240	82	151
240	192	63
241	69	199
243	79	191
244	54	265
244	61	251
249	66	202
250	64	223
252	84	135
254	124	96
254	135	93
255	78	166
256	172	67
257	53	258
257	60	210
257	169	74
260	203	53
262	137	84
263	65	201
263	71	167
264	50	289
264	148	76
267	64	204
267	65	188
268	58	237
268	147	77
271	127	90
275	267	47
276	183	57
277	54	221
277	62	190
277	139	80
279	56	209
280	70	181
284	69	184
284	79	144
285	48	272
286	78	136
288	51	233
289	110	98
289	121	95
289	143	74
292	239	48
298	284	46
300	66	164
301	52	211
301	61	189
302	48	247
305	51	214
306	62	187
311	134	77
311	247	47
314	49	226
314	114	90
314	141	70
316	102	102
318	57	191
321	48	237
322	56	194
322	179	56
344	281	46
