54	342	373
54	372	364
55	314	405
55	360	335
56	295	400
56	352	318
56	370	309
57	285	403
57	290	359
57	298	335
57	317	316
57	420	293
58	276	406
58	288	338
58	290	328
58	339	311
58	357	285
58	373	279
58	433	278
59	267	419
59	272	361
59	301	301
59	323	286
59	339	280
59	353	275
59	386	264
60	263	421
60	270	397
60	272	330
60	284	319
60	286	309
60	296	298
60	344	273
60	350	266
60	366	260
60	402	257
61	254	377
61	270	332
61	295	299
61	296	293
61	302	282
61	320	273
61	382	253
61	402	252
62	252	356
62	266	321
62	268	311
62	278	300
62	295	286
62	341	260
62	349	254
63	283	280
63	302	275
63	351	252
63	365	246
63	402	242
64	231	423
64	236	411
64	243	359
64	382	238
64	402	237
65	244	317
65	253	303
65	265	282
65	310	253
66	225	361
66	234	325
66	239	315
66	243	311
66	263	290
66	365	232
67	224	398
67	235	305
67	262	295
67	264	284
67	271	259
67	292	255
67	299	252
67	322	249
67	353	238
68	245	292
68	254	288
68	262	278
68	302	247
69	226	323
69	230	296
69	250	272
69	253	261
69	312	236
70	202	357
70	205	340
70	218	299
70	236	290
70	244	262
70	304	229
71	198	350
71	208	307
71	232	274
71	248	252
71	271	237
71	362	214
72	201	317
72	213	290
72	239	253
72	298	229
73	193	341
73	203	298
73	227	265
74	196	308
74	224	271
74	257	230
74	294	217
74	335	206
75	193	328
75	204	291
75	248	231
75	352	202
75	410	195
76	205	286
76	288	217
77	199	282
77	265	221
77	280	210
78	170	406
78	190	310
78	200	277
78	325	194
78	383	187
78	401	186
79	182	300
79	241	223
79	293	202
80	174	387
80	218	267
80	219	253
80	235	246
80	305	200
80	372	188
81	160	399
81	209	269
81	234	231
81	278	218
81	311	187
81	364	183
81	374	178
82	174	383
82	205	256
82	209	242
82	230	237
83	175	295
84	159	398
84	162	347
84	167	333
84	181	269
84	248	214
84	281	195
84	282	188
84	355	174
85	160	318
85	191	253
85	219	220
85	239	215
85	252	201
86	147	373
86	168	301
86	264	198
86	284	186
87	140	403
87	157	349
87	159	329
87	169	297
87	271	194
87	280	187
88	153	328
88	161	296
88	234	210
88	255	189
89	135	394
89	154	320
89	157	317
89	169	272
89	215	217
89	249	202
89	271	181
89	363	160
90	147	337
90	249	187
90	264	179
91	302	171
92	142	328
92	155	308
92	160	293
92	179	250
92	206	238
92	247	191
92	251	186
93	168	288
93	196	233
93	205	222
93	213	217
93	260	183
94	137	393
94	158	306
94	177	246
94	199	219
94	359	149
95	123	405
95	139	318
95	187	231
95	205	211
95	210	209
95	232	194
95	236	192
95	244	188
96	138	334
96	154	295
96	163	275
96	300	174
97	137	314
97	161	279
97	169	266
98	121	349
98	130	339
98	145	290
98	149	286
98	161	274
98	164	273
98	167	257
98	177	238
98	199	218
98	218	194
98	273	165
99	117	360
99	132	329
99	142	294
99	158	282
99	194	216
99	227	187
99	352	159
100	162	269
100	235	178
100	250	170
100	351	138
101	127	321
101	136	311
101	155	285
101	174	256
101	196	212
102	123	332
102	124	325
102	139	292
102	212	190
102	242	170
103	185	230
103	190	213
103	270	159
103	280	149
103	375	131
104	168	239
104	184	234
104	263	165
105	174	231
105	190	205
105	222	186
105	395	128
106	128	316
106	155	260
106	187	209
106	196	197
106	222	185
106	234	172
106	278	155
107	137	292
107	148	257
107	166	235
107	309	134
108	130	307
108	376	128
109	103	423
109	132	286
109	146	284
109	173	219
109	210	196
110	116	321
110	131	290
110	142	266
110	147	255
110	160	253
110	192	194
110	201	190
110	280	145
111	122	301
111	127	298
111	148	252
111	204	182
111	212	180
111	213	176
111	245	160
111	310	128
112	110	357
112	113	335
112	273	152
113	122	293
113	135	275
113	176	205
113	241	154
114	119	297
114	169	226
114	182	197
114	220	165
114	244	150
114	259	142
115	196	187
115	200	179
115	208	177
115	216	168
115	229	158
115	394	115
116	97	411
116	99	372
116	151	250
116	188	191
116	220	163
116	252	144
116	349	126
117	130	265
117	157	228
117	164	215
117	223	160
117	236	150
117	298	126
117	356	118
118	102	371
118	118	299
118	125	291
118	133	262
118	162	220
118	260	136
118	331	125
118	345	114
118	367	112
119	91	429
119	99	339
119	128	262
119	131	256
119	192	184
119	342	124
120	91	402
120	137	246
120	153	239
120	164	207
120	209	168
120	300	121
121	96	389
121	103	331
121	115	293
121	138	240
121	154	237
121	246	142
122	103	315
122	133	251
122	146	232
122	151	230
122	159	222
122	161	213
122	170	201
122	329	118
123	112	296
123	117	273
123	152	222
123	167	197
123	196	176
123	204	174
123	218	161
123	258	137
123	279	125
123	309	116
124	107	307
124	133	243
124	137	241
124	145	230
124	160	204
124	173	189
124	184	187
124	220	153
124	374	110
125	97	362
125	132	242
125	138	235
125	153	213
125	172	192
126	89	405
126	90	345
126	99	319
126	112	275
126	144	225
126	147	224
126	181	182
126	186	180
126	193	171
126	240	136
126	255	129
127	118	265
127	120	260
127	155	207
127	335	107
128	146	221
128	162	194
128	180	180
128	227	149
128	249	131
129	83	423
129	94	321
129	128	253
129	140	229
129	194	165
129	198	162
129	218	150
129	306	111
130	85	356
130	111	288
130	113	271
130	138	227
130	155	199
130	170	187
130	178	182
130	182	176
130	190	168
130	203	158
130	210	152
130	232	136
130	236	133
131	107	282
131	114	262
131	117	256
131	143	220
131	144	218
131	154	202
131	172	185
131	184	174
131	241	131
131	291	118
132	96	316
132	100	312
132	134	234
132	169	185
132	172	183
132	176	177
132	183	174
132	197	160
132	210	150
132	217	144
132	225	138
132	250	125
133	103	281
133	124	240
133	129	238
133	149	210
133	155	197
133	190	162
133	217	141
133	234	133
133	377	101
134	95	308
134	121	254
134	137	227
134	139	220
134	148	205
134	155	194
134	166	184
134	186	165
134	211	144
134	267	122
134	284	119
135	96	300
135	110	266
135	142	216
135	144	209
135	147	205
135	180	171
135	253	120
135	304	111
136	91	331
136	121	241
136	135	225
136	165	182
136	193	157
136	201	153
136	207	147
136	221	135
136	249	124
136	261	119
137	99	284
137	111	262
137	141	212
137	160	191
137	203	146
137	227	129
137	295	113
137	313	106
137	334	101
138	84	411
138	90	318
138	96	295
138	98	288
138	105	268
138	113	257
138	116	252
138	117	247
138	126	227
138	133	224
138	140	216
138	144	205
138	147	197
138	158	188
138	162	184
138	171	172
138	183	162
138	283	115
139	85	351
139	86	332
139	113	255
139	150	192
139	170	175
139	194	153
139	215	142
139	220	136
139	243	120
139	285	111
140	77	368
140	107	259
140	127	225
140	132	223
140	183	160
140	191	154
140	196	151
140	205	144
140	279	112
141	85	334
141	96	284
141	100	283
141	104	279
141	133	215
141	137	209
141	143	198
141	217	134
141	250	115
142	88	319
142	90	308
142	94	299
142	95	285
142	97	278
142	101	272
142	114	244
142	132	219
142	135	214
142	160	177
142	186	157
142	190	152
142	198	146
142	242	123
143	75	379
143	104	266
143	124	226
143	158	182
143	178	171
143	210	136
144	110	254
144	112	244
144	131	214
144	137	208
144	153	183
144	168	170
144	180	159
144	187	151
144	192	148
144	222	125
144	259	110
145	91	296
145	109	246
145	129	212
145	148	192
145	182	157
145	183	152
145	196	145
145	231	119
146	79	355
146	103	271
146	120	233
146	141	199
146	147	191
146	158	181
146	160	174
146	177	155
146	182	154
146	194	143
146	215	127
146	248	115
146	261	108
146	305	106
146	367	94
147	71	399
147	79	350
147	84	346
147	87	307
147	121	230
147	127	221
147	141	198
147	152	187
147	203	136
147	219	126
147	230	119
147	258	114
147	272	107
147	286	106
148	80	325
148	83	323
148	92	282
148	136	207
148	137	202
148	145	195
148	147	188
148	149	183
148	164	167
148	176	156
148	178	153
148	213	131
148	214	124
149	101	268
149	105	250
149	114	231
149	135	201
149	141	191
149	171	160
149	190	147
149	192	142
149	201	138
149	212	128
150	119	226
150	127	213
150	154	178
150	158	173
150	161	170
150	167	161
150	172	157
150	180	147
150	199	136
150	207	126
150	219	120
150	244	116
150	306	96
151	71	372
151	94	275
151	101	255
151	118	221
151	126	214
151	137	196
151	139	193
151	146	181
151	185	144
151	190	142
151	201	129
151	254	110
152	88	297
152	108	243
152	138	193
152	145	184
152	159	171
152	163	162
152	174	150
152	190	141
152	225	118
152	251	107
153	86	291
153	127	209
153	152	175
153	161	166
153	167	157
153	183	144
154	80	320
154	81	306
154	91	283
154	100	265
154	124	211
154	134	197
154	138	190
154	141	185
154	156	166
154	181	143
154	195	133
154	268	103
154	279	102
155	79	315
155	90	286
155	93	265
155	96	260
155	124	209
155	145	179
155	154	170
155	205	122
155	296	96
156	75	366
156	78	322
156	105	246
156	112	236
156	121	210
156	134	190
156	150	174
156	171	151
156	177	142
156	188	135
156	221	119
157	84	292
157	131	204
157	144	181
157	179	141
157	192	134
157	198	124
157	210	120
157	226	116
157	252	106
157	338	92
158	85	287
158	96	252
158	105	237
158	121	206
158	127	196
158	155	164
158	162	159
158	164	155
158	170	148
158	176	142
158	186	139
158	219	115
158	245	111
159	73	328
159	95	255
159	144	175
159	181	139
159	185	136
159	197	124
159	241	110
159	242	105
159	280	101
160	78	303
160	117	217
160	135	188
160	142	182
160	160	158
160	174	144
160	178	138
160	192	128
160	230	113
160	250	101
161	76	312
161	88	269
161	115	226
161	119	210
161	131	189
161	138	187
161	142	176
161	149	166
161	151	165
161	157	158
161	166	149
161	174	143
161	182	133
161	188	131
161	237	103
162	66	400
162	101	237
162	118	209
162	119	207
162	153	163
162	160	152
162	185	130
162	204	118
162	256	100
163	107	234
163	111	225
163	120	204
163	124	195
163	154	158
163	170	144
163	181	133
163	212	114
163	310	89
164	83	282
164	97	246
164	122	202
164	138	179
164	159	151
164	161	150
164	167	143
164	197	120
164	219	112
164	246	98
165	82	289
165	105	234
165	117	204
165	127	192
165	132	187
165	141	174
165	146	167
165	147	162
165	163	148
165	188	129
165	205	116
165	227	108
165	259	95
166	66	363
166	87	266
166	104	231
166	119	199
166	137	174
166	145	165
166	162	148
166	194	127
167	76	307
167	104	230
167	105	225
167	116	210
167	121	198
167	202	119
167	208	111
167	287	90
168	85	268
168	124	188
168	130	179
168	155	152
168	157	147
168	173	133
168	187	129
168	194	125
169	65	365
169	79	300
169	84	277
169	109	218
169	119	198
169	147	159
169	166	141
169	178	129
169	201	113
169	207	111
169	355	85
170	80	279
170	110	212
170	115	203
170	128	182
170	144	161
170	185	125
170	190	124
171	79	294
171	90	262
171	92	243
171	109	215
171	119	196
171	122	188
171	140	164
171	149	158
171	165	137
171	219	108
171	222	102
171	238	100
171	251	95
171	262	94
172	66	331
172	79	275
172	85	267
172	101	228
172	108	219
172	111	210
172	130	177
172	139	167
172	156	147
172	177	126
172	198	115
172	330	85
173	117	201
173	124	185
173	127	178
173	149	157
173	160	143
173	161	141
173	162	138
173	176	132
173	185	122
173	214	109
173	215	104
173	237	101
173	310	88
174	63	379
174	108	210
174	113	206
174	141	162
174	155	147
174	170	128
174	321	85
175	90	247
175	110	205
175	166	133
175	178	124
176	116	196
176	134	172
176	135	171
176	140	160
176	148	152
176	156	142
176	169	130
176	184	120
176	206	109
176	212	108
176	276	90
177	77	290
177	103	223
177	120	189
177	134	170
177	142	156
177	175	127
177	181	119
177	227	101
177	309	85
178	71	324
178	83	267
178	97	235
178	118	191
178	130	169
178	133	164
178	141	156
178	152	146
178	258	89
178	284	88
179	78	275
179	87	248
179	91	246
179	100	222
179	101	218
179	122	187
179	144	151
179	158	136
179	168	129
179	174	121
179	180	119
179	188	116
179	216	101
179	229	96
180	71	289
180	94	242
180	110	202
180	112	200
180	131	165
180	173	126
180	198	111
181	65	321
181	82	268
181	83	256
181	103	216
181	125	180
181	143	149
181	151	141
181	160	135
181	173	121
181	209	103
182	82	266
182	99	223
182	108	207
182	115	191
182	117	188
182	128	167
182	165	130
182	171	123
182	243	92
182	310	84
182	364	82
183	78	264
183	99	222
183	129	163
183	146	146
183	225	96
183	246	90
183	273	86
183	301	84
184	114	190
184	157	136
184	163	129
184	312	83
185	104	213
185	109	200
185	126	177
185	134	161
185	138	156
185	139	150
185	150	140
185	157	131
185	206	103
185	216	100
186	77	277
186	91	231
186	92	227
186	111	195
186	119	179
186	156	133
186	167	124
186	179	117
186	197	109
186	224	95
187	96	223
187	101	216
187	109	197
187	113	190
187	118	183
187	124	177
187	143	145
188	62	372
188	66	307
188	72	288
188	105	206
188	112	189
188	113	187
188	128	166
188	137	151
188	149	135
188	163	125
188	217	97
188	226	94
188	280	84
189	76	284
189	79	260
189	90	241
189	103	206
189	111	186
189	117	179
189	161	124
190	81	254
190	82	250
190	88	241
190	100	217
190	118	174
190	125	169
190	131	157
190	136	149
190	146	142
190	154	131
191	62	328
191	93	226
191	96	222
191	111	184
191	116	175
191	117	174
191	140	145
191	154	126
192	74	262
192	82	247
192	106	200
192	131	155
192	139	144
193	62	324
193	69	277
193	89	237
193	115	178
193	116	173
193	130	161
193	132	152
193	140	140
193	186	108
194	68	287
194	100	206
194	101	202
194	121	171
194	125	167
194	133	150
194	137	145
194	181	116
194	312	82
195	89	222
195	102	199
195	107	188
195	110	185
195	113	178
195	123	163
196	114	173
196	126	160
196	143	134
196	151	132
196	322	80
197	78	261
197	81	247
197	88	236
197	103	195
197	112	177
197	128	152
197	134	144
197	196	105
197	214	95
198	63	298
198	77	257
198	97	216
198	119	162
198	133	149
199	61	341
199	87	237
199	111	180
199	121	158
199	136	139
199	273	82
200	99	199
200	102	190
200	107	186
200	110	177
200	146	129
200	169	115
201	62	305
201	65	281
201	79	240
202	88	220
202	107	179
202	133	143
202	272	83
202	355	78
203	68	276
203	86	234
203	97	215
203	113	172
203	124	156
203	128	151
203	159	116
203	218	92
203	247	89
204	98	194
204	142	130
204	174	110
204	180	106
205	58	318
205	67	280
205	127	148
205	147	123
205	158	117
205	166	114
205	207	95
206	61	303
206	96	216
206	103	183
207	55	362
207	77	246
207	120	160
207	124	155
207	134	137
207	136	132
207	145	127
207	257	88
208	84	219
208	117	170
209	76	247
209	78	241
209	79	237
209	93	200
209	98	193
209	110	174
209	131	143
209	143	127
209	167	113
209	193	99
209	259	82
209	331	77
210	63	278
210	69	271
210	73	251
210	89	206
210	97	198
210	110	172
210	117	157
211	69	261
211	90	203
211	130	141
211	152	120
211	163	113
211	238	86
212	58	305
212	88	211
212	112	168
212	173	106
212	274	79
213	62	287
213	95	192
214	82	228
214	100	191
214	138	129
214	148	122
214	153	114
215	78	237
215	111	169
215	123	147
216	74	239
216	85	210
216	100	185
216	151	120
217	56	317
217	86	207
217	124	145
218	53	350
218	119	155
218	132	131
218	226	91
219	92	202
219	93	193
219	131	132
219	140	127
220	101	176
220	109	170
220	121	147
220	247	82
221	64	262
221	65	258
221	107	171
221	134	128
221	197	94
222	52	366
222	75	231
222	83	219
222	131	131
222	161	110
222	226	86
222	317	75
223	54	343
223	79	218
223	116	156
223	147	120
224	58	285
224	98	189
224	111	160
224	143	117
225	84	205
225	93	187
225	171	104
225	208	92
226	85	202
226	97	181
226	105	172
226	117	152
226	153	112
226	170	107
226	192	100
226	219	91
227	106	165
227	121	142
228	91	193
228	99	175
229	56	297
229	148	113
229	169	106
230	90	193
230	114	155
230	127	131
230	189	101
230	350	74
231	51	356
231	79	214
231	80	209
231	89	191
231	110	160
231	117	146
231	121	141
231	166	105
231	259	81
232	53	324
232	62	280
232	76	226
232	81	206
232	95	179
232	130	127
232	242	82
232	344	72
233	127	130
233	195	92
233	288	74
234	141	115
234	219	85
235	102	164
236	84	198
236	109	155
236	122	134
237	72	244
237	121	135
237	165	108
237	218	85
237	269	76
238	52	326
238	65	250
238	74	227
239	104	160
239	119	143
239	140	120
239	244	79
240	50	376
240	88	186
240	109	153
240	121	134
240	157	111
240	163	105
241	92	180
241	100	171
242	61	277
242	84	194
242	102	159
243	58	277
243	116	141
244	105	157
244	125	127
244	186	95
245	50	355
245	106	155
245	122	130
246	80	205
246	84	190
246	98	163
246	112	145
246	267	78
246	326	72
247	54	290
247	73	229
247	75	222
247	92	176
247	97	168
248	70	219
249	77	212
249	86	184
250	52	306
251	117	133
252	103	155
252	104	153
252	135	115
252	264	75
253	157	108
254	49	375
254	99	159
254	111	142
254	162	103
255	297	73
256	55	274
256	82	201
258	91	176
258	134	121
259	59	250
259	61	243
259	120	126
259	168	101
259	169	97
259	355	68
260	100	157
260	154	100
260	196	85
260	220	83
261	63	233
261	66	232
261	72	205
261	96	162
261	234	78
262	92	167
263	79	195
263	89	168
263	112	133
263	152	109
263	349	70
264	106	140
265	152	108
266	92	161
266	153	100
266	185	94
267	49	343
267	252	76
268	68	222
268	87	182
268	102	144
268	185	86
268	232	82
269	79	191
269	94	160
270	77	197
270	141	113
271	158	95
272	86	178
272	149	100
272	282	70
272	292	69
273	71	210
273	82	183
273	134	118
273	148	103
274	171	94
275	58	246
275	65	216
275	75	189
275	354	66
276	48	401
276	101	140
276	196	83
278	50	310
279	121	118
279	231	82
280	48	355
280	60	238
280	221	82
281	65	212
281	100	150
281	231	76
283	56	256
283	153	95
284	51	299
285	78	187
285	93	149
286	303	67
287	211	79
289	80	175
289	97	142
289	267	74
290	73	202
290	78	186
290	252	74
292	188	83
293	316	65
294	92	148
294	167	89
294	172	87
296	172	86
297	64	208
297	79	170
298	83	166
298	88	154
300	226	75
301	92	147
301	95	137
301	145	98
302	64	207
302	362	63
303	203	79
304	66	198
304	73	179
305	134	103
306	78	169
308	146	95
309	131	113
310	270	69
312	264	73
314	125	109
315	110	127
316	218	75
316	258	70
318	54	259
318	97	134
319	48	332
322	370	61
324	51	294
326	252	71
327	71	184
327	103	126
327	108	122
327	167	85
331	57	241
333	121	114
336	50	301
337	152	91
338	87	159
339	51	287
339	81	159
343	224	72
344	264	66
349	378	58
357	239	69
365	286	65
372	363	56
375	206	74
376	183	82
380	198	77
382	183	80
393	198	76
398	229	71
400	364	55
407	225	70
419	317	57
421	251	67
430	252	66
433	286	59
440	355	55
454	272	64
