43	165	206
43	191	199
44	168	180
46	150	220
50	216	137
52	137	199
52	208	134
54	134	209
55	130	179
55	179	119
56	143	150
57	205	110
58	119	202
59	144	133
60	116	212
62	125	153
65	114	176
65	126	136
65	151	129
65	167	117
65	180	116
68	154	125
68	244	99
70	105	200
70	106	190
70	151	109
70	176	100
71	170	101
72	202	91
73	161	106
74	111	151
74	112	141
74	199	91
75	126	122
75	156	101
76	101	194
76	225	82
77	100	174
77	101	164
77	124	122
77	147	117
78	123	127
78	178	90
79	154	108
80	107	145
80	135	112
81	95	214
81	142	111
82	128	120
82	149	95
82	157	92
82	250	80
83	133	116
83	135	111
84	112	127
84	171	85
85	123	123
85	145	103
85	195	80
86	110	127
86	116	121
86	130	113
87	109	125
87	124	108
87	147	102
87	154	87
87	176	81
87	221	71
89	89	197
89	115	119
89	121	117
89	145	92
90	98	148
90	113	121
91	122	114
91	182	78
92	105	131
92	119	115
92	123	109
92	126	107
92	133	98
92	173	75
93	120	114
94	107	124
94	122	113
94	132	103
94	146	87
94	160	81
95	102	126
95	118	111
95	130	106
95	208	65
96	95	130
96	110	113
96	116	107
96	125	105
96	130	99
96	134	97
96	143	91
96	153	86
96	155	78
97	109	111
97	124	100
97	128	98
97	136	95
97	151	80
97	247	61
98	91	149
98	101	124
98	187	64
99	84	153
99	115	105
99	127	95
99	141	93
99	175	73
100	107	119
101	94	132
101	119	103
101	136	93
101	162	71
101	211	63
102	90	134
102	104	118
102	108	112
102	126	93
102	210	63
103	93	129
103	132	92
103	137	89
103	143	88
103	147	78
103	153	77
103	180	64
103	220	59
104	114	106
104	118	104
104	123	96
104	132	89
104	158	75
105	78	224
105	79	157
105	88	144
105	99	123
105	102	112
105	111	110
105	122	96
105	131	90
105	145	78
105	189	62
106	95	116
106	110	105
106	121	101
106	125	91
106	141	82
107	108	109
107	120	96
107	139	88
107	246	52
108	77	167
108	101	110
108	113	100
108	154	71
109	93	126
110	91	122
110	163	62
110	211	54
111	90	123
111	94	117
111	112	98
111	124	92
111	230	51
112	116	93
112	121	90
112	133	83
112	137	78
112	172	60
113	100	111
113	190	53
113	199	52
113	250	48
114	82	132
114	108	101
115	107	106
115	110	100
115	111	96
116	93	121
116	94	114
116	106	101
117	85	127
117	92	116
117	112	94
117	132	84
117	139	74
117	155	62
117	208	49
118	71	190
118	100	103
118	115	89
119	130	84
119	255	45
120	110	97
120	173	51
121	87	121
121	99	112
121	102	98
121	123	83
121	133	80
122	91	117
122	256	42
123	70	222
123	71	155
123	84	129
123	97	112
124	94	109
125	83	127
125	95	103
125	175	50
125	250	44
126	98	99
127	82	130
127	113	87
127	119	86
127	136	69
127	142	68
128	94	105
128	105	94
129	91	109
130	76	136
130	87	114
130	91	108
130	94	104
130	112	85
130	229	48
130	253	43
130	260	41
132	84	121
132	127	80
133	103	97
134	111	86
134	116	83
134	133	71
135	95	98
135	113	83
136	63	188
136	72	154
136	85	113
137	122	82
138	67	141
138	110	92
139	102	97
140	87	108
140	188	43
141	106	87
141	125	73
141	135	70
142	61	195
142	153	59
143	124	73
143	130	70
144	83	114
144	142	67
145	60	209
145	79	119
145	190	42
147	130	69
147	136	68
148	94	89
148	110	83
148	230	39
149	64	141
149	74	135
149	75	125
149	119	72
149	125	71
150	110	78
151	61	154
152	162	55
153	140	64
155	57	199
155	71	120
156	57	179
157	99	85
158	83	112
159	59	156
159	108	81
160	104	78
161	88	90
161	160	52
162	59	139
162	168	51
163	124	70
165	113	73
166	137	62
167	55	155
167	71	111
167	99	79
168	54	184
168	126	65
170	156	56
171	144	58
173	133	61
174	117	66
174	157	50
175	54	152
176	146	53
177	79	110
178	176	44
178	207	37
180	106	77
181	175	44
181	206	37
182	70	105
182	83	89
182	88	87
182	93	85
184	60	123
188	94	78
188	111	69
188	141	57
192	174	41
194	172	42
195	51	185
197	53	152
197	55	136
197	141	52
199	193	39
200	88	82
201	101	76
202	63	116
202	67	107
207	50	185
207	82	87
208	126	61
215	167	41
216	100	73
217	156	44
226	90	78
228	52	177
230	78	89
232	134	52
233	53	149
234	48	198
236	115	65
240	108	64
242	52	161
243	50	171
254	86	80
260	123	56
