56	499	483
56	502	470
57	456	469
57	501	424
58	455	423
59	405	441
59	499	397
59	524	396
61	384	416
61	387	410
65	420	367
66	374	366
67	418	340
69	362	384
70	462	328
72	262	477
72	436	303
73	404	332
75	247	474
75	451	284
76	361	391
76	429	288
77	332	380
77	411	271
78	407	279
79	317	362
79	378	326
81	422	260
82	345	339
82	384	265
87	236	425
87	380	256
88	235	400
89	301	354
90	368	242
92	224	410
92	353	250
96	293	334
102	211	380
103	230	356
103	331	236
105	272	315
108	278	288
108	304	230
109	224	337
110	228	326
111	200	346
111	392	178
113	234	299
114	298	230
115	341	223
116	340	190
117	388	165
122	286	210
122	336	177
123	266	242
124	220	278
124	305	186
128	280	210
128	290	189
133	298	181
139	233	212
153	474	103
155	408	116
159	98	443
164	357	125
166	100	408
166	115	351
168	223	179
172	119	330
178	388	103
179	474	82
181	352	105
188	126	314
190	110	306
190	116	280
190	134	235
191	104	369
196	121	253
199	97	340
206	90	391
210	88	401
216	92	384
233	123	207
244	129	178
250	116	251
251	292	99
254	128	175
258	114	269
260	107	265
261	157	160
264	96	318
274	98	309
277	175	159
277	287	101
282	119	176
283	318	90
286	164	140
290	86	355
294	144	151
297	167	133
300	96	252
300	447	73
303	95	268
304	69	372
306	87	296
308	117	211
311	312	98
312	360	80
315	81	365
318	145	144
319	83	314
324	488	58
325	85	310
328	169	127
329	64	396
329	102	228
331	119	157
332	104	180
335	463	67
339	92	281
339	359	79
340	354	88
341	84	282
341	157	128
345	90	274
345	390	68
347	356	86
352	392	66
355	175	121
359	79	309
359	93	189
359	373	78
362	118	161
364	163	123
364	409	58
365	61	420
366	71	358
367	486	56
372	65	379
378	80	298
384	74	319
386	100	180
395	77	314
396	382	76
397	60	403
401	418	56
403	151	112
406	70	361
411	59	446
412	64	382
415	409	56
416	200	92
417	117	171
424	98	184
426	157	107
427	105	175
434	61	361
437	59	406
443	58	470
443	92	189
443	177	103
447	58	469
452	207	91
453	89	223
453	90	182
461	212	82
462	59	399
470	88	186
473	95	177
