42	305	337
42	316	316
42	337	312
43	289	359
43	292	300
43	301	286
43	314	271
44	281	304
44	289	271
45	271	350
45	303	233
46	288	227
47	255	331
47	260	259
47	268	241
47	284	213
47	307	210
48	317	206
49	240	285
49	319	195
50	234	270
50	242	262
50	251	210
50	323	189
51	225	307
51	236	228
51	241	224
51	248	205
51	269	194
51	297	185
52	218	309
52	222	242
52	228	219
53	215	261
53	326	173
54	204	330
54	233	202
54	257	189
55	230	205
55	253	191
55	265	182
55	341	171
56	192	319
56	196	294
57	212	285
57	258	178
57	321	162
58	208	212
58	214	201
58	217	199
58	269	173
58	284	161
59	211	200
59	318	160
60	196	254
60	215	195
61	192	293
61	205	211
61	239	177
61	272	157
62	194	243
62	200	211
62	201	202
62	204	200
62	241	171
62	244	169
62	256	168
62	309	156
63	193	230
63	198	201
63	205	195
63	292	148
64	236	181
64	276	148
64	300	143
65	200	194
65	203	192
65	222	191
65	223	179
65	267	160
66	176	277
66	180	252
66	191	233
66	197	193
66	222	170
66	225	168
66	247	166
66	261	150
67	192	196
67	276	147
67	279	143
67	319	136
68	201	186
68	263	143
69	190	214
69	226	164
69	269	140
69	289	136
69	302	134
70	163	278
70	167	253
70	191	188
70	200	182
70	275	139
71	184	219
72	208	179
72	218	164
72	244	159
72	279	133
73	167	243
73	169	217
73	289	129
74	160	272
74	205	168
74	220	163
74	260	136
74	262	134
75	259	143
75	264	132
75	312	126
76	160	230
76	162	229
76	171	207
76	207	157
76	210	155
76	283	127
77	149	274
77	155	242
77	164	219
77	179	198
77	186	192
77	190	170
77	254	143
78	249	144
78	277	125
78	282	123
79	204	167
79	232	154
80	164	209
80	167	197
80	178	184
80	189	182
80	197	167
80	203	156
80	227	138
80	251	127
80	270	122
80	305	120
81	142	293
81	157	238
81	184	165
81	195	164
82	159	212
82	199	163
82	204	154
82	226	146
82	240	136
82	293	119
83	139	272
83	159	204
83	169	194
83	181	182
83	224	134
83	249	128
84	146	240
84	150	215
84	152	208
84	170	172
84	190	164
84	195	161
84	211	147
84	244	123
84	252	120
84	257	119
85	223	137
85	258	118
86	162	182
86	190	160
86	193	158
86	203	152
86	210	141
86	239	132
86	280	116
87	173	169
87	179	162
87	238	130
88	139	259
88	202	139
88	215	136
89	138	290
89	153	204
89	159	192
89	168	181
89	187	153
89	217	134
90	136	238
90	140	213
90	158	177
90	159	176
90	169	174
90	186	147
90	211	130
90	222	123
90	268	109
91	125	316
91	166	167
91	181	154
91	240	121
91	309	107
92	129	295
92	151	186
92	162	170
92	178	165
92	221	122
92	256	107
93	122	334
93	128	241
94	173	159
94	190	144
95	159	169
95	200	128
95	255	109
95	278	105
96	120	267
96	150	173
96	182	147
96	198	137
96	220	122
96	231	116
96	257	103
97	151	171
97	172	149
97	193	141
97	215	122
98	138	202
98	199	128
98	318	99
99	126	252
99	165	168
99	176	144
99	195	135
99	213	121
99	229	110
99	244	106
100	137	187
100	138	186
100	167	159
100	198	127
100	200	120
100	208	119
100	231	106
101	111	336
101	148	180
101	164	160
101	166	144
101	209	117
101	217	112
101	220	110
102	110	282
102	119	229
102	127	221
102	129	197
102	164	153
102	185	135
102	198	120
102	264	100
103	134	194
103	158	154
103	170	137
103	206	113
103	218	107
103	251	100
104	131	187
104	147	163
104	190	125
105	148	161
105	157	160
105	213	108
105	261	99
106	105	305
106	129	183
106	312	92
107	124	208
107	137	178
107	165	146
107	181	127
107	199	111
107	212	110
108	120	221
108	147	159
108	155	150
108	163	148
108	184	118
108	235	105
108	236	103
108	281	93
109	139	168
109	162	142
110	126	198
110	136	177
110	159	143
110	167	141
111	136	172
111	166	135
111	172	130
111	233	103
111	256	97
112	110	235
112	164	137
112	181	125
113	103	262
113	127	196
113	134	177
113	156	143
114	126	173
114	135	172
114	138	156
114	154	145
114	161	141
115	146	150
115	153	139
115	177	123
115	181	122
115	226	105
116	118	213
116	150	142
116	162	127
116	180	116
116	310	87
117	157	132
117	242	95
117	259	93
118	108	241
118	122	178
118	145	150
118	155	132
118	179	115
118	189	107
119	112	207
119	139	152
119	147	140
119	149	139
119	181	114
119	202	102
119	251	93
120	116	188
120	174	117
120	181	113
120	262	89
120	279	87
121	109	212
121	134	153
121	145	145
121	146	136
121	151	133
121	164	125
121	176	108
122	132	156
122	144	139
122	171	113
122	271	87
123	93	310
123	94	268
123	129	171
123	130	159
123	150	129
123	168	116
124	143	151
124	148	132
124	230	98
125	120	173
125	143	145
125	172	109
125	184	104
125	211	96
126	126	160
126	165	114
126	167	113
126	198	100
127	114	183
127	250	92
128	120	170
128	151	124
128	164	110
128	204	98
128	206	97
128	231	90
128	308	81
129	128	157
129	136	146
129	162	113
129	218	94
129	240	89
130	106	211
130	140	138
130	187	101
131	138	144
131	142	131
131	226	91
132	107	209
132	117	179
132	121	169
132	184	102
132	260	83
133	87	321
133	139	139
133	146	124
133	154	122
134	102	235
134	113	180
134	169	107
134	188	100
135	111	194
135	115	179
135	130	149
136	130	147
136	132	146
136	177	101
137	93	236
137	105	192
138	90	309
138	135	133
138	165	105
138	196	94
138	238	87
139	119	161
139	128	153
139	154	120
139	157	113
139	160	111
140	91	292
140	100	218
140	130	143
140	139	126
140	247	86
140	287	81
141	125	159
141	160	107
141	216	88
141	303	76
142	84	316
142	109	177
142	123	152
142	159	112
143	127	137
143	129	136
144	103	187
144	182	96
144	258	82
145	114	174
145	119	152
145	121	147
145	123	146
145	131	130
145	153	107
145	173	100
145	211	89
146	119	149
146	145	115
146	165	104
147	143	118
147	192	93
148	113	159
148	231	83
149	91	223
149	125	135
149	148	111
149	287	79
150	127	128
150	145	111
150	147	110
150	194	91
151	87	294
151	89	274
151	169	102
152	78	327
152	121	138
152	131	121
152	152	107
152	172	101
152	251	82
153	108	183
153	158	104
153	164	103
153	166	98
153	214	85
154	85	253
154	101	182
156	99	183
156	149	108
156	315	72
157	114	157
157	141	116
157	171	97
157	177	96
157	209	86
157	228	84
157	236	81
157	264	78
158	107	174
159	72	308
159	85	234
159	112	157
159	126	132
159	190	90
160	80	262
160	229	80
160	256	75
161	123	131
161	151	106
161	162	98
162	152	102
162	165	96
162	298	72
163	115	139
163	149	106
163	223	84
163	290	71
164	125	124
165	109	149
165	139	119
165	164	95
165	170	94
165	203	89
165	315	70
166	78	271
166	98	202
166	243	78
167	83	260
167	120	132
167	198	86
168	151	104
168	177	91
168	184	89
168	254	77
168	270	74
169	119	129
169	137	113
169	184	88
170	101	166
170	212	81
171	95	193
171	101	163
171	312	69
172	78	255
172	83	223
172	94	210
172	107	161
172	159	100
172	204	82
173	160	98
173	200	83
173	292	69
174	111	141
174	150	99
174	163	93
174	213	80
175	67	311
175	80	243
175	88	203
175	225	77
175	231	76
176	104	151
176	132	104
177	66	338
177	114	136
177	165	92
177	171	91
177	186	87
177	233	74
177	239	73
178	116	131
178	117	124
179	116	129
179	207	80
180	91	188
180	95	178
180	110	141
180	111	134
180	147	101
180	248	71
182	67	292
182	72	266
182	199	85
182	271	69
183	90	178
183	122	117
184	90	175
184	120	121
184	282	68
185	107	140
186	71	268
186	107	139
186	164	90
186	187	86
186	240	72
187	100	154
187	115	129
187	128	106
187	167	88
187	173	87
188	130	101
189	98	169
189	106	146
189	184	84
190	198	81
191	87	220
191	97	163
191	105	143
191	106	136
191	143	95
191	179	86
191	202	80
191	269	68
192	105	141
192	115	120
192	206	78
192	300	66
193	95	166
193	152	92
193	166	87
193	214	76
193	233	71
194	109	132
195	61	330
195	250	69
196	322	65
197	67	285
198	62	295
198	78	219
198	96	152
198	124	105
198	299	66
199	61	308
199	80	208
199	96	151
199	232	72
200	83	182
200	99	150
200	104	141
200	168	84
201	212	73
202	88	180
202	109	129
202	151	90
202	163	87
202	202	77
203	181	80
203	200	77
203	250	68
204	93	158
204	144	91
204	147	90
204	188	77
204	204	75
204	210	74
205	104	132
206	102	148
207	98	144
207	167	84
208	82	180
208	99	140
208	231	72
210	58	348
210	69	275
210	88	170
212	199	75
213	60	321
215	89	156
215	130	98
216	181	78
216	257	66
217	78	186
217	92	154
217	190	75
218	103	130
219	73	249
219	81	184
219	112	114
220	71	244
220	185	77
221	82	173
221	86	172
221	147	89
221	168	79
221	233	68
222	171	77
222	177	76
222	258	65
223	134	90
223	309	62
224	91	148
224	167	80
224	201	73
225	87	166
226	59	298
226	126	97
228	60	243
228	63	225
230	85	168
230	148	88
230	221	69
230	321	60
232	78	183
232	101	126
232	256	67
232	311	61
234	56	321
234	80	175
234	81	173
234	153	85
235	96	134
236	148	87
237	55	325
237	155	79
237	167	76
237	173	75
239	62	242
239	67	209
239	82	171
239	148	80
239	151	79
239	288	61
241	253	64
242	242	67
243	73	201
244	53	333
245	82	163
245	298	60
246	72	198
246	76	192
246	79	174
248	204	69
250	311	59
251	172	74
252	52	343
252	77	185
252	186	72
252	225	67
255	58	233
255	61	215
256	55	262
256	86	152
257	57	255
257	284	61
257	299	59
261	51	303
261	228	65
262	293	59
263	55	256
263	68	193
265	256	63
266	60	232
267	267	62
270	336	57
272	161	76
274	285	59
275	59	229
277	274	60
278	75	175
279	192	69
280	49	330
280	73	180
280	182	72
280	199	68
282	268	60
288	53	265
291	50	275
292	52	268
293	54	242
294	252	62
294	260	60
298	48	296
300	191	69
306	48	292
308	191	68
308	221	67
308	274	58
311	330	57
319	47	328
325	189	71
327	47	324
329	269	59
336	235	61
339	329	54
352	243	60
353	203	65
353	215	63
363	335	53
366	306	54
369	223	62
380	276	57
