47	397	455
47	401	432
47	425	422
48	356	496
49	345	495
49	404	379
50	347	451
51	348	420
51	398	346
56	332	366
57	278	469
57	389	334
57	396	303
58	273	456
58	386	301
59	325	433
59	410	291
60	317	347
60	397	291
62	424	276
63	251	447
63	367	288
63	387	273
64	273	437
64	347	316
65	306	418
65	350	277
66	263	382
66	445	258
67	234	468
67	274	364
67	325	284
67	408	255
68	255	355
68	290	321
68	336	279
68	376	255
69	227	445
69	269	325
69	278	322
69	320	276
69	374	260
69	441	247
70	226	412
70	248	363
71	233	375
71	269	311
71	339	268
72	306	271
72	343	255
73	248	334
73	338	264
73	397	236
74	255	306
75	216	420
75	285	279
76	274	304
76	327	245
76	374	231
76	432	226
77	274	275
77	322	256
77	324	251
78	219	363
79	198	431
79	202	401
79	208	368
79	229	321
80	296	269
80	311	255
80	312	238
80	354	230
81	219	334
82	301	250
82	322	236
82	369	220
83	189	426
83	193	410
83	197	408
83	282	264
83	475	209
84	299	252
85	185	422
85	189	395
85	242	280
85	295	241
86	189	366
86	206	336
86	261	272
86	333	231
86	345	217
86	354	213
87	178	454
87	184	407
87	186	398
87	218	329
87	257	258
87	303	238
88	292	251
89	259	252
89	292	226
89	388	212
89	439	196
90	172	502
90	196	336
90	216	295
90	272	241
90	318	214
91	182	356
91	409	199
92	206	308
92	228	273
93	170	404
93	188	353
93	262	242
93	281	234
94	182	355
94	193	311
94	275	227
94	452	188
95	165	416
95	171	380
95	252	250
95	373	210
96	178	345
96	253	248
96	431	195
96	456	182
97	160	443
97	166	392
97	193	310
97	376	204
98	192	319
98	207	278
98	247	263
98	274	235
98	351	192
99	161	419
99	187	305
99	220	263
99	243	241
99	315	220
101	175	314
102	163	370
102	282	221
102	315	203
102	369	188
103	151	453
103	230	256
103	265	224
103	305	208
104	202	274
104	231	254
104	255	231
104	318	197
104	419	187
105	152	429
105	166	349
105	172	328
105	249	239
105	264	219
105	365	189
105	385	174
106	191	282
106	251	232
106	274	217
107	160	383
107	165	311
107	217	266
107	221	247
107	276	215
108	360	189
108	381	176
109	197	275
109	253	228
109	304	200
109	349	185
110	151	365
110	348	174
111	185	284
111	191	272
111	233	235
111	279	199
111	447	172
111	470	170
112	180	280
112	269	203
112	320	195
112	460	153
114	169	288
114	216	251
114	312	185
114	420	170
115	245	226
115	266	209
116	218	245
116	257	208
116	369	168
116	424	164
117	175	281
117	292	192
118	163	321
118	302	177
118	397	165
119	131	462
119	163	287
119	217	247
119	292	190
119	296	188
119	355	168
119	371	157
119	454	146
120	130	444
120	195	256
120	200	250
120	221	235
120	249	210
121	208	241
121	234	220
121	254	206
121	315	173
121	319	168
122	250	199
122	271	198
123	132	442
123	160	304
123	173	267
123	211	234
123	255	196
123	351	166
124	149	335
125	133	418
125	218	228
126	202	240
126	287	187
127	138	369
127	245	216
127	262	187
128	172	265
128	217	230
128	247	196
128	257	188
128	278	183
129	225	214
129	250	191
129	317	159
129	411	143
130	124	436
130	144	306
130	266	184
130	430	139
131	183	249
131	203	236
131	240	192
132	210	222
134	116	454
134	131	406
134	247	189
134	300	157
135	165	262
135	206	219
135	292	179
135	348	155
136	208	215
136	222	210
136	239	197
136	292	160
136	405	136
137	129	399
137	163	270
137	174	251
137	176	244
137	228	194
137	454	121
138	187	236
138	194	233
138	233	187
138	372	143
139	135	381
139	136	350
139	138	328
139	207	218
139	281	160
139	343	146
139	414	133
140	124	406
140	171	250
140	207	215
140	262	167
140	314	156
141	133	384
141	151	285
141	161	253
141	228	190
141	244	177
141	418	132
142	149	305
142	219	208
142	347	145
143	175	241
143	300	146
144	133	315
144	148	299
144	188	226
144	278	157
144	290	155
145	197	208
145	212	194
145	226	189
146	173	231
146	178	230
146	229	187
146	251	170
146	313	139
147	117	426
147	154	278
147	184	228
147	191	215
147	241	180
147	259	166
148	140	311
148	165	240
148	211	197
149	112	460
149	175	229
149	215	193
149	272	152
150	131	318
150	154	271
151	146	290
151	204	201
151	214	187
152	129	315
152	190	213
152	226	182
152	256	163
153	120	353
153	137	297
153	173	222
154	172	229
154	186	207
154	233	174
154	237	167
154	348	137
154	379	129
154	400	115
155	110	415
155	114	380
155	128	326
155	158	256
155	196	195
155	206	189
155	219	180
156	144	259
156	175	219
156	200	192
156	326	126
156	466	107
157	188	204
158	154	241
158	166	232
159	128	307
159	133	281
159	166	228
159	249	159
159	258	150
160	117	322
160	193	194
160	208	180
160	339	125
160	340	124
161	101	429
161	164	223
161	169	217
161	207	182
161	209	178
161	252	157
162	139	270
162	170	215
162	270	141
162	313	126
162	373	113
162	451	103
163	160	226
163	204	185
164	127	284
164	135	264
164	173	211
164	180	201
164	218	171
164	220	168
164	279	134
164	432	107
165	98	468
165	116	334
165	191	197
165	212	174
165	323	122
166	194	186
166	210	173
166	238	162
166	244	156
166	335	121
167	109	381
167	157	228
167	170	211
167	204	176
167	292	127
168	169	215
168	222	164
168	243	160
168	370	119
169	153	240
169	161	220
169	174	202
169	179	196
169	190	185
169	205	175
169	268	144
169	312	126
170	135	261
170	191	183
170	192	181
170	199	178
170	241	150
170	278	135
170	345	120
171	226	163
171	400	111
172	171	202
172	176	196
173	113	304
173	138	251
173	177	194
173	192	178
173	212	165
173	239	149
173	250	148
173	284	132
174	167	205
174	301	122
174	321	121
174	456	96
175	134	263
175	142	243
175	157	224
175	181	189
175	253	137
176	100	424
176	231	148
176	260	136
176	402	103
177	225	151
177	289	128
178	123	293
178	140	238
178	164	207
178	177	190
178	195	177
178	258	134
178	395	112
179	99	363
179	184	179
179	213	159
179	241	140
180	111	320
180	150	220
180	155	218
180	181	181
180	185	177
180	186	175
180	192	174
180	206	165
180	215	155
180	227	148
180	235	143
181	95	438
181	179	184
181	187	173
182	90	455
182	108	314
182	119	293
182	177	184
182	184	176
182	281	124
182	291	122
182	343	119
183	103	335
183	165	196
183	169	194
183	186	172
183	213	156
183	223	154
183	240	141
183	320	106
184	91	404
184	145	230
184	167	192
184	201	162
185	156	205
185	202	160
185	256	127
185	275	119
185	353	95
185	422	93
186	129	282
186	136	246
186	152	213
186	196	163
186	208	156
186	217	146
187	138	245
187	179	175
187	211	149
187	234	139
188	134	240
188	175	180
188	194	168
188	228	142
188	288	115
189	90	384
189	177	176
190	176	177
191	137	228
191	187	163
191	195	161
191	227	137
191	298	112
191	301	108
192	180	172
192	182	169
192	188	161
192	221	143
192	456	87
193	182	168
193	246	132
193	255	121
193	293	111
193	426	87
194	114	287
194	156	204
194	170	181
194	187	160
195	102	337
195	174	173
195	175	171
195	199	151
195	216	146
195	242	125
196	149	212
196	176	169
196	181	164
196	193	154
196	267	114
196	308	102
197	98	347
197	195	150
197	220	137
198	106	289
198	135	234
198	142	217
198	192	153
198	200	146
198	214	140
198	232	128
198	309	98
199	89	437
199	185	160
199	194	149
199	207	144
199	290	104
199	439	84
200	100	324
200	127	248
200	159	188
200	174	167
200	177	166
200	278	108
201	105	302
201	156	193
201	179	162
201	184	161
201	187	156
201	287	103
201	335	90
202	154	195
202	168	171
202	172	168
202	189	152
203	119	272
203	195	148
203	214	135
203	291	101
204	178	160
204	182	155
204	189	151
204	203	145
204	339	87
205	81	445
205	90	347
205	97	304
205	149	200
205	156	190
205	165	173
205	183	153
206	158	183
206	167	169
206	226	131
206	253	112
207	85	406
207	131	223
207	182	152
208	108	283
208	110	259
208	153	189
208	156	184
208	163	176
208	170	163
208	209	137
209	86	382
209	92	315
209	129	237
209	171	161
209	203	140
209	243	117
209	247	113
209	266	105
210	175	158
210	190	142
210	200	141
210	354	81
211	135	214
211	170	160
211	203	138
211	230	119
211	446	79
212	177	154
212	189	141
213	112	246
213	125	244
213	179	150
214	149	189
214	174	154
214	205	133
214	224	120
214	366	79
215	101	274
215	139	202
215	145	197
215	163	163
215	166	162
215	180	147
215	216	130
215	218	123
216	83	414
216	104	262
216	188	145
216	299	98
217	159	166
217	169	156
217	178	148
218	84	386
218	118	232
218	142	196
218	154	176
218	171	155
218	331	83
219	80	397
219	97	285
219	107	253
219	155	174
219	176	148
219	202	137
220	76	438
220	167	156
220	187	136
220	196	133
221	106	249
221	123	221
221	148	191
221	211	128
221	238	118
222	92	293
222	116	244
222	172	149
222	230	114
222	287	102
222	343	81
222	428	75
223	95	277
223	126	216
223	179	144
223	182	139
223	247	109
223	310	84
224	87	344
224	137	209
224	158	161
224	179	142
224	232	110
224	434	74
225	76	378
225	91	298
225	125	215
225	141	189
225	214	121
226	115	232
226	134	203
226	154	164
226	156	162
226	174	142
226	190	132
226	396	77
227	91	288
227	107	247
227	180	139
227	271	104
228	85	319
228	204	127
228	309	89
228	402	76
229	74	446
229	163	150
229	237	109
230	128	202
230	258	102
230	273	90
231	177	141
231	205	121
231	225	109
232	102	270
232	103	252
232	109	234
232	145	179
233	88	291
233	119	215
233	131	193
233	178	134
233	198	121
233	207	119
234	116	223
234	142	173
234	172	137
234	265	98
235	124	210
235	130	201
235	169	140
235	195	124
235	271	88
236	80	332
237	111	230
237	129	198
237	161	145
237	219	110
238	80	331
238	85	313
238	179	133
238	190	124
239	218	110
239	315	74
240	114	211
240	123	196
240	155	152
241	100	242
241	197	121
242	81	315
242	97	272
242	156	150
242	168	136
243	89	286
243	157	149
243	257	98
244	91	265
244	113	215
244	188	119
244	226	103
244	294	75
244	385	70
244	395	68
245	84	314
245	131	189
245	167	136
245	185	122
246	286	78
247	98	250
247	110	217
247	239	96
247	364	73
248	127	184
248	153	147
248	178	122
248	205	112
248	220	107
248	350	69
249	199	112
249	219	109
250	70	413
250	80	305
250	125	191
250	135	172
250	166	131
250	199	110
250	206	107
250	393	67
251	102	232
251	192	117
252	100	237
252	107	227
252	112	203
252	248	91
252	277	82
253	76	362
253	88	286
253	98	239
253	194	116
253	222	105
254	106	222
254	233	95
255	115	194
255	171	130
255	327	73
256	104	218
256	165	139
257	134	161
257	197	107
258	356	67
259	87	259
259	107	209
259	129	175
259	165	127
260	105	214
260	219	104
261	93	252
261	95	239
261	158	135
261	268	75
262	100	234
262	141	148
262	218	97
263	72	346
263	86	296
264	68	414
264	76	323
264	89	246
264	90	244
264	182	119
264	251	89
265	80	303
265	190	112
266	67	451
266	68	404
266	97	225
266	209	105
266	221	91
266	261	81
267	72	345
267	166	125
267	194	109
268	121	188
268	172	120
268	270	74
269	84	302
270	166	119
270	250	78
271	175	116
272	105	208
273	66	440
273	152	127
273	243	89
274	92	238
274	164	122
275	155	123
275	220	91
275	261	75
276	72	319
276	149	135
276	303	67
277	86	286
277	183	110
277	241	79
278	67	371
278	79	297
278	123	176
278	147	136
278	164	114
278	202	104
278	232	85
278	279	70
280	107	191
280	240	82
280	408	65
281	150	122
281	190	108
283	324	64
284	139	130
284	214	103
285	75	282
285	367	62
286	204	100
287	69	346
288	258	75
289	187	102
290	100	198
290	136	134
290	301	68
292	90	238
292	188	98
293	185	105
293	211	90
293	330	62
294	72	312
294	99	212
294	107	184
295	84	239
295	121	167
295	136	130
296	67	354
296	83	269
296	173	108
297	159	112
297	168	110
297	254	73
298	154	114
298	157	113
299	138	129
299	358	60
301	79	264
302	71	330
302	80	242
302	87	223
302	103	193
302	322	66
303	102	192
304	92	219
304	100	191
305	245	72
305	281	67
305	299	63
305	351	60
306	132	154
307	125	141
307	275	66
308	63	373
309	79	247
310	165	109
310	174	106
310	178	104
310	238	78
311	67	323
311	181	102
312	67	319
312	163	105
312	236	73
313	63	363
313	135	125
313	193	94
315	61	399
315	72	289
316	81	228
316	184	96
316	208	91
317	106	181
317	176	101
317	250	69
318	124	152
318	143	124
318	204	92
318	222	77
318	312	62
319	105	167
321	65	327
321	129	130
321	286	64
322	94	213
322	314	60
324	70	297
324	351	58
327	77	234
327	89	195
327	90	193
327	148	109
327	404	56
328	117	166
328	121	155
328	147	121
329	194	91
329	277	64
330	94	191
330	115	163
331	84	220
331	120	152
332	67	300
332	187	89
332	268	68
333	64	322
333	73	269
333	182	91
334	235	76
336	259	65
337	198	86
341	59	389
341	65	308
341	116	157
341	136	119
342	71	277
344	130	124
344	166	101
344	232	74
345	120	141
345	213	81
346	253	65
347	93	184
348	85	202
349	91	191
350	68	280
350	185	88
350	224	74
351	219	76
352	80	228
352	162	100
352	195	86
354	307	62
355	130	120
356	108	161
356	204	78
356	220	74
359	66	288
361	102	166
361	217	77
362	217	75
364	62	338
364	106	164
365	203	82
366	188	81
367	183	83
367	227	70
367	338	57
367	380	55
368	64	308
368	90	184
368	109	151
370	410	54
371	63	305
371	182	88
372	83	193
373	76	239
373	137	112
377	69	255
377	211	75
378	243	65
379	120	130
379	209	72
380	287	60
381	59	334
381	128	117
381	176	88
382	57	367
383	103	161
384	122	122
384	203	77
384	215	70
385	57	360
385	230	68
386	397	54
387	196	76
389	64	285
389	65	283
389	206	74
390	105	159
391	75	230
392	73	242
396	78	206
397	66	271
397	67	267
399	271	61
400	135	112
400	176	87
401	180	82
402	58	338
402	63	301
403	110	148
403	215	69
403	424	53
404	97	165
404	241	65
405	107	155
408	59	322
408	193	76
408	270	63
409	57	355
409	95	170
409	105	142
409	417	53
410	207	71
412	122	121
412	279	60
414	142	111
416	60	308
417	102	154
417	228	68
419	75	227
420	73	239
420	93	180
421	127	112
421	301	58
422	100	159
422	177	82
424	121	117
424	219	68
431	240	65
435	69	243
436	67	255
438	94	175
440	134	107
440	145	99
441	64	274
441	94	159
443	91	165
444	382	54
446	82	191
450	86	177
450	182	80
452	121	116
455	174	83
459	85	181
460	79	200
462	100	148
464	83	186
467	355	55
468	142	98
