54	277	380
54	290	358
54	338	343
56	321	341
59	304	326
60	222	367
61	216	395
61	291	286
62	211	381
63	207	367
63	248	303
66	328	256
68	314	277
69	205	349
69	223	291
70	182	379
71	194	363
71	217	315
71	270	255
71	318	236
73	227	272
75	342	219
76	202	336
76	214	271
79	213	280
80	188	321
80	204	290
81	247	258
81	276	240
82	183	364
82	185	333
82	260	236
82	291	213
82	349	193
84	153	382
84	177	286
84	187	273
84	217	253
84	221	251
84	280	228
84	290	212
84	316	191
87	171	305
87	176	275
88	207	270
88	247	218
88	277	207
90	160	292
91	206	239
91	265	203
91	323	183
92	217	216
92	311	196
93	139	346
93	203	238
93	290	181
94	134	382
94	196	235
96	165	280
96	192	245
96	312	165
97	252	204
97	255	187
97	353	154
98	145	332
98	162	282
99	168	257
99	179	241
99	209	221
99	265	186
100	151	313
100	235	190
101	235	189
102	168	243
102	242	184
103	188	211
103	215	205
103	279	170
103	413	152
104	188	210
104	204	200
104	257	183
104	320	159
105	145	310
105	225	179
105	261	175
106	135	370
106	245	165
107	150	303
108	346	155
109	132	307
109	188	203
109	198	186
109	315	151
110	130	322
110	145	260
110	183	220
110	266	152
110	394	146
110	406	134
111	245	161
112	126	340
112	177	206
113	114	364
113	119	340
113	142	271
113	219	173
113	241	167
114	109	400
114	198	182
114	347	141
116	135	259
116	140	246
116	145	233
116	165	225
116	182	183
116	229	165
117	196	173
117	209	162
117	253	151
118	168	219
118	271	149
118	318	141
119	189	181
119	202	170
119	237	152
120	255	150
120	296	148
120	310	145
120	385	126
121	108	338
121	113	314
121	154	202
122	103	374
122	176	183
123	134	247
123	193	178
124	128	262
124	146	207
124	160	184
124	229	152
124	327	130
125	168	178
125	174	174
125	189	169
125	285	146
126	123	283
126	213	153
127	167	182
128	106	358
128	111	334
128	119	301
128	136	229
128	265	144
128	281	129
129	101	394
129	112	301
129	239	146
129	251	141
129	327	115
130	135	227
130	140	214
131	129	248
131	138	224
131	155	189
131	235	142
132	157	188
132	169	177
133	146	196
133	154	181
133	351	110
134	116	283
134	176	168
135	151	179
135	397	105
136	119	258
136	168	172
136	183	164
137	91	389
137	129	228
137	135	216
137	138	191
138	123	243
138	231	145
139	166	177
139	231	136
140	97	339
140	102	315
140	158	176
140	170	168
140	172	163
140	225	135
140	301	120
141	96	353
141	101	329
141	115	284
141	137	191
141	144	174
141	198	154
142	133	193
142	149	171
142	158	164
142	217	145
142	284	122
143	142	174
143	182	155
143	186	150
143	330	108
144	118	245
144	167	158
144	201	146
144	295	107
145	130	200
145	163	158
145	230	123
145	277	111
146	136	186
146	146	170
147	249	120
148	139	179
149	192	137
149	233	121
149	261	118
150	95	381
150	119	226
150	131	188
150	136	175
150	138	171
150	162	158
150	169	151
150	210	135
151	106	283
151	130	197
151	143	168
151	166	157
152	83	383
152	86	350
152	91	326
152	105	297
152	117	268
152	118	235
152	130	193
152	136	171
152	146	159
152	294	103
153	99	284
153	104	282
153	109	258
153	122	192
154	85	356
154	116	228
154	163	156
154	190	142
155	78	418
155	140	167
155	144	164
155	188	143
156	94	319
156	96	290
156	126	184
156	128	174
156	206	127
156	216	122
156	364	91
157	106	253
157	112	217
157	121	214
157	125	184
157	193	136
157	270	107
158	105	275
158	106	232
158	149	158
158	290	98
159	121	189
159	130	172
159	272	102
160	118	204
160	139	162
161	75	425
161	100	273
161	140	156
161	244	111
162	124	184
162	131	167
162	210	120
162	242	116
162	245	107
163	127	169
163	187	134
164	121	177
164	128	168
164	196	129
164	199	127
164	207	125
164	217	116
164	234	114
165	75	381
165	77	375
165	92	280
165	118	187
165	120	181
165	122	171
165	131	163
165	173	143
165	194	130
165	196	122
165	266	100
166	115	208
166	173	136
167	98	260
167	121	176
167	238	109
168	73	391
168	88	315
168	115	202
168	144	150
169	97	245
169	114	183
169	129	162
169	158	140
169	323	93
170	109	228
170	140	154
170	190	127
171	102	234
171	119	172
171	133	156
172	90	298
172	121	166
172	126	163
172	136	152
173	71	406
173	131	160
174	111	214
174	125	160
174	130	157
174	153	143
174	250	106
174	323	90
175	105	229
176	102	218
176	113	178
176	118	167
177	70	390
177	100	235
177	138	147
177	200	118
177	370	89
178	108	185
178	112	183
178	123	159
178	170	126
179	87	298
179	102	200
179	106	198
179	114	171
180	94	261
180	127	153
181	111	173
181	143	144
181	231	104
181	380	77
182	95	226
182	110	179
183	78	346
183	90	277
183	109	181
183	124	154
183	319	86
184	97	218
184	107	177
184	115	163
184	127	152
185	67	415
185	101	192
185	150	140
185	352	77
186	76	345
186	86	295
186	119	157
186	150	133
187	90	244
187	110	169
187	134	150
187	221	104
188	113	168
188	280	95
188	291	93
188	343	81
189	71	365
189	138	143
189	289	93
190	93	233
190	104	189
190	137	142
190	199	116
190	203	108
190	278	99
191	83	307
191	87	248
191	98	204
191	229	98
193	129	150
193	255	95
194	78	318
194	90	219
194	118	152
194	251	94
195	71	311
195	74	292
195	96	200
195	115	159
195	126	150
195	175	117
196	131	138
197	95	203
197	99	194
197	124	151
197	141	135
197	329	83
199	63	395
199	124	149
199	338	77
200	105	174
200	119	151
200	120	145
201	87	236
201	98	176
201	219	103
201	289	91
203	86	222
203	117	146
203	271	85
203	337	80
204	110	158
204	120	144
204	201	113
205	81	232
206	82	225
206	99	168
206	112	149
206	153	121
206	249	94
207	93	183
208	79	274
208	150	127
209	68	367
209	139	133
209	143	131
209	202	100
209	255	88
210	130	140
210	278	80
213	105	166
213	120	143
213	122	142
213	126	139
213	130	132
213	255	87
214	92	197
215	112	148
215	300	75
216	62	419
216	71	257
216	90	197
216	116	145
216	134	126
216	195	109
217	235	90
218	178	115
219	195	108
220	62	331
220	106	155
220	117	141
221	360	71
222	70	283
222	157	116
223	80	243
223	85	209
223	126	138
224	148	125
224	185	107
224	219	96
225	94	180
225	97	172
225	130	127
226	94	163
226	133	125
226	168	113
227	139	124
227	148	122
227	161	114
228	81	228
228	82	203
228	96	154
228	132	124
229	76	218
229	128	125
229	204	97
229	209	95
229	254	82
230	58	399
230	127	133
230	178	110
230	277	74
231	135	122
231	170	112
231	233	90
233	133	120
233	160	106
233	225	91
234	64	309
234	90	184
234	93	176
234	124	134
234	153	117
234	214	91
235	77	215
235	155	115
235	296	67
236	56	368
236	87	198
236	116	140
236	150	117
237	96	153
238	100	150
238	134	118
238	200	100
238	249	79
238	273	74
239	88	171
239	107	145
239	238	79
240	65	281
240	94	161
241	150	115
241	233	87
242	64	304
243	196	93
243	360	64
244	297	65
245	54	431
245	101	146
245	116	139
245	159	108
246	89	158
246	93	155
246	181	98
247	119	132
247	131	120
248	75	255
248	123	123
248	141	112
248	154	109
248	168	102
248	220	81
250	73	230
250	278	69
251	60	343
251	67	243
251	150	105
251	267	69
252	92	150
252	117	126
252	141	111
253	98	149
254	87	181
254	132	115
255	62	282
255	239	78
257	139	112
258	126	120
258	219	86
259	52	400
259	177	101
259	186	94
260	112	136
260	141	110
260	193	89
260	227	80
260	249	71
261	54	343
261	58	279
262	73	226
262	78	194
262	166	95
262	187	88
262	219	79
263	103	141
263	117	124
264	137	113
264	174	92
265	70	237
265	178	90
266	66	247
266	87	179
266	133	112
266	183	89
266	206	83
267	213	81
267	216	80
268	82	179
268	94	142
268	186	87
269	71	202
269	112	135
270	85	154
270	89	151
270	124	116
270	259	69
271	115	128
272	51	382
272	63	255
273	141	104
274	132	110
274	212	81
274	248	69
275	192	84
276	54	312
276	162	99
277	156	95
278	128	111
278	173	94
279	55	292
279	89	150
279	235	72
279	242	71
280	51	366
280	139	109
280	193	83
280	257	65
281	70	195
281	156	94
281	188	84
283	53	324
284	51	353
284	63	239
285	61	270
285	85	152
285	245	67
285	297	62
287	356	59
288	139	108
289	204	75
289	239	67
290	59	255
290	61	252
290	89	148
290	155	96
291	191	79
292	123	120
292	168	89
292	195	77
293	111	138
294	101	135
294	120	112
295	52	317
295	139	104
295	146	102
295	203	74
295	344	59
296	93	146
296	303	59
297	62	251
297	228	70
298	133	107
298	167	89
299	230	68
299	298	59
300	210	71
300	354	58
301	54	278
301	92	136
301	252	65
302	71	181
302	177	85
302	186	84
303	101	134
303	147	93
304	62	234
304	260	63
305	104	127
305	190	81
305	211	70
306	206	71
307	158	89
308	49	373
308	131	106
310	87	147
312	220	68
313	304	58
314	52	293
314	54	261
317	98	126
317	177	83
317	221	66
317	271	59
318	81	147
319	74	164
319	80	145
319	185	76
320	66	204
321	54	259
321	110	117
322	129	103
323	127	107
325	184	76
331	51	344
332	174	83
334	131	101
335	57	238
335	198	72
336	171	79
336	193	74
337	51	332
337	125	104
337	340	56
339	204	70
340	237	63
340	252	59
341	89	137
342	48	417
344	205	66
345	203	70
347	123	103
347	164	86
349	52	280
349	76	151
350	204	66
352	162	80
355	145	95
357	67	187
358	161	80
358	191	74
359	96	127
360	102	114
361	121	100
362	51	292
362	235	63
364	48	352
364	288	57
364	346	55
366	278	58
372	136	96
377	92	124
377	221	65
378	127	97
379	127	96
380	62	218
381	249	59
386	168	76
387	199	67
391	48	345
391	241	62
391	256	58
392	125	94
393	302	56
394	49	317
395	99	114
396	235	61
401	169	75
405	151	82
406	175	73
407	278	57
410	131	90
410	255	58
