60	411	561
60	424	534
60	483	501
61	384	557
61	473	477
62	482	455
63	349	569
63	360	530
63	448	456
63	480	440
65	326	566
65	358	539
65	365	476
65	397	449
65	486	421
66	354	479
66	445	447
66	450	417
67	342	473
67	374	446
67	446	408
68	302	566
68	488	400
69	295	535
69	305	521
69	323	468
69	383	420
69	404	419
70	324	460
70	433	412
71	298	490
71	372	409
72	271	535
72	301	457
73	263	548
73	291	468
73	321	431
73	336	428
73	341	420
73	365	410
73	373	393
73	486	366
74	276	479
75	254	547
75	277	457
75	322	415
75	442	384
76	267	468
76	457	346
77	386	364
78	259	513
78	284	427
78	460	336
79	310	419
79	351	413
80	250	512
80	368	350
81	288	414
81	306	393
81	316	381
82	267	461
82	269	450
82	286	419
82	295	401
83	227	547
83	233	484
83	259	461
84	378	346
85	227	479
85	245	450
85	263	411
85	287	401
85	435	319
85	443	318
86	219	510
86	235	461
86	400	311
87	251	412
87	286	367
88	213	505
88	266	408
88	267	378
88	360	316
88	370	315
88	388	301
88	409	297
88	438	288
89	244	402
89	274	368
89	427	291
90	272	375
91	202	523
91	226	430
91	357	331
91	388	290
92	222	419
92	343	327
93	253	390
93	276	342
93	432	270
95	319	327
95	341	308
95	401	282
96	390	285
97	364	286
97	427	272
99	179	506
99	261	344
99	344	286
100	242	355
100	395	264
101	221	370
101	249	345
102	323	284
103	201	407
103	321	307
103	420	243
104	197	396
105	228	367
105	307	300
106	167	464
106	237	356
106	267	340
107	233	364
107	248	351
107	307	263
107	321	257
107	379	238
108	158	539
108	255	341
109	195	434
109	236	352
111	189	429
111	203	392
112	158	511
112	234	363
112	261	292
112	286	287
113	161	427
115	164	407
115	296	266
116	224	346
116	252	327
116	349	236
117	221	332
117	332	248
118	204	389
118	352	215
119	159	470
119	200	378
119	251	320
120	232	331
121	211	333
121	233	307
122	194	386
122	199	371
123	198	339
123	240	297
123	282	266
124	165	380
125	219	325
125	223	308
125	237	289
126	269	258
126	296	242
128	158	496
128	189	356
128	280	234
130	154	397
130	257	263
131	157	388
131	263	244
132	145	463
132	250	254
133	213	315
134	161	370
134	235	283
135	152	459
135	195	352
135	221	287
135	242	271
135	313	213
136	177	350
136	260	238
137	208	321
139	154	386
139	215	282
139	328	202
140	214	291
142	192	341
142	295	211
143	183	346
143	192	338
143	225	247
146	166	334
146	221	269
146	300	205
147	188	319
148	179	324
148	272	228
149	259	220
150	240	231
151	182	301
152	128	394
152	225	237
152	293	194
153	146	364
153	382	168
154	149	355
154	169	305
154	223	255
155	200	257
155	210	245
155	431	149
157	263	195
158	316	167
159	145	369
159	313	185
160	199	249
160	358	164
161	109	524
161	149	335
161	194	274
161	198	266
161	217	239
161	242	193
162	185	279
163	191	266
163	226	206
164	170	263
164	185	249
165	291	173
166	270	167
166	387	140
167	133	348
167	167	260
169	237	201
169	262	185
170	119	422
170	137	330
170	190	236
170	196	228
171	164	298
171	183	239
172	211	221
172	217	199
173	164	277
173	434	131
174	127	379
175	136	319
176	211	219
176	220	192
177	159	254
179	223	191
180	182	244
180	212	207
181	171	229
182	142	294
182	287	154
183	273	154
184	125	397
185	178	224
185	207	217
186	154	269
186	182	211
187	195	198
187	242	164
187	309	145
189	110	492
189	163	230
189	321	137
190	129	366
190	198	197
191	158	262
191	249	157
192	128	325
193	103	457
194	93	506
194	124	345
194	174	212
194	215	174
195	281	142
196	162	245
197	168	227
197	172	216
197	213	173
198	148	276
198	152	251
199	92	467
199	144	269
199	269	141
200	159	248
200	162	233
200	165	223
200	169	214
200	210	192
201	180	202
201	371	128
202	127	316
202	183	194
202	220	163
202	242	152
202	440	110
203	199	177
203	359	122
204	189	186
204	241	154
205	102	374
205	164	217
205	311	138
206	154	230
206	209	171
206	227	156
207	89	460
207	93	408
207	178	197
207	275	128
208	161	215
208	225	157
209	97	388
209	105	354
209	171	199
209	215	158
209	438	108
210	136	265
210	205	167
211	125	296
213	103	355
213	140	238
213	151	225
214	109	329
215	100	344
215	148	226
215	170	198
215	249	140
216	131	262
216	216	152
216	469	102
217	98	369
217	106	335
217	139	237
217	163	200
217	206	161
217	212	155
218	86	475
218	118	276
218	197	168
218	208	158
218	232	145
218	290	126
219	91	410
219	95	358
219	103	324
220	157	209
220	198	165
220	218	150
221	135	249
222	131	257
222	165	199
222	253	131
222	292	116
222	370	105
223	94	399
223	110	300
223	113	296
223	116	278
223	245	139
224	205	155
225	102	334
225	127	248
225	134	242
225	166	191
225	221	146
226	111	280
227	117	263
227	123	246
227	155	211
227	197	159
227	211	146
228	190	166
229	97	348
230	276	119
231	143	211
231	153	208
231	236	138
233	121	261
233	198	156
234	124	241
234	126	235
234	212	140
234	222	136
234	227	131
235	120	249
235	159	188
235	165	181
235	202	149
236	119	256
236	131	224
236	190	160
236	193	156
237	102	292
237	164	183
238	153	197
238	317	115
239	130	231
239	158	191
241	93	368
241	102	285
241	109	268
241	354	110
242	100	330
242	177	165
242	201	143
242	212	134
242	423	92
243	128	228
243	139	209
243	157	182
243	354	107
244	84	478
244	155	188
245	85	424
245	215	133
246	80	501
246	107	278
246	151	194
247	385	104
248	118	240
249	214	133
250	168	171
250	212	131
251	107	269
251	194	144
253	133	207
253	185	148
253	264	113
255	113	266
255	137	201
255	150	193
256	130	208
258	81	456
259	119	225
259	297	107
259	300	97
259	468	87
260	115	233
260	260	129
261	83	388
261	93	294
261	153	170
262	78	496
262	248	111
263	236	115
265	131	199
266	118	227
266	140	190
267	91	358
267	178	144
268	129	207
269	114	238
272	108	249
273	127	199
273	295	107
274	151	178
274	248	107
275	98	271
275	126	197
275	155	163
275	430	86
276	125	221
276	204	124
278	138	182
278	181	137
278	228	112
279	112	215
279	226	110
279	266	104
280	80	389
281	90	289
281	182	132
281	334	88
284	74	511
284	93	268
286	213	118
288	199	125
289	426	86
290	124	193
290	185	130
290	213	117
291	101	248
291	219	109
292	247	107
293	124	191
294	346	85
296	474	78
298	118	207
301	361	83
302	122	188
303	121	191
305	153	143
306	115	194
306	243	107
306	290	102
310	105	237
312	77	417
312	246	106
313	253	103
314	293	92
315	226	105
315	272	95
316	277	91
318	121	185
318	460	74
321	93	256
321	267	92
321	383	78
322	114	192
322	409	75
323	158	131
326	321	90
328	246	96
328	282	90
329	198	129
330	111	183
330	140	172
331	96	245
331	100	231
334	327	80
335	83	374
336	309	80
337	328	78
339	107	201
340	482	70
342	164	122
343	469	73
344	151	163
345	307	80
347	138	168
348	101	220
348	270	88
348	455	74
349	321	77
350	465	69
351	106	210
352	91	239
355	238	89
355	285	81
355	452	68
356	271	87
359	299	78
360	424	72
360	463	67
363	153	128
364	76	414
364	84	266
364	345	76
365	88	261
366	80	359
367	444	67
369	92	228
371	144	162
371	202	112
372	162	121
373	103	201
373	485	66
375	214	107
375	407	74
375	435	71
375	474	66
376	80	332
378	100	219
379	452	66
381	83	266
383	387	74
385	248	87
386	320	77
387	377	75
388	127	180
388	264	84
389	484	65
390	76	350
391	168	112
391	473	65
392	395	70
394	94	209
394	463	65
395	67	410
395	429	69
396	419	66
397	393	73
398	281	80
399	135	162
400	409	67
402	239	87
402	281	76
403	376	74
404	99	195
404	152	139
404	361	70
405	200	100
406	227	86
406	495	64
409	63	428
410	69	399
410	425	65
411	166	111
411	277	80
412	82	274
413	361	68
414	463	64
415	61	468
416	146	148
416	408	66
418	91	221
418	303	75
424	65	417
424	203	97
425	242	83
426	129	171
427	78	296
428	144	150
428	372	67
429	116	178
430	425	64
430	484	63
431	61	438
431	89	226
431	93	204
431	299	75
431	383	66
432	205	91
434	66	401
435	316	70
436	90	219
437	466	63
439	370	66
440	143	145
440	280	78
441	74	301
445	264	78
446	63	427
446	508	62
447	61	435
448	312	70
449	218	86
453	307	71
456	64	411
458	115	178
458	188	110
460	87	231
460	302	73
460	354	66
462	277	73
464	336	67
465	58	470
465	142	158
466	170	107
467	237	81
468	158	127
471	83	238
472	58	461
473	85	236
473	490	61
474	378	64
476	59	436
477	315	68
479	157	115
480	398	63
482	459	61
485	362	65
486	60	420
487	259	76
489	350	66
492	322	67
493	300	71
495	80	250
495	362	64
497	147	124
498	310	68
502	77	263
510	299	69
510	334	66
511	383	63
514	284	71
525	432	61
535	458	60
