53	421	348
53	426	331
59	399	312
59	404	295
61	282	342
61	370	253
62	303	257
63	283	315
65	290	284
65	294	244
65	403	212
66	320	221
67	278	251
67	286	247
68	251	289
68	283	240
68	304	228
68	333	219
68	394	199
69	300	236
70	237	323
70	261	274
70	264	258
70	378	206
71	228	361
71	243	269
72	273	232
72	318	200
72	327	196
72	347	191
72	356	187
73	226	283
73	299	209
75	216	291
75	239	252
76	208	335
76	264	232
76	388	176
77	222	266
77	292	207
78	309	188
78	318	184
79	262	215
79	308	199
80	240	247
80	297	189
81	351	170
81	391	166
82	199	303
82	242	228
82	295	202
82	332	183
84	307	184
85	261	198
86	287	190
87	283	188
87	313	167
87	365	164
88	201	248
88	232	245
89	271	192
89	306	180
90	223	232
90	315	165
90	332	157
91	169	372
91	191	276
92	167	329
92	202	241
92	236	207
92	249	206
92	277	176
92	417	146
93	212	216
93	253	187
94	240	200
94	249	196
94	262	185
94	392	147
95	202	236
95	221	209
95	313	162
96	177	260
96	193	250
96	206	224
96	227	206
96	228	201
96	303	175
97	238	192
97	380	140
98	159	287
98	167	268
98	177	237
98	227	195
98	276	168
98	281	166
98	373	150
99	170	248
99	191	235
99	200	231
99	222	207
99	223	200
99	246	191
99	355	141
99	397	139
100	148	352
100	161	265
100	266	183
101	149	331
101	184	222
101	263	177
101	300	156
101	331	154
101	358	137
102	157	312
102	163	251
102	167	250
102	172	244
102	186	217
102	211	197
103	144	332
103	147	312
103	151	309
103	154	268
103	161	259
103	198	214
103	244	179
103	316	144
103	333	138
103	411	132
104	178	228
104	220	190
104	254	176
104	360	133
105	142	313
105	147	297
105	177	216
105	192	214
105	243	173
105	273	153
105	278	151
106	196	207
106	204	197
106	239	178
106	263	169
106	335	134
107	136	364
107	141	302
107	156	247
107	215	189
107	251	166
107	256	164
108	175	210
108	222	182
108	245	171
108	248	169
108	262	163
108	297	141
108	381	130
109	133	344
109	143	280
109	168	221
109	375	125
110	159	238
110	200	188
110	229	181
110	259	163
111	131	325
111	154	259
111	182	209
111	194	201
111	350	126
112	136	294
112	161	224
112	165	223
112	170	217
112	211	186
112	238	172
112	281	144
112	329	134
113	145	259
113	152	241
113	177	209
113	194	198
113	229	178
113	230	169
113	237	167
113	239	162
113	260	159
113	330	130
113	373	121
114	128	325
114	188	194
114	197	190
114	225	170
114	230	168
114	254	158
114	273	147
114	301	137
114	332	128
114	366	120
115	131	302
115	133	294
115	140	286
115	160	235
115	163	220
115	165	209
115	186	202
115	220	185
115	238	156
115	243	154
115	348	122
115	370	119
116	158	226
116	169	208
116	177	194
116	277	140
116	299	133
116	304	131
116	341	121
117	139	258
117	154	220
117	194	193
117	212	181
117	258	153
117	263	151
117	269	150
117	325	127
117	345	120
118	128	302
118	134	292
118	163	203
118	167	202
118	195	186
118	204	185
118	206	180
118	212	171
118	239	152
118	244	150
118	272	145
118	274	134
118	279	132
118	305	129
118	315	126
118	397	116
119	141	253
119	158	219
119	170	197
119	182	191
119	235	157
120	134	266
120	150	234
120	174	196
120	227	154
120	263	149
120	304	127
120	330	124
120	342	120
121	129	298
121	149	247
121	152	232
121	158	211
121	160	205
121	165	199
121	169	198
121	171	194
121	275	130
121	280	128
121	298	122
121	328	119
122	145	242
122	147	238
122	150	230
122	151	222
122	254	145
122	264	143
122	391	115
123	143	232
123	148	224
123	203	185
123	226	158
123	248	144
123	297	126
124	162	201
124	163	198
124	205	174
124	209	168
124	223	160
124	232	149
124	236	145
124	248	142
124	261	141
124	366	116
125	129	275
125	157	207
125	175	183
125	197	179
125	206	173
125	369	112
126	120	310
126	128	293
126	145	228
126	147	221
126	152	209
126	158	203
126	222	157
126	251	135
126	256	133
126	274	127
126	373	111
127	137	231
127	161	192
127	165	191
127	181	181
127	208	163
127	213	158
127	232	148
128	116	343
128	132	265
128	146	214
128	168	186
128	189	169
128	194	167
128	223	151
128	289	120
128	335	113
128	348	112
128	407	108
129	117	310
129	143	224
129	151	213
129	172	185
130	128	279
130	132	239
130	142	229
130	152	207
130	157	197
130	158	194
130	167	187
130	169	183
130	226	144
130	231	142
130	240	137
130	268	126
130	310	114
130	382	109
131	122	286
131	123	274
131	144	223
131	149	211
131	207	157
131	267	132
132	147	205
132	183	170
132	233	141
132	267	130
132	287	118
132	362	109
133	129	272
133	155	204
133	156	194
133	160	190
133	167	181
133	202	161
133	255	131
133	402	108
134	122	284
134	135	227
134	155	196
134	214	156
134	215	146
134	228	143
134	238	135
134	243	133
134	261	128
134	286	120
135	149	199
135	156	192
135	197	166
135	208	153
135	300	116
135	347	112
136	111	316
136	118	283
136	126	266
136	135	220
136	166	184
136	171	171
136	193	159
136	231	139
136	250	129
136	323	111
136	337	110
136	361	108
137	130	235
137	144	203
137	164	183
137	168	178
137	187	158
137	192	156
137	266	124
137	299	117
138	164	180
138	213	144
138	218	142
138	293	116
138	303	111
138	336	109
139	127	260
139	140	218
139	150	196
139	155	186
139	173	167
139	177	166
139	234	137
139	276	119
139	390	101
139	410	100
140	117	283
140	125	236
140	140	202
140	147	200
140	168	172
140	181	163
140	186	162
140	207	146
140	275	117
140	280	115
141	120	259
141	121	247
141	136	213
141	138	212
141	145	194
141	181	159
141	197	150
141	202	148
141	261	125
141	314	110
141	347	108
141	365	102
141	385	101
142	133	220
142	148	193
142	154	183
142	158	180
142	174	164
142	190	156
142	249	128
142	260	125
143	138	205
143	164	175
143	283	114
143	327	104
143	388	99
144	126	233
144	147	188
144	167	169
144	186	158
144	207	144
144	219	139
144	232	131
144	237	129
144	255	123
144	267	122
145	109	304
145	155	178
145	250	127
145	253	124
145	306	109
145	315	106
146	102	373
146	109	289
146	124	244
146	157	177
146	165	171
146	170	165
146	213	141
146	261	121
146	269	117
146	294	109
146	340	102
146	407	96
147	102	330
147	119	264
147	121	233
147	123	232
147	145	186
147	148	183
147	179	162
147	186	152
147	191	150
147	200	146
147	221	135
147	249	127
147	252	126
147	292	110
148	112	268
148	128	220
148	131	216
148	132	210
148	140	198
148	143	196
148	173	163
148	229	133
148	268	115
149	100	366
149	129	215
149	135	204
149	138	191
149	170	161
149	172	160
149	390	98
150	103	306
150	115	256
150	136	201
150	144	187
150	152	178
150	167	166
150	205	145
150	226	131
150	289	112
151	102	310
151	114	244
151	180	153
151	206	139
151	242	126
151	320	101
151	352	100
152	105	289
152	145	183
152	151	181
152	173	158
153	125	230
153	158	170
153	164	165
153	181	151
153	193	145
153	235	130
153	289	109
153	297	105
153	308	103
154	103	286
154	119	229
154	120	228
154	128	219
154	135	201
154	215	138
154	223	133
154	230	129
154	257	120
154	354	99
154	370	97
154	415	92
155	98	330
155	129	214
155	144	183
155	151	175
155	154	172
155	155	171
155	192	145
155	280	110
155	285	107
155	337	100
156	111	256
156	129	211
156	133	200
156	305	102
156	329	100
156	390	93
157	95	378
157	117	237
157	131	204
157	144	180
157	175	155
157	191	143
157	212	138
157	219	136
157	234	125
157	435	89
158	99	306
158	108	265
158	110	241
158	124	217
158	125	215
158	126	213
158	130	198
158	132	195
158	151	171
158	172	157
158	265	114
158	352	95
158	425	89
159	118	234
159	137	185
159	148	177
159	169	155
159	171	154
159	189	147
159	212	132
159	311	99
159	332	96
160	101	279
160	118	231
160	127	207
160	144	176
160	156	170
160	241	124
160	260	112
160	400	90
161	129	203
161	167	159
161	185	147
161	190	145
161	202	136
161	211	132
161	299	101
162	115	229
162	141	179
162	150	175
162	162	161
162	173	151
162	370	94
162	428	86
163	128	199
163	130	192
163	132	190
163	154	168
163	157	164
163	170	154
163	180	145
163	189	144
163	210	130
163	238	123
163	273	107
164	106	258
164	109	243
164	120	223
164	146	174
164	198	138
164	244	121
164	253	120
164	411	86
165	117	225
165	122	203
165	150	169
165	154	165
165	156	162
165	229	122
165	236	121
166	98	316
166	112	238
166	121	211
166	127	193
166	139	179
166	163	158
166	228	128
166	274	106
166	295	103
166	369	89
166	386	87
166	431	84
167	104	256
167	118	221
167	164	155
167	166	153
167	174	149
167	196	137
167	240	119
168	97	279
168	119	217
168	125	200
168	131	189
168	133	187
168	150	165
168	157	160
168	158	159
168	189	143
168	243	114
168	248	112
168	359	93
169	94	328
169	96	322
169	113	215
169	127	191
169	131	187
169	134	183
169	147	171
169	199	132
170	95	312
170	96	309
170	103	250
170	120	200
170	122	198
170	143	170
170	205	131
171	125	197
171	260	110
171	397	86
172	139	175
172	140	173
172	142	171
172	161	155
172	166	152
172	221	128
172	226	126
172	320	93
172	341	90
173	129	186
173	131	184
173	149	168
173	153	162
173	185	144
173	188	142
173	211	128
173	212	124
173	217	122
173	270	106
174	133	180
174	156	157
174	180	144
174	386	84
175	94	293
175	96	283
175	155	156
175	157	154
175	173	149
175	265	104
176	89	348
176	109	236
176	119	212
176	127	189
176	138	173
176	149	162
176	164	153
176	178	145
176	445	81
177	86	359
177	95	286
177	96	259
177	169	151
177	190	138
177	195	136
178	108	237
178	109	231
178	118	207
178	157	153
178	166	151
178	167	147
178	374	84
179	104	237
179	111	226
179	146	166
179	168	145
179	177	144
179	201	126
179	291	96
179	312	93
180	91	325
180	93	285
180	111	212
180	139	172
180	143	168
180	146	164
180	151	161
180	246	109
180	280	102
180	356	86
181	98	245
181	120	199
181	122	196
181	123	192
181	128	186
181	130	183
181	151	160
181	173	144
181	279	98
181	331	92
182	84	387
182	98	240
182	124	190
182	132	175
182	138	169
182	236	117
183	91	307
183	94	261
183	95	249
183	113	203
183	115	201
183	119	192
183	121	190
183	222	119
183	253	104
183	371	85
184	102	224
184	276	101
185	86	327
185	109	209
185	111	207
185	117	196
185	123	185
185	144	161
185	156	148
185	174	141
185	215	119
185	221	116
186	100	232
186	126	183
186	152	156
186	233	111
186	265	102
187	84	332
187	134	174
187	137	166
187	174	138
187	258	103
187	421	80
188	114	199
188	119	189
188	148	157
188	158	145
188	163	143
188	222	114
188	290	96
188	408	80
189	366	83
189	432	79
190	88	320
190	89	298
190	145	159
190	267	100
190	305	92
190	400	80
190	445	77
191	81	366
191	127	176
191	150	154
191	153	152
191	202	121
191	320	87
191	341	84
192	90	290
192	91	269
192	118	187
192	128	175
192	161	144
192	319	90
192	376	81
193	89	280
193	97	233
193	146	157
193	153	151
193	311	88
194	110	207
194	154	149
194	195	124
194	268	97
195	84	300
195	107	214
195	133	168
195	182	135
195	285	94
196	92	241
196	110	202
196	114	194
196	153	148
196	190	130
196	242	103
197	79	369
197	109	208
197	128	172
197	175	130
197	276	95
197	321	85
197	342	82
198	82	322
198	85	276
198	105	218
198	220	113
199	93	237
199	124	178
199	138	159
199	161	141
199	264	97
200	80	327
200	101	214
200	110	194
200	134	164
200	168	137
200	257	99
201	79	339
201	116	186
201	152	146
201	238	103
201	263	97
201	295	91
202	89	264
202	92	235
202	107	205
202	108	200
202	124	177
202	127	169
202	162	136
202	174	135
202	231	105
203	98	224
203	145	151
204	77	361
204	139	157
204	180	127
204	205	119
205	117	185
205	197	122
206	91	254
206	97	222
206	123	183
206	126	172
206	171	134
206	207	113
207	88	267
207	94	233
207	136	158
207	147	150
207	151	147
207	159	141
207	172	131
207	188	126
207	200	115
208	80	295
208	96	228
208	121	177
208	147	144
208	437	76
209	137	153
209	220	110
209	387	80
210	75	364
210	115	193
210	123	171
210	159	138
210	174	128
210	179	126
210	187	124
210	192	122
210	299	88
210	395	75
211	149	141
211	153	138
211	276	94
211	382	80
212	93	222
212	112	186
212	161	136
212	251	98
213	79	298
213	103	197
213	109	186
213	143	151
213	243	97
213	264	94
213	357	81
214	75	334
214	86	249
214	91	237
214	114	181
214	352	80
215	98	212
215	99	203
215	130	157
215	177	126
215	190	122
215	211	108
215	224	104
215	306	84
215	356	78
216	113	178
216	142	149
216	172	126
217	80	279
217	94	212
217	294	92
218	103	195
218	108	190
218	128	167
218	135	154
218	198	120
219	144	144
220	160	130
220	166	126
220	175	120
220	180	118
221	116	175
221	127	165
221	203	114
221	473	71
222	106	189
223	77	314
223	193	115
224	79	278
224	91	224
224	101	200
224	127	156
224	346	78
225	75	295
225	120	163
225	136	151
225	153	132
227	73	351
227	77	284
227	87	229
227	129	153
227	151	139
227	250	95
227	256	90
228	92	212
228	334	81
228	388	72
229	76	276
229	102	190
229	223	105
229	254	93
229	294	84
230	120	160
230	146	141
230	418	71
231	83	250
231	98	193
231	104	182
231	191	114
231	294	83
232	97	196
232	119	172
232	376	72
233	71	354
233	82	249
233	93	202
233	118	170
233	140	146
234	108	174
234	144	134
234	204	111
234	283	86
234	298	82
235	72	300
235	91	223
235	102	187
235	171	124
235	216	107
235	234	101
236	90	212
236	137	139
236	234	93
236	315	81
237	71	324
237	123	158
237	150	133
238	116	171
239	82	246
239	89	218
239	163	122
239	230	100
240	151	129
240	160	125
240	180	114
241	201	109
241	274	84
241	295	81
242	78	244
242	83	224
242	356	74
243	74	274
243	89	217
243	115	159
243	151	126
243	166	116
243	171	114
243	179	112
243	184	110
243	318	76
244	95	201
245	153	124
246	142	133
246	148	130
247	88	212
247	110	169
248	92	200
248	96	186
248	182	110
249	106	175
249	134	137
249	146	130
249	218	98
249	248	91
249	347	73
250	79	231
250	81	228
250	91	195
250	105	177
250	121	155
250	125	152
250	193	108
250	247	86
251	70	291
251	100	178
251	127	142
251	142	131
251	148	128
251	190	108
251	200	101
251	379	68
252	95	189
252	140	136
252	239	89
253	68	296
253	77	265
253	97	183
253	178	110
253	188	109
253	193	107
253	194	105
254	73	261
254	88	206
254	195	102
254	264	82
255	157	122
255	298	76
255	319	73
255	367	68
256	120	156
257	66	312
257	73	251
257	122	146
257	162	120
258	68	287
258	116	155
258	141	129
259	81	217
259	193	105
260	143	127
260	156	123
261	68	277
262	78	238
262	108	173
263	83	215
263	117	150
264	99	173
264	126	143
264	168	111
265	69	258
265	90	188
265	140	132
265	159	115
266	63	349
266	127	141
266	132	134
266	138	131
266	156	121
267	78	230
267	172	108
267	398	66
268	98	177
268	150	125
268	163	112
268	208	95
268	226	89
269	134	131
270	110	166
270	121	147
270	177	107
270	233	88
271	79	225
271	112	156
272	87	200
272	113	153
273	106	158
274	303	73
275	121	144
276	95	182
276	103	168
276	222	90
277	94	176
277	108	155
277	191	103
278	64	294
278	84	201
278	192	100
279	67	256
279	81	213
279	102	164
279	125	143
280	85	190
280	187	102
281	138	130
281	145	124
281	185	101
282	66	259
282	70	234
282	78	207
282	136	125
283	117	140
283	130	135
283	153	115
284	74	225
284	246	81
285	110	151
285	129	138
287	209	94
287	282	74
288	92	182
288	125	135
288	199	97
288	263	77
288	369	65
289	112	144
290	140	123
290	235	83
291	73	216
292	89	187
292	104	163
294	101	162
294	103	158
294	252	79
296	175	104
297	61	295
297	80	201
297	126	128
297	169	109
298	65	271
298	68	232
298	90	185
298	96	171
298	209	92
299	69	226
299	77	215
299	100	157
300	300	72
301	71	222
301	147	122
304	426	58
305	64	260
305	88	175
306	143	118
306	185	99
306	407	58
307	63	287
307	71	214
307	79	194
307	99	168
307	109	142
308	63	275
308	93	168
308	382	59
309	63	260
309	240	80
309	278	72
310	194	96
311	64	254
311	182	102
312	351	63
313	76	195
313	104	146
314	124	130
314	179	100
315	57	370
315	66	235
315	68	216
315	211	90
316	57	356
316	60	281
316	65	248
316	66	227
316	82	183
316	267	76
316	368	59
317	93	163
320	323	68
321	107	145
322	114	134
325	70	202
325	116	131
326	61	262
326	80	182
326	97	159
326	103	147
326	311	71
327	62	252
327	94	156
327	196	94
327	432	56
328	192	93
328	425	56
329	56	367
329	57	316
329	85	175
329	307	66
330	140	120
330	333	61
331	411	55
332	66	218
332	72	195
332	260	74
333	64	229
333	131	126
333	386	56
334	62	249
334	79	185
335	56	342
335	82	176
335	233	87
336	146	114
336	193	92
337	57	308
337	306	71
337	434	54
338	165	111
338	380	56
339	70	201
339	102	151
339	104	143
340	83	175
342	165	109
343	65	219
343	166	105
344	63	230
344	78	189
344	426	53
345	55	373
345	68	206
345	420	54
346	172	104
346	201	91
346	401	54
347	119	127
348	55	353
348	56	302
348	86	163
348	163	109
349	283	68
350	69	197
350	77	182
351	160	107
351	327	61
352	169	101
352	371	56
353	75	185
353	82	174
353	195	90
354	55	331
354	57	284
354	138	121
355	99	155
357	129	122
357	215	88
358	417	53
359	59	264
360	376	55
360	392	54
361	68	198
361	90	154
361	436	52
362	54	374
362	72	188
363	54	368
364	107	138
364	128	123
366	373	55
368	70	191
368	114	131
369	93	153
370	66	209
371	227	80
372	163	103
372	239	79
373	64	215
373	156	105
373	431	52
374	62	226
374	65	210
374	89	155
374	147	109
374	367	55
375	55	314
375	219	82
377	177	99
377	216	82
379	101	150
382	189	95
383	363	55
384	54	351
385	129	119
388	99	140
388	451	51
389	267	72
390	56	286
392	76	170
392	221	80
392	393	53
393	127	119
396	57	268
396	187	92
397	55	307
397	92	149
399	171	98
400	57	267
401	71	185
401	214	83
403	83	156
406	54	344
406	103	134
407	75	172
408	445	51
409	140	112
412	379	54
413	104	133
414	354	55
415	192	89
415	244	74
415	262	73
418	62	221
418	216	81
419	63	216
419	424	51
420	94	141
423	65	207
434	71	184
439	277	69
442	67	199
447	266	69
447	293	64
462	312	60
