59	424	428
59	428	413
60	403	441
60	455	379
61	402	397
62	362	450
62	373	407
62	401	372
62	472	360
63	347	460
63	362	437
63	386	355
63	466	347
64	333	491
64	335	456
64	337	432
64	351	424
64	359	404
64	370	355
65	325	479
65	348	420
65	385	354
66	309	483
66	325	431
66	328	387
66	342	357
66	425	321
66	454	320
67	323	374
67	348	336
67	381	321
67	441	314
68	292	439
68	294	414
69	383	316
71	267	470
71	269	407
71	309	386
71	322	328
71	336	306
71	421	291
72	373	305
73	300	353
73	365	297
74	292	325
75	237	413
75	302	304
75	314	301
75	396	273
76	303	292
76	367	285
77	294	315
78	259	314
79	231	389
79	280	299
80	238	388
80	281	287
80	324	280
80	392	271
81	273	281
81	406	249
82	237	316
83	206	413
83	310	256
84	231	302
86	303	276
87	221	340
87	337	246
88	268	289
88	308	258
89	299	270
90	239	284
90	266	245
92	218	339
93	227	285
93	347	222
94	167	422
94	172	371
95	251	271
96	293	212
97	197	362
97	208	275
97	227	261
97	353	202
98	167	404
98	257	254
98	300	206
99	211	269
100	167	314
100	259	224
100	273	217
101	223	238
102	161	380
102	200	255
103	172	282
103	194	268
103	248	220
103	348	192
104	159	404
105	139	417
105	155	364
105	159	362
105	189	255
105	259	213
106	151	394
107	171	268
108	151	352
108	248	212
109	133	393
109	256	210
110	153	345
110	295	177
111	157	336
111	236	224
112	159	324
113	200	229
113	224	227
113	346	168
114	219	218
115	231	210
116	157	292
116	195	236
116	247	199
118	181	265
118	216	218
119	153	298
119	158	264
119	266	198
120	129	370
120	135	339
120	215	206
121	205	216
121	246	203
121	376	154
122	147	321
122	148	301
122	168	241
123	130	347
123	283	171
124	146	308
124	214	203
126	154	288
126	166	240
126	225	196
126	257	173
127	141	316
127	148	275
127	170	233
127	200	202
128	193	216
130	142	288
130	223	185
131	158	252
131	194	209
131	313	157
132	167	232
132	285	159
133	138	304
133	173	226
133	335	154
133	356	145
133	386	136
134	177	214
134	203	197
134	289	158
136	164	228
136	176	207
136	318	146
137	168	221
137	198	190
137	236	172
140	149	243
140	177	203
140	229	171
141	115	354
141	145	253
141	189	196
142	182	201
142	238	170
142	251	163
143	135	263
143	171	214
144	154	235
144	160	224
144	164	214
144	175	202
144	219	175
145	126	301
145	141	244
145	193	193
146	112	331
146	145	240
146	157	225
146	229	163
147	149	231
147	262	154
148	104	332
148	158	218
148	182	190
148	262	137
149	98	355
149	198	177
149	236	149
149	417	119
150	374	136
151	159	213
151	168	198
151	190	182
151	232	162
152	180	189
152	364	126
153	115	298
153	191	178
154	90	411
154	205	164
155	90	385
155	146	218
155	160	205
155	166	199
155	177	182
156	108	320
157	127	289
157	155	205
158	162	199
158	171	184
158	195	168
158	302	134
159	124	256
159	189	165
160	88	352
160	153	209
161	177	171
161	202	157
162	100	320
162	160	198
162	165	182
162	205	154
162	391	117
162	421	108
163	160	193
163	237	134
164	190	162
164	344	123
165	159	184
166	152	198
166	156	187
166	163	181
166	176	170
166	178	168
166	307	130
167	153	194
167	155	193
167	189	160
167	378	112
167	419	105
168	151	193
168	170	180
168	185	160
169	157	183
169	166	174
170	173	166
170	217	140
170	339	122
171	135	218
171	165	180
171	186	156
172	141	210
172	162	176
172	171	167
172	298	127
172	339	120
173	105	279
173	145	201
173	159	179
173	164	171
174	96	293
174	161	174
174	171	165
174	266	133
175	90	316
175	100	289
175	179	163
175	296	126
176	95	286
176	154	181
176	313	123
176	325	121
177	87	420
177	147	194
177	162	170
177	171	161
177	273	127
178	114	257
178	124	242
178	149	185
178	153	178
178	175	159
178	293	126
178	334	119
179	151	182
180	115	244
180	160	171
180	182	151
180	361	117
181	158	171
182	100	281
182	145	191
182	155	174
183	142	205
183	158	170
183	167	160
183	175	156
183	224	139
184	89	315
184	92	295
184	139	198
184	159	168
184	194	146
185	292	117
185	384	101
186	154	172
186	158	165
186	166	162
186	174	156
186	216	139
187	145	180
187	154	171
187	189	148
187	209	135
187	272	127
188	119	232
188	155	168
188	165	164
189	144	186
189	176	152
189	359	108
189	389	99
190	134	198
190	154	170
190	156	166
190	171	156
190	174	150
190	247	120
190	446	95
191	86	315
191	156	164
191	159	163
191	162	160
191	184	146
191	216	131
192	147	175
192	171	151
192	356	108
193	165	159
193	238	125
193	312	101
194	130	205
194	152	165
194	156	163
194	168	153
194	192	138
194	245	117
195	76	354
195	81	327
195	154	162
195	192	136
196	110	243
196	160	155
197	128	201
197	143	173
197	275	109
198	117	233
198	138	186
198	140	176
198	159	157
198	163	153
198	403	90
199	152	161
199	156	159
199	207	128
200	152	159
201	109	232
201	126	205
201	131	194
201	141	172
201	144	171
201	150	162
201	173	143
202	156	156
202	211	127
202	267	102
202	408	88
203	174	141
203	181	137
204	137	176
204	144	166
205	132	189
205	134	179
205	148	160
205	239	123
205	378	94
206	74	372
206	145	163
206	161	147
206	168	140
206	174	135
206	189	129
206	231	117
207	137	172
207	151	156
207	194	125
208	157	146
208	218	121
210	137	167
210	164	144
210	233	114
211	128	186
211	142	162
211	144	161
211	147	159
211	152	151
212	80	306
212	83	285
213	112	207
213	141	162
213	173	132
214	180	130
214	357	94
215	145	158
215	179	131
216	97	259
216	419	84
217	131	170
217	195	118
217	253	98
218	97	249
218	122	189
218	142	154
218	181	123
218	187	122
219	70	395
219	150	150
219	159	144
219	248	112
220	99	231
220	102	220
220	131	166
220	135	165
220	298	96
221	89	256
221	136	161
221	461	81
222	130	179
222	191	118
224	138	160
224	141	153
224	148	151
224	167	130
224	179	121
224	213	110
225	154	148
226	110	211
226	265	94
227	68	415
227	79	334
227	121	180
227	125	169
227	137	158
227	154	147
227	199	113
228	136	153
228	145	144
229	163	132
229	193	111
230	117	192
230	121	174
230	142	147
230	154	143
230	173	123
231	107	209
231	140	148
232	301	85
233	133	156
233	167	122
233	238	107
234	78	267
234	82	245
234	414	79
235	222	97
236	110	193
236	141	143
237	123	164
237	140	147
238	147	134
239	92	219
240	123	160
240	127	159
240	131	152
240	136	146
240	137	144
240	269	86
241	68	361
241	133	149
241	179	112
242	206	100
243	139	143
244	135	148
245	129	151
245	137	138
247	94	209
247	126	159
247	371	77
248	135	143
248	141	133
248	344	76
249	95	208
249	229	91
250	343	78
251	166	121
252	83	241
252	123	154
253	84	224
253	166	115
255	65	406
256	86	222
257	299	80
258	140	134
258	183	100
260	68	332
260	74	266
262	150	117
263	101	181
264	66	352
264	137	132
264	446	70
265	142	128
265	267	81
266	105	176
266	366	75
267	62	440
268	135	131
268	283	80
269	95	202
269	114	172
272	124	135
272	144	116
272	376	68
273	104	176
273	140	126
273	176	109
273	342	71
274	61	441
274	264	89
275	135	126
275	182	91
276	108	175
277	70	284
277	131	126
278	127	131
279	91	206
283	100	180
283	141	120
283	229	88
285	66	310
285	129	125
286	122	147
286	185	89
287	133	122
287	134	121
287	169	94
287	319	68
288	444	62
289	125	132
289	263	85
290	149	105
292	59	458
293	61	374
295	80	243
296	75	259
299	132	119
300	67	293
301	59	420
301	60	393
301	190	85
302	88	215
302	120	150
304	146	104
305	262	84
305	381	62
306	123	133
306	390	60
307	117	140
308	63	319
308	227	83
311	115	139
311	243	80
311	432	59
315	71	263
315	147	100
317	133	115
318	82	241
318	112	170
320	106	156
321	130	122
322	59	390
322	108	152
323	178	92
325	87	192
325	135	112
326	187	86
326	188	80
327	76	254
329	144	99
331	388	55
332	128	123
334	59	337
334	276	69
335	213	79
335	273	73
336	241	75
337	241	68
338	64	294
338	183	88
338	225	72
338	309	63
338	370	55
341	55	430
342	404	54
344	143	103
347	56	381
348	167	96
350	311	58
355	75	256
357	118	122
358	143	99
361	54	443
362	278	63
363	181	83
367	70	283
367	397	53
369	130	107
369	141	98
372	96	161
372	214	78
373	165	91
375	77	244
375	124	117
376	277	62
377	124	113
379	68	277
379	187	75
381	114	126
383	85	210
386	301	56
387	61	303
390	346	53
394	185	75
395	68	264
396	341	53
397	54	392
398	58	330
398	176	78
402	288	56
409	56	358
414	77	223
417	304	55
420	169	81
421	146	94
424	192	73
