39	95	104
39	98	93
40	92	91
44	79	127
45	95	80
45	103	70
46	79	95
46	82	94
46	93	79
46	96	76
46	97	68
47	76	82
47	116	66
48	95	60
48	103	53
49	80	80
49	86	79
49	89	63
50	69	130
50	74	78
50	80	77
50	88	64
50	93	62
50	96	57
51	82	67
52	71	82
52	77	72
52	79	71
52	85	65
53	65	80
53	81	64
54	55	98
54	92	52
55	76	71
55	77	67
55	96	51
56	68	79
56	85	56
57	61	95
57	62	73
57	68	72
57	70	66
57	76	65
57	89	55
58	61	83
58	68	69
58	76	60
58	104	49
59	60	96
60	53	75
60	61	68
61	85	55
61	87	51
62	81	54
63	85	53
64	52	98
64	93	48
65	97	47
66	49	106
66	70	56
66	76	55
67	74	55
67	80	54
67	108	45
69	61	58
70	51	97
70	65	57
72	52	83
73	44	132
73	81	50
73	97	44
74	101	43
75	45	111
75	90	48
77	43	113
77	94	47
78	47	98
79	51	78
79	57	70
80	44	86
80	60	65
80	109	42
81	52	68
82	43	86
82	95	43
84	79	51
85	42	111
85	75	48
86	40	117
86	42	93
86	79	47
87	60	62
88	38	114
90	50	82
92	90	43
93	49	80
94	42	82
95	49	77
95	110	41
96	37	105
98	56	63
100	34	123
100	104	41
101	42	79
102	49	70
102	82	46
106	41	97
107	32	106
107	41	86
109	40	98
112	36	105
114	48	66
115	41	75
115	105	40
117	36	98
121	48	63
122	41	72
123	31	116
128	31	99
130	39	91
133	35	98
140	35	95
150	30	130
