43	165	206
43	191	199
44	157	223
44	168	180
46	150	220
48	145	202
48	181	149
49	148	176
50	180	146
50	182	143
50	216	137
51	167	157
51	169	143
52	137	199
52	208	134
53	195	140
54	159	156
54	165	134
55	130	179
55	148	167
55	162	139
55	179	119
56	143	150
56	160	137
57	205	110
58	119	202
58	161	129
59	139	152
59	144	133
60	116	212
62	125	153
62	170	126
64	123	197
64	175	111
65	114	176
65	126	136
65	151	123
65	167	117
66	201	102
67	111	216
67	143	123
68	244	99
69	150	121
70	105	200
70	106	190
70	151	109
70	159	106
70	176	100
71	119	142
71	132	127
71	137	125
71	142	119
71	170	101
71	185	99
72	124	135
72	128	133
72	185	97
72	202	91
73	129	132
74	111	151
74	112	141
74	199	91
75	126	122
75	156	101
76	101	194
76	123	136
76	225	82
77	100	174
77	101	164
77	109	146
77	119	138
77	124	122
77	145	114
77	147	106
78	123	127
78	178	90
79	107	148
79	122	135
79	177	91
80	98	169
80	107	145
80	128	118
80	132	117
80	135	112
81	95	214
81	142	111
81	170	92
81	203	82
82	104	153
82	118	140
82	148	101
82	149	95
82	157	92
82	215	80
83	96	168
83	104	150
83	116	136
83	119	126
83	123	124
83	130	113
83	135	111
83	190	83
84	112	127
84	122	121
84	126	119
84	175	86
85	137	107
85	145	103
85	195	80
86	93	173
86	106	142
86	110	127
86	116	121
86	141	105
86	182	80
86	204	75
87	109	125
87	124	108
87	134	106
87	146	99
87	154	87
87	221	71
88	90	188
88	135	105
88	179	84
88	208	71
89	89	197
89	115	119
89	145	92
90	98	148
90	104	144
90	108	139
90	113	121
90	144	97
90	178	85
91	175	82
91	182	78
92	105	131
92	123	109
92	126	107
92	133	98
92	173	75
93	104	129
93	108	126
93	118	118
93	120	114
94	101	138
94	107	124
94	122	113
94	132	103
94	143	94
94	146	87
94	160	84
94	162	76
95	102	126
95	130	106
95	131	104
95	207	69
95	208	65
96	95	130
96	110	113
96	116	107
96	125	105
96	130	99
96	137	92
96	143	91
96	155	78
97	109	111
97	124	100
97	136	95
97	151	80
97	193	66
97	247	61
98	91	149
98	101	124
98	132	98
98	187	64
99	84	153
99	115	105
99	127	95
99	132	92
99	144	85
99	175	73
100	107	119
101	90	137
101	94	132
101	119	103
101	144	82
101	154	76
101	162	71
101	211	63
102	90	134
102	108	112
102	126	93
102	210	63
102	226	61
103	93	129
103	137	89
103	143	88
103	147	78
103	153	77
103	220	59
104	82	197
104	114	106
104	123	96
104	127	92
104	132	89
104	138	87
104	153	76
104	158	75
105	78	224
105	79	157
105	88	144
105	99	123
105	102	112
105	111	110
105	116	104
105	122	96
105	131	90
105	143	86
105	145	78
105	179	64
105	189	62
106	95	116
106	110	105
106	121	101
106	125	91
106	137	85
106	141	82
107	88	137
107	92	130
107	108	109
107	120	96
107	246	52
108	77	167
108	101	110
108	113	100
108	154	71
108	158	69
108	173	64
109	76	217
109	93	126
109	114	98
110	81	153
110	91	122
110	163	62
110	211	54
111	94	117
111	109	106
111	112	98
111	124	92
111	135	86
111	145	76
111	230	51
112	74	227
112	86	138
112	87	133
112	116	93
112	121	90
112	133	83
112	137	78
112	172	60
113	100	111
113	199	52
113	250	48
114	82	132
114	90	129
114	108	101
115	88	128
115	107	106
115	110	100
115	111	96
115	126	89
115	150	74
116	93	121
116	94	114
116	106	101
117	76	151
117	85	127
117	92	116
117	112	94
117	132	84
117	139	74
117	155	62
117	208	49
118	71	190
118	100	103
118	115	89
119	97	112
119	108	100
120	78	149
120	80	147
120	90	123
120	110	97
120	121	87
120	173	51
121	81	140
121	83	128
121	87	121
121	102	98
121	123	83
121	133	80
122	91	117
122	256	42
123	70	222
123	71	155
123	81	138
123	89	118
124	80	140
124	94	109
124	99	107
124	137	73
124	142	72
125	72	143
125	83	127
125	95	103
125	175	50
125	250	44
126	69	165
126	93	109
126	98	99
126	135	79
126	238	43
127	82	130
127	101	94
127	115	84
127	124	82
127	136	69
127	142	68
127	160	61
128	94	105
128	123	82
128	154	63
129	75	138
129	91	109
129	111	91
129	134	78
129	200	49
130	78	133
130	85	124
130	86	119
130	87	114
130	91	108
130	94	104
130	96	101
130	112	85
130	154	58
130	191	49
130	229	48
130	260	41
131	93	106
131	127	78
132	72	137
133	85	122
133	130	74
133	133	71
134	85	116
134	105	91
134	111	86
134	113	83
134	118	80
134	218	42
135	89	113
135	95	98
136	63	188
136	65	168
136	85	113
136	124	78
137	83	122
138	67	141
138	121	75
139	62	183
139	84	116
139	234	41
140	73	130
140	109	83
140	188	43
140	226	40
141	63	169
141	82	129
141	99	88
141	106	87
141	125	73
141	135	70
141	151	66
142	61	195
142	79	125
142	80	120
142	91	106
142	127	72
142	148	65
142	153	59
143	86	112
143	94	102
143	120	77
143	124	73
143	130	70
144	75	127
144	142	67
145	60	209
145	72	122
145	190	42
146	83	119
146	95	89
146	116	82
147	61	180
147	63	153
147	71	132
147	90	103
147	130	69
147	136	68
148	70	132
148	82	114
148	94	89
148	230	39
149	64	141
149	85	109
149	119	72
149	125	71
150	69	131
150	85	107
150	88	103
150	109	81
150	110	78
150	116	75
150	137	66
151	60	159
151	78	121
151	80	115
151	87	100
151	92	93
151	139	61
151	150	58
151	169	53
152	59	169
152	84	113
152	137	61
152	162	55
153	83	113
154	58	169
154	85	104
154	118	73
155	57	199
155	71	120
156	57	179
157	82	108
157	99	85
158	57	173
158	78	107
158	154	56
159	76	118
160	66	130
161	88	90
161	160	52
161	168	51
162	66	124
162	87	99
163	124	70
163	159	54
164	72	109
165	105	77
165	113	73
166	78	100
167	71	111
167	82	96
167	99	79
168	54	184
168	126	65
169	64	120
169	87	90
169	88	87
171	144	58
171	165	50
171	179	42
173	133	61
174	61	148
174	72	104
174	117	66
174	157	50
175	158	49
176	146	53
178	176	44
178	207	37
180	53	160
181	175	44
181	206	37
182	63	126
182	70	105
182	93	85
184	60	123
186	113	70
187	142	60
188	94	78
188	111	69
192	174	41
194	172	42
195	51	185
195	173	41
197	55	136
197	141	52
199	193	39
200	88	82
201	101	76
201	122	65
202	52	160
202	54	144
202	63	116
202	67	107
203	87	85
207	50	185
207	82	87
208	126	61
211	102	72
212	119	60
215	167	41
216	100	73
217	156	44
225	130	56
226	90	78
230	78	89
232	134	52
233	53	149
234	48	198
236	115	65
240	108	64
243	50	171
254	86	80
257	85	83
260	123	56
