54	342	373
54	358	367
54	372	364
56	295	400
56	300	356
56	319	337
56	344	336
56	352	318
58	290	328
58	321	320
59	272	361
59	274	351
59	301	301
59	323	286
59	353	275
59	386	264
62	317	280
63	259	391
63	283	280
63	334	270
64	231	423
64	304	267
64	328	251
64	382	238
64	402	237
65	249	307
65	253	303
65	265	282
65	310	253
65	333	249
66	225	361
66	239	315
66	243	311
66	282	267
66	284	264
66	365	232
67	235	305
67	271	259
67	335	247
67	353	238
68	231	352
68	234	308
68	254	288
69	230	296
69	250	272
69	253	261
69	290	258
70	202	357
70	205	340
70	218	299
70	244	262
70	304	229
71	198	350
71	208	307
71	232	274
71	248	252
72	239	253
73	193	341
73	203	298
73	227	265
73	290	222
73	384	214
74	196	308
74	257	230
74	294	217
74	335	206
75	204	291
75	248	231
75	410	195
76	190	349
76	195	320
76	205	286
77	192	314
77	199	282
77	210	273
77	240	250
77	242	246
77	280	210
78	170	406
78	184	359
78	189	290
78	200	277
78	383	187
78	401	186
79	172	399
79	182	300
79	226	236
79	241	223
79	372	203
80	174	360
80	219	253
80	337	186
80	403	184
81	160	399
81	171	377
81	181	353
81	183	289
81	234	231
81	259	219
81	262	208
81	311	187
81	328	184
81	364	183
81	374	178
82	171	333
82	173	304
82	192	284
82	209	242
83	166	368
83	175	295
83	191	261
83	197	254
83	204	244
83	219	231
83	249	216
83	254	209
83	376	176
84	161	382
84	167	333
84	181	269
84	248	214
84	270	200
84	282	188
84	313	179
84	355	174
85	155	381
85	160	318
85	191	253
85	219	220
85	239	215
85	304	179
86	147	373
86	177	291
86	357	172
87	140	403
87	157	349
87	159	329
87	228	210
87	254	204
87	271	194
88	142	364
88	153	328
88	161	296
88	177	266
88	201	236
88	211	233
88	255	189
88	293	176
88	306	171
89	135	394
89	154	320
89	168	294
89	169	272
89	173	268
89	180	259
89	184	255
89	215	217
89	249	202
89	335	162
89	363	160
90	147	337
90	227	212
90	242	196
90	249	187
90	264	179
91	151	328
91	302	171
91	319	168
92	139	366
92	142	328
92	158	291
92	166	270
92	173	267
92	207	220
92	226	199
93	156	311
93	187	242
93	203	224
93	213	217
93	245	193
93	264	177
93	289	165
93	328	154
94	131	342
94	155	304
94	177	246
94	199	219
94	226	195
94	256	181
94	304	163
94	359	149
95	123	405
95	127	353
95	139	318
95	143	314
95	205	211
95	222	207
95	232	194
95	236	192
95	244	188
95	278	173
95	300	164
96	153	285
96	163	275
96	322	149
97	137	314
97	161	279
97	249	184
97	294	158
97	315	155
97	318	150
98	121	349
98	130	339
98	145	290
98	161	274
98	167	257
98	177	238
98	210	209
98	218	194
99	117	360
99	142	294
99	194	216
99	205	208
99	258	171
99	260	170
100	216	207
100	235	178
100	250	170
100	268	166
101	114	405
101	127	321
101	162	258
101	196	212
101	236	177
101	304	156
101	314	152
102	124	325
102	163	254
102	171	240
102	210	199
102	212	190
102	242	170
102	257	162
102	297	153
102	302	150
102	335	136
103	140	308
103	185	230
103	190	213
103	280	149
103	375	131
104	121	339
104	131	320
104	168	239
104	184	234
104	200	207
104	229	180
104	282	148
104	355	131
105	148	288
105	161	251
105	190	205
105	222	186
106	128	316
106	151	258
106	159	255
106	187	209
106	196	197
106	201	195
106	222	185
106	234	172
106	278	155
107	137	292
107	143	280
107	148	257
107	166	235
107	173	230
107	276	158
107	309	134
107	366	127
108	134	296
108	194	201
108	209	191
108	366	125
109	173	219
109	210	190
109	213	189
109	227	171
109	237	166
110	102	388
110	116	321
110	131	292
110	139	282
110	147	255
110	156	246
110	192	194
110	201	190
110	266	153
110	272	150
111	122	301
111	148	252
111	156	241
111	162	236
111	182	212
111	189	202
111	204	182
111	255	156
111	310	128
111	325	125
112	118	312
112	148	248
112	154	239
112	222	174
113	106	364
113	122	293
113	135	275
113	176	205
113	226	162
113	241	154
113	287	132
114	112	325
114	119	297
114	160	237
114	169	226
114	220	165
114	259	142
114	334	120
115	103	361
115	108	343
115	109	336
115	110	322
115	128	281
115	159	234
115	169	211
115	196	187
115	200	179
115	208	177
115	216	168
115	309	131
116	141	260
116	157	232
116	174	204
116	188	191
116	220	163
116	252	144
116	299	127
116	369	118
117	116	301
117	157	228
117	198	183
117	222	159
117	242	148
117	356	118
118	114	298
118	125	291
118	133	262
118	178	194
118	212	170
118	216	162
118	227	155
118	260	136
118	345	114
118	367	112
119	91	429
119	95	375
119	99	339
119	104	336
119	119	291
119	128	262
119	131	256
119	141	253
119	165	208
119	192	184
119	204	174
119	211	167
119	283	132
119	313	121
120	137	246
120	163	224
120	164	207
120	209	168
120	228	154
120	300	121
121	138	240
121	154	237
121	158	222
121	198	178
121	220	161
122	95	350
122	103	315
122	133	251
122	146	232
122	151	230
122	157	219
122	162	214
122	168	205
122	256	133
122	329	118
123	108	299
123	117	273
123	120	267
123	136	244
123	152	222
123	163	209
123	167	197
123	242	147
123	244	145
123	279	125
123	309	116
123	324	113
124	107	307
124	126	257
124	133	243
124	137	241
124	145	230
124	160	204
124	173	189
124	191	181
124	201	171
124	374	110
125	132	242
125	160	203
125	196	179
126	90	345
126	94	336
126	99	319
126	101	314
126	106	299
126	112	275
126	115	269
126	140	227
126	144	225
126	156	212
126	163	201
126	181	182
126	193	171
126	203	164
126	216	154
126	240	136
126	255	129
126	285	124
126	301	117
127	118	265
127	119	263
127	120	260
127	122	257
127	123	254
127	148	219
127	152	217
127	155	207
127	180	188
127	280	124
127	335	107
128	88	397
128	125	253
128	138	231
128	162	194
128	188	177
128	197	168
128	200	162
128	227	145
128	249	131
129	83	423
129	94	321
129	98	312
129	168	191
129	171	187
129	192	174
129	194	165
129	198	162
129	224	151
129	260	127
129	267	125
129	306	111
130	85	356
130	103	309
130	113	271
130	120	257
130	136	235
130	155	199
130	170	187
130	177	179
130	182	176
130	190	168
130	203	158
130	210	152
130	232	136
130	236	133
130	303	116
131	107	282
131	114	262
131	117	256
131	143	224
131	144	218
131	154	202
131	172	185
131	184	174
131	203	155
131	241	131
131	252	126
131	291	118
132	96	316
132	125	244
132	134	234
132	143	221
132	169	185
132	172	183
132	176	177
132	196	159
132	217	144
132	225	138
132	250	125
132	265	122
133	83	367
133	103	281
133	107	272
133	143	212
133	186	170
133	190	162
133	202	157
133	217	141
133	234	133
133	246	125
133	317	105
133	377	101
134	84	353
134	121	250
134	132	225
134	139	220
134	148	205
134	155	194
134	166	184
134	172	178
134	186	165
134	214	151
134	228	133
134	283	119
135	90	332
135	110	266
135	112	261
135	122	241
135	125	238
135	138	223
135	141	214
135	144	209
135	146	208
135	147	205
135	163	186
135	180	171
135	237	128
135	253	120
135	274	117
135	304	111
136	82	353
136	87	343
136	91	331
136	121	241
136	153	194
136	165	182
136	182	164
136	194	161
136	207	147
136	228	131
137	116	256
137	139	212
137	141	210
137	203	146
137	227	129
137	272	115
137	313	106
137	334	101
138	85	340
138	97	315
138	98	288
138	102	279
138	105	268
138	109	259
138	113	257
138	116	252
138	117	247
138	126	227
138	133	224
138	135	222
138	137	219
138	146	200
138	147	197
138	155	193
138	162	184
138	164	181
138	171	172
138	213	144
138	303	111
139	91	309
139	112	256
139	113	255
139	150	192
139	161	188
139	187	157
139	194	153
139	207	145
139	215	142
139	221	135
139	285	111
140	77	368
140	107	259
140	158	183
140	164	178
140	168	175
140	183	160
140	191	154
140	196	151
140	205	144
140	226	134
141	85	334
141	88	326
141	100	283
141	135	210
141	143	198
141	162	181
141	177	166
141	187	155
141	211	140
141	217	132
141	233	126
141	250	115
141	319	102
141	333	99
142	83	328
142	94	299
142	95	285
142	97	278
142	100	272
142	114	244
142	138	209
142	155	189
142	160	177
142	169	173
142	186	157
142	190	152
142	198	146
142	224	130
142	248	121
142	294	109
143	75	379
143	104	266
143	119	239
143	124	226
143	190	150
143	210	136
143	224	124
143	245	122
143	310	101
144	110	254
144	111	249
144	131	214
144	142	203
144	155	188
144	165	174
144	166	172
144	168	170
144	175	162
144	180	159
144	187	151
144	192	148
144	201	141
144	208	135
144	222	125
144	259	110
145	91	296
145	109	246
145	112	244
145	129	212
145	138	207
145	149	191
145	182	157
145	183	152
145	231	119
145	267	109
146	79	355
146	90	304
146	103	271
146	116	234
146	120	233
146	147	191
146	149	188
146	160	174
146	177	155
146	182	154
146	194	143
146	204	134
146	215	127
146	261	108
146	367	94
147	71	399
147	86	319
147	87	307
147	113	236
147	121	230
147	124	224
147	127	221
147	141	198
147	144	193
147	158	178
147	170	162
147	189	149
147	203	136
147	219	126
147	246	116
147	286	106
147	292	101
147	315	97
148	80	325
148	92	282
148	139	202
148	147	188
148	149	183
148	161	171
148	162	169
148	164	167
148	178	153
148	183	150
148	214	124
148	229	122
149	101	268
149	102	260
149	107	251
149	114	231
149	120	225
149	135	201
149	140	200
149	153	177
149	171	160
149	212	128
149	305	99
149	309	98
150	96	272
150	119	226
150	127	213
150	138	200
150	152	181
150	158	173
150	165	165
150	167	161
150	180	147
150	205	130
150	207	126
150	219	120
150	244	116
150	306	96
151	71	372
151	87	295
151	118	221
151	124	211
151	138	198
151	145	192
151	146	181
151	190	142
151	201	129
151	230	116
151	250	110
151	295	99
152	94	280
152	138	193
152	141	192
152	145	188
152	163	162
152	174	150
152	190	141
152	206	126
152	245	112
153	107	245
153	127	209
153	145	181
153	152	175
153	167	157
153	183	144
153	198	138
153	255	106
154	80	320
154	81	306
154	91	283
154	94	277
154	100	265
154	101	257
154	134	197
154	138	190
154	141	185
154	156	166
154	161	162
154	181	143
154	195	133
154	263	103
155	90	286
155	93	265
155	96	260
155	128	201
155	145	179
155	154	170
155	160	163
155	205	122
155	240	108
155	260	105
155	296	96
156	78	322
156	100	253
156	105	246
156	112	236
156	121	210
156	134	192
156	143	180
156	177	142
156	188	135
157	84	292
157	103	251
157	124	208
157	131	197
157	179	141
157	192	134
157	198	124
157	211	121
157	226	116
157	232	112
157	323	91
158	85	287
158	87	283
158	96	252
158	105	237
158	114	219
158	121	206
158	127	196
158	151	173
158	155	164
158	164	155
158	170	148
158	219	115
158	294	96
159	73	328
159	83	288
159	95	255
159	126	205
159	149	172
159	150	167
159	181	139
159	185	136
159	191	134
159	242	105
159	265	101
160	78	303
160	84	285
160	117	217
160	126	202
160	135	188
160	140	180
160	175	145
160	178	138
160	186	135
160	192	128
160	212	117
160	230	113
160	250	101
160	276	97
160	340	89
161	68	351
161	76	312
161	88	269
161	138	187
161	139	185
161	147	172
161	149	166
161	151	165
161	157	158
161	166	149
161	174	143
161	182	133
161	196	127
161	211	116
161	237	103
161	327	89
162	66	400
162	101	237
162	118	209
162	124	203
162	145	175
162	160	152
162	185	130
162	204	118
162	256	100
162	313	93
163	107	234
163	112	231
163	115	217
163	120	204
163	124	195
163	138	180
163	145	173
163	147	167
163	154	158
163	170	144
163	181	133
163	212	114
163	229	112
163	310	89
164	109	228
164	122	202
164	138	179
164	142	177
164	144	170
164	159	151
164	161	150
164	167	143
164	197	120
164	219	112
164	246	98
165	82	289
165	109	227
165	117	204
165	122	197
165	131	184
165	141	174
165	146	167
165	147	162
165	163	148
165	205	116
165	211	114
165	227	108
165	259	95
166	66	363
166	75	324
166	86	280
166	95	248
166	119	199
166	137	174
166	146	165
166	162	148
166	177	137
166	263	94
166	288	91
167	74	316
167	76	307
167	79	290
167	87	270
167	104	230
167	107	225
167	127	191
167	142	171
167	184	129
167	202	119
167	204	116
167	208	111
167	226	108
167	258	95
167	287	90
168	85	268
168	88	267
168	89	256
168	105	227
168	113	218
168	115	212
168	124	188
168	130	179
168	141	169
168	155	152
168	157	147
168	173	133
168	213	110
169	65	365
169	84	277
169	97	243
169	113	208
169	119	198
169	147	159
169	152	158
169	163	144
169	172	135
169	177	131
169	178	129
169	201	113
169	233	102
169	286	90
169	355	85
170	66	358
170	69	328
170	71	308
170	80	279
170	110	212
170	129	179
170	144	161
170	185	125
170	218	108
170	244	100
171	83	277
171	92	243
171	109	215
171	122	188
171	140	164
171	151	158
171	153	153
171	160	143
171	165	137
171	169	135
171	184	124
171	222	102
171	238	100
171	251	95
171	262	94
172	66	331
172	79	275
172	100	237
172	101	228
172	111	210
172	125	182
172	130	177
172	139	167
172	177	126
172	198	115
172	211	110
172	330	85
173	74	290
173	114	204
173	124	185
173	127	177
173	149	157
173	162	138
173	185	122
173	215	104
173	272	93
173	310	88
174	63	379
174	100	235
174	120	194
174	155	146
174	170	128
174	321	85
175	89	252
175	90	247
175	106	214
175	110	205
175	117	201
175	166	133
175	169	131
175	178	124
175	184	122
176	86	267
176	98	231
176	118	197
176	132	175
176	138	166
176	140	160
176	148	151
176	156	142
176	169	130
176	184	120
177	88	261
177	103	223
177	120	189
177	134	170
177	137	163
177	142	156
177	175	127
177	181	119
177	227	101
177	246	97
178	83	267
178	100	224
178	118	191
178	122	181
178	126	174
178	133	164
178	141	156
178	152	146
178	258	89
179	78	275
179	86	252
179	87	248
179	101	218
179	116	194
179	131	170
179	144	151
179	158	136
179	168	129
179	174	121
179	188	116
179	216	101
179	229	96
180	63	345
180	71	289
180	94	242
180	173	127
180	179	120
180	198	111
181	65	321
181	82	268
181	83	256
181	109	205
181	130	173
181	143	149
181	151	141
181	173	121
181	209	103
182	82	266
182	99	223
182	115	191
182	128	167
182	140	155
182	152	140
182	171	123
182	208	109
182	243	92
182	364	82
183	69	298
183	78	264
183	99	222
183	110	204
183	113	203
183	129	163
183	146	146
183	188	112
183	202	107
183	225	96
183	246	90
183	273	86
184	97	220
184	104	212
184	114	190
184	163	129
184	229	94
184	312	83
185	61	359
185	103	217
185	105	209
185	134	161
185	139	150
185	150	140
185	157	131
185	206	103
185	216	100
185	218	98
186	77	277
186	86	250
186	91	231
186	92	227
186	111	195
186	118	181
186	119	179
186	124	176
186	156	133
186	179	117
186	224	95
187	96	223
187	106	199
187	109	197
187	178	119
188	66	307
188	72	288
188	96	220
188	112	189
188	113	187
188	128	166
188	137	151
188	144	141
188	149	135
188	163	125
188	217	97
189	76	284
189	79	260
189	105	206
189	111	186
189	117	179
189	161	124
189	199	109
190	81	254
190	82	250
190	88	234
190	118	174
190	131	157
190	136	149
190	154	131
191	95	226
191	111	184
191	116	175
191	122	168
191	140	145
191	154	126
191	290	85
192	66	296
192	69	291
192	74	262
192	124	164
192	131	155
192	145	139
192	212	100
192	262	87
193	69	277
193	75	259
193	100	215
193	105	196
193	115	178
193	116	173
193	123	164
193	132	152
193	140	140
193	186	108
193	204	103
193	259	86
194	68	287
194	100	206
194	101	202
194	121	171
194	126	162
194	133	150
194	137	145
194	181	116
194	208	102
194	235	92
194	295	84
194	312	82
195	59	372
195	89	222
195	102	199
195	107	188
195	110	185
195	123	163
195	150	130
195	166	118
195	191	106
196	62	357
196	96	216
196	105	195
196	114	173
196	120	167
196	127	159
196	143	134
196	322	80
197	60	322
197	65	291
197	84	248
197	85	236
197	93	213
197	112	177
197	119	168
197	128	152
197	134	144
197	196	105
197	214	95
197	305	82
197	321	80
198	63	298
198	77	257
198	81	247
198	98	211
198	109	184
198	119	162
198	133	149
198	159	122
198	172	117
198	255	89
199	87	226
199	111	180
199	121	158
199	136	139
199	194	105
199	273	82
200	102	190
200	107	186
200	110	177
200	127	156
200	146	129
200	266	85
201	62	305
201	65	281
201	79	240
201	96	212
201	132	151
201	257	86
202	57	348
202	107	179
202	133	143
202	251	89
202	272	83
202	355	78
203	68	276
203	86	234
203	113	172
203	124	156
203	128	151
203	132	143
203	159	116
203	218	92
203	238	91
204	98	194
204	116	169
204	134	142
204	176	115
204	180	106
204	247	86
205	57	335
205	58	318
205	92	216
205	147	123
205	158	117
205	194	102
205	207	95
205	263	85
206	61	303
206	103	183
206	110	174
206	131	149
206	132	141
206	253	84
207	55	362
207	86	229
207	95	208
207	120	160
207	124	155
207	134	137
207	136	132
207	156	118
207	241	88
208	78	248
208	83	231
208	84	219
208	124	151
209	76	251
209	78	241
209	79	237
209	93	200
209	131	143
209	143	127
209	155	118
209	167	113
209	188	103
209	193	99
209	259	82
209	294	79
209	331	77
210	55	347
210	56	330
210	62	300
210	63	278
210	89	206
210	97	198
210	110	172
210	117	157
211	70	269
211	83	230
211	90	203
211	131	139
211	152	120
211	238	86
212	58	305
212	72	264
212	102	187
212	112	168
212	128	150
212	173	106
212	186	101
212	274	79
213	74	255
213	76	246
213	95	192
214	82	235
214	86	215
214	100	191
214	113	161
214	116	157
214	138	129
214	148	122
214	153	114
215	87	212
215	123	147
216	74	239
216	85	210
216	125	143
216	151	120
217	54	352
217	56	317
217	86	207
217	106	173
217	109	168
217	186	99
218	119	155
218	132	131
218	195	97
219	66	271
219	92	202
219	102	183
219	105	182
219	119	151
219	121	149
219	130	140
220	55	338
220	101	176
220	102	175
220	115	158
220	158	111
220	245	83
220	247	82
221	64	262
221	65	258
221	134	128
222	52	366
222	54	332
222	82	230
222	83	219
222	226	86
223	69	251
223	79	218
223	100	181
223	102	174
223	147	120
224	58	285
224	91	198
224	94	194
224	98	189
224	111	160
224	122	147
224	143	117
225	52	354
225	62	267
225	93	187
225	108	170
225	126	135
225	171	104
226	85	202
226	97	181
226	105	172
226	125	139
226	133	129
226	153	112
226	170	107
226	219	91
226	237	85
227	52	350
227	82	217
227	121	142
228	60	279
228	64	260
228	99	175
228	120	143
229	56	297
229	92	191
229	96	185
229	108	168
229	148	113
230	73	250
230	90	193
230	114	155
230	127	131
230	194	92
231	51	356
231	80	209
231	89	191
231	98	174
231	106	160
231	118	147
231	121	141
231	166	105
231	202	90
232	81	206
232	95	179
232	113	153
232	121	138
232	130	127
233	55	304
233	127	130
234	118	145
234	141	115
234	219	85
235	52	331
235	117	145
235	126	133
236	59	282
236	60	275
236	63	261
236	119	144
236	122	134
236	138	117
236	193	95
236	198	89
237	72	244
237	165	108
238	71	248
238	78	237
238	120	139
238	187	92
239	56	288
239	71	243
239	106	159
239	116	142
239	158	110
239	244	79
240	50	376
240	77	226
240	88	186
240	109	153
240	157	111
240	167	100
241	51	333
241	85	199
241	92	180
242	59	271
242	97	175
242	102	159
242	165	106
243	56	278
243	58	277
243	84	195
243	116	141
244	91	184
244	105	157
244	115	142
244	116	138
244	125	127
244	191	89
245	50	355
245	74	230
245	106	155
245	121	136
245	122	130
246	84	190
246	98	163
246	136	115
246	267	78
247	54	290
247	73	229
247	75	222
247	92	176
247	108	152
247	114	149
247	116	137
247	121	133
247	125	126
247	171	98
248	114	144
248	117	134
249	77	212
249	86	184
249	129	125
250	52	306
250	57	269
250	60	265
251	57	264
251	67	233
251	117	133
251	133	116
251	157	109
252	61	261
252	103	155
252	104	153
252	108	145
252	135	115
253	82	203
253	157	108
254	88	180
254	94	166
254	111	142
254	114	137
254	162	103
254	238	82
255	50	332
255	101	160
255	115	134
255	182	96
256	55	274
256	104	149
256	110	142
256	191	87
257	76	219
258	84	184
258	183	90
259	59	250
259	61	243
259	90	176
259	120	126
259	166	98
259	169	97
260	77	210
260	98	159
260	154	100
260	196	85
261	63	233
261	72	205
261	96	162
263	79	195
263	89	168
263	112	133
263	118	127
263	153	109
264	51	305
264	106	140
265	83	188
265	105	141
265	152	108
265	173	95
266	69	227
266	92	161
266	127	123
267	52	291
267	87	181
268	102	144
268	185	86
268	323	76
269	79	191
269	94	160
269	109	137
270	141	113
270	178	88
271	150	111
271	158	95
271	211	81
272	63	231
272	144	104
272	149	100
273	82	183
273	133	115
273	148	103
273	173	93
274	55	272
274	171	94
275	58	246
275	60	239
275	65	216
275	70	215
275	75	189
275	354	66
276	48	401
276	81	181
276	101	140
277	69	209
277	95	152
277	98	150
278	50	310
278	84	175
278	318	74
279	72	202
279	121	118
280	48	355
280	60	238
280	88	165
281	51	296
281	56	265
281	65	212
282	63	229
282	114	132
283	56	256
283	71	206
283	98	149
283	153	95
284	105	134
284	138	113
284	177	86
285	78	187
285	93	149
287	211	79
288	67	202
288	112	124
288	143	111
289	48	349
289	81	173
289	120	122
290	78	186
291	64	212
292	52	283
292	80	177
292	186	85
292	188	83
292	304	74
293	316	65
294	79	176
294	84	170
294	89	161
294	92	148
294	143	102
294	167	89
294	303	66
295	86	159
296	172	86
297	63	220
297	64	208
297	79	170
298	83	166
300	55	270
301	92	147
301	95	137
301	145	98
302	64	207
302	166	89
303	203	79
304	66	198
304	73	179
304	183	83
305	51	292
305	129	107
305	134	103
305	292	66
306	60	235
306	70	191
306	78	169
306	89	157
307	94	146
307	108	129
307	162	93
307	226	78
308	146	95
310	56	249
314	104	131
314	120	113
314	125	109
315	110	127
315	297	65
316	107	127
316	112	123
317	233	77
318	54	259
318	97	134
319	48	332
319	84	163
322	91	146
323	83	165
326	238	74
327	103	126
327	108	122
327	167	85
329	273	66
331	57	241
332	348	60
333	116	118
334	203	78
337	152	91
339	51	287
339	81	159
339	226	75
343	324	60
344	264	66
347	173	83
349	378	58
351	356	59
352	289	65
357	239	69
368	303	60
368	313	59
372	363	56
374	334	57
377	216	76
378	355	56
379	316	58
379	326	57
382	183	80
387	282	62
400	364	55
407	304	58
408	202	78
419	317	57
430	252	66
440	355	55
