58	536	476
58	559	467
58	570	466
60	449	501
60	463	470
60	496	437
60	533	421
60	544	420
62	426	509
62	447	446
62	516	405
62	565	395
63	411	531
63	423	462
64	499	398
64	516	387
65	415	482
65	579	364
66	379	515
66	385	467
66	426	452
66	431	413
66	524	379
67	366	561
67	566	349
67	593	348
68	505	390
69	370	433
69	433	393
69	520	382
69	580	333
70	343	497
70	349	449
70	369	444
70	374	415
70	395	387
70	462	380
71	330	543
71	363	435
71	389	380
71	459	363
71	489	361
71	510	345
71	529	328
72	328	493
72	329	485
72	334	450
72	395	367
72	490	331
73	314	563
73	335	413
73	356	385
73	412	349
73	500	322
73	515	317
73	517	314
74	307	542
74	330	431
74	399	348
74	435	339
74	535	302
74	546	301
75	301	539
75	313	443
75	377	360
75	422	341
75	426	330
75	582	295
76	313	423
76	344	407
76	368	349
76	419	326
76	420	323
76	545	291
76	549	286
76	560	285
77	286	559
77	291	500
77	299	452
77	303	433
77	318	412
77	323	386
77	346	369
77	365	343
78	299	444
78	308	403
78	359	362
78	440	301
78	482	296
78	527	288
78	539	283
78	570	274
79	277	509
79	295	420
79	341	371
79	353	355
79	376	324
79	385	321
79	439	305
79	440	295
79	495	287
80	361	353
80	385	315
81	275	465
81	294	446
81	313	370
81	332	344
81	564	269
82	345	326
82	456	292
82	470	270
83	254	545
83	260	522
83	292	399
83	307	395
83	324	351
83	384	296
83	441	276
83	544	254
84	249	549
84	255	538
85	244	565
85	426	270
85	537	268
86	286	398
86	293	367
86	494	250
86	559	242
87	271	434
87	318	351
88	269	484
88	295	351
89	231	539
89	241	478
89	254	473
89	267	469
89	287	366
89	325	337
89	327	301
89	453	245
90	291	341
90	428	250
90	498	236
90	550	228
91	275	360
91	312	306
91	396	282
92	293	325
92	363	299
93	241	414
93	268	390
93	336	295
93	375	274
93	445	244
94	227	561
94	234	525
94	259	388
94	346	272
94	414	270
94	484	242
95	212	531
95	222	470
95	332	285
95	409	243
95	455	233
95	531	221
96	205	553
96	258	386
96	274	330
96	285	327
96	289	315
96	326	298
96	381	263
96	392	258
96	430	232
96	603	208
97	252	363
97	472	222
97	544	207
98	198	548
98	217	529
98	220	506
98	238	441
98	252	356
98	315	291
98	331	265
99	357	255
99	394	236
100	274	308
100	284	303
100	307	291
100	313	283
100	436	222
101	232	392
101	258	327
101	299	289
101	341	260
101	411	225
102	200	526
102	207	423
102	236	360
102	453	215
103	185	542
103	236	353
103	296	284
104	183	524
104	191	471
104	247	338
104	298	269
104	371	233
105	265	297
105	291	294
105	350	243
105	417	215
106	261	298
106	283	274
106	408	231
107	242	348
107	300	259
107	395	231
108	227	367
108	392	224
108	492	193
108	542	183
108	553	182
109	219	422
109	231	335
109	251	315
109	252	300
109	285	264
109	595	180
110	203	468
111	277	296
111	342	250
111	486	203
112	317	239
112	348	224
112	524	183
113	167	531
113	171	468
113	184	450
113	217	342
113	227	317
113	252	280
113	399	213
114	183	404
114	189	392
114	248	281
115	165	493
115	339	235
115	370	211
115	416	202
116	261	272
116	326	233
117	218	318
117	239	283
117	309	254
117	311	252
117	328	223
118	193	353
118	226	297
118	249	271
118	293	259
118	302	238
118	448	180
119	245	272
119	313	228
120	166	484
120	252	264
120	281	245
120	363	217
120	432	182
120	535	163
121	183	398
121	196	332
121	204	325
121	212	308
121	337	217
121	351	207
121	363	203
122	164	447
122	236	274
122	304	229
122	321	224
122	397	201
123	169	393
123	176	383
123	182	371
123	223	288
123	530	159
124	256	256
124	519	163
125	216	301
125	230	273
125	254	258
126	160	475
126	193	323
126	201	316
126	209	299
126	396	193
127	185	350
127	268	250
127	315	213
127	413	181
127	516	157
128	171	385
128	278	242
128	486	160
128	530	154
129	145	511
130	176	377
130	213	292
130	298	236
131	196	321
131	236	257
131	294	221
132	162	372
132	191	327
132	263	241
132	472	158
133	174	347
133	217	273
133	377	192
133	486	155
134	191	305
134	291	221
135	153	454
136	178	329
136	207	294
136	222	266
136	305	205
136	471	177
137	156	422
137	164	364
138	136	492
138	212	273
138	233	253
138	266	228
139	158	388
139	173	343
139	183	313
139	306	203
139	343	202
139	510	145
140	151	424
140	192	289
140	217	271
140	276	220
140	349	196
141	163	360
141	165	325
141	204	285
142	145	374
142	221	257
142	231	252
142	337	199
142	412	168
142	438	157
142	571	141
143	133	461
143	211	270
143	281	213
145	185	289
146	148	348
147	162	331
147	176	304
148	462	147
149	171	312
149	217	254
149	240	235
149	393	167
149	474	141
149	506	139
150	183	290
150	244	230
150	267	218
150	302	210
150	366	173
150	403	158
151	167	324
151	198	270
151	268	215
151	299	193
152	193	285
152	321	182
152	569	131
153	175	304
153	220	253
153	291	205
154	203	263
154	213	253
154	281	199
155	124	449
155	140	389
155	155	346
155	330	179
156	122	481
156	134	358
156	193	270
156	212	246
156	247	225
157	158	312
157	175	295
157	189	273
157	274	200
157	549	138
158	173	286
158	458	141
159	184	273
159	272	212
160	146	344
160	149	331
160	183	274
160	202	254
160	567	125
161	167	305
161	267	201
161	345	157
162	118	474
162	171	292
162	190	263
162	240	216
162	253	210
162	411	141
162	517	126
163	136	339
163	166	286
163	183	266
163	271	195
164	151	311
164	161	304
164	201	250
164	232	217
164	247	210
164	263	200
164	339	169
164	515	125
165	175	282
165	176	273
165	226	229
166	163	294
166	230	224
166	240	215
166	264	196
166	318	176
166	363	155
166	565	124
167	127	411
167	212	230
168	189	254
168	219	222
168	314	178
168	479	125
169	130	380
169	392	140
170	124	389
170	251	195
170	265	186
170	295	167
170	335	153
171	164	285
171	469	128
172	165	273
172	188	257
172	194	250
172	314	160
172	375	151
173	121	417
173	132	331
173	193	245
174	198	239
174	220	216
174	233	206
175	109	505
175	163	281
175	184	247
175	244	194
176	115	491
176	209	225
176	240	205
176	299	160
176	359	141
176	563	114
177	129	337
177	165	270
177	174	263
177	431	127
178	118	379
178	136	307
178	164	271
178	171	260
178	326	159
179	181	255
179	215	212
179	285	163
179	501	115
180	144	298
180	168	261
180	239	194
180	249	193
180	284	169
180	329	147
180	455	125
181	172	255
182	105	512
182	112	451
182	156	281
182	164	267
182	193	236
182	230	197
182	259	184
183	229	200
184	144	286
184	209	214
184	248	184
184	251	181
185	125	330
185	133	309
185	161	275
185	193	227
185	216	206
185	219	203
185	289	156
185	323	148
186	136	296
186	158	267
186	163	264
186	191	227
186	197	224
186	200	219
187	152	270
187	177	242
187	187	231
188	103	440
188	164	260
188	246	180
188	278	170
188	282	156
188	453	117
188	507	109
189	113	357
189	143	287
189	167	248
189	209	212
189	245	180
189	274	173
189	319	143
190	148	276
190	176	241
190	206	217
190	257	169
190	272	163
191	101	475
191	121	323
191	176	236
191	234	194
191	253	173
191	277	158
192	139	291
192	172	243
192	211	209
192	216	202
192	312	143
192	501	107
193	129	314
193	165	244
193	189	222
193	197	216
193	200	211
193	222	191
193	225	189
193	237	188
193	243	180
194	163	253
194	248	175
194	266	164
195	175	236
195	298	153
195	372	125
196	117	342
196	133	304
196	144	278
196	152	257
196	189	217
196	208	210
196	211	197
196	214	195
197	124	312
197	129	302
197	178	227
197	196	209
197	236	188
197	237	181
197	271	158
197	351	132
197	459	111
198	98	475
198	247	171
198	413	124
199	121	312
199	127	304
199	129	295
199	148	268
199	173	232
199	204	203
199	217	192
199	235	179
199	257	164
200	137	285
200	139	276
200	189	213
200	198	205
200	202	204
200	220	189
200	237	176
200	290	145
201	159	248
201	172	231
201	183	218
201	205	198
201	214	190
201	217	188
201	225	183
201	264	160
201	265	157
201	453	109
202	128	303
202	407	122
203	125	310
203	130	292
203	142	268
203	161	245
203	182	216
204	194	204
204	203	196
204	206	194
204	214	189
204	235	177
204	307	136
204	320	132
205	124	307
205	128	288
206	97	436
206	134	283
206	156	252
206	160	237
206	169	229
206	184	214
206	187	211
206	217	186
206	248	166
207	119	307
207	131	279
207	135	275
207	155	245
207	172	222
207	175	220
207	237	171
207	249	163
207	290	144
208	182	212
208	214	185
208	234	173
208	251	160
209	94	466
209	115	322
209	138	266
209	152	249
209	201	200
209	206	192
209	219	183
209	228	174
209	231	172
209	247	163
209	338	127
210	110	420
210	159	235
210	213	184
210	265	151
211	169	225
211	176	216
212	118	308
212	151	251
212	155	236
212	168	229
212	190	206
212	221	181
212	246	168
213	120	297
213	124	296
213	202	190
213	412	115
214	114	323
214	154	237
214	258	153
214	289	139
215	114	312
215	257	155
216	133	276
216	150	256
216	166	224
216	173	213
216	184	207
216	315	125
216	480	96
216	508	94
217	126	287
217	157	232
217	205	188
218	100	431
218	102	401
218	299	131
218	392	113
219	97	422
219	151	247
219	160	226
219	167	223
219	180	204
219	265	144
219	308	125
219	360	121
220	123	285
220	157	231
220	192	192
220	208	184
220	214	176
220	231	163
220	277	135
220	420	107
220	438	105
221	110	359
221	208	177
221	211	175
221	254	154
221	472	97
222	167	217
222	497	92
223	90	467
223	92	437
223	104	400
223	114	301
223	150	244
223	199	186
223	252	156
223	359	123
224	104	367
224	122	292
224	141	246
224	154	230
224	191	192
224	197	183
224	200	181
224	282	133
225	153	242
225	432	98
226	133	262
226	140	261
226	188	192
226	196	190
226	374	111
226	482	95
227	116	292
227	151	243
227	174	204
227	296	124
227	544	88
228	91	423
228	112	305
228	184	199
229	192	187
229	230	165
229	310	121
229	417	103
230	102	395
230	128	272
230	181	198
230	210	174
230	242	149
230	377	110
230	380	109
231	148	242
231	181	194
231	204	175
231	244	146
232	157	222
232	163	221
232	221	160
232	224	158
233	89	487
233	90	418
233	100	417
233	156	221
233	170	204
233	199	179
233	348	116
233	374	103
234	89	451
234	193	181
235	186	185
235	317	120
235	395	99
235	440	91
236	249	141
237	144	238
237	174	197
237	234	151
237	251	138
237	509	85
238	110	332
238	120	281
238	155	221
238	184	192
238	248	145
238	272	135
238	294	120
239	88	456
239	108	324
239	135	253
240	149	228
240	315	114
241	128	258
241	133	254
241	138	247
241	154	218
241	181	187
241	273	128
241	314	114
243	90	393
243	148	231
243	212	164
244	108	314
244	212	162
244	430	95
245	88	454
245	182	183
247	147	231
247	341	100
247	416	91
248	145	226
248	218	155
248	478	89
249	125	258
249	168	207
249	246	142
249	539	81
250	166	204
250	170	192
250	208	169
250	225	150
250	300	109
250	446	86
251	86	486
251	207	161
251	228	148
251	469	85
252	84	466
252	86	436
252	90	375
252	140	241
252	276	127
252	284	122
253	114	277
253	262	130
253	289	114
253	491	83
254	83	487
254	150	213
254	258	127
255	82	479
255	84	449
255	98	333
255	113	295
255	144	230
255	457	85
256	138	238
256	156	208
256	201	165
256	283	125
256	284	120
256	502	79
257	144	224
258	122	260
258	219	150
259	164	196
259	246	138
259	341	98
260	170	185
261	81	479
261	83	449
261	85	402
261	137	243
261	184	174
261	224	146
261	286	116
261	347	93
262	235	144
262	310	99
262	519	77
263	152	208
264	130	255
264	145	222
264	177	175
264	221	146
264	235	134
264	282	116
264	290	111
264	484	81
265	109	294
265	125	245
265	268	119
266	136	223
266	160	197
267	102	300
267	191	169
268	257	124
268	358	89
269	315	98
270	124	245
270	333	92
271	219	147
271	450	83
271	465	81
272	123	257
272	214	156
272	519	75
273	248	131
273	303	101
274	97	361
275	113	267
275	135	223
276	79	468
276	81	438
276	161	192
277	79	456
277	81	426
277	226	133
278	229	131
278	242	128
278	512	75
279	114	266
279	132	237
279	204	144
280	108	283
280	129	243
280	157	194
280	216	138
280	265	115
281	366	86
282	98	323
282	112	277
282	185	167
282	193	150
282	233	128
282	251	121
282	363	86
283	132	233
283	149	195
283	236	126
283	314	98
284	99	308
284	454	75
285	81	393
285	124	237
285	183	172
285	290	102
286	170	180
286	378	80
287	77	510
287	87	338
288	83	365
288	167	176
288	353	83
290	109	282
291	105	279
291	222	129
291	316	97
292	81	380
292	287	101
293	95	308
293	116	241
293	461	73
293	501	72
294	327	86
295	81	378
295	205	141
297	270	102
298	215	138
299	186	149
299	262	120
299	501	70
300	94	313
301	76	458
301	78	428
301	131	228
301	307	94
302	75	499
302	168	173
302	219	129
303	106	258
303	114	245
303	214	133
303	462	70
304	84	352
304	133	209
304	255	118
305	262	104
306	79	370
306	98	281
307	148	192
307	196	144
308	76	412
308	129	206
309	117	239
309	121	224
310	213	140
310	287	91
311	113	254
312	170	171
313	118	238
313	138	196
313	143	183
313	152	177
314	113	244
314	119	225
314	151	173
315	128	221
316	163	167
316	260	101
317	74	440
317	76	410
317	128	204
317	203	129
317	344	81
318	76	383
318	96	293
318	181	146
319	85	325
319	114	243
319	220	119
319	293	86
320	259	111
323	110	254
324	109	242
325	78	372
325	100	258
325	199	135
326	165	165
326	178	157
327	78	352
328	81	325
328	329	82
328	369	71
329	115	240
330	107	256
330	110	229
330	140	177
330	327	76
330	505	66
331	72	520
331	92	317
331	136	198
332	117	228
332	164	157
334	132	202
334	154	159
335	280	94
335	321	83
336	92	315
336	107	244
337	115	225
337	146	174
337	187	143
338	76	358
338	226	109
338	468	65
340	99	268
340	201	131
340	317	83
341	84	298
341	108	243
341	122	209
342	178	138
342	196	125
342	273	96
342	462	67
343	138	189
346	103	242
346	145	165
346	204	124
347	167	150
347	299	78
348	106	229
348	123	199
350	70	511
350	75	365
351	113	219
351	286	85
352	215	122
352	244	108
352	253	105
353	92	281
353	98	280
353	109	221
353	217	114
354	103	241
354	197	123
355	223	113
356	91	266
356	100	248
356	114	216
357	117	208
360	81	323
360	97	259
360	165	139
361	235	97
362	71	460
362	139	176
363	77	329
363	217	112
363	318	76
365	81	321
365	303	77
366	95	256
366	101	245
366	229	107
367	97	252
367	127	191
367	321	71
368	94	255
369	199	119
370	96	244
370	224	107
371	107	224
371	123	179
372	102	231
372	116	204
372	164	145
373	78	311
373	203	116
374	75	335
374	149	155
374	223	99
374	318	75
375	92	258
375	156	149
375	168	132
375	187	120
376	315	71
377	94	250
377	466	61
378	94	248
378	100	228
379	66	481
379	72	365
379	98	243
379	99	238
379	119	192
379	173	130
382	81	287
383	88	283
384	103	212
385	70	431
386	152	144
386	178	127
386	273	84
387	69	375
387	74	352
387	90	263
387	98	242
387	121	189
388	65	500
388	82	285
389	89	256
391	97	239
391	113	207
391	128	165
391	180	124
392	71	351
393	67	418
393	152	140
393	224	95
394	111	196
395	400	70
396	86	258
396	93	253
396	99	233
396	107	204
396	287	74
400	96	230
401	91	237
401	120	186
401	216	96
402	64	515
404	111	187
405	148	152
406	82	277
407	421	65
408	88	244
408	169	131
408	262	92
409	110	192
410	177	116
411	68	401
411	106	200
413	102	210
413	206	104
413	235	85
414	331	69
415	67	396
415	169	129
416	65	452
416	85	257
416	118	183
416	151	134
416	327	66
417	98	213
417	198	101
417	265	79
417	499	58
418	73	313
418	223	89
418	257	81
419	63	509
419	64	461
420	86	245
421	202	98
421	458	58
423	71	325
423	109	189
424	197	106
425	82	259
425	92	230
426	165	121
427	68	352
427	76	289
427	92	220
427	148	138
428	348	61
431	191	112
432	292	68
434	64	439
434	81	259
434	85	253
434	162	132
435	103	207
436	486	57
438	79	285
438	99	198
439	138	164
439	142	157
440	95	206
442	91	216
445	63	483
449	113	185
449	137	141
451	110	175
452	98	195
452	130	161
453	61	523
453	90	228
453	178	113
453	194	96
453	270	73
454	90	224
456	139	137
456	158	126
460	469	56
462	76	280
463	67	379
471	287	71
474	63	416
474	85	234
474	92	204
477	157	122
479	150	129
481	394	56
482	102	186
483	308	66
484	60	501
484	105	176
485	89	231
485	263	79
486	302	64
487	76	260
487	133	159
488	103	181
488	125	168
491	159	115
492	65	357
492	224	78
494	222	90
494	223	78
498	225	77
498	323	59
499	191	104
499	368	56
501	139	132
502	234	74
505	135	140
507	78	247
507	85	213
508	98	191
508	132	158
511	91	192
511	144	127
512	111	174
513	86	212
514	102	182
516	82	221
517	92	187
517	106	171
519	71	286
519	146	125
519	331	57
520	78	238
520	103	177
521	74	267
521	220	86
523	129	158
526	188	111
526	282	68
528	214	87
529	125	146
530	128	138
530	201	90
532	71	285
534	193	96
536	141	124
536	173	108
537	59	493
537	87	197
542	112	161
543	91	188
543	211	88
544	70	313
544	78	234
545	68	343
545	109	167
546	95	177
546	146	119
547	65	344
548	135	131
549	92	183
551	62	424
552	67	315
552	108	163
554	192	101
554	360	56
556	64	411
556	265	73
559	190	96
560	211	87
563	61	452
568	75	261
568	240	71
568	311	59
570	73	267
572	67	314
572	73	264
572	82	209
572	127	137
573	65	342
573	253	68
574	98	173
576	74	257
576	191	88
576	303	60
577	114	153
577	158	113
578	60	440
578	140	123
578	171	100
579	143	120
579	217	77
584	87	195
590	59	468
591	64	361
592	73	263
594	61	416
594	214	78
596	76	243
596	144	119
598	121	143
606	60	436
606	158	109
