53	337	391
53	349	337
54	303	421
54	358	309
55	308	344
56	274	374
57	251	356
57	366	275
58	240	332
58	351	283
59	361	257
60	221	348
60	294	318
61	212	314
61	231	288
61	245	282
61	257	265
62	206	313
62	241	282
62	243	277
62	276	261
62	350	238
63	216	278
63	228	267
63	313	241
63	321	232
64	201	310
64	234	264
64	261	247
64	275	241
65	194	290
65	219	254
65	235	243
65	278	230
65	286	221
66	206	276
66	230	238
66	306	216
67	171	313
67	197	266
67	228	234
68	183	286
68	190	273
68	193	268
68	195	262
68	216	238
68	270	211
69	169	290
69	174	281
69	193	260
69	200	257
69	209	239
70	163	297
70	171	280
70	172	277
70	207	235
70	213	231
70	215	229
70	236	219
70	293	202
71	155	300
71	169	276
71	187	251
71	234	217
71	313	197
72	185	247
73	164	276
73	184	268
73	202	236
73	206	229
73	212	224
73	229	207
73	277	192
74	177	252
74	184	243
74	200	234
74	205	233
74	222	222
74	227	205
74	297	187
75	164	264
75	184	241
75	192	228
76	162	255
76	195	224
76	221	207
76	250	192
76	329	179
77	143	296
77	161	260
77	170	240
77	193	220
77	227	195
78	211	206
78	225	193
78	293	177
79	150	270
80	170	232
80	199	215
80	203	205
80	212	197
81	130	334
81	141	313
81	143	268
81	168	228
81	206	201
81	218	188
81	223	187
81	236	184
81	274	182
81	293	169
81	313	167
82	128	330
82	151	260
82	155	254
82	159	239
82	162	238
82	190	212
82	198	206
82	204	199
82	253	175
82	311	165
83	133	289
83	152	253
83	157	237
83	202	203
84	168	224
84	177	221
84	182	211
84	189	210
84	196	201
85	154	233
85	166	222
85	215	190
85	226	175
85	273	165
85	307	159
86	136	262
86	188	210
86	209	179
87	118	330
87	149	243
87	152	239
87	169	214
88	135	268
88	159	232
88	167	212
88	187	191
89	148	231
89	192	188
89	251	173
89	252	161
90	130	260
90	141	248
90	159	223
90	186	198
91	113	351
91	119	291
91	146	237
91	170	200
91	186	197
91	207	186
91	217	165
91	276	151
92	156	219
92	191	185
93	115	306
93	138	249
93	156	217
93	227	158
94	138	235
94	149	218
94	162	210
94	205	167
94	260	147
94	269	146
94	296	141
95	115	290
95	137	234
95	154	212
95	164	205
95	174	194
95	176	191
95	345	139
96	143	231
96	153	211
96	156	207
96	178	186
96	183	179
96	223	159
97	117	289
97	152	206
97	154	203
97	188	176
97	204	163
97	221	159
97	280	137
97	289	136
98	105	332
98	121	281
98	135	243
98	146	216
98	150	209
98	157	200
98	190	174
98	208	161
98	235	144
98	303	135
98	338	134
99	110	311
99	120	266
99	122	252
99	166	188
99	203	165
99	206	158
100	108	288
100	111	283
100	141	228
100	151	204
100	158	198
100	168	186
101	102	350
101	114	270
101	140	222
101	157	196
101	255	134
102	104	303
102	107	298
102	114	268
102	141	221
102	149	210
102	189	167
102	205	154
103	130	227
103	143	213
103	153	195
103	164	192
103	191	165
104	109	282
104	129	226
104	144	207
104	146	204
104	152	200
104	187	176
105	125	238
105	139	212
105	145	203
105	149	200
105	153	192
105	169	177
105	174	175
105	179	167
106	106	286
106	109	281
106	132	220
106	158	191
106	176	174
106	214	151
107	97	360
107	112	268
107	134	218
107	138	215
107	149	192
107	152	187
107	200	162
107	327	119
108	114	258
108	144	196
108	154	186
108	162	176
108	178	163
108	197	160
108	247	127
109	99	309
109	100	280
109	104	271
109	114	242
109	123	239
109	143	195
109	158	180
109	164	174
109	216	150
110	106	262
110	140	195
110	153	184
110	160	174
110	174	172
110	185	162
111	96	295
111	106	260
111	123	236
111	139	194
111	151	184
111	155	178
111	191	154
111	194	153
111	207	148
111	267	117
112	123	234
112	128	215
112	148	188
112	149	183
112	170	169
112	334	112
113	144	192
113	157	177
113	173	164
113	188	155
113	198	150
113	232	146
114	94	317
114	98	281
114	112	253
114	117	230
114	136	207
114	158	176
114	160	173
114	232	125
114	280	115
115	95	308
115	98	278
115	103	259
115	151	176
115	171	161
115	185	151
115	198	141
115	220	129
116	124	223
116	125	217
116	129	212
116	139	190
116	147	180
116	181	158
116	218	136
117	91	347
117	99	274
117	138	189
117	142	184
117	176	158
117	181	154
117	203	139
118	108	252
118	126	210
118	159	163
118	164	161
119	93	288
119	131	199
119	138	183
119	150	173
119	154	167
119	190	150
119	248	120
119	312	104
120	87	329
120	97	274
120	100	265
120	106	247
120	114	224
120	182	153
120	217	126
120	246	112
120	311	101
121	101	257
122	122	222
122	125	211
122	134	188
122	142	178
122	146	170
122	158	160
122	162	157
122	168	156
122	174	148
122	183	143
122	189	140
122	242	119
123	95	271
123	111	240
123	133	194
123	144	174
123	152	166
123	157	161
124	87	313
124	95	263
124	99	257
124	117	209
124	143	173
124	180	145
124	188	136
124	331	97
125	88	307
125	92	295
125	116	215
125	128	193
125	137	178
125	150	165
125	153	162
125	158	157
125	166	151
125	174	142
125	239	112
125	352	96
126	82	339
126	91	279
126	101	243
126	112	222
126	160	153
126	212	126
127	96	261
127	100	251
127	121	206
127	145	168
127	149	161
127	151	160
127	154	157
127	164	152
127	314	97
128	112	221
128	138	174
128	145	167
128	213	116
128	261	105
128	287	97
129	104	239
129	106	231
129	114	215
129	143	171
129	189	128
130	94	261
130	111	219
130	131	181
130	134	173
130	156	153
130	168	147
131	107	228
131	137	172
131	142	169
131	144	164
131	147	158
131	153	154
131	185	136
131	261	98
132	78	338
132	88	271
132	92	256
132	102	239
132	114	202
132	132	176
132	138	170
132	142	162
132	166	147
132	228	104
132	283	94
132	307	93
133	118	198
133	142	160
133	166	145
133	168	140
133	178	131
133	232	102
133	354	89
134	84	286
134	107	227
134	131	180
134	144	159
134	146	157
134	153	151
134	155	145
134	164	143
134	165	140
134	327	89
135	104	218
135	117	191
135	136	166
135	150	149
135	281	94
136	101	242
136	116	197
136	236	99
136	303	90
137	80	304
137	145	153
137	152	146
137	181	128
137	186	126
138	86	269
138	91	265
138	96	243
138	112	205
138	121	188
138	149	151
138	160	138
138	170	131
138	209	119
138	347	85
139	112	203
139	116	193
139	139	162
139	156	144
139	208	119
140	90	268
140	126	187
140	142	152
140	153	140
140	166	132
140	230	102
141	87	265
141	94	240
141	108	204
141	122	183
141	128	177
141	140	156
141	215	115
141	331	86
142	75	325
142	155	137
142	176	126
142	182	120
142	235	98
142	343	82
143	89	257
143	111	193
143	114	184
143	138	152
143	141	151
143	150	139
143	154	138
143	164	129
143	171	127
143	201	119
143	330	86
144	102	210
144	207	118
145	92	253
145	109	200
145	149	139
145	160	128
145	187	116
145	258	91
146	94	227
146	104	200
146	122	171
146	132	157
146	138	150
146	146	139
146	190	115
146	280	86
147	77	291
147	162	125
147	179	120
147	225	98
147	246	95
147	333	82
147	371	78
148	100	207
148	140	145
148	148	136
148	157	132
149	91	247
149	104	197
149	112	187
149	119	176
149	128	162
149	136	154
149	146	137
149	236	90
149	284	83
149	370	78
150	86	244
150	96	215
150	122	165
150	139	145
150	166	122
150	296	80
150	306	79
151	89	243
151	148	134
151	150	131
151	209	101
152	94	222
152	102	195
152	143	141
152	144	139
152	149	132
152	192	113
152	200	99
152	240	87
152	303	78
153	75	307
153	84	272
153	152	128
153	176	111
153	229	95
153	230	92
153	262	83
154	81	272
154	111	175
154	141	137
155	72	321
155	74	295
155	81	255
155	102	192
155	129	150
155	196	110
155	334	75
156	109	182
156	112	170
156	118	163
156	127	157
156	137	146
156	143	134
157	73	298
157	89	233
157	109	180
157	134	149
157	155	121
157	170	113
157	331	74
158	120	160
158	150	127
158	161	120
158	290	79
159	83	253
159	105	191
159	107	185
159	126	150
159	139	136
159	157	118
159	287	80
160	111	171
160	112	168
160	149	129
160	152	118
160	191	110
161	69	380
161	91	230
161	93	215
161	134	138
161	311	77
162	72	316
162	90	219
162	123	155
162	140	130
162	145	126
162	154	115
163	82	251
163	93	212
163	143	124
163	193	109
164	121	150
164	134	135
164	142	127
164	187	106
164	239	83
165	137	129
165	145	121
165	158	112
165	217	95
166	98	203
166	108	181
166	114	163
166	123	147
166	173	106
166	199	102
166	231	86
166	271	81
167	104	186
167	130	138
167	134	133
167	136	131
167	191	103
167	206	92
167	226	89
167	251	79
168	73	280
168	109	161
168	133	129
168	149	118
168	156	110
168	215	91
168	310	77
168	320	76
169	87	231
169	103	180
169	132	135
169	178	99
169	286	76
170	83	235
170	135	126
170	247	81
170	253	76
170	263	75
170	359	72
171	95	209
171	100	191
171	109	160
171	133	127
171	225	86
172	72	296
172	77	274
172	182	96
172	209	91
172	260	74
173	66	356
173	90	201
173	101	189
173	102	173
173	132	129
173	135	124
173	158	109
173	210	86
174	72	292
174	78	263
174	81	239
174	114	149
175	96	181
175	100	179
175	117	142
175	134	126
175	161	108
175	213	85
175	322	69
176	85	233
176	89	217
176	142	118
176	145	114
176	155	113
176	162	106
177	65	362
177	68	319
177	70	289
177	77	258
177	101	171
177	105	161
177	114	146
177	136	122
177	141	117
177	229	82
178	129	134
178	148	113
178	165	105
178	236	76
179	138	119
179	144	116
179	190	94
179	303	70
180	88	218
180	104	159
180	133	120
180	136	119
180	193	91
180	243	74
180	341	67
181	66	329
181	73	275
181	87	217
181	113	140
181	130	127
181	142	113
181	152	110
181	165	102
181	318	69
182	128	129
182	129	126
182	130	122
182	138	116
183	77	256
183	106	153
183	115	137
183	119	136
183	128	125
184	86	229
184	89	190
184	101	170
184	129	124
184	135	113
184	203	88
185	78	245
185	84	221
185	101	166
185	111	144
185	126	133
185	127	127
185	142	112
185	235	81
186	109	147
186	114	139
186	123	127
186	137	110
186	164	99
186	177	98
187	112	140
187	122	127
187	144	109
187	178	92
187	218	80
187	346	65
188	70	271
188	92	183
188	111	141
188	161	101
188	167	98
188	217	80
189	67	325
189	109	144
189	141	107
189	227	78
190	79	237
190	113	133
190	142	106
191	82	213
191	121	131
191	159	105
191	169	96
191	233	74
192	62	365
192	69	287
192	72	270
192	76	259
192	85	207
192	101	163
192	110	135
192	125	124
192	128	123
192	132	118
192	139	108
192	145	105
192	152	104
192	198	90
192	250	69
193	77	223
193	99	177
193	108	138
194	103	148
194	158	99
194	257	67
195	85	201
195	94	174
195	101	151
195	109	137
195	132	115
195	184	87
196	66	298
196	127	117
196	155	101
196	161	98
197	81	211
197	99	158
197	120	122
197	193	85
197	346	64
198	118	125
198	138	109
198	200	81
199	131	109
199	137	106
199	162	94
200	144	105
200	209	79
201	63	320
201	147	103
201	191	85
201	232	73
202	75	234
203	70	257
203	88	179
203	116	132
203	169	90
203	205	78
203	301	62
204	93	167
204	105	140
204	182	86
204	188	85
205	68	278
205	73	250
205	117	128
205	119	123
205	187	85
205	247	67
206	99	148
206	130	116
206	275	63
207	84	205
207	97	159
207	124	119
207	147	97
207	205	77
207	215	76
208	98	155
208	104	134
208	122	118
208	203	79
209	125	117
209	141	103
209	261	64
210	80	202
210	97	147
210	224	74
211	84	183
211	123	113
211	340	61
212	59	356
212	67	264
212	75	215
212	80	195
212	103	140
212	176	86
212	182	85
212	359	60
213	114	121
213	197	82
213	293	61
214	222	72
216	88	165
216	112	132
216	149	96
216	267	62
217	136	106
217	255	63
218	112	128
218	146	102
218	196	79
218	301	59
219	69	240
219	132	102
219	156	92
219	343	57
220	59	329
220	65	297
220	68	257
220	138	100
220	183	84
220	278	61
221	95	144
221	98	141
221	200	78
221	219	70
222	57	369
222	216	72
223	171	87
224	78	214
224	84	182
224	143	96
224	238	67
225	76	198
225	227	69
226	121	117
226	190	79
227	84	176
227	99	136
227	110	128
227	209	76
227	304	57
228	58	327
228	98	137
228	105	127
228	124	111
228	236	65
228	335	55
229	73	230
229	74	209
229	88	159
230	65	260
230	72	235
230	234	65
231	59	311
231	73	223
231	104	130
231	109	122
231	124	106
231	136	98
231	220	68
232	68	238
232	155	89
232	164	84
233	82	176
233	173	83
234	89	151
235	153	87
235	188	79
235	213	71
236	66	254
236	122	116
236	161	85
236	230	65
237	120	114
237	139	94
237	296	56
238	135	101
238	137	97
238	246	62
238	327	54
239	58	309
239	86	170
239	135	99
239	183	79
239	184	76
240	158	84
241	81	181
241	92	144
241	115	113
242	97	139
242	105	125
242	143	91
242	183	77
242	199	73
243	68	230
243	255	60
243	280	59
244	72	207
244	95	140
244	177	79
246	178	77
247	62	290
248	71	229
248	277	58
249	58	302
249	124	105
249	227	64
250	121	104
250	132	93
250	150	89
250	220	66
250	272	58
251	68	215
251	74	188
251	98	133
251	103	125
251	105	123
251	110	115
251	150	87
251	344	53
252	57	325
252	81	163
252	204	70
253	52	389
253	312	55
254	115	108
255	99	132
255	142	88
255	236	62
255	308	55
256	52	373
256	57	303
256	197	70
256	212	66
256	312	54
259	150	85
259	184	74
259	191	70
260	137	87
262	124	99
262	128	98
262	135	88
263	86	157
263	88	144
264	51	351
264	53	334
264	97	132
264	173	82
264	246	59
265	64	245
265	102	127
265	164	80
265	207	67
266	108	114
266	144	83
266	315	53
266	357	52
267	76	186
267	99	130
268	50	375
268	73	182
268	170	78
268	343	51
269	304	55
270	56	322
270	366	49
271	235	61
271	293	54
273	164	78
274	95	135
274	178	71
276	82	151
276	125	96
276	265	56
276	272	55
277	54	322
277	229	61
278	155	80
278	224	65
278	295	53
279	143	80
281	49	369
281	104	113
281	188	70
282	93	134
282	226	63
283	55	293
283	66	228
283	95	126
283	261	57
284	54	310
284	163	79
286	110	112
286	148	77
287	65	211
287	79	156
288	78	175
288	189	69
288	193	67
289	49	343
289	116	98
289	127	87
289	289	54
290	89	139
292	74	170
293	50	341
293	163	75
293	259	55
294	68	194
295	48	361
295	87	141
296	224	62
298	192	67
298	300	52
299	87	139
300	54	287
301	57	276
301	58	257
301	119	93
301	130	82
303	71	175
303	157	76
303	234	59
304	171	74
305	64	217
306	100	112
306	174	71
307	57	270
307	176	68
309	86	150
309	201	63
310	47	388
310	59	240
312	62	219
312	185	66
313	98	117
314	129	84
315	364	49
317	91	133
317	295	52
318	103	107
318	264	54
319	308	51
321	227	59
324	56	274
324	231	58
325	93	127
328	140	77
329	84	148
332	50	308
332	53	277
333	46	399
333	112	105
334	66	202
336	46	388
337	58	242
339	92	132
340	111	100
341	125	84
342	121	87
343	64	195
343	85	142
344	52	284
344	329	50
345	49	313
347	60	218
348	56	267
348	80	139
348	130	81
349	68	189
351	56	253
351	92	130
352	46	382
357	72	164
357	136	78
358	66	187
363	48	340
363	70	186
363	92	118
364	69	182
365	108	98
370	55	255
370	74	158
370	98	107
371	85	127
372	99	106
373	74	156
375	56	251
376	58	231
376	77	145
376	86	125
377	101	104
384	83	130
389	47	348
391	88	121
423	91	119
424	87	122
