46	266	269
46	284	246
48	240	295
49	234	286
51	229	278
52	216	292
52	229	263
52	278	209
53	275	205
55	237	225
55	253	207
57	193	294
57	264	190
58	207	246
58	236	219
60	212	220
60	256	185
60	306	171
61	224	203
61	253	181
61	263	174
63	221	210
64	165	288
64	194	249
64	219	206
64	247	173
64	308	155
65	192	224
65	221	194
65	242	166
65	277	163
66	235	189
67	181	267
67	262	154
68	201	199
68	284	147
69	196	220
69	207	181
69	297	140
70	146	289
70	179	247
71	174	204
71	224	177
72	146	266
72	204	184
72	213	177
73	170	200
73	226	173
73	245	157
74	261	142
75	208	180
75	219	176
75	236	147
75	264	138
76	216	172
77	149	249
77	268	126
78	150	240
79	231	154
80	189	175
80	199	174
81	151	222
81	160	203
82	133	241
82	149	223
82	156	192
82	206	153
82	226	131
82	282	115
83	195	171
83	217	147
84	152	194
84	180	169
84	220	130
84	248	117
85	150	205
86	132	224
86	134	213
87	185	152
88	151	197
88	216	140
89	110	315
89	178	146
90	155	174
92	167	163
93	208	125
93	241	120
94	199	141
95	202	124
96	100	310
96	151	156
97	114	266
98	149	168
100	127	188
100	129	177
100	160	140
102	150	157
103	149	157
103	186	130
104	202	119
104	281	88
105	106	308
105	135	152
105	179	133
106	142	144
106	162	130
106	197	129
106	239	95
108	137	144
108	201	116
109	129	156
109	145	139
109	217	105
109	232	104
110	179	120
110	248	93
112	99	208
112	284	82
113	118	203
113	276	89
114	110	180
115	123	155
115	180	119
116	95	252
116	97	230
116	138	137
117	164	124
118	156	128
118	159	126
118	234	97
119	108	170
119	155	117
119	162	113
120	113	160
120	125	145
121	100	197
121	124	147
121	127	136
121	212	101
122	115	152
122	190	101
123	120	142
123	122	139
123	143	121
123	182	108
124	157	113
124	198	92
124	261	86
125	140	121
125	157	107
125	179	102
125	194	97
126	129	132
126	153	114
126	189	99
126	225	85
127	81	329
127	135	121
127	149	110
128	102	180
128	114	148
128	146	118
128	204	91
129	130	124
129	144	113
129	218	86
129	235	79
129	248	73
130	95	183
130	166	104
130	191	89
131	111	150
131	122	132
131	134	123
132	114	141
132	130	121
132	185	93
133	101	165
133	102	157
133	168	103
133	199	87
133	214	77
134	107	147
134	125	124
134	174	93
134	201	85
135	75	252
135	137	111
135	149	107
135	270	66
136	256	66
137	110	146
137	132	114
137	166	97
138	96	175
139	155	97
139	166	95
140	94	195
141	68	307
142	90	202
142	91	190
142	92	185
142	106	151
143	117	126
143	137	108
143	142	104
144	89	170
144	91	168
144	165	89
145	86	200
145	186	82
146	71	239
146	124	116
146	178	87
147	144	101
148	97	159
148	167	86
148	243	61
149	126	112
150	195	77
153	80	199
153	212	72
155	78	181
155	192	73
156	133	98
157	105	133
157	156	83
158	126	103
160	113	117
160	121	106
160	220	66
161	154	87
162	177	72
163	100	134
164	62	251
164	69	210
164	260	54
167	63	233
167	120	103
169	113	108
170	101	133
170	139	89
170	158	76
171	72	196
171	136	87
172	107	120
172	132	94
173	129	92
173	202	68
174	89	145
174	256	54
175	123	98
176	57	277
177	88	141
177	226	65
177	227	55
179	73	183
180	96	125
182	268	50
183	66	215
183	155	79
184	116	97
184	147	84
185	80	165
185	166	73
186	60	206
188	131	83
188	244	53
189	72	174
189	96	116
190	124	88
191	54	264
191	181	69
192	90	128
193	105	108
193	137	82
194	116	96
195	130	87
195	205	66
195	286	48
198	53	232
199	155	67
200	86	129
202	151	72
203	54	220
204	241	53
206	223	54
210	51	269
210	126	83
212	80	132
212	88	125
212	251	48
213	60	178
213	169	60
214	99	104
215	86	127
216	78	145
219	137	76
225	169	58
228	145	75
228	248	48
230	74	132
230	230	49
232	49	284
233	48	281
233	70	173
233	158	66
234	88	116
236	116	85
237	197	57
240	66	149
245	115	88
249	88	108
249	151	68
253	46	290
253	59	203
253	118	81
254	47	268
254	48	237
254	62	136
256	60	161
258	54	176
259	73	128
260	91	101
261	48	221
261	180	54
266	50	210
266	74	121
271	48	210
271	126	75
276	45	283
277	158	62
279	78	116
287	81	111
288	50	176
292	47	208
292	51	166
298	45	247
311	46	217
