62	455	418
62	461	398
62	475	384
62	504	381
63	508	352
64	408	429
69	446	343
70	460	338
71	464	309
77	431	297
78	413	372
82	400	369
84	399	332
84	414	305
86	397	340
87	430	283
89	417	270
91	259	368
91	415	216
92	372	333
93	211	430
95	239	356
95	464	179
96	354	317
98	418	187
100	243	340
102	229	338
102	363	314
103	387	253
106	382	267
109	178	362
109	223	341
109	377	279
110	195	352
112	356	287
112	364	194
115	178	339
115	220	310
120	311	300
120	315	218
126	288	280
129	204	295
130	179	290
138	309	275
140	184	259
141	182	276
145	170	268
146	201	251
147	277	244
152	301	202
169	156	267
171	429	104
172	166	230
174	392	113
177	454	101
181	114	331
182	480	90
192	296	141
201	275	144
204	309	131
206	145	235
207	117	303
209	400	91
210	132	268
212	344	110
225	97	355
229	114	311
232	475	73
235	309	107
235	437	73
238	391	79
245	102	337
248	93	381
248	118	274
250	95	343
251	417	73
252	341	96
254	269	122
256	403	75
257	364	85
258	84	413
259	227	151
261	85	364
267	122	218
268	119	223
268	195	135
269	307	119
273	84	377
274	308	113
279	80	461
284	102	258
286	82	421
286	115	233
288	258	133
289	83	372
290	117	227
291	269	116
295	332	98
296	112	232
297	106	230
298	192	130
299	278	114
300	114	226
300	340	97
301	82	385
308	278	109
313	385	82
314	205	112
314	322	86
319	371	77
320	112	225
320	306	95
322	82	300
327	429	64
330	72	454
330	109	224
332	366	78
332	416	62
333	97	262
333	353	77
338	245	95
338	410	64
340	225	103
349	97	259
350	93	269
350	327	83
352	392	64
352	443	61
353	221	94
357	210	90
359	103	228
363	424	61
367	72	387
367	98	233
371	69	445
375	243	85
376	66	470
377	336	76
377	406	61
381	270	75
381	476	55
385	222	83
388	267	80
391	65	485
392	65	448
392	92	260
392	457	55
394	64	485
394	414	57
396	375	63
399	245	77
400	77	319
400	83	297
402	81	259
402	292	71
406	89	236
406	439	55
409	71	361
414	98	209
417	66	397
421	389	60
422	387	62
425	490	53
427	61	508
427	240	75
429	349	64
430	61	487
430	283	73
432	80	288
433	82	240
439	269	70
446	68	358
447	180	91
447	401	59
450	422	54
452	485	51
453	301	69
454	363	61
456	65	391
456	76	338
458	162	111
460	208	86
466	467	51
469	85	223
476	434	53
478	69	337
483	396	55
487	79	255
491	73	303
491	322	61
501	216	79
502	65	387
517	177	91
