38	217	190
39	229	189
39	233	180
40	198	228
40	206	188
40	211	179
41	200	209
41	238	167
42	194	207
42	200	177
42	208	176
42	250	166
43	187	212
43	189	207
43	190	199
43	199	188
43	205	174
43	224	171
44	175	224
44	183	203
44	189	198
44	194	181
44	195	175
44	202	165
45	180	190
45	186	176
45	191	174
45	193	172
45	199	162
45	228	160
45	229	153
46	164	222
46	177	188
46	185	172
46	191	163
46	204	159
46	225	158
47	166	217
47	167	195
47	178	185
47	188	158
47	218	151
48	171	177
48	172	171
48	179	159
48	185	154
49	155	215
49	177	169
49	190	148
49	225	144
49	234	141
50	152	228
50	158	188
50	160	178
50	171	168
50	189	143
50	241	136
51	148	224
51	165	154
51	179	149
51	215	139
52	181	146
52	196	138
53	146	214
53	151	171
53	166	152
53	167	144
53	172	143
53	178	138
53	225	133
54	202	131
54	229	129
54	246	124
55	136	216
55	147	169
55	153	164
55	156	150
55	176	136
55	178	135
55	182	127
55	201	126
56	133	218
56	152	141
56	158	136
56	177	135
58	146	169
58	150	156
58	152	136
58	162	125
58	181	124
58	190	123
58	195	121
58	241	119
59	136	169
59	147	162
59	151	140
59	226	112
60	141	141
60	157	129
60	180	122
60	187	120
61	122	202
61	170	121
61	175	119
61	203	117
62	127	174
62	157	128
62	182	114
62	206	110
63	143	138
63	151	137
63	155	120
63	174	119
63	176	114
63	197	113
63	205	112
64	134	164
64	219	107
64	235	106
64	240	101
65	139	136
65	147	127
65	190	110
65	213	107
66	121	171
66	159	117
66	168	116
66	182	111
66	205	105
66	226	99
67	106	267
67	126	143
67	199	105
67	220	99
67	259	98
68	113	232
68	138	133
68	165	115
68	193	105
69	118	181
69	142	130
69	159	116
70	104	217
70	110	183
70	123	155
70	135	136
70	140	122
70	167	110
70	180	98
70	199	97
70	238	95
71	107	212
71	117	167
71	152	106
71	174	98
71	207	94
72	103	200
72	117	158
72	119	151
72	124	138
72	136	130
72	210	91
73	101	198
73	106	185
73	131	122
73	193	92
74	106	170
74	111	157
74	119	139
74	134	120
74	150	109
74	157	104
74	165	100
74	166	94
74	187	92
74	196	89
75	105	185
75	108	164
75	140	118
75	141	116
75	147	111
75	151	104
75	154	103
75	190	89
75	259	86
76	93	231
76	97	211
76	110	157
76	113	136
76	129	125
76	145	110
77	132	120
77	141	111
77	172	92
77	179	88
78	92	214
78	97	188
78	119	135
78	128	129
78	137	108
78	143	100
78	164	98
78	195	87
79	98	186
79	110	145
79	122	127
79	225	84
80	95	200
80	100	180
80	108	156
80	116	124
80	122	116
80	159	99
80	160	95
80	164	88
80	202	83
81	92	212
81	94	211
81	105	152
81	150	95
81	156	94
82	86	239
82	88	220
82	93	207
82	98	171
82	105	147
82	132	113
82	136	106
82	139	105
82	144	95
82	193	84
82	264	80
82	268	77
83	89	207
83	91	203
83	105	146
83	132	111
83	177	82
84	85	230
84	87	203
84	92	190
84	106	138
84	117	122
84	118	121
84	126	113
84	133	105
84	137	101
84	158	91
84	172	87
84	176	85
84	188	79
84	254	75
85	91	184
85	101	170
85	103	159
85	107	128
85	111	127
85	121	117
85	130	111
85	136	103
85	152	91
85	157	89
86	85	195
86	96	161
86	100	143
86	112	121
86	131	104
86	185	80
87	82	225
87	84	190
87	89	168
87	90	167
87	120	117
87	125	112
87	137	99
87	165	85
87	206	75
88	94	140
88	110	120
88	113	118
88	125	106
88	130	101
88	135	97
88	140	96
88	148	92
88	151	85
88	217	72
89	81	200
89	83	173
89	103	138
89	104	133
89	109	124
89	124	110
89	129	97
89	165	82
90	91	150
90	141	88
90	161	84
90	169	80
90	178	79
90	189	73
91	80	183
91	93	149
91	103	127
91	108	123
91	122	109
91	138	89
91	165	79
91	256	68
92	76	211
92	88	164
92	112	118
92	180	78
93	86	156
93	100	137
93	109	121
93	119	110
93	154	82
93	159	77
94	73	221
94	75	194
94	93	146
94	94	138
94	100	133
94	109	120
94	115	116
94	118	114
94	145	86
94	193	71
95	77	193
95	83	166
95	91	143
95	102	122
95	108	112
95	117	103
95	134	94
95	135	91
95	142	85
95	146	82
95	176	70
96	72	204
96	80	176
96	85	165
96	90	140
96	94	133
96	127	100
96	152	76
96	171	75
96	172	72
96	231	66
97	74	203
97	76	176
97	87	144
97	96	119
97	131	96
97	167	72
97	183	68
97	242	63
98	106	115
98	122	94
98	129	92
98	135	90
98	143	78
98	160	75
99	85	162
99	93	129
99	106	113
99	109	110
99	110	109
99	118	101
99	119	100
99	126	93
99	140	88
99	165	70
100	85	141
100	92	127
100	103	117
100	108	108
100	134	91
100	135	88
100	137	87
101	78	165
101	79	159
101	97	117
101	98	116
101	101	114
101	106	108
101	111	104
101	113	102
101	130	91
101	134	84
101	135	81
101	146	74
101	156	72
101	213	67
101	216	63
102	69	193
102	80	154
102	82	151
102	89	133
102	110	106
102	117	101
102	126	91
102	127	88
102	132	86
103	95	124
103	111	101
103	123	93
103	142	79
103	178	68
103	210	65
104	66	203
104	82	148
104	93	122
104	101	108
104	113	96
104	115	95
104	121	85
104	164	70
104	173	69
104	189	65
104	194	63
104	220	62
105	83	144
105	84	143
105	90	131
105	104	104
105	111	100
105	115	92
105	157	71
106	71	175
106	77	163
106	86	133
106	89	123
106	109	92
106	131	82
106	187	66
106	207	62
107	80	151
107	82	144
107	103	105
107	107	102
108	107	99
108	130	79
108	138	76
108	155	73
108	211	60
109	76	168
109	77	161
109	78	145
109	88	132
109	92	113
109	134	78
109	162	70
109	169	62
110	89	116
110	126	82
110	147	69
110	166	63
110	182	59
111	71	170
111	82	140
111	91	112
111	97	111
111	103	100
111	141	72
111	142	69
111	221	55
112	67	202
112	71	166
112	86	126
112	114	89
113	68	189
113	70	183
113	75	152
113	88	122
113	95	109
113	101	105
113	102	99
113	160	63
114	65	216
114	80	134
114	87	120
114	97	108
114	101	104
114	110	91
114	113	90
114	116	83
114	155	63
115	68	177
115	70	175
115	72	153
115	79	139
115	84	133
115	93	109
115	97	104
115	102	96
115	114	87
115	131	77
115	134	73
116	60	210
116	65	201
116	97	100
116	101	97
116	104	90
116	109	88
116	126	80
116	132	76
116	140	71
116	150	68
117	63	182
117	84	131
117	86	119
117	100	98
117	102	94
117	122	80
117	181	56
118	71	164
118	78	136
118	85	117
118	125	77
119	59	219
119	69	160
119	82	120
119	92	106
119	99	99
119	118	80
119	130	73
119	163	62
119	164	60
120	62	191
120	67	166
120	71	155
120	76	143
120	81	126
120	88	111
120	96	102
120	108	86
120	138	71
120	177	57
121	79	130
121	105	89
121	106	87
121	134	71
121	137	67
121	162	61
121	176	58
122	84	117
122	128	76
122	180	56
123	92	101
123	99	94
123	121	77
124	65	172
124	72	144
124	84	109
124	96	97
124	111	82
124	150	61
124	203	51
125	76	128
125	82	118
125	112	79
125	126	75
125	129	71
125	148	65
125	198	51
126	65	158
126	96	95
126	135	69
126	165	57
127	68	147
127	75	133
127	90	105
127	93	98
127	105	86
127	117	78
127	165	56
127	176	54
128	62	168
128	102	89
128	108	83
128	115	75
128	161	59
129	59	194
129	125	71
129	139	62
129	153	60
129	158	59
130	54	247
130	58	212
130	72	137
130	80	118
130	103	84
130	132	69
131	64	160
131	65	154
131	88	100
131	99	91
131	100	87
131	143	60
132	57	233
132	70	138
132	75	128
132	85	103
132	98	92
132	110	80
132	121	74
132	124	73
132	130	70
132	168	55
132	218	50
133	54	234
133	57	190
133	78	117
133	122	71
133	123	69
133	164	54
133	179	51
134	67	147
134	72	132
134	102	85
134	108	81
134	111	77
134	134	68
134	162	57
134	189	50
134	204	48
135	88	95
135	106	80
135	140	60
135	188	50
136	53	243
136	63	167
136	68	138
136	69	133
136	75	123
136	85	98
136	97	91
136	110	77
136	136	63
136	157	56
137	54	197
137	72	122
137	78	112
137	79	110
137	118	71
137	128	64
138	99	89
138	100	85
138	111	70
138	131	62
138	153	54
139	80	105
139	87	95
139	91	92
139	134	60
139	148	56
139	224	46
140	53	206
140	63	155
140	97	90
140	104	77
140	187	49
140	204	47
141	70	129
141	89	92
141	99	83
141	101	80
141	124	64
141	138	58
141	203	45
142	51	200
142	57	181
142	67	142
142	74	113
142	93	91
142	127	63
142	168	52
143	66	138
143	87	90
143	95	85
143	159	52
144	54	170
144	62	163
144	71	122
144	131	61
144	167	49
145	57	159
145	64	147
145	84	100
145	107	73
145	120	65
146	68	132
146	202	45
147	93	82
147	123	62
147	145	54
148	51	177
148	73	120
148	76	111
149	54	166
149	61	154
149	65	145
149	79	100
149	103	74
150	61	153
150	70	127
150	82	98
150	96	78
150	109	72
150	116	65
151	49	207
151	50	186
151	64	142
151	76	110
151	91	88
151	92	85
152	47	219
152	53	175
152	67	133
152	122	61
152	136	57
153	54	161
153	79	95
153	109	67
153	156	50
154	57	150
154	64	138
154	86	93
154	126	59
155	46	228
155	71	118
155	78	106
156	105	70
156	135	58
156	219	43
157	49	199
157	85	87
157	155	50
157	186	43
158	52	175
158	56	157
158	104	73
159	59	141
159	151	51
159	193	42
160	73	109
160	92	73
160	111	63
161	45	241
162	49	179
162	69	119
162	78	105
162	107	67
162	171	47
163	61	133
163	71	115
163	72	108
163	125	58
164	48	191
164	64	122
165	48	188
165	58	143
165	80	91
165	129	56
166	45	221
166	68	118
166	76	105
166	108	66
166	144	51
167	52	163
167	56	150
167	175	44
168	74	99
168	165	48
168	182	43
169	44	230
169	51	165
169	66	113
169	126	57
170	84	78
170	109	64
171	47	201
171	100	68
171	114	60
172	58	141
172	61	124
172	139	52
173	64	113
173	71	101
173	100	66
174	54	149
174	77	92
174	160	49
175	43	243
175	57	138
175	61	123
175	72	96
176	103	64
176	186	42
177	78	90
177	139	51
178	46	193
178	66	104
178	83	85
178	97	68
179	59	137
179	80	86
180	46	189
180	63	114
180	163	45
181	174	44
182	43	227
183	45	198
183	49	177
184	59	133
185	48	179
185	88	74
186	50	176
187	42	295
187	53	158
187	106	61
188	75	90
188	125	54
190	60	122
190	189	41
191	142	50
192	46	181
192	58	137
193	45	189
193	51	147
193	92	68
194	42	241
194	120	55
194	166	44
195	48	164
195	57	127
195	62	113
195	70	100
195	80	79
196	44	198
196	76	86
196	78	85
196	96	65
197	42	229
197	196	40
198	54	131
199	72	93
201	71	96
201	173	43
202	74	91
203	63	110
205	45	181
206	50	147
206	56	128
206	68	91
206	79	81
207	57	119
207	111	60
208	44	190
208	60	108
209	41	264
211	53	131
212	41	252
213	62	99
216	71	86
217	84	76
218	88	69
221	148	49
225	47	158
226	81	76
228	46	167
230	50	142
234	41	220
234	83	73
237	56	113
242	76	80
257	80	78
