66	353	455
66	381	425
66	408	410
72	358	295
72	391	291
73	317	345
74	313	369
75	285	395
75	292	374
75	303	345
75	319	332
75	328	298
77	265	452
77	277	416
77	317	336
77	348	264
78	259	460
78	260	443
78	265	404
78	272	383
78	339	285
78	355	252
78	383	249
79	394	244
80	335	286
83	305	289
85	303	296
85	325	255
86	316	276
86	332	243
86	356	233
89	274	314
89	284	300
90	240	382
90	267	322
91	221	421
92	278	263
92	447	220
93	203	378
93	226	331
93	325	238
94	234	314
94	314	233
94	338	223
95	290	245
95	359	213
95	408	207
95	417	206
96	195	416
97	412	204
97	460	200
98	271	302
98	405	207
99	321	219
100	199	385
100	252	292
101	184	412
101	289	238
101	307	228
102	297	235
102	328	218
103	178	442
103	188	348
103	199	327
103	259	253
104	180	416
104	183	357
105	287	233
105	295	223
105	371	203
105	454	183
106	172	460
106	180	386
106	231	306
106	249	279
106	257	270
106	271	235
106	476	181
107	178	397
107	239	293
107	247	284
107	248	259
107	319	212
107	367	198
107	376	197
107	378	188
108	214	311
108	268	248
108	280	223
108	308	208
108	321	203
109	236	266
110	182	373
110	184	355
110	196	344
110	197	298
110	302	209
111	218	267
111	226	258
111	252	243
111	298	217
112	176	403
112	249	252
113	169	402
113	205	278
113	264	224
113	398	187
114	165	386
114	178	381
114	247	254
115	163	426
115	231	256
115	286	212
116	193	298
116	210	270
116	230	251
116	262	224
116	346	180
116	424	173
117	154	425
117	190	310
117	201	285
117	225	262
117	246	245
117	413	174
118	179	332
118	312	192
119	220	247
119	261	232
119	276	205
119	289	198
120	194	292
120	227	240
120	252	226
120	293	194
121	144	485
121	149	411
121	170	371
121	180	325
121	191	300
121	202	279
121	207	258
121	485	153
122	153	380
122	186	309
122	197	288
122	216	245
123	148	397
123	200	267
123	233	236
123	272	202
123	335	191
123	480	171
124	195	278
124	215	251
124	221	238
124	268	218
124	276	198
125	236	227
125	280	192
125	341	187
125	353	179
125	480	154
126	175	349
126	208	249
126	229	234
126	231	223
126	357	171
126	465	158
127	167	317
127	178	296
127	182	294
127	214	241
127	224	230
127	258	215
127	311	188
127	320	187
128	134	471
128	196	272
128	261	208
129	136	436
129	420	151
130	185	286
130	194	275
130	223	230
130	338	166
130	409	155
131	177	287
131	184	278
131	188	276
131	248	208
132	217	226
132	411	148
132	470	139
133	206	252
133	255	207
133	274	184
133	352	156
134	191	268
134	207	234
134	246	200
134	267	191
134	293	174
135	168	314
135	183	269
135	191	256
135	205	244
135	232	208
135	244	205
135	341	156
136	159	372
136	165	312
136	332	158
137	189	268
137	201	243
138	147	339
138	153	323
138	158	318
138	164	302
138	196	255
138	206	231
138	222	214
138	321	158
139	142	352
139	179	267
139	186	259
139	190	256
139	195	254
139	197	238
139	208	230
139	369	148
139	469	137
140	147	333
140	158	312
140	282	171
140	405	137
141	211	219
141	318	161
141	379	140
142	170	284
142	193	248
142	202	234
142	243	190
143	139	418
143	185	249
143	201	227
143	234	197
143	358	148
144	191	247
144	194	237
144	207	218
144	226	201
144	265	175
144	288	163
145	194	234
145	365	141
145	443	131
146	186	247
146	197	226
146	211	212
146	315	150
147	135	410
147	165	293
147	200	224
147	201	222
147	216	207
147	359	144
147	379	132
148	114	508
148	137	375
148	160	306
148	173	260
148	186	240
148	191	231
148	201	220
148	321	146
149	131	426
149	171	275
149	181	246
149	368	136
149	409	125
149	473	123
150	119	444
150	135	340
150	153	294
150	164	273
150	193	230
150	240	184
150	244	179
150	253	174
150	363	135
151	117	419
151	123	388
151	148	303
151	159	282
151	188	237
151	190	234
151	219	201
151	237	183
151	338	140
151	361	133
151	382	127
152	178	246
152	179	242
152	200	217
152	228	190
152	304	150
152	324	141
152	378	130
153	130	364
153	142	313
153	153	292
153	186	233
153	188	229
153	191	224
153	201	211
154	170	255
154	291	161
154	295	159
154	318	142
154	362	129
155	115	448
155	124	368
155	137	322
155	146	309
155	148	301
155	165	264
155	191	219
155	206	208
155	226	194
155	312	148
155	343	134
155	364	128
155	392	126
156	116	436
156	136	328
156	210	204
156	212	200
156	223	198
156	273	169
156	314	147
156	373	127
156	392	122
157	108	507
157	112	423
157	180	232
157	204	208
157	243	171
157	285	157
157	346	132
158	110	438
158	134	330
158	175	239
158	201	204
158	234	176
158	301	146
158	323	136
158	336	132
158	364	127
159	143	308
159	154	283
159	158	266
159	238	172
159	395	121
160	106	526
160	143	306
160	153	275
160	172	239
160	191	212
160	213	194
160	390	118
160	423	115
161	120	412
161	124	346
161	169	247
161	195	208
161	212	193
161	276	159
161	408	115
162	106	463
162	108	433
162	148	300
162	217	188
162	228	178
162	273	149
162	281	148
162	295	142
162	306	140
162	320	134
162	362	125
162	369	121
163	154	266
163	164	248
163	182	228
163	239	167
163	258	162
163	287	147
163	351	131
163	381	119
163	425	113
164	120	405
164	131	333
164	159	257
164	187	216
164	409	113
165	103	502
165	122	347
165	131	332
165	144	292
165	183	225
165	190	209
165	197	203
165	203	194
165	234	168
165	284	141
165	309	133
165	349	123
166	127	324
166	188	213
166	207	190
166	250	159
166	278	146
166	303	138
167	142	303
167	151	288
167	174	225
167	192	206
167	193	202
167	201	201
167	229	171
167	270	151
167	341	126
167	411	111
168	101	521
168	113	421
168	125	319
168	139	288
168	147	280
168	148	278
168	153	272
168	180	217
168	185	212
168	189	210
168	224	174
168	248	164
168	257	150
168	277	142
168	386	113
169	102	489
169	116	391
169	134	297
169	151	262
169	156	252
169	171	236
169	247	162
170	169	232
170	314	128
171	115	349
171	198	194
171	250	151
171	268	142
171	366	115
171	387	111
172	108	382
172	145	270
172	176	221
172	181	213
172	192	199
172	220	174
172	328	123
172	381	112
173	164	240
173	170	229
173	185	205
173	190	203
173	203	188
173	217	173
173	245	152
174	98	493
174	105	428
174	122	322
174	139	287
174	227	170
174	261	143
174	281	141
174	291	139
174	367	113
175	103	407
175	110	357
175	132	295
175	145	265
175	173	220
175	193	196
175	207	181
175	214	175
175	240	155
175	279	141
175	282	136
176	98	478
176	101	447
176	106	377
176	143	277
176	156	246
176	233	169
176	298	129
176	327	126
177	96	512
177	127	299
177	154	257
177	159	237
177	181	206
177	199	186
177	206	180
177	208	179
177	232	158
177	272	137
177	320	127
177	325	125
177	422	110
177	441	104
178	96	488
178	122	308
178	165	229
178	170	222
178	189	202
178	203	181
178	236	157
178	415	104
179	101	438
179	158	240
179	189	194
179	194	189
179	223	166
179	243	150
179	254	149
179	266	138
179	310	127
180	115	327
180	149	261
180	153	249
180	168	218
180	187	195
180	193	189
180	228	159
180	245	146
180	318	120
180	344	115
181	94	507
181	111	339
181	150	257
181	174	212
181	228	157
181	297	128
181	452	102
182	172	216
182	240	147
182	261	141
182	311	126
182	391	104
183	95	455
183	148	250
183	161	232
183	191	190
183	256	138
184	171	212
184	197	182
184	201	176
184	209	175
184	223	156
184	235	150
185	137	286
185	141	259
185	144	258
185	160	236
185	166	224
185	170	213
185	175	210
185	177	205
185	180	198
185	185	196
185	219	160
185	229	155
185	248	141
185	263	135
185	292	130
186	103	366
186	157	230
186	164	220
186	168	213
186	191	184
186	216	161
186	218	159
186	227	153
186	315	117
187	98	441
187	100	424
187	136	280
187	151	237
187	156	227
187	176	202
187	177	199
187	244	140
188	122	302
188	124	296
188	148	243
188	183	196
188	211	164
188	238	145
188	260	131
189	102	413
189	175	201
190	112	316
190	133	285
190	175	200
190	176	196
190	214	160
191	108	328
191	190	181
191	210	173
191	217	156
191	412	99
192	94	404
192	100	387
192	101	354
192	143	257
192	163	211
192	180	192
192	183	186
192	215	155
192	350	114
193	97	374
193	105	337
193	155	231
193	159	223
193	171	200
193	242	138
193	265	126
193	279	122
193	371	110
194	118	298
194	153	234
194	156	221
194	160	212
194	207	160
194	212	157
195	92	489
195	117	295
195	119	293
195	126	275
195	146	253
195	171	197
195	221	147
195	336	108
196	89	458
196	98	368
196	135	264
196	144	255
196	145	247
196	158	214
196	202	163
197	106	324
197	131	264
197	174	190
197	182	183
197	195	168
198	98	362
198	102	336
198	187	178
198	192	171
199	110	308
199	123	277
199	152	219
199	185	176
199	206	159
199	209	155
199	233	143
199	256	131
200	99	345
200	170	194
200	172	193
200	201	160
200	259	130
201	141	251
201	164	202
201	175	186
201	196	164
201	200	162
201	368	104
202	88	435
202	90	408
202	173	187
202	300	113
203	93	378
203	141	234
203	144	233
203	156	215
203	157	210
203	170	188
203	186	172
203	204	155
203	212	154
204	134	252
204	157	205
204	184	173
204	218	142
205	84	504
205	145	224
205	199	158
206	139	242
206	148	218
206	165	195
206	174	183
206	195	161
206	214	148
207	100	328
207	177	179
207	189	166
207	209	148
207	340	103
208	83	513
208	105	320
208	169	185
208	185	169
208	291	115
209	113	293
209	127	263
209	153	214
209	176	179
209	196	159
209	198	155
209	208	148
209	226	138
209	381	96
210	143	224
210	190	164
211	127	262
211	168	190
211	177	176
211	188	163
211	204	150
211	256	129
211	271	120
212	138	242
212	154	212
212	169	183
212	176	176
212	180	171
212	197	158
212	218	137
212	262	124
212	290	117
212	450	92
213	126	250
213	152	206
213	174	177
213	195	158
213	342	102
213	414	95
214	107	302
214	143	216
214	158	198
214	184	169
214	188	161
215	138	227
215	146	210
215	152	205
215	161	188
215	199	150
215	250	127
215	338	107
215	356	99
216	85	474
216	92	355
216	178	169
216	202	148
216	387	95
217	118	281
217	168	180
217	183	168
218	98	334
218	118	275
218	169	178
218	190	156
218	217	135
218	270	122
219	104	324
219	166	180
220	160	185
220	163	181
220	168	177
220	172	174
220	180	164
220	205	146
220	389	92
220	403	90
221	112	280
221	151	197
222	86	424
222	177	169
223	84	468
223	91	381
223	114	278
223	126	249
223	134	239
223	159	187
223	199	145
223	207	141
223	243	126
223	257	122
224	147	204
224	161	181
224	328	102
224	384	95
225	131	230
225	162	178
225	165	177
225	179	166
226	87	379
226	108	280
226	119	254
226	131	229
226	147	200
226	198	152
226	315	106
226	360	94
227	99	320
227	107	292
227	124	251
227	177	167
227	183	156
227	193	154
227	357	93
228	82	404
228	93	352
228	103	305
228	195	148
228	227	127
228	262	119
229	102	317
229	113	262
229	122	239
229	138	220
229	173	164
229	299	106
229	342	95
230	91	334
230	102	308
230	141	203
230	156	181
230	164	174
230	184	154
230	206	139
230	210	134
230	271	111
231	118	256
231	127	231
231	179	159
232	103	285
232	124	233
232	139	203
232	196	147
232	200	141
233	132	225
233	220	131
233	263	117
234	99	311
234	106	277
234	114	249
234	155	183
234	181	155
234	247	122
234	352	92
235	111	276
235	121	246
235	134	211
235	155	178
235	161	174
235	172	164
235	200	140
235	203	137
236	128	218
236	143	196
236	156	176
236	178	156
236	322	102
237	153	178
237	190	148
238	88	377
238	152	180
238	155	175
238	160	172
239	86	348
239	112	275
239	253	114
239	295	104
239	309	98
240	145	194
240	189	151
240	190	143
240	217	127
240	340	92
241	103	276
241	142	193
241	305	102
242	91	322
242	137	207
242	177	157
242	208	130
243	117	245
243	132	205
243	151	176
243	234	123
243	337	95
244	72	530
244	174	154
244	257	113
245	110	270
245	149	176
245	164	169
246	113	247
246	168	164
246	184	145
247	346	91
248	97	284
249	74	428
249	107	270
249	110	263
249	119	221
249	144	181
249	156	173
249	197	141
250	90	321
250	92	300
250	137	198
250	143	185
250	147	175
250	159	169
250	169	163
250	225	124
250	304	96
251	99	282
251	107	254
251	117	241
251	141	190
251	143	180
251	151	174
251	167	161
251	179	147
251	236	119
252	84	396
252	105	275
252	131	206
252	295	103
252	340	89
253	232	123
254	201	129
254	243	118
254	280	107
254	424	82
255	90	316
255	163	166
255	174	149
255	194	138
255	227	122
255	335	94
256	191	137
256	253	113
256	268	109
257	135	197
257	189	139
257	292	97
257	309	95
258	71	478
258	125	217
258	155	167
258	159	164
258	163	162
258	165	161
258	169	154
258	223	121
259	84	327
259	123	211
259	149	170
259	163	159
259	221	123
259	246	117
259	324	93
260	242	118
261	108	234
262	128	210
262	209	125
263	95	290
263	129	191
263	168	157
263	175	143
263	230	118
264	99	254
264	140	174
264	148	167
264	233	116
265	90	289
265	138	180
265	158	165
265	161	158
265	164	157
266	80	384
266	119	206
266	168	152
266	256	111
266	299	93
266	363	88
267	83	326
267	85	310
267	128	199
267	199	136
267	233	115
267	264	109
268	126	197
268	153	164
268	228	117
268	263	107
268	287	95
269	67	532
269	118	220
269	139	171
269	145	167
269	159	159
269	224	115
270	163	154
270	180	136
270	189	133
270	433	79
271	72	403
271	79	399
272	83	321
272	144	165
273	100	243
273	163	152
273	215	116
273	381	84
274	94	260
274	122	194
274	165	151
274	195	127
274	357	81
275	389	79
276	118	212
276	141	169
276	190	128
276	239	113
277	130	180
277	135	169
278	114	223
279	158	156
279	206	125
279	245	109
279	283	95
279	296	94
279	314	91
280	69	453
280	88	295
280	110	215
280	162	151
280	164	149
280	174	142
280	282	93
280	345	84
281	113	209
281	150	157
281	160	148
281	197	121
281	235	113
281	366	79
282	113	206
282	158	152
282	229	112
282	322	87
283	130	178
283	140	166
283	144	160
283	221	115
283	301	90
284	127	178
284	159	151
284	258	104
284	358	79
285	80	333
285	117	197
285	205	116
286	93	261
286	127	176
287	108	221
287	196	119
287	344	83
288	82	320
288	135	164
289	156	146
289	232	111
290	93	248
290	330	86
291	65	507
291	274	94
292	123	183
292	273	92
293	95	246
293	131	175
293	143	157
293	179	136
295	151	156
296	106	217
296	130	175
296	161	139
296	247	106
296	277	90
297	247	104
297	460	74
298	196	118
299	116	187
299	153	152
299	334	79
299	362	76
300	111	205
300	134	162
300	146	150
300	156	141
300	178	130
300	253	95
300	340	78
301	412	74
302	276	90
303	73	338
303	86	266
303	99	216
303	139	159
303	221	111
304	300	88
304	455	73
305	67	421
305	125	166
305	243	107
306	228	107
306	429	73
307	124	176
307	213	107
307	374	75
308	122	172
308	143	154
308	166	135
308	264	92
308	376	74
309	93	239
309	96	221
309	115	188
309	119	184
309	138	158
310	88	251
310	155	138
311	295	85
311	391	73
312	72	339
312	259	92
313	135	160
314	109	190
314	163	135
314	164	134
315	375	73
316	63	475
316	144	150
316	175	126
316	232	106
317	136	152
317	146	143
317	225	105
317	255	92
317	297	83
317	332	76
319	130	164
319	143	149
319	307	79
319	350	75
320	117	174
320	163	132
320	173	125
320	229	102
320	313	78
321	66	430
321	131	155
321	236	95
322	103	207
322	108	197
322	118	171
322	187	124
322	217	101
323	142	151
323	342	74
324	158	134
324	184	114
324	208	104
325	67	378
325	144	143
325	252	90
325	266	89
325	294	87
326	94	213
326	129	161
327	122	165
327	173	120
328	142	148
328	228	98
329	211	103
330	88	248
330	114	173
330	155	135
330	341	73
331	93	220
331	105	191
331	137	151
331	142	147
332	62	484
332	91	221
332	432	70
333	178	119
333	267	83
334	133	149
334	158	128
336	157	130
337	63	422
337	271	81
338	116	172
338	468	68
339	87	231
339	101	207
339	161	127
340	112	177
340	132	153
341	85	273
341	135	148
342	248	86
342	365	70
343	104	205
343	234	91
343	414	69
344	94	204
344	140	136
344	245	90
345	84	239
345	132	147
345	150	133
345	167	122
346	128	154
346	354	71
347	118	165
348	98	191
349	162	124
349	278	78
350	167	117
350	236	88
350	258	83
350	366	69
351	117	170
351	217	94
352	127	153
352	130	145
353	62	431
354	139	133
354	273	78
354	302	74
355	116	159
356	185	111
356	425	67
358	128	145
358	160	127
358	179	113
358	390	67
359	106	174
359	297	74
360	96	191
361	79	335
361	130	138
362	115	156
363	125	152
363	229	89
364	100	178
364	128	143
364	199	107
364	240	84
366	194	109
366	232	88
367	127	146
367	247	83
368	110	166
370	256	79
370	388	66
371	113	160
371	123	151
371	160	120
371	295	73
372	165	113
372	228	86
372	310	71
372	426	65
373	209	102
374	124	147
375	103	175
375	187	109
377	121	143
377	305	71
378	94	199
379	110	158
380	134	130
382	146	119
382	195	103
383	167	106
384	120	151
385	128	139
385	271	78
387	198	98
388	96	184
388	113	148
388	251	82
389	178	102
390	84	220
390	222	90
390	305	70
391	156	110
392	129	128
392	201	92
392	226	86
393	118	139
393	226	83
394	270	77
395	156	109
395	194	94
397	63	378
398	99	166
398	126	136
398	155	116
399	151	111
399	265	77
400	92	195
400	160	108
402	140	117
402	155	108
402	252	81
404	144	115
404	206	87
405	144	114
405	165	102
406	174	98
406	249	80
408	147	112
410	241	80
411	82	221
411	133	120
411	194	90
411	258	74
412	113	142
413	63	369
413	219	82
414	96	167
414	185	95
414	188	94
416	84	207
416	183	96
417	78	327
417	150	108
417	154	105
418	93	187
418	107	146
418	294	70
419	285	71
420	132	121
421	58	520
421	149	107
421	188	92
421	280	70
422	158	104
423	208	86
424	138	113
424	153	104
427	142	110
427	361	64
428	173	97
428	286	69
429	269	71
430	145	108
430	164	100
430	254	77
431	159	100
432	168	96
432	184	90
433	86	191
433	114	132
433	116	130
433	131	116
433	281	69
433	355	64
433	421	62
434	91	174
434	94	171
434	104	147
435	109	140
442	406	62
444	85	191
444	140	112
445	58	491
446	188	87
448	152	102
448	183	89
448	197	84
448	260	71
449	88	178
450	125	127
451	106	144
452	118	124
452	120	122
454	103	154
456	395	62
457	106	139
458	155	101
460	219	78
462	86	183
463	151	102
463	167	97
465	146	102
465	170	91
469	62	361
469	172	90
470	267	70
471	135	108
471	138	106
472	160	96
473	94	168
474	101	150
474	195	85
475	58	463
475	132	113
476	117	122
478	88	170
482	102	148
487	276	69
488	83	193
489	145	100
491	58	454
492	313	66
495	186	84
498	96	150
499	148	99
502	130	116
503	101	148
504	89	167
506	157	93
511	80	217
515	58	445
515	139	101
515	188	83
518	105	145
518	170	88
523	103	138
523	140	100
527	147	97
539	192	82
542	135	103
543	123	114
