56	499	483
56	502	470
57	456	469
57	501	424
58	455	423
59	405	441
59	499	397
59	524	396
61	363	498
61	423	401
61	522	369
63	337	510
65	382	374
65	420	367
65	511	325
66	331	398
66	374	366
66	482	356
67	295	473
67	317	431
67	355	374
67	367	346
67	418	340
68	497	306
69	321	365
69	382	320
69	534	294
70	272	497
70	285	418
70	327	343
71	379	316
71	453	294
72	262	477
72	273	402
72	378	312
72	390	292
72	502	274
73	333	316
73	427	269
74	482	265
77	319	323
77	469	251
79	323	277
79	464	254
80	451	258
81	252	385
81	338	257
81	418	251
82	306	360
84	209	497
84	319	295
85	232	394
85	271	384
85	318	291
86	231	369
86	271	283
87	410	218
87	412	195
88	244	365
88	356	213
89	249	358
91	195	474
91	196	456
91	311	275
91	389	210
92	199	449
92	202	411
92	310	271
93	262	339
94	301	251
95	207	382
95	231	351
96	241	338
96	270	273
97	249	299
98	213	355
98	285	253
99	299	251
99	399	206
100	373	212
101	180	424
101	201	352
101	319	207
102	239	268
103	209	338
103	395	205
104	186	397
104	359	191
105	181	418
105	273	265
105	303	209
106	215	311
107	187	385
108	325	197
109	307	203
110	277	253
110	293	207
112	178	471
113	272	239
114	225	308
114	228	244
114	236	236
114	346	178
117	215	247
117	261	231
118	202	328
118	304	185
119	180	423
120	200	252
120	254	213
120	291	194
121	245	233
121	262	202
121	280	191
122	225	246
122	344	162
123	405	121
123	458	119
124	168	389
124	175	370
125	215	228
125	223	220
125	244	185
126	163	433
126	197	303
126	388	121
128	191	313
128	202	231
128	365	129
128	407	117
129	142	326
129	237	204
129	359	122
131	345	125
132	128	358
132	199	254
132	221	206
132	288	177
133	195	306
133	198	260
134	185	283
134	204	203
135	216	202
135	325	129
136	139	329
136	153	290
136	193	269
136	198	258
136	228	181
136	272	179
136	305	133
137	311	132
137	410	116
138	116	378
138	201	207
138	292	170
139	111	443
139	125	361
139	132	317
139	191	221
139	207	192
139	267	173
139	352	114
139	426	113
139	468	110
140	182	248
140	186	230
141	180	218
142	119	352
142	199	198
143	144	296
144	108	397
144	131	305
144	139	300
144	144	290
144	197	215
144	312	122
144	354	110
145	118	354
145	151	264
145	184	203
145	196	192
145	286	148
145	318	121
146	106	434
146	130	328
146	204	184
146	251	176
146	278	143
147	183	200
147	195	187
147	253	152
148	259	151
148	283	130
149	194	196
149	196	183
149	250	157
150	212	172
150	259	150
151	110	362
151	140	272
151	203	175
151	209	174
152	186	198
152	187	195
152	188	190
152	200	177
154	134	287
155	146	255
155	186	191
156	175	200
156	311	122
156	494	95
157	221	156
157	407	107
158	174	197
159	130	284
159	187	183
159	301	123
160	137	258
160	180	194
160	192	175
160	364	101
162	150	237
162	182	185
162	190	176
162	209	166
163	163	212
163	200	172
163	209	158
164	148	241
164	232	149
164	457	90
165	157	220
165	211	155
165	239	143
166	182	181
166	198	164
167	188	175
167	193	168
167	453	99
168	176	183
168	181	178
169	226	143
170	190	168
170	335	113
171	146	228
171	181	176
171	217	147
171	322	118
172	156	200
172	168	187
172	184	171
172	189	166
173	199	157
173	240	133
173	318	113
174	174	178
174	327	100
174	409	95
175	160	196
175	470	84
176	158	198
176	164	188
176	176	175
177	122	258
177	191	161
178	92	420
178	113	349
178	149	216
178	232	136
179	88	457
179	185	164
179	190	159
179	205	149
179	272	120
180	146	207
180	173	177
180	305	104
181	94	406
181	115	335
181	117	321
181	175	171
182	108	351
182	141	212
182	180	166
183	110	289
183	204	156
184	165	178
184	277	115
185	143	208
185	163	179
186	94	341
186	135	218
186	228	135
186	254	124
187	117	256
187	221	135
188	85	459
188	174	166
188	216	139
188	218	136
188	237	133
188	310	94
190	242	125
190	289	99
190	336	93
191	152	194
192	106	276
192	119	250
192	144	202
192	188	154
192	232	126
192	430	86
193	115	265
193	170	168
193	181	160
193	242	123
193	495	78
194	186	156
195	83	444
195	157	190
195	282	111
195	328	87
195	457	85
196	124	224
196	194	147
197	98	321
197	159	174
198	153	184
198	165	166
198	433	78
199	144	188
199	156	175
199	274	109
200	129	221
200	175	160
200	184	150
200	309	97
201	113	244
201	132	207
201	184	147
201	220	131
201	362	82
202	216	130
202	255	118
202	288	102
203	213	126
203	326	85
204	87	375
205	159	169
205	164	165
206	259	101
207	136	200
207	190	143
207	227	116
208	121	236
208	174	158
209	85	387
209	114	230
209	166	159
209	314	92
209	360	80
211	121	213
211	154	166
211	195	142
211	263	98
213	165	159
213	199	134
214	264	97
215	137	186
215	152	166
216	91	361
217	150	171
217	162	159
218	82	364
218	179	144
219	104	271
219	250	115
221	130	210
222	161	160
224	80	425
224	88	360
224	103	259
224	233	112
224	354	84
224	466	71
225	162	154
226	149	164
226	280	88
227	110	257
227	120	207
227	193	128
227	279	88
228	119	220
228	148	165
228	177	143
229	89	302
230	78	426
231	307	87
232	142	166
232	148	161
232	175	144
233	95	301
233	137	169
233	168	144
234	88	290
234	108	252
235	81	328
235	114	219
237	118	209
237	148	155
237	179	141
238	141	165
238	176	140
239	102	287
239	134	179
239	190	128
240	74	415
241	97	262
241	322	80
242	164	145
243	126	175
243	204	118
243	369	78
244	83	319
244	116	212
244	120	195
244	164	143
247	169	138
247	262	96
248	240	106
250	105	249
250	133	166
251	82	293
252	120	191
254	109	214
255	185	136
256	93	288
257	91	288
258	165	137
258	246	101
259	114	203
259	132	163
260	134	156
260	179	136
260	213	107
263	104	228
263	175	136
264	177	131
264	227	97
265	108	218
265	154	148
266	114	183
266	117	181
267	159	142
270	100	244
273	74	364
274	71	407
276	129	152
276	209	110
278	74	347
279	106	227
280	92	261
280	123	161
280	158	141
280	181	129
280	267	85
282	108	196
283	87	271
283	111	184
284	98	253
286	198	121
286	264	91
287	99	238
288	78	318
291	95	241
291	162	134
292	158	138
292	164	129
294	75	342
297	85	280
299	66	431
300	86	265
300	447	73
301	73	322
301	150	140
304	69	372
304	223	94
306	79	303
306	82	280
306	203	113
307	66	396
308	73	298
308	167	125
309	69	355
309	257	83
309	402	67
310	150	137
311	71	326
311	102	185
311	138	150
311	306	76
312	66	379
313	152	131
317	181	123
317	262	79
318	80	280
318	220	99
322	71	307
322	145	136
323	131	132
323	147	131
324	488	58
327	65	368
328	78	297
328	181	122
329	64	396
329	88	213
329	452	58
331	149	129
334	64	379
335	65	354
335	436	58
336	66	350
337	63	478
337	176	115
338	69	318
339	150	127
340	80	277
341	112	177
342	205	109
342	373	74
345	390	68
346	252	77
347	66	331
348	171	112
348	217	93
351	164	117
352	392	66
354	129	139
355	215	93
356	140	131
359	127	155
360	200	99
361	87	243
361	345	72
363	64	342
363	68	318
364	409	58
365	61	420
367	66	322
367	486	56
368	101	186
368	163	115
369	63	388
369	214	98
371	180	105
374	170	112
375	105	176
376	61	401
376	150	123
376	320	75
379	60	446
383	210	94
385	337	70
386	361	60
388	61	384
388	63	342
391	151	122
392	126	128
397	60	403
397	179	105
397	222	88
400	74	267
400	147	118
401	418	56
402	225	81
405	208	94
410	61	369
415	218	89
415	409	56
416	200	92
418	134	115
420	125	123
422	164	99
422	346	68
423	370	58
429	86	194
431	261	74
434	61	361
434	66	299
435	176	94
436	82	206
436	263	70
437	158	101
438	144	107
441	199	90
443	58	470
445	226	79
446	84	198
448	221	81
454	160	100
458	261	70
461	212	82
462	59	399
467	369	58
476	230	77
477	194	93
