56	474	487
56	497	463
56	541	457
57	446	481
57	468	474
58	553	421
59	408	512
59	474	425
59	505	416
60	522	395
61	388	471
61	404	460
61	449	415
62	364	525
62	372	480
62	454	400
62	468	391
62	529	378
63	395	422
63	448	396
65	352	445
66	321	497
66	359	418
66	470	365
67	402	372
68	343	488
68	524	329
69	470	342
70	291	504
70	366	368
70	382	354
70	435	328
71	348	374
72	282	529
72	320	466
72	325	394
72	338	373
72	429	343
72	430	316
73	279	504
73	389	325
74	318	382
74	338	359
75	311	416
76	271	553
76	298	402
76	488	282
77	267	496
77	287	423
77	348	338
77	439	278
78	314	377
78	395	289
78	407	284
78	429	277
78	517	271
79	253	553
79	284	420
79	316	357
79	321	342
79	365	336
79	379	307
79	468	267
80	250	528
80	372	319
81	245	576
81	336	316
81	404	279
82	331	321
84	240	533
85	237	508
85	272	448
85	302	357
87	263	473
87	279	402
87	505	238
88	260	448
89	218	564
90	229	545
90	248	459
90	278	382
90	305	335
91	266	407
91	296	368
91	303	342
91	350	269
91	407	239
91	429	232
92	248	440
92	289	346
93	217	574
93	227	538
93	237	503
93	301	322
93	322	284
93	391	238
94	246	382
94	265	360
94	283	318
94	311	311
95	205	569
95	206	540
95	232	434
95	281	353
95	316	296
95	383	260
96	207	506
96	311	301
96	351	266
96	373	259
97	198	584
97	227	411
97	293	315
98	235	387
98	278	317
98	346	253
99	193	598
99	221	497
99	226	434
99	273	319
99	334	278
99	388	247
100	196	522
100	216	448
100	343	261
100	387	249
100	466	202
100	532	196
101	189	573
101	205	499
101	244	368
101	250	336
101	359	238
101	438	222
102	186	583
102	213	417
102	233	365
102	328	283
102	342	241
102	385	227
103	341	247
103	369	231
104	205	423
104	223	399
104	299	283
104	356	233
104	473	192
104	526	187
105	216	391
105	473	189
105	516	185
106	188	482
106	330	272
107	187	531
107	287	308
107	308	270
107	323	241
108	260	321
109	180	546
109	302	282
110	195	428
110	277	312
110	297	287
111	175	560
111	250	309
111	279	301
111	386	223
112	247	355
112	281	298
112	323	232
112	470	188
113	177	533
113	248	351
113	259	305
113	314	258
113	337	229
113	359	222
114	174	543
114	222	330
114	246	300
114	287	266
114	369	200
115	179	515
115	186	459
115	197	387
115	305	232
115	366	215
115	511	184
116	173	505
117	156	601
117	265	296
117	326	226
118	160	535
118	285	269
118	342	219
118	363	191
118	375	187
119	155	563
119	182	504
119	362	217
119	441	186
119	531	159
120	223	319
120	291	231
121	499	165
122	303	223
122	362	184
122	474	183
123	235	282
123	291	224
123	348	215
123	411	183
124	179	489
125	166	457
125	264	265
126	219	319
126	413	178
126	461	168
127	189	386
127	244	264
127	258	259
129	163	533
129	189	372
129	196	325
130	155	468
130	156	466
130	167	393
130	194	352
130	234	301
131	150	496
131	213	309
131	280	216
131	312	212
131	324	209
132	243	272
134	165	432
134	237	255
135	179	377
135	198	320
135	201	317
136	177	377
136	233	253
136	269	233
136	322	204
136	325	197
137	152	447
137	228	255
137	543	138
138	179	332
138	278	220
138	378	176
139	140	455
139	149	418
139	166	368
139	279	219
139	300	193
139	312	189
139	355	175
139	511	144
140	135	483
140	298	208
141	189	330
141	217	308
141	226	267
141	386	171
142	214	277
142	449	160
143	299	186
143	502	157
144	178	321
144	199	289
144	457	151
145	257	216
146	174	355
146	268	207
147	163	376
147	278	184
147	342	177
148	139	430
148	194	302
148	248	207
148	421	147
149	163	346
149	219	259
149	494	137
150	145	407
150	317	173
151	189	292
151	462	143
153	147	384
153	160	346
153	181	306
153	203	266
153	219	254
153	379	153
154	204	257
154	363	156
154	460	142
156	312	172
157	145	394
157	165	320
157	335	165
157	375	138
158	145	371
158	202	248
159	211	239
160	172	298
160	186	278
160	192	263
160	259	196
160	271	192
161	139	379
161	185	272
161	207	238
162	129	494
162	157	347
162	202	240
162	259	188
162	467	127
163	124	522
163	192	254
163	281	179
163	332	149
164	141	356
164	190	254
164	213	218
164	257	181
165	438	135
166	178	272
166	211	230
167	121	547
167	175	275
167	183	269
167	308	153
168	143	341
168	153	322
168	160	293
168	218	212
169	236	186
169	249	185
170	168	279
170	182	258
171	153	308
171	201	238
171	212	218
172	156	293
172	174	266
172	175	261
172	279	160
172	351	131
173	195	235
173	322	145
174	125	425
174	185	245
175	155	293
175	171	264
175	268	158
176	343	141
177	210	212
177	266	174
178	190	236
178	194	219
179	137	324
179	184	231
179	233	190
179	253	170
180	183	229
180	244	181
181	249	168
181	265	167
182	121	409
182	151	307
182	178	237
182	191	223
182	230	195
182	239	171
182	264	156
182	312	138
183	126	356
183	168	252
183	188	221
184	140	311
184	229	177
185	153	268
185	223	179
186	133	329
187	199	209
187	287	153
188	139	313
188	150	284
188	155	258
188	212	186
188	266	148
189	240	161
189	488	105
190	152	281
191	181	216
191	203	199
191	230	165
191	456	111
192	106	457
192	145	285
192	161	253
192	194	201
192	249	160
193	101	485
193	125	363
193	128	337
193	187	215
193	203	198
194	228	165
194	427	119
195	156	242
196	191	205
196	236	161
197	98	510
197	175	216
197	188	203
197	261	146
197	271	145
197	279	144
198	148	259
198	210	176
198	288	133
199	160	232
200	151	245
200	400	123
201	179	206
201	391	125
202	138	315
202	192	191
203	182	203
204	112	347
205	151	237
205	181	198
205	208	176
205	481	98
206	140	287
206	213	166
206	223	162
207	186	193
207	364	129
207	449	104
208	133	305
208	199	177
209	155	227
209	156	224
209	251	144
209	254	139
210	108	358
211	107	355
211	153	227
211	396	102
212	114	335
212	148	240
212	270	131
212	364	128
213	155	226
213	160	214
213	364	108
215	157	217
215	179	188
216	448	101
218	199	170
218	231	153
219	211	159
220	132	284
221	168	195
222	125	302
222	152	216
222	193	171
223	294	128
224	98	400
225	148	222
225	172	185
225	179	181
225	265	131
226	133	267
226	138	251
226	145	231
226	156	206
226	188	177
227	114	333
228	179	179
228	243	138
228	348	111
228	469	96
229	120	310
229	157	199
230	192	167
230	224	148
233	96	414
234	91	442
234	197	159
234	207	157
235	138	235
235	142	221
235	172	178
235	204	154
236	140	230
236	183	168
236	261	127
236	383	97
237	154	206
237	161	189
238	119	293
238	138	227
239	169	185
239	181	170
239	230	141
240	246	130
241	134	249
242	94	373
242	114	296
242	166	185
243	108	324
244	107	314
245	277	120
245	280	118
246	201	155
246	202	152
246	216	141
247	260	123
247	429	91
248	173	173
248	210	151
248	456	90
249	96	345
249	130	243
249	194	166
249	217	139
250	143	213
250	290	117
251	102	322
251	307	110
251	444	90
252	130	235
252	151	195
252	157	184
252	171	175
252	450	89
253	129	257
253	446	89
255	184	155
255	232	133
256	93	430
256	125	251
256	161	174
256	257	117
257	141	197
257	154	184
257	210	141
257	374	90
258	150	191
259	125	243
259	342	96
260	138	206
260	170	166
261	129	224
262	93	412
262	476	79
263	88	440
263	222	137
263	460	85
264	77	506
264	115	260
264	290	103
264	408	89
265	83	479
265	150	181
265	301	102
266	252	115
266	470	78
267	93	398
267	256	113
267	461	84
268	267	112
270	173	162
270	485	77
271	336	99
273	129	204
274	164	162
274	416	86
274	491	76
275	90	424
275	395	88
276	221	127
277	105	300
277	120	222
277	136	203
277	282	102
278	229	126
279	93	347
279	113	266
279	145	174
279	315	98
280	199	147
280	248	112
281	181	153
282	109	260
283	97	297
283	143	189
283	415	82
283	449	76
284	80	473
285	117	237
285	137	195
285	170	159
287	76	503
287	82	428
287	94	345
287	156	171
287	395	87
289	123	200
289	415	77
290	71	521
290	99	269
290	144	170
290	384	81
290	497	73
291	134	190
291	185	141
292	406	77
293	292	98
295	175	155
296	258	108
297	171	152
297	227	120
298	91	351
298	98	289
300	111	221
300	475	74
301	415	76
301	453	74
302	76	446
302	116	214
302	184	137
302	219	123
303	87	364
303	120	212
304	89	333
304	216	122
306	78	383
306	174	151
306	246	115
308	402	79
309	68	515
309	81	360
310	175	143
311	133	198
311	185	135
313	85	314
314	198	134
314	333	93
315	71	477
315	97	281
317	75	389
317	278	100
318	124	194
318	315	88
319	168	144
320	116	205
322	69	462
322	82	347
322	416	75
323	151	165
325	137	177
325	197	130
327	74	406
328	248	101
328	353	82
330	95	236
331	332	87
332	239	114
333	195	127
334	88	293
334	165	144
334	240	113
334	307	91
335	175	132
336	85	298
336	199	119
337	156	153
337	388	74
339	73	421
339	118	204
339	121	202
340	71	392
340	79	344
340	248	97
342	342	77
343	112	218
343	397	71
344	176	131
344	228	106
345	352	76
346	100	214
347	141	162
348	155	149
348	166	140
349	123	195
349	127	174
352	81	307
352	218	118
354	96	235
354	152	149
354	197	119
356	171	129
357	73	380
357	185	124
358	76	353
360	72	390
360	75	336
360	239	98
360	302	94
362	258	96
363	71	368
363	84	264
363	111	199
363	192	118
364	259	95
365	73	367
365	151	145
365	489	65
366	197	114
366	312	87
367	90	253
367	97	221
369	96	227
369	136	163
369	281	93
371	69	376
371	122	175
373	113	192
373	268	92
374	63	497
375	73	331
376	105	212
377	63	464
377	147	144
377	316	79
381	71	358
381	218	107
382	344	74
385	278	85
387	201	111
387	279	84
388	73	316
388	75	315
388	153	138
388	207	106
388	293	82
389	95	208
390	159	132
391	62	478
391	85	240
393	272	85
394	304	80
396	67	368
396	293	81
397	106	184
397	214	103
397	307	79
397	325	74
397	350	71
398	208	103
398	408	70
399	97	201
401	192	111
402	286	82
403	63	410
404	72	327
404	218	98
406	78	264
406	85	232
406	170	123
407	62	431
407	201	110
408	287	79
408	464	63
410	416	65
412	61	481
413	63	399
413	254	88
414	167	124
414	313	75
416	302	76
417	62	420
417	316	74
420	91	223
422	141	141
422	295	77
425	137	144
425	204	103
426	62	414
428	84	231
429	242	92
433	424	64
435	62	408
435	87	226
440	69	322
440	230	96
444	478	62
445	60	485
445	78	248
445	253	84
447	91	217
449	63	388
453	63	379
457	416	63
458	73	290
459	208	99
460	60	451
461	389	65
468	81	233
468	98	192
471	84	224
474	241	87
477	429	62
478	71	308
479	72	270
485	411	63
486	63	373
488	122	154
490	77	246
492	60	444
492	61	423
492	457	61
493	448	61
499	70	288
503	74	258
513	443	61
517	138	139
520	67	306
521	425	62
528	62	392
542	162	121
542	205	99
545	171	116
547	63	369
