55	352	390
55	353	388
55	407	349
56	333	382
56	378	324
56	400	309
57	408	294
58	309	389
58	311	357
58	335	321
58	369	299
58	377	286
59	298	394
59	302	348
59	303	346
59	323	336
59	336	293
59	357	288
59	358	278
59	385	271
60	312	309
60	326	307
60	338	280
60	366	263
61	315	294
61	351	261
62	274	399
62	297	327
62	322	284
62	330	277
63	266	402
63	309	309
63	328	259
63	356	242
64	262	389
64	269	338
64	276	336
64	277	334
64	294	299
64	303	283
64	312	274
64	343	242
65	259	371
65	279	299
65	280	297
65	308	277
65	380	237
66	252	346
66	285	284
66	337	236
66	357	233
67	238	394
67	299	262
67	306	257
67	326	245
67	355	235
67	362	228
68	232	380
68	315	232
68	340	223
68	372	215
69	251	346
69	254	316
69	276	260
69	283	255
69	323	223
70	239	313
70	250	299
70	251	296
71	222	351
71	228	324
71	244	311
71	276	250
71	303	226
72	280	238
72	378	201
73	221	377
73	259	251
73	292	228
73	361	200
74	215	363
74	220	352
74	254	255
74	264	247
74	289	222
74	294	218
75	199	361
75	231	286
75	306	206
76	201	336
76	371	194
77	211	307
77	220	281
77	224	262
77	369	185
78	211	280
78	219	265
78	236	245
78	243	238
78	275	233
78	341	200
78	355	184
78	389	182
79	192	314
79	317	188
80	211	257
80	252	222
81	179	353
81	198	275
81	223	243
81	244	230
81	268	209
81	304	201
82	285	193
82	337	181
83	207	252
83	208	250
83	232	226
83	233	224
83	296	189
83	330	185
83	358	176
83	369	170
84	189	311
84	252	205
84	313	173
85	168	374
85	169	346
85	184	278
85	218	240
85	226	226
85	355	166
86	172	309
86	181	287
86	185	271
86	194	249
86	214	232
86	226	223
86	238	220
86	341	168
86	375	163
87	317	168
87	351	164
88	190	270
88	247	204
88	352	163
89	263	190
89	264	188
89	281	172
90	159	355
90	169	303
90	175	283
90	187	254
90	202	244
90	206	241
90	207	232
90	211	226
90	226	210
91	192	231
91	217	205
92	156	363
92	172	267
92	184	263
92	185	243
92	246	197
92	305	155
93	156	327
93	159	289
93	163	275
93	172	253
93	185	238
93	234	202
93	246	181
93	279	176
93	283	169
93	375	150
94	197	217
94	198	213
94	274	177
95	152	361
95	178	242
95	291	161
96	151	311
96	159	270
96	184	219
96	188	215
96	207	204
96	237	197
96	239	187
96	270	164
96	310	153
97	150	347
97	153	285
97	156	275
97	202	210
97	353	151
98	144	359
98	155	271
98	168	250
98	177	228
98	195	207
98	210	203
98	281	158
98	295	156
98	304	154
98	329	152
99	211	198
99	275	157
99	353	142
100	201	194
100	238	189
100	245	177
100	259	160
100	339	151
101	176	215
101	284	156
102	161	250
102	166	231
102	294	146
103	166	217
103	185	206
103	231	179
103	280	148
103	283	143
104	156	247
104	180	212
104	198	196
104	234	175
104	253	153
105	140	328
105	146	252
105	155	230
105	188	205
105	217	183
105	249	157
105	288	140
105	347	139
106	145	266
106	171	213
106	189	200
106	210	186
106	217	177
106	244	173
106	264	151
107	132	405
107	133	376
107	161	228
107	165	208
107	179	196
107	267	139
109	139	252
109	149	236
109	161	213
109	221	173
109	247	152
109	259	146
110	159	227
110	217	174
110	231	170
110	233	156
110	248	147
110	331	130
111	130	352
111	139	239
111	149	220
111	172	199
111	185	187
111	208	166
112	167	200
112	175	193
112	195	185
112	276	134
112	355	129
112	362	122
113	126	382
113	133	272
113	215	158
114	135	234
114	163	199
114	176	192
114	201	177
114	202	167
115	127	356
115	170	195
115	173	189
115	190	183
115	239	141
116	138	230
116	162	194
116	199	175
116	260	130
117	127	292
117	130	289
117	150	208
117	167	190
117	181	181
117	186	179
118	129	254
118	140	220
118	149	198
118	160	193
118	161	192
118	172	180
118	176	178
118	186	168
119	145	202
119	168	184
119	235	143
119	240	138
119	259	136
119	280	123
120	123	328
120	132	252
120	134	228
120	138	219
120	147	197
120	160	187
120	204	165
120	221	151
121	128	251
121	131	229
121	166	181
121	174	178
121	180	169
121	210	146
122	123	274
122	127	248
122	143	212
122	239	138
123	185	166
123	208	156
123	361	114
124	142	216
124	164	181
124	190	164
124	324	115
125	114	374
125	125	249
125	136	211
125	271	127
126	116	309
126	121	268
126	151	185
126	164	175
126	174	164
126	196	158
126	216	136
126	218	135
126	235	125
126	237	124
126	273	123
126	280	116
127	160	178
127	168	174
127	212	144
127	225	132
127	267	117
128	132	206
128	174	160
128	188	148
128	200	142
128	223	132
128	242	121
128	300	113
129	118	284
129	134	201
129	152	177
129	172	168
130	166	167
130	173	163
130	179	157
130	193	145
130	231	126
130	250	119
131	149	186
131	151	181
131	159	172
131	165	162
131	184	151
131	229	126
132	127	216
132	241	121
133	111	406
133	151	168
133	152	166
133	159	165
133	165	156
133	173	153
133	189	143
133	213	138
133	221	128
133	233	123
134	130	197
134	208	137
134	275	114
135	128	201
135	132	192
135	150	172
135	164	160
135	178	144
135	216	131
135	323	107
135	385	106
136	122	224
136	130	196
136	207	137
136	261	118
136	294	107
137	122	217
137	183	141
138	103	330
138	147	184
138	192	140
138	215	132
138	244	113
139	163	156
139	207	129
140	194	133
141	105	305
141	152	165
141	167	146
141	171	145
141	318	106
142	108	254
142	121	206
142	159	160
142	222	117
142	291	103
143	105	269
143	115	223
143	152	163
143	157	158
143	163	148
144	125	201
144	146	185
144	164	146
144	255	112
145	160	153
145	162	152
145	168	145
146	114	244
146	134	176
146	150	165
146	197	125
146	214	122
146	269	111
147	121	189
147	145	162
147	170	140
147	347	99
148	107	264
148	111	235
148	143	166
148	150	155
148	161	146
148	163	145
148	164	143
148	194	131
149	111	221
149	120	199
149	155	150
149	157	149
149	174	138
149	211	121
150	101	284
150	157	147
150	205	121
150	314	100
151	120	196
151	131	178
151	139	174
151	142	166
151	169	141
151	178	128
152	131	169
152	132	167
152	170	137
153	130	171
153	141	157
153	160	145
153	172	132
154	99	267
154	115	194
154	275	104
155	107	242
155	108	211
155	113	207
155	175	130
156	144	154
156	156	142
156	165	139
156	176	126
156	178	125
157	128	178
157	170	130
157	172	129
158	109	196
158	211	118
158	217	115
158	320	93
159	104	228
159	125	180
159	310	93
160	115	191
160	129	172
160	147	147
160	156	139
160	175	125
160	193	119
161	114	185
161	156	137
161	212	109
161	244	102
162	94	260
162	112	189
162	119	178
162	131	167
162	139	152
162	146	149
162	171	125
163	129	171
163	197	116
163	225	108
164	106	226
164	118	179
164	139	149
164	155	138
165	166	133
165	174	122
165	175	121
165	380	89
166	125	163
167	121	165
167	129	160
167	130	156
167	134	153
167	148	145
167	168	126
167	187	120
168	99	248
168	135	151
168	137	150
168	267	99
169	83	338
169	96	231
169	197	114
170	105	200
170	118	178
170	119	171
170	154	139
170	173	119
170	175	118
170	237	99
170	274	92
170	347	88
171	104	227
171	115	169
172	152	133
172	168	123
172	211	110
173	190	116
174	91	264
174	98	207
174	143	141
174	151	138
174	158	132
174	172	118
174	197	111
174	242	96
175	96	208
175	136	143
175	141	141
175	152	131
175	179	114
175	207	104
176	79	353
176	82	293
176	92	263
176	99	198
176	106	182
176	134	147
176	145	140
176	150	131
176	152	130
176	353	83
177	119	162
177	148	135
177	187	113
177	221	101
178	164	124
178	167	123
178	190	111
179	123	155
179	127	149
179	136	140
179	144	137
179	177	114
179	293	85
180	77	336
180	99	191
180	111	173
180	134	144
180	145	136
180	167	118
180	233	96
181	83	280
181	126	150
181	151	126
181	156	124
181	164	120
181	165	119
181	196	109
182	92	224
182	95	219
182	98	205
182	191	110
183	86	254
183	104	183
183	108	168
183	121	153
183	124	149
183	133	140
183	135	139
183	140	137
183	169	116
184	100	183
184	204	101
184	239	92
185	104	181
185	111	163
185	118	159
185	147	133
186	80	296
186	83	243
186	89	240
186	128	144
186	130	143
186	165	116
186	184	110
186	243	91
187	98	193
187	118	153
187	120	152
188	99	181
188	122	148
188	125	144
188	134	135
188	174	111
188	194	104
188	222	94
188	286	82
189	81	253
189	155	124
189	163	116
189	165	115
190	79	254
190	88	225
190	113	157
190	133	139
191	98	182
191	169	112
191	197	102
191	220	100
191	263	88
191	309	78
192	78	273
192	87	239
192	88	206
192	109	166
192	116	152
192	119	148
192	161	120
192	192	104
192	254	86
193	86	210
193	90	203
193	138	133
193	253	87
194	100	172
194	154	122
194	166	114
194	233	89
195	132	142
195	153	119
195	167	112
195	206	100
196	89	195
196	117	150
196	126	140
197	91	192
197	109	156
197	203	96
197	218	91
197	295	78
198	77	318
198	82	224
198	146	125
198	177	107
198	280	79
198	380	72
199	103	169
199	132	139
199	135	132
199	137	131
199	157	115
199	159	114
199	183	106
199	199	100
199	231	90
199	317	74
199	353	72
200	75	325
200	115	149
200	116	148
200	123	141
200	174	108
200	267	84
200	302	75
201	76	253
201	121	145
201	165	112
201	251	83
202	104	162
202	110	151
202	118	144
202	136	128
202	141	126
202	229	87
203	76	252
203	84	218
203	113	149
203	196	99
203	230	86
204	69	338
204	98	168
204	101	160
204	164	109
204	183	101
205	71	332
205	92	177
205	109	152
205	115	144
205	124	135
206	81	251
206	83	212
206	104	155
206	121	141
206	215	88
207	71	252
207	75	237
207	361	68
208	70	271
208	150	116
208	156	113
209	79	231
209	84	208
209	114	146
210	67	273
210	97	166
210	105	153
210	123	138
210	278	79
211	81	229
211	91	186
211	118	143
211	139	126
211	143	124
211	153	114
211	268	78
211	333	69
212	65	314
212	89	190
212	99	163
213	88	203
213	122	139
213	152	114
213	195	93
214	62	316
214	70	267
214	78	204
214	99	156
214	110	149
214	111	144
214	261	77
215	74	223
215	161	112
216	86	189
216	119	142
216	142	119
216	232	83
217	163	110
217	302	71
218	65	310
218	131	130
219	94	175
219	106	150
219	123	136
219	213	91
220	103	149
220	112	140
220	121	134
220	146	115
220	168	105
220	178	104
220	319	68
221	60	341
221	65	261
221	70	240
221	73	227
221	103	148
221	124	128
221	126	127
221	153	111
221	291	75
222	79	189
222	84	178
222	159	110
222	187	95
222	291	73
222	381	63
223	64	276
223	98	163
223	111	139
223	138	121
223	174	99
224	92	169
224	109	143
224	121	131
224	149	111
224	273	72
225	63	297
225	145	117
225	310	68
226	106	146
226	368	64
227	290	69
228	88	175
228	124	127
228	133	124
228	139	114
228	144	112
229	61	290
229	83	182
229	337	64
230	119	132
230	206	92
231	66	240
231	74	206
231	85	175
231	88	166
231	96	161
231	101	144
231	129	121
231	228	80
231	399	61
232	67	233
232	94	152
232	99	148
232	234	79
233	73	220
233	79	188
233	81	184
233	176	98
234	62	268
234	93	157
234	116	130
234	183	96
234	248	75
235	57	302
235	84	170
235	113	134
235	171	101
235	188	93
235	198	90
235	225	82
236	73	201
236	165	101
236	212	89
236	271	71
237	70	229
237	78	178
237	108	140
237	142	112
237	217	83
238	77	191
238	89	160
238	254	74
239	96	144
239	102	143
239	138	118
239	156	106
239	167	97
240	75	183
240	110	130
240	127	116
240	132	114
240	155	102
240	247	74
241	58	284
241	83	175
241	99	139
242	92	148
242	283	67
242	312	63
243	89	155
243	115	123
243	120	121
243	157	100
243	162	98
244	145	105
245	57	298
245	83	168
245	300	64
246	63	246
246	100	138
247	57	270
247	63	235
247	71	201
247	91	151
248	58	263
248	64	228
248	80	177
248	85	166
248	105	131
248	383	61
249	85	157
249	93	147
249	130	114
249	176	95
250	198	89
251	79	165
251	83	157
251	186	87
252	82	164
252	189	86
252	222	79
252	337	62
252	399	58
252	409	57
253	113	124
253	120	120
253	392	59
254	52	335
254	74	186
254	76	170
255	57	261
255	63	226
255	103	132
256	64	223
256	70	188
256	88	155
256	113	119
257	77	166
257	102	135
257	143	104
258	61	256
258	87	156
258	175	92
258	178	88
258	198	85
258	255	70
259	56	292
259	86	145
259	267	67
260	62	240
260	75	174
260	106	130
260	112	124
260	172	92
260	210	81
261	80	163
261	100	131
261	141	102
261	229	75
261	322	59
262	53	301
262	68	201
262	83	153
262	132	111
262	168	91
262	266	69
263	60	260
263	72	179
263	97	137
263	98	135
264	51	315
264	57	252
264	58	250
264	254	69
264	257	68
265	67	219
265	97	130
265	121	111
265	202	81
265	283	66
266	67	211
266	94	138
266	111	120
267	60	243
267	71	176
268	77	162
268	282	65
269	83	151
270	166	90
270	248	69
272	82	151
272	85	149
272	119	117
273	129	104
273	221	77
273	265	66
274	67	204
274	85	139
274	156	93
274	159	92
275	48	332
275	64	198
275	77	160
275	103	122
275	119	112
276	72	174
276	97	129
276	404	53
277	55	273
277	74	170
277	150	97
277	261	67
278	210	76
278	213	75
278	258	66
279	57	237
279	77	159
280	46	359
280	77	158
280	79	148
280	91	134
280	99	127
281	52	267
281	58	228
281	185	86
282	76	155
282	79	146
282	154	94
283	55	250
283	76	153
283	85	137
283	164	89
283	230	74
284	61	206
284	93	124
284	111	114
284	285	61
285	47	312
285	65	182
286	53	260
286	71	168
286	75	167
286	147	94
286	207	77
287	232	69
287	302	58
288	88	129
288	194	83
288	283	62
289	51	280
289	58	221
290	117	109
290	126	107
291	108	117
292	82	140
292	112	109
293	101	116
294	109	115
295	80	139
297	66	172
297	108	114
297	191	78
298	53	243
299	52	262
299	60	219
299	125	101
299	206	73
299	402	51
300	87	132
300	209	72
300	230	68
301	54	240
301	74	148
302	188	81
303	44	351
303	46	293
303	59	213
303	65	176
303	181	87
304	52	259
304	70	162
304	71	153
304	184	86
304	246	67
305	110	110
305	133	97
306	53	236
306	62	199
308	45	304
308	118	104
309	56	210
309	63	193
310	64	171
310	87	129
310	173	88
311	157	91
311	248	63
312	62	184
312	144	92
312	204	72
312	228	67
313	49	255
313	65	165
313	172	82
313	207	71
315	171	86
316	44	335
317	70	158
317	179	81
318	72	146
318	111	109
319	61	179
321	221	69
322	62	173
322	92	128
322	105	115
322	142	93
323	246	62
325	46	285
326	45	299
326	107	112
326	265	59
327	68	154
327	242	63
328	84	125
329	43	391
329	154	88
330	199	72
331	46	279
331	202	71
332	167	84
333	182	77
334	185	76
336	56	194
336	214	70
336	244	61
338	59	188
338	353	56
339	109	107
340	59	183
341	166	87
343	116	104
343	134	94
344	60	177
344	78	133
345	71	147
345	176	81
347	262	59
348	93	116
348	200	71
349	47	262
349	66	158
350	126	98
350	145	89
352	170	80
353	231	62
355	100	110
358	63	166
359	86	122
359	159	83
359	267	56
360	57	192
360	69	151
361	263	57
362	57	187
362	110	104
366	61	173
368	392	51
369	131	94
369	214	67
371	400	48
374	285	54
377	206	67
377	361	48
378	199	71
379	52	202
379	193	70
380	61	170
380	252	59
389	285	53
393	122	98
393	244	59
394	283	54
398	149	85
401	156	82
405	242	61
406	172	78
408	170	76
412	233	61
416	277	54
416	302	51
419	185	71
419	194	69
422	223	65
424	223	63
430	256	57
