48	336	348
48	337	336
49	302	340
49	343	296
50	277	343
50	282	290
50	303	270
52	243	305
52	276	249
53	234	272
53	239	251
53	258	249
53	261	248
53	285	240
54	230	276
54	238	240
54	255	239
55	219	250
55	221	240
55	273	226
56	217	263
57	198	255
57	201	239
57	255	215
58	299	206
59	186	258
60	269	195
61	214	227
61	232	207
61	244	196
62	178	263
62	189	219
63	174	288
63	201	211
63	307	184
64	170	239
64	180	225
64	215	204
64	237	202
64	246	187
64	278	181
65	156	300
65	172	236
65	259	181
65	277	173
66	165	228
66	213	204
67	160	224
67	180	200
67	203	195
68	214	194
68	255	173
69	254	165
70	167	209
70	218	192
70	273	163
71	142	222
71	163	200
71	292	152
73	133	250
73	141	214
73	183	199
73	208	184
74	179	185
74	187	169
74	217	159
75	176	185
75	236	157
76	135	238
76	184	182
77	152	209
77	179	177
77	236	153
78	146	201
79	138	214
80	140	211
80	152	190
80	275	147
81	162	166
81	175	159
81	230	134
82	149	180
82	244	131
82	261	129
83	239	133
84	128	199
84	196	147
85	137	181
85	165	165
86	160	164
87	136	173
87	184	145
87	236	127
87	264	121
88	103	249
88	109	217
88	127	208
88	173	155
88	181	141
88	205	139
88	217	128
88	228	124
88	245	122
89	194	140
89	206	129
90	123	184
90	148	164
91	142	165
91	160	154
91	198	137
92	96	239
92	122	200
92	132	183
92	139	169
92	140	165
92	158	147
93	109	194
93	117	185
93	172	142
93	183	135
93	201	132
93	226	121
94	113	182
94	131	175
94	138	172
94	146	156
94	197	130
95	133	159
95	150	152
95	190	134
95	222	118
97	104	207
97	140	158
97	159	144
97	169	137
97	213	124
98	114	181
98	140	156
98	158	138
98	168	136
98	186	133
98	194	125
98	207	121
99	127	175
99	180	131
99	183	126
99	227	117
99	267	108
100	113	173
100	117	170
100	136	157
101	93	220
101	103	191
101	125	164
101	133	150
101	143	148
101	150	147
101	162	134
102	119	166
102	173	129
102	187	122
102	235	110
102	251	107
103	92	212
103	109	177
103	117	168
103	159	135
103	172	132
103	198	117
104	137	145
104	148	139
104	168	127
105	90	213
105	92	209
105	146	142
106	106	189
106	117	161
106	126	152
106	154	135
106	163	131
106	186	121
106	190	120
107	143	139
107	172	123
108	96	204
108	112	168
108	129	150
108	140	144
108	183	118
109	121	156
109	129	149
109	130	147
109	195	113
109	266	101
110	147	134
110	166	129
110	211	109
111	103	174
111	136	143
111	137	139
111	158	130
112	83	226
112	85	222
112	108	165
112	164	124
113	92	195
113	129	146
113	139	138
113	181	121
114	130	144
114	150	133
114	173	119
114	193	116
115	90	196
115	119	150
115	165	123
116	76	271
116	129	143
116	133	141
117	147	128
117	162	125
118	96	187
118	105	167
118	109	162
118	113	157
118	132	140
118	146	132
119	149	127
120	104	168
120	154	125
120	174	113
121	126	143
122	83	209
122	114	156
122	119	144
122	133	136
122	143	130
122	159	122
122	270	94
123	79	219
123	104	159
123	117	148
123	172	114
123	176	111
124	109	155
124	111	154
124	114	153
124	158	118
124	184	109
125	101	174
125	131	142
125	140	130
125	214	104
126	164	114
127	107	158
127	115	149
128	70	266
128	110	153
128	129	133
128	138	132
128	148	125
129	74	239
129	92	180
129	99	170
129	108	152
129	114	148
130	97	171
130	118	147
130	144	125
130	145	124
130	196	106
131	90	183
131	128	137
132	69	242
132	189	107
132	297	87
133	79	202
133	92	172
133	96	171
133	104	152
133	118	144
133	131	132
133	200	103
134	125	139
134	148	121
134	158	114
134	212	98
135	77	205
135	101	157
135	118	141
135	174	110
136	76	225
136	154	114
136	192	99
137	93	170
137	138	126
137	166	109
138	100	157
138	125	133
138	140	125
139	96	160
139	118	140
139	226	88
140	139	121
141	68	234
141	76	213
141	118	136
141	256	84
142	100	155
142	106	150
142	115	142
142	117	140
142	225	91
143	91	168
143	146	115
143	152	114
143	168	107
143	181	106
144	110	146
144	112	144
144	136	125
144	252	83
145	80	188
145	117	139
146	65	259
146	97	156
146	100	152
146	135	126
146	136	124
146	176	98
147	91	163
147	199	95
148	78	193
148	110	144
148	153	111
148	287	79
149	129	130
149	158	108
149	162	103
150	117	137
150	122	130
150	133	127
151	118	131
151	144	115
151	268	79
152	88	186
152	90	162
152	97	151
153	76	201
153	104	149
153	125	127
153	166	100
154	81	182
154	112	143
155	95	156
155	106	145
156	80	185
156	96	147
156	210	92
156	273	77
157	89	165
157	147	114
157	148	111
159	70	204
159	78	188
159	111	143
159	133	122
159	134	120
160	157	109
160	286	76
161	102	146
161	128	120
161	137	119
161	144	113
161	263	78
162	90	158
162	166	97
162	173	93
162	240	78
163	70	196
163	76	184
163	84	172
163	259	77
164	91	157
164	148	105
164	157	104
165	63	221
165	100	145
165	141	116
166	144	111
166	164	96
167	71	194
167	73	185
167	81	166
167	83	162
168	108	132
168	155	100
169	91	156
169	143	106
169	182	87
170	87	159
170	104	142
170	167	93
170	205	83
171	93	147
171	155	98
173	65	219
173	70	189
173	134	109
173	173	90
174	101	141
174	107	137
174	118	121
174	180	89
174	263	75
175	63	204
175	82	164
175	91	150
175	95	139
175	142	108
176	107	135
177	103	136
177	114	131
179	59	230
179	89	158
179	147	99
180	79	162
182	85	152
182	145	105
182	216	80
183	114	122
184	64	198
185	76	180
185	99	131
186	123	112
187	83	159
187	107	124
187	135	103
187	153	97
187	180	87
188	164	91
188	206	82
189	59	213
189	82	156
192	68	192
192	90	149
192	160	88
192	301	69
193	77	157
193	157	90
193	289	70
194	88	150
194	133	104
195	127	106
196	83	147
197	64	182
197	72	181
197	77	155
197	153	92
198	83	143
198	90	134
200	191	76
200	226	75
200	279	68
201	54	266
201	74	165
202	142	97
202	143	94
203	135	98
203	179	82
204	180	80
205	121	110
205	174	80
206	139	96
207	104	128
207	234	69
208	69	165
209	77	149
210	115	109
211	52	291
212	75	154
213	160	84
215	160	82
216	66	168
216	110	122
217	129	97
217	173	81
217	208	70
218	125	102
219	58	249
219	79	148
220	55	207
220	112	116
220	149	87
221	69	164
221	126	98
222	239	67
223	111	109
224	146	86
224	197	70
227	67	157
227	235	67
229	104	123
229	115	106
230	53	212
232	62	164
233	97	125
233	138	93
234	53	200
234	65	156
234	78	140
234	146	84
235	109	118
235	164	77
236	49	274
236	96	120
236	132	92
236	183	76
238	60	199
238	121	100
239	59	172
239	75	146
239	196	72
241	52	220
241	103	117
241	291	62
242	49	257
242	144	87
242	234	65
243	67	153
243	179	76
244	53	183
244	150	81
244	208	65
245	79	139
245	102	114
247	87	136
248	110	110
248	112	106
248	279	63
249	60	161
249	104	108
251	52	204
252	283	61
253	193	69
254	49	242
255	54	172
255	74	144
255	177	74
255	242	61
256	296	60
258	274	60
259	180	68
261	144	82
261	228	64
263	46	270
266	99	109
268	114	103
268	258	59
270	73	136
271	54	168
271	97	112
272	89	135
273	72	151
274	72	141
274	133	88
274	226	63
275	141	79
275	237	59
276	159	72
279	127	97
281	74	135
281	282	57
282	69	150
282	120	89
283	139	82
283	199	66
284	278	58
285	59	155
286	196	63
287	105	106
287	156	77
289	44	278
290	45	258
290	71	139
291	90	111
292	66	140
292	117	98
292	137	85
294	147	76
296	49	183
297	174	67
299	82	128
302	94	105
303	67	139
304	45	229
305	51	178
305	135	78
307	132	79
307	229	57
309	89	121
310	56	165
310	67	137
311	46	214
311	261	54
312	64	143
312	101	98
316	43	266
321	48	201
321	91	105
324	127	85
325	55	161
325	221	62
327	43	261
327	47	213
328	171	70
329	127	79
331	98	98
332	52	169
333	144	74
333	309	52
337	298	52
340	44	259
341	42	277
341	167	66
342	113	86
343	209	58
344	46	203
347	84	125
347	179	63
347	253	54
349	49	177
352	77	123
355	269	53
359	143	72
361	174	64
363	197	59
363	296	52
364	94	101
366	226	56
369	93	102
371	109	87
371	148	70
372	124	81
372	128	75
380	247	54
388	121	78
390	83	115
