39	149	217
39	165	205
40	154	189
40	170	177
41	120	209
41	174	166
42	125	181
42	141	169
42	167	159
43	134	162
44	116	201
48	132	156
48	173	141
49	93	198
49	102	189
49	108	165
49	167	137
50	116	148
50	117	146
52	101	175
52	140	139
53	95	171
54	83	193
54	98	160
55	113	156
55	180	118
56	110	154
57	77	191
57	92	183
57	133	145
58	110	147
58	111	145
58	145	137
58	149	133
59	96	143
59	121	141
59	133	137
59	142	133
59	187	112
60	74	204
60	91	165
60	111	139
60	122	132
61	85	171
61	105	131
61	136	129
62	92	159
62	132	127
63	94	133
64	99	129
64	108	125
64	111	118
64	142	116
65	88	167
65	152	114
66	85	145
66	88	131
66	100	120
66	183	108
68	118	112
69	61	219
69	80	179
69	87	138
69	159	108
70	63	193
70	71	171
70	77	165
70	80	159
70	121	110
72	110	112
73	70	178
74	74	161
74	79	151
74	86	144
74	94	124
74	128	104
75	70	154
75	83	143
77	75	146
77	90	125
77	92	124
77	102	114
77	104	113
78	86	139
78	89	129
79	78	140
79	81	126
79	93	115
79	164	101
79	205	94
80	69	144
81	78	132
81	90	121
81	175	93
82	122	108
83	66	157
83	68	151
83	108	109
83	112	106
83	114	105
84	77	139
85	85	122
85	97	111
85	103	107
87	75	134
87	87	119
87	150	90
88	63	149
88	68	146
88	171	89
89	60	177
89	84	125
89	118	101
90	62	156
90	146	92
91	71	138
91	90	116
91	124	99
92	51	240
92	80	126
92	85	118
92	92	115
92	97	107
93	58	211
93	59	159
93	62	139
93	74	127
93	86	116
93	91	115
94	154	85
95	71	133
95	83	122
96	53	234
96	61	146
96	108	102
96	134	92
96	136	91
97	50	230
97	58	167
98	52	204
98	107	99
98	142	85
99	84	120
99	90	112
99	96	108
101	68	135
101	71	130
101	80	120
101	193	75
102	57	157
102	67	136
102	125	94
102	146	83
103	77	126
104	66	137
105	89	113
105	102	103
105	115	96
105	142	81
106	55	199
106	67	135
107	55	140
107	78	125
107	152	80
107	176	71
108	75	121
108	87	110
108	174	78
109	49	188
109	84	116
109	85	114
109	140	83
110	51	162
110	133	92
111	122	93
114	48	178
114	53	156
114	97	102
114	108	94
114	126	83
115	50	152
115	77	117
115	96	105
115	150	75
116	81	114
117	85	107
117	120	90
118	46	236
119	70	126
119	166	74
120	59	132
120	91	104
120	118	86
120	174	66
121	79	113
121	142	77
121	168	73
121	196	64
122	56	134
123	65	129
124	138	76
125	48	157
125	106	101
127	83	111
127	112	86
127	134	81
128	42	232
128	98	97
129	65	128
129	70	118
130	73	116
130	122	80
131	78	108
131	95	95
131	99	94
132	106	92
133	122	78
133	140	72
134	47	174
134	63	130
135	60	126
136	76	114
137	67	121
137	106	91
137	164	64
137	200	60
138	89	106
139	72	112
139	89	99
140	84	104
142	132	77
142	136	76
143	64	124
143	92	96
143	99	91
145	40	180
146	39	217
146	42	154
146	144	67
147	85	101
148	110	82
148	114	81
149	196	63
151	77	108
151	86	100
151	109	80
153	48	136
154	101	90
154	176	60
155	154	65
156	104	86
157	67	119
157	80	104
157	82	97
157	204	57
158	44	141
158	66	121
158	123	74
160	120	74
163	37	165
164	96	91
164	190	57
165	76	101
165	106	84
166	36	172
166	52	128
168	67	110
169	65	119
170	40	164
174	60	118
174	75	108
174	91	89
174	116	76
175	124	71
176	74	106
177	51	127
179	69	108
180	182	56
182	34	197
182	59	118
182	85	93
184	155	61
184	159	60
185	208	54
186	90	88
186	119	72
187	41	142
187	111	79
189	42	140
190	55	119
190	133	66
190	137	65
191	199	55
192	104	84
194	54	125
198	59	117
198	87	89
198	94	84
198	226	53
200	35	163
200	115	74
201	123	69
201	200	53
203	34	170
207	63	108
208	186	53
211	168	57
212	32	229
212	75	97
214	111	74
214	236	52
216	54	117
217	146	62
217	210	52
219	32	195
219	203	52
220	58	114
224	93	82
227	154	61
228	43	133
230	44	131
232	64	104
233	62	106
233	132	66
236	59	112
238	74	95
259	52	118
262	58	110
