43	128	176
47	170	134
50	189	119
52	146	137
53	95	186
53	168	117
54	129	127
54	180	116
55	108	156
56	170	108
57	107	141
57	148	112
58	116	130
59	96	183
59	105	143
61	110	132
61	187	99
62	109	137
63	99	153
63	100	138
63	189	98
64	91	165
64	110	131
64	140	124
65	120	129
65	122	121
66	97	149
66	118	123
66	145	116
67	76	193
67	77	178
67	97	141
67	104	124
67	116	120
67	140	103
68	94	156
68	128	119
69	85	151
69	107	121
69	200	88
70	116	119
70	122	115
70	158	101
71	79	163
71	80	148
71	100	125
71	167	94
71	187	86
72	120	118
72	154	96
73	81	142
74	114	119
74	126	109
75	89	134
75	104	113
75	144	91
75	150	87
76	102	122
76	128	97
77	122	109
78	78	156
78	113	112
79	73	159
79	87	130
79	100	114
79	190	77
80	113	109
80	119	107
80	148	89
81	83	140
81	112	112
81	124	104
81	132	95
81	161	77
82	85	137
82	101	110
82	122	106
83	68	171
83	122	101
83	133	91
84	100	111
84	109	102
84	128	86
84	157	76
85	70	150
85	96	123
85	180	71
86	86	132
86	103	108
87	84	132
87	87	124
87	93	121
87	94	114
87	99	108
87	101	106
87	123	97
88	82	129
88	93	119
89	78	145
89	84	120
89	117	96
89	130	83
89	172	74
90	65	197
90	94	113
90	149	71
91	93	118
91	97	107
91	106	103
91	125	86
91	172	66
92	79	131
92	100	100
92	138	76
92	151	69
93	70	147
93	71	132
93	78	124
93	88	106
93	115	92
93	124	85
95	69	133
95	80	123
95	122	85
95	141	73
96	76	128
96	110	98
96	125	79
97	63	145
97	64	130
97	71	125
97	84	107
98	99	104
98	133	76
98	143	64
99	65	124
99	93	105
99	97	97
99	112	88
99	125	75
100	77	114
101	73	116
101	128	73
102	86	104
102	112	79
103	93	101
103	102	92
104	90	101
104	95	95
104	108	91
104	109	89
105	71	112
105	82	108
105	118	77
105	189	61
106	69	118
106	83	107
106	85	102
107	91	100
107	99	94
108	59	186
108	104	87
109	84	103
109	109	79
110	84	93
110	96	89
110	99	84
111	80	109
111	93	90
111	122	68
111	155	60
111	157	57
112	70	114
113	67	119
113	83	104
113	138	58
113	192	56
114	55	155
114	56	140
114	83	101
114	104	81
115	71	109
115	97	87
115	135	64
116	66	118
116	89	92
116	123	67
116	192	51
117	69	114
117	88	91
117	109	68
119	70	104
119	146	53
120	58	131
120	59	116
120	66	111
120	99	81
120	187	49
121	86	85
122	60	110
122	79	98
122	128	66
123	73	102
123	81	89
123	90	83
123	120	65
124	99	79
125	62	108
125	76	97
125	133	53
126	69	106
127	72	101
127	96	82
127	99	78
128	66	98
128	104	71
128	108	67
129	64	104
129	77	83
129	97	77
129	156	50
131	98	75
131	100	68
133	83	82
136	89	79
136	183	42
137	50	141
139	75	89
139	132	56
140	96	78
140	132	53
141	115	65
142	56	126
142	81	80
142	117	62
142	168	41
143	95	68
143	115	58
144	157	45
145	67	93
146	52	112
147	104	63
148	57	94
148	71	83
148	91	75
149	82	68
150	128	47
152	63	93
153	115	53
154	99	57
155	55	111
156	53	111
158	68	92
160	92	64
161	61	91
161	65	89
162	75	79
162	86	65
162	123	42
168	62	79
170	47	122
170	96	57
173	79	68
175	175	36
176	51	106
176	173	39
178	77	72
179	92	55
181	66	76
181	135	39
188	132	37
189	76	68
190	64	77
192	145	36
196	56	91
197	83	61
202	83	55
210	93	47
