44	211	228
44	224	217
45	169	226
45	183	211
45	206	201
47	206	178
48	133	214
49	186	195
50	131	220
50	160	206
50	173	195
50	194	179
51	168	167
52	128	206
52	132	190
53	140	174
53	198	153
54	116	227
54	117	205
54	126	201
54	131	183
54	184	166
55	119	182
55	120	178
55	124	172
55	132	164
55	161	153
56	181	144
57	160	152
58	125	171
58	136	156
58	146	155
58	147	146
59	106	194
59	108	181
59	132	153
61	177	129
62	157	145
63	116	149
65	96	227
65	120	148
65	124	142
66	106	162
66	108	149
66	112	143
66	140	139
67	160	121
68	137	124
69	157	115
70	105	156
70	118	131
70	136	123
71	138	122
72	85	217
72	87	204
72	117	130
72	186	107
73	86	195
73	88	191
73	103	161
73	107	151
74	94	164
74	103	144
75	144	115
75	168	107
76	98	151
76	102	145
76	105	139
76	113	125
76	135	115
77	95	153
77	101	142
77	110	137
77	149	106
78	102	138
78	106	132
79	88	186
79	90	173
79	91	172
79	108	129
79	127	115
80	88	159
80	97	136
80	102	133
80	104	125
80	119	113
80	153	101
81	94	132
82	103	124
83	110	123
83	117	112
83	123	108
83	137	107
83	138	104
83	152	101
84	77	168
84	98	124
84	110	113
84	119	109
85	69	227
85	92	151
85	100	120
85	116	111
85	190	90
86	68	213
86	88	154
86	90	141
86	91	140
86	92	131
86	106	113
86	137	104
87	69	191
87	94	129
87	99	119
87	185	88
88	85	158
88	105	112
88	155	98
89	86	142
89	138	101
90	98	119
90	101	115
91	69	168
91	74	147
91	77	136
92	91	134
92	93	121
92	94	119
92	97	118
92	98	114
92	110	110
92	111	105
93	88	121
94	65	179
94	68	166
94	72	160
94	89	118
94	97	113
94	98	109
95	83	124
95	87	120
95	152	98
96	88	117
96	97	108
96	119	103
97	132	98
98	71	146
98	72	137
98	81	129
98	82	126
98	86	120
98	105	104
98	112	100
98	127	96
98	170	89
99	69	146
99	76	131
99	79	127
99	131	95
99	193	87
99	234	80
100	77	126
100	82	120
100	85	119
100	86	117
100	87	116
100	93	115
100	96	112
100	102	106
101	89	115
101	91	114
101	96	110
101	100	105
102	63	165
102	78	125
102	80	121
102	95	113
103	71	125
103	90	113
103	95	109
103	99	104
103	191	78
104	83	114
104	88	110
104	92	105
104	93	104
105	62	168
105	66	151
105	82	119
106	55	216
106	59	179
106	65	144
106	69	132
106	70	127
106	88	109
106	97	100
106	116	99
107	54	237
107	121	88
108	79	122
108	83	112
109	53	227
109	68	134
109	76	121
109	80	119
111	79	114
112	65	137
112	69	126
112	77	120
112	78	117
112	81	105
112	101	98
113	58	185
113	62	148
113	70	120
113	75	119
113	120	96
113	159	80
114	57	206
114	59	157
114	64	132
115	53	195
115	67	127
115	75	118
115	92	100
115	93	99
116	75	114
116	80	110
116	114	94
116	119	88
117	62	143
117	88	101
117	97	95
117	101	94
118	50	235
118	52	192
118	57	174
118	61	136
118	84	104
118	102	92
119	48	224
119	63	132
119	72	116
120	62	132
120	73	113
120	75	112
120	82	104
120	87	103
120	121	83
120	203	77
121	65	125
121	149	79
122	56	164
122	67	120
122	106	90
122	115	88
122	214	67
123	69	114
123	74	112
123	81	100
123	101	93
123	133	81
124	54	178
124	78	104
124	85	98
125	60	143
125	96	96
125	115	87
126	51	193
126	77	110
126	95	93
126	178	73
127	52	189
127	58	136
127	105	91
128	48	203
128	74	110
128	87	95
128	101	89
128	110	88
128	112	81
128	146	80
128	172	74
129	71	110
129	84	99
129	92	94
129	124	78
129	139	72
130	64	131
130	76	104
130	81	98
130	105	83
130	157	71
131	44	221
131	47	198
131	52	182
132	65	110
132	86	97
132	181	68
133	99	91
133	118	76
133	160	70
134	62	121
134	78	103
134	134	71
135	51	172
135	54	165
135	85	93
135	97	92
135	116	80
136	51	154
136	76	101
137	47	186
137	54	135
137	82	96
137	111	80
138	99	85
139	53	137
139	104	82
139	128	75
140	75	98
141	185	66
142	64	104
142	85	91
143	206	58
144	42	206
144	115	79
144	126	73
144	183	56
145	82	94
145	108	80
145	165	59
145	201	55
146	47	165
146	51	152
146	99	82
146	136	68
147	84	93
147	113	78
148	46	164
148	80	97
148	89	88
148	125	69
149	46	160
149	86	89
150	42	205
151	96	84
151	113	74
151	138	62
152	48	143
153	45	171
153	57	111
153	128	67
154	68	97
154	209	53
155	201	51
156	79	91
156	98	82
156	123	71
156	219	50
157	43	169
157	109	76
157	124	68
157	167	53
158	149	56
160	100	81
161	59	108
161	97	80
162	41	168
162	79	86
162	127	66
162	162	52
163	169	51
165	61	104
166	142	61
167	45	151
167	93	78
169	107	73
169	108	71
169	116	70
172	52	115
172	161	54
173	115	69
174	78	89
174	134	63
174	143	57
175	38	175
176	180	47
177	51	127
177	75	95
178	120	67
179	204	44
180	99	72
180	222	43
181	136	61
182	89	78
182	123	63
183	96	75
183	142	56
183	172	48
184	86	80
184	154	51
185	44	131
185	113	64
185	188	42
186	206	41
187	127	59
187	128	57
187	163	44
188	46	125
191	135	55
193	153	50
194	36	152
194	112	63
196	108	69
196	126	58
196	127	56
196	136	54
196	162	43
197	38	146
198	150	49
200	107	71
202	106	66
203	157	44
204	96	72
204	187	36
205	205	35
206	134	52
208	158	43
210	147	48
211	183	37
212	169	41
212	171	39
213	186	35
214	128	55
214	205	33
216	118	61
233	122	59
243	202	31
245	144	48
