58	435	459
58	445	453
59	412	460
59	413	447
59	423	436
61	378	482
63	468	390
66	403	442
66	413	436
66	456	367
67	380	443
67	381	430
67	391	419
68	341	435
68	372	417
71	315	440
72	450	323
73	426	362
74	359	414
74	360	401
77	313	426
81	329	409
81	330	396
82	320	363
89	391	340
90	268	382
90	419	311
94	314	380
97	323	342
100	275	367
105	374	283
106	209	401
106	266	338
106	364	311
107	404	181
110	178	445
111	170	380
112	161	414
113	373	185
114	338	308
116	147	449
116	157	418
117	272	326
117	345	267
119	255	351
122	206	362
122	325	190
123	256	324
124	252	302
124	352	171
125	165	339
127	319	261
128	152	368
128	244	323
132	148	372
135	153	340
135	288	184
139	149	344
140	253	283
147	159	298
152	246	253
153	228	245
160	157	258
163	221	188
182	152	217
193	287	114
203	123	291
209	97	378
213	294	106
215	419	96
217	392	101
218	111	310
219	316	101
220	445	92
228	115	278
231	95	344
231	306	102
234	349	84
237	402	79
239	366	80
242	428	75
243	104	327
243	338	93
251	126	260
264	84	385
266	72	388
266	336	98
278	326	96
283	420	76
290	63	416
290	384	78
295	410	74
296	95	256
300	179	103
309	66	396
313	334	86
316	156	110
323	349	82
324	178	100
328	437	59
330	93	356
333	83	362
334	197	90
335	83	360
339	72	299
347	195	87
359	213	84
359	355	73
359	390	62
364	381	69
367	203	83
369	421	56
374	61	405
374	336	73
376	61	403
377	321	80
379	362	69
381	61	318
384	235	80
389	56	428
389	350	66
394	204	77
394	376	62
398	459	54
402	297	74
406	435	54
414	55	451
415	55	437
418	411	54
435	75	239
443	322	69
448	387	60
457	220	74
458	336	62
463	321	69
470	406	59
471	55	406
478	335	62
479	69	242
482	371	54
482	465	51
489	55	404
489	230	69
494	441	51
502	370	54
513	56	358
514	433	51
524	431	51
