58	536	476
58	559	467
58	570	466
60	449	501
60	463	470
64	508	440
67	366	561
67	566	349
67	593	348
70	349	449
71	330	543
72	415	430
75	345	541
75	530	429
75	582	295
77	338	423
78	538	287
81	502	393
81	564	269
84	249	549
84	255	538
84	456	387
85	244	565
85	537	268
86	473	371
87	290	470
88	504	315
89	502	259
90	320	373
92	414	357
93	507	251
95	454	303
97	481	247
100	283	421
102	394	341
102	434	260
103	293	392
104	470	254
105	226	498
105	232	487
106	221	514
106	276	384
106	325	368
106	439	252
108	422	295
110	254	383
110	413	248
111	221	471
111	227	460
111	256	352
112	216	487
112	366	323
112	546	243
114	356	261
119	245	356
122	211	437
123	206	453
127	238	342
128	493	222
135	264	279
140	198	414
141	193	430
146	461	216
160	196	354
161	195	358
170	192	333
171	191	337
173	404	207
179	185	298
182	168	287
207	234	181
210	151	296
221	246	168
224	130	325
230	267	153
233	120	353
236	124	327
239	302	129
249	355	99
250	117	361
252	123	341
259	142	286
260	380	89
263	108	470
270	161	202
271	151	235
273	136	280
277	98	509
278	104	389
288	85	460
288	384	82
289	93	362
289	120	313
291	81	404
295	90	389
300	148	224
300	151	198
301	76	458
301	78	428
302	75	499
303	114	307
317	148	195
323	75	443
323	77	413
326	302	104
331	291	96
335	112	315
336	120	252
336	304	93
347	134	201
355	98	332
358	251	123
363	129	200
372	111	262
377	87	348
382	321	84
385	118	203
387	96	340
387	251	111
391	344	83
394	81	399
400	92	272
406	335	78
412	267	94
414	79	389
416	70	415
419	110	213
426	330	78
430	395	66
431	340	72
433	87	274
443	357	70
445	74	410
447	65	436
448	99	219
455	378	65
460	469	56
462	76	280
464	331	68
471	287	71
476	352	63
481	394	56
483	308	66
484	60	501
498	97	249
499	368	56
516	74	349
519	331	57
526	98	231
537	59	493
550	95	245
551	62	424
552	69	368
554	360	56
563	61	452
568	75	261
578	60	440
579	84	251
590	59	468
593	92	239
596	76	243
601	73	274
606	60	436
