48	336	348
48	337	336
49	302	340
49	343	296
50	277	343
50	282	290
50	285	289
50	303	270
52	243	305
52	276	249
53	234	272
53	239	251
53	245	247
53	285	240
54	230	276
54	238	240
55	219	250
55	221	240
55	273	226
57	198	255
57	201	239
58	230	216
58	299	206
59	186	258
59	189	242
59	275	211
60	269	195
61	263	192
62	196	226
62	201	215
63	239	201
64	180	225
64	237	202
64	246	187
65	156	300
65	163	280
65	212	203
65	277	173
66	165	228
66	186	221
66	219	194
66	236	181
66	252	174
66	271	170
67	180	200
68	214	194
68	247	171
68	293	164
69	168	213
69	254	165
70	167	209
70	168	205
70	198	194
70	218	192
70	271	157
71	142	222
71	163	200
71	178	190
71	215	166
71	234	164
71	292	152
73	133	250
73	141	214
74	179	185
74	187	169
74	217	159
75	186	182
76	125	293
76	250	158
77	236	153
78	146	201
78	300	138
79	163	174
80	139	216
80	140	211
80	158	183
80	213	152
80	240	145
81	162	166
81	175	159
81	230	134
81	247	132
82	149	180
82	187	154
82	198	153
82	218	138
83	152	179
83	239	133
84	128	199
84	196	147
84	212	141
85	137	191
85	165	165
85	205	139
87	127	222
87	136	173
87	184	145
87	236	127
87	264	121
88	103	249
88	127	208
88	172	149
88	217	128
89	193	137
90	123	184
91	142	165
91	143	161
91	160	154
91	213	133
92	132	183
92	139	169
92	158	147
92	179	143
92	194	134
92	212	131
93	109	194
93	169	146
93	226	121
94	94	242
94	113	182
94	131	175
95	133	159
95	150	152
95	175	143
95	179	135
96	148	158
96	215	121
97	153	150
97	157	141
97	213	124
98	114	181
98	152	148
98	154	147
98	158	138
98	168	136
98	186	133
98	191	130
98	194	125
99	102	210
99	149	152
99	180	131
99	183	126
99	267	108
100	113	173
100	126	161
100	142	157
100	258	116
101	93	220
101	103	191
101	133	150
101	150	147
101	175	134
101	189	124
101	223	115
102	119	166
102	164	135
102	173	129
102	201	119
103	92	212
103	109	177
103	159	135
103	168	130
103	203	118
104	137	146
104	148	139
104	168	127
104	179	125
105	90	213
105	115	171
105	180	122
105	226	114
106	106	189
106	117	161
106	126	152
106	140	144
106	186	121
107	143	139
108	101	197
108	112	168
108	129	150
108	183	118
108	248	103
109	119	160
109	121	156
109	129	149
109	165	132
109	178	119
109	266	101
110	189	114
110	222	107
111	103	174
111	137	139
111	156	131
111	158	130
112	82	233
112	83	226
112	108	165
112	152	135
112	262	99
113	92	195
113	139	138
113	149	136
114	130	144
114	164	124
115	119	150
115	128	148
115	160	126
115	165	123
115	203	111
116	76	271
116	130	141
117	147	128
117	162	125
117	167	120
118	122	148
118	126	147
118	132	140
118	146	132
119	125	144
119	149	127
119	293	94
120	100	182
120	135	138
120	174	113
121	100	170
121	117	152
121	126	143
121	138	137
121	170	115
122	119	144
122	133	136
122	143	130
122	312	92
123	104	159
123	117	148
123	172	114
124	87	204
124	109	155
124	111	154
124	142	129
124	158	118
124	184	109
125	88	203
125	140	130
125	214	104
126	113	152
126	124	142
127	107	158
127	126	140
127	136	132
128	129	133
128	148	125
128	198	102
129	74	239
129	92	180
129	108	152
129	128	137
129	210	97
130	97	172
130	103	167
130	118	147
130	145	124
130	196	106
132	69	242
132	164	115
132	173	113
132	297	87
133	92	172
133	104	152
133	114	151
133	118	144
133	122	143
133	141	127
134	125	139
134	148	121
134	158	114
135	80	205
135	101	158
135	115	144
137	121	143
137	126	138
138	100	157
138	125	133
138	228	90
139	96	160
139	141	123
139	151	116
139	226	88
140	119	138
140	132	131
141	118	136
141	142	122
141	185	99
142	72	225
142	100	155
142	106	150
142	114	143
142	117	140
142	152	115
142	161	111
143	111	147
143	168	107
144	136	125
144	141	121
145	80	188
145	117	139
146	65	259
146	121	135
146	136	123
146	211	90
146	246	84
147	91	163
147	108	147
147	156	111
147	199	95
148	113	143
148	287	79
149	105	148
149	144	118
149	162	103
150	99	157
150	117	137
150	180	95
150	219	88
150	259	83
151	179	101
152	97	151
152	112	142
152	120	135
152	213	85
153	153	112
153	166	100
154	77	196
154	96	155
154	100	150
155	106	145
155	134	128
156	68	242
156	114	137
156	148	117
156	151	109
156	195	92
156	273	77
157	79	194
157	113	135
157	130	130
157	147	114
157	148	111
158	169	96
158	184	92
159	74	205
159	94	152
159	102	149
159	103	146
159	117	133
159	140	113
159	202	85
160	99	147
160	109	139
160	127	130
160	137	115
160	286	76
161	120	127
162	173	93
162	181	91
162	240	78
163	147	111
163	161	103
163	259	77
164	135	124
164	157	104
164	232	82
165	63	221
165	98	149
165	119	129
166	84	165
166	93	155
166	100	139
166	130	121
166	144	111
166	155	106
166	164	96
167	83	162
168	209	81
169	95	147
169	182	87
170	79	171
170	81	167
170	167	93
171	93	147
171	113	129
171	163	98
172	139	111
172	173	92
173	86	155
173	134	109
173	155	102
173	173	90
174	121	126
174	126	124
174	263	75
175	63	204
175	91	150
175	95	139
175	110	128
175	124	121
175	160	95
176	227	80
177	132	113
178	83	159
179	87	147
179	146	104
179	153	97
181	172	92
181	182	85
182	85	152
182	106	137
182	129	115
182	216	80
182	259	76
183	81	163
183	166	93
184	94	145
184	101	138
185	71	174
185	99	131
185	202	78
186	161	93
186	182	83
186	254	73
187	122	117
187	135	103
188	60	279
188	115	125
188	122	116
188	164	91
189	126	113
189	199	77
191	127	110
191	147	102
191	266	72
192	160	88
192	301	69
193	77	162
193	106	129
193	115	118
193	157	90
193	167	85
193	289	69
195	134	106
195	136	102
195	189	79
197	74	167
197	77	155
197	250	70
198	61	236
198	83	143
198	95	131
198	146	101
199	156	90
200	80	153
200	129	104
200	191	76
200	226	75
200	279	68
201	54	266
201	76	158
201	92	139
201	146	92
202	112	127
202	142	97
202	143	94
203	135	98
204	109	118
204	116	113
204	168	83
204	180	80
204	292	67
205	174	80
206	64	194
206	190	77
207	234	69
208	69	165
208	94	126
208	138	96
209	64	173
209	77	149
210	102	119
210	115	109
211	52	291
211	79	143
211	114	117
213	62	221
215	62	207
215	92	128
215	108	118
215	133	96
216	74	157
217	129	97
217	173	81
217	233	68
218	58	208
218	76	156
218	160	86
218	205	72
218	226	68
219	94	123
219	128	99
221	69	164
221	90	126
222	85	138
222	87	132
222	239	67
223	122	108
224	121	101
224	197	70
224	269	66
225	62	190
226	145	86
227	51	247
227	270	64
229	61	190
232	62	164
232	95	119
232	122	99
233	76	154
233	106	117
233	216	66
233	259	64
234	65	156
234	89	128
234	146	84
235	189	69
236	49	274
236	165	82
236	183	76
238	129	93
240	205	67
240	237	63
241	82	138
241	86	136
241	121	99
241	291	62
242	114	116
242	128	91
242	234	65
243	50	259
243	58	203
243	67	153
243	83	130
243	138	89
244	208	65
245	51	215
245	86	124
246	102	117
246	114	101
248	109	103
250	64	161
250	129	89
251	57	190
251	229	62
252	49	232
252	51	197
254	76	143
255	74	144
255	181	73
255	242	61
256	296	60
259	180	68
260	117	94
262	47	249
262	49	215
262	51	180
263	46	270
264	121	91
265	75	137
265	167	81
265	199	66
266	99	109
267	140	81
268	79	132
268	258	59
271	54	168
271	87	121
271	224	60
272	47	232
273	106	102
275	72	142
275	141	79
275	237	59
276	159	72
277	46	241
277	81	123
277	223	64
278	51	176
281	282	57
284	49	194
285	59	155
285	145	76
286	196	63
287	46	224
288	253	57
289	44	278
289	125	89
289	128	86
290	71	139
290	296	56
297	68	146
297	174	67
299	48	214
301	70	133
302	94	105
307	82	117
307	229	57
308	44	246
311	261	54
312	64	143
313	188	63
314	116	97
316	43	266
316	171	67
316	202	60
321	48	201
321	91	113
321	194	62
322	177	66
325	55	161
326	140	78
327	47	213
327	149	74
331	110	91
333	309	52
336	239	55
337	298	52
338	219	58
341	42	277
344	46	203
347	80	119
348	176	65
349	49	177
351	104	92
352	77	123
353	213	59
355	269	53
356	227	56
358	124	84
359	47	194
359	143	72
360	183	62
361	161	67
361	174	64
363	197	59
363	296	52
365	132	79
366	226	56
369	93	102
369	101	94
371	148	70
372	120	86
372	128	75
380	247	54
388	121	78
390	83	115
