39	138	135
40	126	150
41	138	130
43	120	154
45	114	135
46	119	112
47	131	92
48	106	176
49	104	171
51	120	107
52	102	155
52	108	111
53	101	123
53	120	91
55	133	71
56	117	107
56	125	75
57	94	190
57	106	110
57	107	97
57	112	96
58	87	167
58	91	154
58	92	149
58	120	80
59	96	131
59	100	102
60	110	84
60	118	74
61	86	160
61	87	155
61	104	88
61	114	80
62	86	145
63	91	122
63	97	79
63	105	69
63	137	55
64	76	166
64	95	108
64	122	63
65	81	143
65	90	116
66	90	88
66	97	74
67	71	172
67	82	103
67	95	87
68	88	85
71	91	84
71	96	83
72	75	100
72	81	89
72	94	82
72	96	74
73	68	131
73	90	75
73	99	71
74	75	81
74	84	77
74	116	65
75	92	72
75	103	66
76	88	72
76	99	66
76	122	55
77	62	180
77	84	72
77	96	64
77	116	60
77	128	50
78	81	70
78	103	61
78	113	56
79	88	67
80	69	89
83	69	84
84	63	138
84	66	82
84	78	77
85	59	113
86	112	60
87	76	79
89	53	162
89	91	63
89	120	55
90	88	61
90	108	57
90	116	50
90	120	47
91	63	107
91	101	56
91	105	55
92	65	100
92	80	75
93	72	78
93	77	73
93	83	69
94	52	137
94	59	94
94	96	59
96	47	202
96	62	93
97	71	81
97	76	76
97	87	65
98	84	63
99	49	116
99	58	108
99	85	62
100	56	95
100	141	42
102	45	138
103	73	68
103	108	47
104	44	135
104	70	73
106	77	67
107	66	73
107	77	62
108	38	184
108	40	157
108	74	60
108	106	46
109	55	97
119	42	141
120	94	58
121	94	46
122	33	180
123	56	86
124	36	178
124	64	73
125	133	38
128	36	172
128	49	108
137	62	73
138	70	60
138	121	38
138	174	35
139	34	179
143	32	167
147	46	112
148	31	169
148	53	92
152	39	134
152	45	114
154	48	111
155	36	149
156	29	182
157	38	136
162	59	79
169	38	135
170	44	132
171	193	33
172	146	35
184	181	33
