58	435	459
58	445	453
59	412	460
59	413	447
59	423	436
65	336	450
66	360	427
67	316	490
67	329	428
67	391	419
68	368	375
68	380	369
69	299	463
69	322	407
69	379	370
69	401	353
69	445	342
70	339	396
70	343	378
70	373	355
70	389	353
70	411	352
70	424	341
70	447	337
70	466	335
71	335	378
72	397	331
73	278	476
73	332	395
74	296	450
75	287	400
75	314	382
75	385	322
76	272	423
76	278	422
77	293	394
77	314	372
77	342	360
77	360	324
78	309	355
78	350	325
78	407	321
79	383	311
80	252	449
80	271	379
80	297	354
80	320	351
80	425	287
81	243	475
81	245	462
81	349	328
82	337	313
83	241	488
83	251	382
83	351	309
83	463	263
84	272	353
84	366	287
84	406	264
85	228	447
85	349	290
86	237	443
86	244	430
86	246	421
86	266	358
87	333	334
88	247	361
88	326	312
88	355	272
89	231	432
89	284	343
89	301	339
90	291	310
90	321	304
90	342	287
91	406	258
92	209	424
92	266	317
92	308	299
92	325	295
92	397	268
93	240	346
93	325	294
93	344	253
93	385	232
94	235	362
94	276	299
95	216	413
95	219	365
95	269	304
95	279	292
95	349	242
95	456	214
96	196	464
96	197	433
96	209	381
96	231	354
96	244	341
96	266	299
96	408	219
97	194	420
97	195	416
97	206	409
97	228	350
97	254	328
97	262	310
97	314	257
98	189	453
98	204	395
98	236	341
98	275	296
99	186	438
99	220	344
99	249	338
99	257	300
99	299	282
99	354	225
99	417	200
100	196	408
100	211	375
100	248	308
100	277	273
100	280	272
100	323	241
100	337	237
100	367	220
101	179	433
101	196	378
101	205	360
101	245	310
101	267	278
101	360	214
101	397	213
102	178	421
102	182	407
102	210	348
102	213	341
102	239	304
102	255	285
102	270	275
102	298	258
102	372	212
103	200	364
103	228	327
103	237	314
103	263	284
103	316	231
103	330	221
103	371	200
104	172	453
104	219	333
104	262	282
104	264	279
104	269	266
104	283	254
104	369	210
104	398	190
105	172	439
105	321	220
105	335	210
105	371	199
105	390	191
105	435	181
106	175	399
106	214	320
106	235	297
106	260	280
106	368	197
106	371	190
107	192	368
107	314	224
107	404	181
108	187	361
108	189	354
108	196	343
108	346	205
108	396	182
109	204	324
109	230	302
109	334	206
110	168	417
110	171	412
110	212	323
110	228	297
110	235	281
110	308	245
110	314	218
110	341	200
110	349	191
110	369	185
111	170	380
111	211	318
111	254	254
111	361	188
111	395	171
112	217	292
112	223	284
112	314	204
113	190	342
113	241	271
113	255	252
113	286	221
113	290	218
113	304	208
113	348	180
114	178	353
114	401	162
115	177	372
115	193	334
115	211	298
115	274	224
115	278	221
115	292	215
115	345	193
115	383	175
116	147	449
116	157	418
116	245	261
116	246	257
116	331	184
116	354	171
116	394	160
117	176	362
117	220	269
117	233	268
117	243	259
117	283	214
117	297	204
118	201	302
118	216	278
118	319	184
118	335	179
118	406	154
119	146	416
119	245	237
119	285	207
119	305	191
120	228	267
120	291	204
120	297	202
120	307	187
120	363	164
121	143	417
121	279	204
121	283	201
121	325	175
121	355	168
121	360	160
121	368	159
121	400	149
122	139	473
122	141	423
122	152	393
122	205	274
123	182	350
123	186	317
123	203	273
123	313	178
123	322	174
123	338	165
124	180	308
124	273	220
124	278	207
125	165	339
125	195	278
125	202	275
125	235	254
125	250	224
125	254	221
125	268	211
125	352	155
125	390	148
126	328	165
126	368	154
127	161	369
127	167	322
127	216	257
127	238	227
127	242	224
127	256	218
127	310	173
128	140	420
128	231	249
128	282	197
128	295	187
128	309	169
128	350	161
128	384	143
129	141	413
129	143	402
129	159	374
129	175	298
129	192	286
129	199	268
129	247	217
129	261	207
129	294	177
129	415	140
130	139	457
130	169	307
130	206	258
130	283	187
130	329	161
131	139	413
131	209	240
131	269	194
131	287	176
131	342	153
132	148	372
132	236	229
132	237	227
132	255	207
132	261	205
132	271	190
132	328	157
132	336	149
132	342	147
133	127	440
133	135	403
133	196	262
133	243	207
133	247	204
133	335	152
133	340	148
133	358	142
134	125	452
134	134	394
134	167	309
134	199	244
134	220	239
135	137	370
135	156	333
135	195	263
135	223	238
135	239	203
135	286	177
136	207	229
136	236	225
136	290	172
136	296	165
136	334	154
136	370	141
137	134	371
137	214	220
137	345	145
137	387	133
138	132	377
138	147	355
138	153	315
138	163	299
138	169	287
138	200	240
138	294	169
138	332	145
139	129	408
139	168	289
139	177	271
139	198	246
139	286	162
140	133	359
140	206	232
140	227	210
140	260	177
140	326	152
141	139	330
141	154	302
141	240	193
141	258	180
141	281	170
141	313	143
141	346	141
142	130	399
142	138	350
142	168	275
142	201	231
142	208	226
142	229	203
142	292	153
142	336	140
142	367	131
143	123	388
143	125	377
143	196	236
143	269	173
143	278	163
143	385	128
144	131	374
144	147	316
144	217	206
144	266	173
144	275	160
144	342	134
145	115	444
145	170	268
145	188	250
145	191	233
145	234	186
145	261	167
146	124	365
146	180	264
146	184	244
146	194	232
146	204	210
146	232	198
146	288	155
147	131	358
147	133	348
147	135	321
147	159	298
147	203	206
147	247	180
147	287	151
147	296	148
147	335	136
148	140	311
148	155	291
148	166	270
148	263	166
148	402	124
149	118	394
149	186	234
149	206	200
149	229	187
149	235	183
149	239	179
149	296	140
149	310	139
150	109	426
150	116	406
150	148	307
150	150	297
150	161	284
150	198	205
150	234	180
150	255	175
150	293	139
150	344	129
151	175	249
151	217	190
151	250	165
151	279	146
151	395	125
152	112	397
152	114	386
152	147	302
152	148	297
152	162	259
152	197	201
152	327	133
152	356	124
152	385	121
153	125	342
153	147	295
153	206	196
153	322	130
154	106	422
154	129	339
154	140	303
154	142	297
154	176	245
154	224	186
154	251	160
154	331	127
155	122	382
155	124	363
155	131	308
155	138	297
155	141	294
155	190	215
155	217	183
155	225	177
155	242	166
155	312	134
156	119	366
156	170	239
156	172	232
156	239	163
157	117	378
157	149	272
157	198	189
157	225	170
157	324	129
157	402	117
158	102	450
158	123	328
158	146	280
158	270	156
159	109	404
159	110	394
159	151	271
159	153	262
159	276	147
159	299	132
159	348	123
159	376	117
160	108	391
160	140	296
160	157	258
160	175	220
160	180	212
160	187	208
161	105	414
161	128	325
161	131	302
161	150	267
161	223	180
161	285	142
161	317	127
161	346	122
162	119	334
162	190	196
162	209	187
162	232	167
162	238	159
162	290	133
162	428	113
163	109	389
163	115	359
163	136	295
163	145	263
163	167	240
163	209	182
163	218	174
163	228	161
163	311	123
163	336	120
164	103	401
164	141	263
164	150	253
164	164	228
164	197	190
164	249	154
164	417	112
165	101	398
165	148	256
165	197	185
165	246	152
166	98	421
166	112	374
166	207	180
166	261	141
166	285	132
166	363	118
167	118	341
167	140	288
167	165	227
167	175	204
167	310	127
168	109	355
168	131	286
168	144	251
168	149	243
168	150	240
168	151	236
168	156	228
168	186	192
168	258	139
168	279	128
168	297	127
168	304	125
169	126	316
169	164	222
169	190	187
169	209	171
169	224	166
169	398	109
169	443	108
170	99	410
170	116	335
170	122	297
170	226	165
170	272	130
171	98	398
171	121	314
171	141	247
171	159	222
171	197	174
171	283	126
171	303	123
172	94	430
172	113	343
172	158	220
172	211	159
172	287	124
172	316	116
173	108	362
173	112	345
173	113	321
173	114	317
173	131	277
173	139	264
173	197	166
173	210	157
173	269	135
173	335	115
173	364	111
174	187	182
174	196	164
174	257	139
174	268	134
174	291	120
174	415	105
175	100	378
175	107	363
175	140	252
175	151	220
175	162	210
175	167	202
175	222	148
175	249	138
175	278	124
176	110	334
176	127	292
176	136	272
176	149	233
176	181	174
176	208	155
176	243	137
176	389	105
177	134	275
177	166	199
177	229	144
177	236	139
177	284	121
178	144	236
178	159	206
178	257	132
178	311	119
178	349	108
178	437	103
179	98	364
179	144	231
179	150	225
179	157	219
179	196	163
179	198	160
179	242	137
180	90	420
180	108	334
180	109	325
180	125	265
180	136	256
180	220	147
180	363	107
181	118	299
181	133	257
181	153	207
181	158	199
181	240	132
181	290	116
181	406	101
181	430	100
182	91	389
182	123	286
182	130	263
182	152	217
182	162	194
182	178	175
182	199	159
183	108	321
183	134	253
183	149	217
183	189	166
183	192	164
183	214	150
183	219	149
183	388	101
184	103	358
184	115	316
184	143	218
184	178	171
184	185	164
184	191	162
184	223	143
184	248	126
184	283	117
184	311	111
184	352	106
185	119	290
185	177	169
185	203	150
186	87	423
186	131	256
186	139	228
186	174	185
186	202	148
186	336	109
187	110	314
187	125	249
187	152	205
187	176	165
187	214	140
188	120	288
188	153	191
188	174	165
188	185	160
188	223	136
188	382	100
188	429	96
189	86	415
189	203	143
190	88	381
190	122	275
190	123	251
190	138	228
190	189	152
191	144	215
191	145	211
191	171	173
191	178	155
191	191	146
191	310	107
192	94	378
192	110	290
192	146	202
192	155	183
192	156	179
192	177	153
192	261	116
193	93	359
193	115	270
193	211	141
193	255	121
193	399	96
194	86	387
194	102	333
194	143	212
194	200	142
194	211	138
194	283	113
194	360	102
195	92	371
195	107	296
195	108	292
195	129	241
195	132	234
195	134	222
195	169	172
195	186	149
195	262	115
196	99	330
196	151	188
196	173	163
196	314	104
197	91	370
197	123	235
197	233	124
197	366	96
198	208	138
199	141	194
199	316	100
200	114	259
200	154	176
200	167	165
201	95	341
201	104	322
201	153	178
201	165	173
201	282	107
202	84	391
202	86	384
202	107	280
202	130	231
202	135	207
202	383	92
203	113	256
203	148	183
203	228	123
204	81	419
204	151	179
204	152	175
204	214	130
205	81	397
205	98	317
205	106	277
205	125	219
205	145	190
205	158	173
205	254	116
205	290	105
205	313	103
206	137	199
206	138	195
206	159	169
206	208	133
206	226	125
206	338	98
207	117	245
207	151	175
207	182	147
207	190	130
207	227	122
207	236	116
208	83	377
208	91	330
208	116	243
208	154	167
208	155	163
208	176	137
208	211	127
208	222	126
208	293	104
208	301	102
208	309	99
209	143	190
209	165	160
209	226	119
209	260	108
209	316	96
210	165	153
210	246	115
210	254	113
210	428	86
211	115	240
211	147	182
212	250	114
212	261	107
213	104	271
213	122	219
214	103	295
214	204	124
215	91	314
215	97	292
215	134	214
215	140	178
215	169	145
215	203	120
216	134	213
216	189	127
216	257	109
216	315	92
217	154	162
218	110	254
218	133	196
218	134	191
218	156	156
218	228	116
218	232	112
218	281	99
219	147	167
219	159	150
219	360	90
220	102	276
220	207	118
220	208	116
220	254	108
221	114	227
221	124	203
221	167	145
221	194	123
221	274	102
222	86	341
222	129	197
222	136	183
222	137	179
222	231	112
223	76	393
223	84	346
223	141	172
223	166	136
223	171	133
223	199	122
223	230	115
223	240	108
223	280	100
224	83	340
224	104	262
224	189	122
224	235	108
225	88	330
225	91	307
225	134	187
225	175	129
225	292	96
226	126	199
226	185	127
226	225	111
227	123	213
227	154	157
227	258	103
227	273	102
228	130	194
228	180	124
228	277	98
229	243	105
229	267	100
230	90	313
230	93	286
230	118	221
231	86	329
231	98	272
231	99	264
231	257	103
231	290	92
232	78	363
232	109	240
232	137	168
232	164	138
232	202	112
232	228	108
232	368	82
233	86	310
233	95	279
233	179	127
233	188	119
233	256	99
234	99	262
234	142	163
234	154	146
234	339	86
235	152	152
235	173	132
235	174	124
236	108	243
236	111	236
236	169	129
236	322	84
237	88	296
237	130	188
237	147	148
237	152	147
237	207	108
237	385	78
238	161	132
238	182	123
238	193	115
239	144	157
240	118	196
240	128	191
240	229	107
241	98	267
241	113	208
241	172	125
241	266	92
241	339	80
242	78	336
242	129	183
242	131	177
242	233	104
242	303	91
242	428	75
243	83	326
243	155	143
244	110	229
244	158	142
244	226	104
244	251	95
245	81	328
245	158	134
245	179	116
245	299	88
246	80	322
246	365	76
247	71	379
247	132	164
247	269	89
248	81	321
248	103	232
248	139	156
248	190	115
248	236	98
249	116	207
249	136	160
249	173	121
249	205	107
249	231	101
250	127	171
250	164	123
250	227	101
250	243	96
252	105	225
252	118	194
252	142	144
252	173	116
252	239	97
253	115	204
253	168	121
253	244	93
254	190	111
255	160	124
256	96	271
256	106	214
256	137	150
256	225	102
257	117	197
258	171	117
259	119	187
259	133	158
259	135	155
259	354	79
259	403	73
260	79	324
260	153	130
261	92	255
261	151	134
261	202	109
261	288	86
262	149	133
262	213	101
263	76	323
263	103	224
263	277	86
264	140	144
264	145	135
264	429	69
265	189	107
265	305	85
266	124	178
266	310	76
267	71	347
267	87	278
267	144	141
267	163	115
267	276	81
269	85	287
269	141	136
269	224	97
270	96	232
270	424	72
271	189	103
271	336	72
272	78	315
272	156	121
272	272	84
273	66	386
273	136	142
273	223	99
274	138	141
274	179	111
274	362	69
274	386	68
275	84	303
275	108	199
275	298	76
276	118	171
276	138	137
276	221	96
277	101	228
277	115	193
277	152	122
277	232	94
278	87	270
278	129	158
278	150	126
278	268	83
279	91	253
279	123	160
279	135	140
279	148	125
280	65	371
280	82	278
280	315	72
281	68	354
281	139	136
281	144	127
281	301	73
282	220	93
283	130	146
283	187	102
284	209	97
284	215	93
284	241	85
285	341	68
286	91	247
286	314	71
286	327	69
287	182	105
287	226	88
288	295	78
289	86	255
289	155	113
289	168	111
289	199	96
291	96	228
291	117	164
291	138	131
291	151	116
291	265	82
291	340	67
292	88	253
293	127	147
293	137	129
294	122	153
294	221	92
294	234	87
295	119	162
295	133	137
295	287	76
296	97	207
296	134	132
296	203	94
296	211	90
297	132	135
297	273	80
298	188	98
299	113	194
299	311	70
300	129	138
300	304	72
301	78	292
301	165	108
301	197	95
302	80	271
302	96	223
303	82	270
304	281	78
304	337	66
304	340	65
305	140	120
305	327	66
306	174	107
306	280	76
307	167	105
308	137	123
309	153	113
309	228	84
309	254	83
310	126	139
310	416	61
311	91	219
311	96	201
311	121	145
311	259	81
311	297	72
312	70	313
312	90	240
312	107	171
312	123	144
312	155	111
312	213	87
313	101	192
313	102	183
314	74	291
315	98	194
315	120	157
315	189	93
315	368	62
316	156	110
316	187	100
317	86	236
317	140	116
317	171	101
318	233	82
318	324	65
319	78	268
319	117	161
319	129	130
319	150	115
319	165	104
319	206	89
320	120	143
320	133	126
320	148	115
321	178	99
321	220	83
322	96	198
323	118	148
324	153	110
324	169	98
325	71	311
325	106	169
326	85	248
326	90	213
326	178	94
326	342	62
327	67	337
328	101	177
328	107	161
330	92	210
330	97	192
330	145	110
331	112	150
331	204	88
332	83	245
333	105	168
333	149	106
334	59	388
334	60	365
334	68	326
334	122	132
334	140	114
336	151	104
336	256	78
337	119	135
337	130	127
337	238	79
338	65	339
338	133	124
339	84	229
339	156	101
339	439	58
340	127	130
340	152	103
340	275	69
341	98	184
341	177	95
342	104	165
342	172	97
343	60	351
344	63	346
344	222	78
345	68	315
345	69	307
345	105	157
345	125	124
347	65	333
347	92	209
348	111	142
348	122	127
348	149	103
349	92	194
349	130	123
349	138	117
350	103	164
350	166	95
351	179	93
351	193	92
351	269	74
352	150	102
353	140	113
353	272	68
353	410	58
354	96	187
354	101	168
354	238	75
356	58	449
356	70	280
356	99	173
357	125	120
358	72	269
358	109	156
358	140	112
359	58	378
359	114	134
360	68	309
360	100	168
360	118	130
360	133	119
360	193	84
361	289	67
362	106	153
363	82	236
364	82	225
365	259	69
366	190	90
366	272	67
367	58	365
367	165	94
368	168	93
369	93	192
369	104	150
370	150	101
371	316	61
372	89	206
373	94	175
373	99	171
373	103	151
373	134	110
373	148	106
373	221	79
374	125	118
376	136	108
377	87	198
377	98	168
378	102	161
378	118	128
378	289	66
379	156	99
379	174	92
380	137	107
380	301	62
382	92	181
382	128	113
382	151	96
383	65	314
383	123	124
383	148	101
385	238	72
387	105	147
388	111	141
388	134	107
389	114	130
389	149	99
390	83	206
391	211	75
392	104	142
394	78	245
395	175	85
396	343	59
397	94	165
397	301	61
398	125	114
398	137	106
398	406	58
399	82	212
399	101	150
400	56	403
400	89	179
400	101	149
401	295	64
404	228	73
405	330	58
407	102	145
409	251	67
410	135	105
411	98	164
412	58	340
412	80	222
413	137	100
414	55	451
414	96	156
415	55	437
416	173	89
417	104	138
417	150	94
417	248	67
419	124	113
420	291	61
422	84	205
422	136	100
423	93	171
424	131	108
425	82	196
425	89	174
426	137	99
426	173	84
430	99	155
433	130	108
436	238	68
437	70	246
440	136	99
443	174	83
444	137	98
446	92	163
449	63	318
450	67	258
451	98	152
453	160	88
455	57	338
456	59	312
457	220	74
458	104	136
459	127	107
459	190	82
459	258	64
460	55	412
460	64	271
461	100	147
462	84	186
462	89	171
463	58	320
469	95	155
469	113	123
470	76	212
471	55	406
471	60	299
481	58	318
482	465	51
484	307	58
489	55	404
489	100	144
489	230	69
494	441	51
495	321	57
496	59	305
497	290	61
498	274	61
502	437	51
506	123	110
510	124	109
513	56	358
514	114	120
514	433	51
524	431	51
528	246	66
536	306	58
