50	206	270
50	217	249
50	259	230
51	194	250
51	279	218
53	254	201
55	215	203
55	251	188
56	181	242
56	188	212
58	167	234
58	214	183
58	235	173
59	187	192
60	159	269
60	173	222
60	182	218
61	159	258
61	166	254
62	153	240
62	156	233
63	172	213
63	176	191
63	215	166
64	144	265
64	149	237
64	175	205
64	206	158
64	213	157
64	227	148
65	205	178
66	170	202
67	173	196
68	149	229
69	194	187
69	200	144
70	127	263
70	177	183
72	164	207
72	169	187
72	171	163
73	278	125
74	138	208
74	149	198
74	186	150
75	122	238
75	177	158
75	245	131
76	135	234
76	150	192
76	163	188
76	174	153
76	181	152
76	187	139
76	249	123
77	150	183
77	152	167
77	173	157
77	174	150
77	179	140
77	209	131
77	224	124
78	113	259
78	124	214
78	127	207
78	146	199
78	175	149
79	113	247
79	166	157
79	202	126
80	117	219
80	139	203
80	143	191
80	154	159
80	174	147
81	138	182
81	148	181
81	163	149
81	168	139
82	128	203
82	136	195
82	182	127
83	110	224
83	120	199
83	149	164
84	125	189
84	158	151
84	166	135
84	171	132
84	216	118
85	266	114
86	118	216
86	133	180
86	147	174
86	151	162
86	171	126
86	220	111
87	101	244
87	106	235
87	145	168
87	146	153
87	168	133
88	130	175
88	144	166
88	153	143
88	155	134
88	188	123
88	191	121
88	200	118
88	244	106
88	270	105
89	118	195
89	142	160
89	144	157
89	145	155
89	169	122
89	179	118
90	106	206
90	122	179
90	133	160
90	156	133
91	115	203
91	120	172
91	127	162
91	128	158
91	146	145
91	161	129
91	206	117
91	210	114
91	269	101
92	109	196
92	141	154
92	195	115
92	226	107
92	229	105
93	110	186
93	149	137
93	151	131
93	156	130
93	158	121
93	207	106
94	97	226
94	108	187
94	127	150
94	142	141
95	115	171
95	138	144
95	144	136
96	92	253
96	126	163
96	131	146
96	134	145
96	186	113
96	194	112
96	229	104
96	233	99
97	115	169
97	145	132
97	151	126
97	156	120
98	93	227
98	117	167
98	135	143
98	140	130
98	154	118
99	105	178
99	109	173
99	122	148
99	130	137
99	179	111
100	90	243
100	104	221
100	110	169
100	115	161
100	117	159
100	120	150
100	139	130
100	150	116
101	117	155
101	127	137
101	128	133
101	137	132
101	147	127
101	148	120
102	96	204
102	101	178
102	105	166
102	108	160
102	138	129
102	170	112
102	173	104
103	120	145
103	123	140
103	143	117
103	215	101
103	265	98
103	269	97
104	137	131
104	253	96
105	104	164
105	108	152
105	121	139
105	123	137
106	94	194
106	117	150
106	122	135
106	123	132
106	131	120
106	159	111
106	199	101
107	96	177
107	100	165
107	103	159
107	141	116
107	177	103
108	88	212
108	121	131
108	128	120
108	135	115
108	178	97
108	272	84
109	100	163
109	117	147
109	120	137
109	127	130
109	165	99
110	107	157
110	115	138
110	122	130
110	124	126
110	210	89
111	126	122
111	138	114
111	140	113
112	96	163
112	100	151
112	103	145
112	110	142
112	133	114
112	194	95
113	80	257
113	92	176
113	114	137
113	115	134
113	118	125
113	126	121
113	145	110
113	146	106
113	152	104
113	236	82
114	115	133
114	124	121
114	177	96
115	81	239
115	93	166
115	116	124
115	149	96
116	143	109
117	78	247
117	122	118
117	144	105
118	111	132
118	129	111
118	138	101
119	80	221
119	84	208
119	94	159
119	98	157
119	101	146
119	107	140
119	116	119
119	123	114
119	176	87
120	90	176
120	93	152
120	96	146
120	125	111
120	135	105
120	147	97
121	85	190
121	89	165
121	105	139
121	111	126
121	129	106
122	108	134
122	114	125
122	157	92
123	82	198
123	114	120
123	136	102
123	156	88
123	202	84
123	217	83
124	84	181
124	88	169
124	91	163
124	101	144
124	112	125
124	143	98
124	210	80
125	76	225
125	132	102
125	146	97
125	221	73
126	106	133
126	109	127
126	120	113
126	127	107
126	137	95
126	145	93
126	270	69
127	74	237
127	94	147
127	123	111
127	183	79
128	71	257
128	110	121
128	132	101
129	82	189
129	86	177
129	98	140
129	117	115
129	126	100
129	149	87
130	91	149
130	101	137
130	108	129
130	121	107
130	246	71
131	87	159
131	90	149
131	143	94
132	73	223
132	81	170
132	89	151
132	92	145
132	102	133
132	105	126
132	123	105
132	161	85
132	204	78
133	85	164
133	123	103
133	135	96
133	272	64
134	75	208
134	76	206
134	80	177
134	120	108
134	124	101
134	144	87
135	68	250
135	98	136
135	101	130
135	107	123
135	115	112
135	123	100
135	131	94
135	161	84
135	230	65
136	97	136
136	111	119
137	113	114
137	121	106
137	133	92
137	187	73
138	71	238
138	93	135
138	96	129
138	112	112
138	120	102
138	143	89
138	171	78
139	73	205
139	89	148
139	115	109
139	119	108
139	120	100
139	168	79
139	206	67
140	74	197
140	78	186
140	79	169
140	92	143
140	95	134
140	97	126
140	98	125
140	111	118
140	137	86
141	83	162
141	89	147
141	102	120
141	105	114
141	130	96
142	63	274
142	65	248
142	82	150
142	92	133
142	126	95
142	136	91
142	162	81
143	74	192
143	78	163
143	113	108
143	119	101
143	173	74
143	263	58
144	77	169
144	91	138
144	96	126
144	117	102
144	125	96
145	65	239
145	73	186
145	77	160
145	153	82
145	204	69
146	139	83
146	189	72
146	201	69
147	96	117
147	112	109
147	235	64
148	67	225
148	74	183
148	132	90
148	145	78
149	65	231
149	75	177
149	88	140
149	91	134
149	110	107
149	131	85
149	214	62
149	221	61
150	73	185
150	105	109
150	109	104
150	116	103
150	168	76
150	173	72
150	194	66
150	265	53
151	71	208
151	75	161
151	120	97
152	74	171
152	100	115
152	111	101
152	124	94
152	166	73
153	114	94
153	181	69
153	188	68
154	69	194
154	76	155
154	78	149
154	95	120
154	125	93
154	161	73
154	193	66
154	241	55
155	74	162
155	77	152
155	87	145
155	127	89
155	137	81
156	93	131
156	107	106
156	110	103
156	215	57
156	228	55
157	58	262
157	69	185
157	73	159
157	86	128
157	87	127
157	122	93
157	133	84
157	155	77
158	66	205
158	95	117
158	105	105
158	191	62
158	212	60
159	89	121
159	166	71
159	171	70
160	65	201
160	67	199
160	69	175
160	75	143
160	100	106
160	182	64
161	104	102
161	110	95
161	121	86
161	141	78
161	159	74
162	62	216
162	73	158
162	108	93
162	167	64
163	193	61
164	65	193
164	78	135
164	103	98
164	183	62
164	192	59
164	228	53
164	235	52
165	87	126
165	156	69
165	206	55
165	219	53
166	66	182
166	102	104
166	127	84
166	142	76
167	94	106
167	95	105
167	151	72
168	55	274
168	68	171
168	114	89
168	128	81
168	159	66
168	218	52
169	81	133
169	90	117
169	145	73
169	173	62
169	191	60
170	54	273
170	81	118
170	98	101
170	115	85
171	69	155
171	77	138
171	120	83
172	76	136
172	99	99
174	59	210
174	65	171
174	72	148
174	100	98
174	165	62
174	263	47
175	58	215
175	95	104
175	106	95
175	109	89
175	139	80
175	151	69
176	145	71
177	138	69
177	209	50
178	97	100
178	106	89
178	124	76
179	78	123
179	144	66
180	61	198
180	227	46
181	260	44
182	67	155
182	143	67
182	179	54
183	62	179
183	66	159
183	203	53
184	92	103
184	97	91
184	103	88
185	95	101
186	63	176
186	69	131
186	77	128
186	84	111
186	93	101
186	137	71
187	100	88
188	54	226
188	70	123
188	192	52
189	65	147
189	87	108
189	144	63
189	179	52
190	226	45
191	51	271
191	92	93
191	155	62
191	165	59
192	87	99
192	104	83
192	122	77
193	117	81
194	124	72
195	191	47
196	155	57
197	188	50
197	211	46
198	58	183
198	76	112
198	78	101
198	82	97
198	118	79
199	158	54
200	62	159
200	113	74
200	137	67
200	207	45
200	229	42
201	112	81
202	130	64
203	116	71
206	51	233
206	61	164
206	73	115
206	92	86
206	119	70
207	90	96
208	137	57
209	95	83
211	86	93
212	50	245
212	55	188
212	111	72
213	107	81
214	53	232
214	110	72
215	50	236
216	150	52
217	95	82
219	73	110
220	66	116
220	71	107
220	181	43
221	61	140
221	105	74
222	49	254
224	53	209
225	49	245
226	100	80
226	120	64
226	130	63
228	49	236
229	81	88
230	51	207
230	54	176
231	221	41
233	129	52
234	118	64
234	122	60
236	77	97
238	48	252
238	115	64
239	90	83
240	49	229
241	48	243
241	117	62
242	124	53
244	97	72
247	67	111
247	108	63
248	50	212
248	53	181
248	62	135
248	64	124
248	79	89
251	69	103
251	112	62
253	48	236
254	162	44
261	49	219
261	52	188
261	117	56
263	134	47
265	47	254
265	91	73
265	114	56
271	58	156
271	61	138
283	90	74
