59	424	428
59	428	413
60	403	441
60	404	418
60	455	379
61	401	435
62	362	450
62	373	407
62	401	372
62	449	363
62	472	360
63	347	460
63	356	415
63	386	355
63	429	353
63	466	347
64	333	491
64	335	456
64	337	432
64	351	424
64	359	404
64	370	355
65	329	458
65	332	446
65	342	419
65	350	395
65	368	377
65	385	354
66	309	483
66	311	458
66	327	433
66	328	387
66	342	357
66	454	320
67	309	404
67	323	374
67	329	371
67	368	336
67	381	321
67	441	314
68	292	439
69	296	416
69	317	356
69	331	326
69	342	320
69	383	306
70	284	397
70	338	320
70	372	311
71	267	470
71	269	407
71	303	373
71	308	353
71	311	340
71	321	325
71	325	310
71	336	306
71	377	302
71	421	291
72	306	327
72	369	302
73	267	362
73	281	332
73	299	319
73	307	312
73	365	297
73	371	286
73	392	282
74	244	438
74	248	384
75	237	413
75	291	320
75	303	305
75	313	300
75	396	273
76	278	310
76	303	292
76	367	285
77	294	305
77	302	303
77	309	287
77	374	278
78	259	314
78	301	298
78	326	273
79	231	389
79	236	346
79	291	295
79	402	258
80	245	314
80	249	310
80	280	286
80	324	280
80	392	271
81	235	359
81	273	281
81	363	255
81	406	249
82	263	294
82	301	280
83	206	413
83	208	388
83	229	344
83	256	299
83	276	268
83	293	259
83	310	256
84	231	302
84	247	290
84	258	281
84	387	240
85	240	285
85	265	273
85	294	252
85	311	249
85	343	243
85	392	237
86	310	251
86	360	240
87	221	340
87	243	272
87	337	246
87	401	227
88	220	346
88	225	285
88	235	281
88	259	257
88	276	248
89	204	391
89	208	375
89	243	268
89	303	235
90	191	346
90	251	256
90	266	245
90	283	236
91	239	279
91	353	219
91	381	215
92	210	341
92	212	282
92	258	244
92	284	229
92	348	223
93	187	338
93	230	265
93	307	227
93	347	222
94	167	422
94	194	295
94	238	253
94	272	237
95	206	288
95	213	278
95	226	270
95	229	253
95	257	249
96	163	380
96	245	241
96	271	226
96	293	212
96	321	208
97	208	275
97	213	268
97	226	262
97	227	261
97	236	241
97	268	225
97	353	202
98	188	315
98	190	292
98	252	236
98	300	206
98	328	202
99	154	437
99	174	314
99	204	291
99	216	250
99	280	215
99	308	204
100	162	333
100	167	314
100	208	256
100	220	245
100	227	243
100	259	224
101	181	309
101	190	269
101	202	258
101	212	254
101	223	238
102	220	241
102	230	237
102	271	206
102	323	199
103	172	282
103	241	227
103	248	220
103	348	192
104	155	327
104	207	242
104	246	221
105	139	417
105	189	255
105	221	236
105	245	225
105	259	213
105	269	204
106	151	394
106	207	238
106	219	230
107	151	370
107	160	295
107	166	287
107	171	268
107	224	224
107	242	217
107	266	212
108	323	179
109	133	393
109	154	314
109	205	247
109	242	213
109	252	208
109	267	206
109	278	187
110	152	327
110	161	291
110	199	243
110	200	238
110	206	227
110	221	216
110	247	207
110	253	200
110	295	177
111	129	403
111	159	281
111	185	258
111	189	246
111	210	226
111	217	223
112	181	253
112	236	215
112	282	180
113	144	384
113	150	297
113	167	280
113	191	235
113	200	229
113	220	211
113	229	210
113	235	200
113	244	199
113	346	168
114	139	363
114	147	329
114	157	293
114	160	277
114	219	218
115	218	218
115	260	197
115	337	165
116	122	426
116	162	262
116	190	240
116	211	213
116	220	208
117	132	382
117	136	369
117	149	283
117	179	249
118	131	382
118	156	281
118	175	261
119	119	389
119	148	287
119	206	215
120	117	426
120	125	345
120	135	339
120	182	242
121	124	361
121	131	334
121	147	284
121	186	228
121	205	216
121	230	202
121	239	185
121	376	154
122	168	241
122	174	237
122	280	169
123	114	389
123	147	273
123	172	234
123	186	224
123	196	220
123	204	218
123	223	205
123	233	192
124	136	314
124	140	303
124	163	249
124	202	213
124	214	203
124	230	187
125	118	353
125	122	344
125	144	302
125	184	227
125	229	201
125	274	168
125	362	156
125	392	147
126	110	425
126	113	390
126	125	324
126	166	240
126	177	228
126	190	222
126	225	196
126	257	173
127	109	392
127	121	332
127	170	233
127	184	223
127	185	213
127	200	202
127	365	153
127	395	144
128	139	289
128	149	258
128	237	186
128	248	170
129	121	330
129	129	322
129	181	219
129	218	194
130	119	328
130	124	310
130	138	298
130	179	215
130	208	196
130	223	185
130	327	154
131	113	351
131	132	301
131	139	282
131	148	272
131	159	235
131	183	212
131	194	209
131	198	201
131	222	191
131	313	142
132	158	252
132	163	228
132	194	208
132	213	189
132	262	155
133	132	299
133	141	264
133	170	222
133	202	198
133	215	186
133	386	136
134	102	422
134	130	297
134	155	243
134	206	195
134	212	187
134	221	184
135	114	347
135	157	234
135	169	224
135	204	187
135	233	181
135	236	171
136	122	300
136	132	290
136	151	241
136	161	227
136	176	207
136	252	155
136	288	142
137	147	254
137	168	221
137	179	206
137	183	201
137	198	190
137	210	186
138	117	331
138	128	298
138	214	177
139	116	336
139	170	209
140	107	361
140	153	233
140	157	232
140	177	203
140	203	185
140	229	171
140	235	160
141	106	375
141	133	275
141	142	260
141	181	200
141	189	196
141	196	189
141	231	170
142	161	217
143	105	332
143	135	256
143	147	249
143	172	207
143	232	161
144	123	299
144	152	237
145	145	249
145	157	220
145	183	196
145	193	193
146	112	331
146	116	291
146	145	233
146	155	230
146	177	198
146	188	187
146	204	176
146	211	168
146	238	153
146	277	140
147	130	270
147	149	231
147	170	199
147	172	197
147	177	194
147	218	163
148	104	332
148	112	301
148	153	224
148	158	218
148	164	211
148	167	202
148	169	200
148	262	137
149	98	355
149	144	239
149	185	188
149	202	177
149	204	167
149	236	149
149	417	119
150	97	337
150	110	306
150	121	289
150	160	212
150	175	193
150	188	183
150	364	134
150	394	125
151	152	214
151	168	198
151	185	187
151	190	182
152	91	399
152	116	285
152	162	210
152	166	203
152	181	192
152	189	176
152	364	126
153	91	373
153	103	311
153	128	260
153	194	171
153	218	159
153	370	124
153	400	115
154	90	411
154	205	164
154	232	154
155	90	385
155	134	258
155	146	218
155	160	205
155	166	199
155	177	182
155	188	181
156	96	355
156	174	185
156	189	174
156	203	164
156	219	152
157	91	340
157	155	205
157	197	166
158	104	301
158	154	209
158	162	199
158	166	193
158	171	184
158	302	134
159	109	282
159	163	196
159	175	181
159	189	165
159	204	158
159	221	149
160	88	352
160	123	274
160	221	145
160	317	119
161	132	252
161	142	251
161	153	204
161	157	198
161	169	182
161	177	171
161	202	157
162	100	320
162	147	211
162	165	182
162	174	174
163	140	233
163	162	185
163	235	144
163	271	128
164	101	310
164	143	221
164	190	162
164	232	142
164	257	135
164	369	111
165	95	333
165	98	304
165	134	229
165	137	228
165	159	184
165	175	170
166	89	333
166	156	187
166	163	181
166	178	168
167	94	312
167	153	194
167	189	160
167	201	151
167	242	140
167	419	105
168	88	335
168	140	217
168	146	211
168	151	193
168	170	180
168	185	160
168	205	147
168	269	130
169	91	322
169	101	283
169	157	183
169	166	174
169	359	109
170	120	261
170	173	166
170	183	161
170	217	140
170	315	113
171	186	156
171	306	120
172	83	351
172	95	306
172	162	176
172	171	167
173	139	217
173	145	201
173	159	179
173	164	171
173	284	123
174	82	363
174	96	293
174	147	197
174	151	186
174	161	174
174	171	165
174	180	162
174	258	121
175	90	316
175	126	248
175	137	224
175	148	189
175	168	169
175	391	105
176	89	323
176	95	286
176	131	220
176	139	211
176	150	186
176	154	181
176	160	175
176	169	166
176	203	144
177	89	309
177	143	195
177	171	161
177	288	120
177	307	114
178	114	257
178	124	242
178	140	207
178	143	194
178	153	178
178	166	168
178	180	156
178	229	133
178	249	126
178	255	124
178	265	117
178	306	110
178	350	105
179	151	182
179	175	159
179	396	103
180	88	304
180	98	274
180	115	244
180	142	197
180	150	185
180	160	171
180	182	151
180	202	138
180	393	100
181	82	327
181	90	302
181	127	227
181	157	174
181	158	171
181	221	133
182	147	184
182	155	174
182	160	168
182	180	152
182	185	149
182	236	129
183	79	366
183	81	339
183	118	229
183	137	202
183	151	180
183	167	160
183	173	156
183	302	114
184	90	292
184	139	198
184	159	168
184	198	143
185	84	315
185	113	246
185	126	213
185	127	212
185	134	210
185	156	170
185	165	165
185	384	101
186	85	311
186	89	285
186	158	165
186	171	155
186	188	147
186	192	145
186	305	109
186	423	95
187	105	266
187	135	196
187	145	180
187	156	169
187	180	146
187	201	135
188	97	274
188	137	193
188	147	177
188	155	168
189	86	295
189	105	247
189	140	186
189	169	158
189	389	99
190	80	318
190	109	243
190	131	205
190	134	198
190	140	185
190	154	170
190	156	166
190	165	155
190	174	150
190	199	141
190	428	93
191	150	172
191	152	171
191	156	164
191	162	160
192	94	280
192	124	218
192	131	202
192	141	183
192	147	175
192	162	159
192	171	151
192	186	144
193	77	342
193	112	228
193	154	165
193	241	114
194	93	273
194	130	205
194	133	197
194	147	174
194	152	165
194	156	163
194	164	156
194	168	153
194	177	144
194	193	138
194	221	129
195	76	354
195	120	212
195	148	171
195	150	169
195	154	162
195	181	142
195	232	123
195	420	97
196	75	389
196	99	250
196	160	155
196	182	140
196	191	137
197	90	283
197	128	201
197	139	190
197	143	173
197	148	170
197	158	157
197	174	145
197	178	140
197	253	109
198	140	176
198	150	167
198	163	153
198	200	134
198	242	112
198	378	94
198	403	90
199	99	246
199	107	244
199	132	187
199	152	161
199	155	160
199	161	151
199	190	132
199	338	99
200	75	360
200	117	217
200	128	197
200	134	184
200	152	159
200	240	117
201	85	280
201	115	218
201	126	200
201	131	194
201	141	172
201	176	141
201	207	126
202	79	303
202	125	201
202	156	156
202	161	150
202	187	133
202	234	115
202	408	88
203	75	346
203	77	321
203	174	141
203	181	137
203	197	128
204	126	193
204	144	166
204	170	144
204	204	123
205	134	179
205	142	170
205	148	160
205	168	148
205	222	121
205	244	110
206	73	365
206	85	274
206	93	249
206	111	227
206	118	204
206	137	177
206	145	163
206	154	154
206	161	147
206	168	140
206	174	135
206	189	129
206	241	111
207	79	297
207	111	220
207	115	217
207	117	203
207	122	200
207	128	187
207	137	172
207	151	156
207	182	134
207	188	130
207	200	121
208	72	377
208	134	175
208	148	156
208	157	146
209	89	268
209	99	242
209	146	159
209	227	114
210	91	248
210	110	219
210	137	167
210	146	157
210	196	125
210	216	119
210	230	111
211	109	217
211	120	196
211	135	171
211	145	159
211	152	151
212	149	153
212	231	107
212	268	102
212	357	88
213	106	233
213	112	207
213	124	195
213	139	166
213	141	162
213	172	135
213	173	132
213	279	95
214	82	278
214	84	267
214	89	262
214	106	223
214	111	206
214	138	165
214	170	138
214	180	130
215	103	236
215	123	192
215	128	178
215	142	159
215	145	158
216	71	369
216	73	344
216	112	203
216	156	149
216	162	139
216	168	134
216	176	131
216	183	126
216	210	113
216	367	85
216	419	84
217	103	230
217	131	170
217	195	118
217	207	111
217	240	100
218	89	245
218	107	209
218	142	154
218	151	145
218	156	142
218	181	123
218	187	122
218	432	82
219	70	395
219	403	84
220	99	231
220	127	175
220	131	166
220	135	165
220	139	158
220	140	156
221	146	149
221	247	96
221	461	81
222	77	316
222	120	185
222	137	161
222	180	124
222	196	115
222	337	92
223	106	206
223	117	187
223	135	161
223	166	132
224	126	174
224	167	130
224	179	121
224	203	112
224	206	110
225	71	362
225	83	248
225	120	181
225	147	145
225	345	83
226	69	399
226	108	205
226	162	135
227	68	415
227	104	205
227	121	178
227	125	169
227	229	108
228	136	153
228	139	152
228	145	144
228	213	106
228	335	94
229	78	273
229	125	167
229	143	148
229	160	132
229	186	120
229	319	85
230	74	316
230	76	291
230	90	229
230	129	164
230	142	147
230	173	123
230	236	103
231	69	386
231	135	157
231	141	149
231	179	120
231	200	112
232	81	265
232	114	184
232	198	109
232	226	96
232	301	85
232	391	79
233	67	427
233	69	362
233	154	136
233	167	122
233	172	121
233	246	92
234	78	267
234	82	245
234	115	183
234	119	173
235	132	153
235	222	97
235	356	81
236	97	219
236	110	193
236	141	143
236	192	112
236	233	92
237	101	212
237	123	164
237	132	151
237	140	140
238	97	217
238	138	144
238	147	134
239	92	219
240	123	160
240	127	159
240	136	146
241	68	361
241	71	322
241	113	176
241	179	112
242	155	124
242	201	101
243	70	339
243	72	314
243	123	159
243	169	121
244	99	200
244	247	90
244	444	76
245	137	138
245	143	134
245	159	119
246	152	130
246	233	90
247	79	260
247	94	209
247	117	163
247	134	139
247	431	78
248	65	412
248	128	150
248	141	133
248	153	128
248	344	76
249	120	160
249	132	140
249	218	98
251	77	288
251	102	193
251	120	158
251	193	106
251	198	97
252	83	241
252	133	138
252	318	78
253	69	342
253	81	259
253	84	224
253	155	123
253	156	122
253	166	115
254	64	424
254	88	217
254	176	110
255	65	406
255	137	133
255	153	118
256	114	168
256	131	144
256	186	108
256	210	90
256	248	84
257	76	284
257	114	160
257	124	145
258	67	340
258	101	193
258	182	100
258	412	71
259	76	265
259	169	108
259	206	91
260	74	266
260	315	79
261	63	428
261	105	190
261	111	183
262	97	188
262	150	117
262	166	113
263	65	375
263	101	181
263	143	127
264	63	408
264	64	405
264	65	370
264	68	331
264	147	125
264	247	86
264	326	75
264	446	70
265	122	143
265	174	100
265	260	80
266	69	323
266	105	176
266	135	134
266	137	130
266	167	112
267	62	440
268	70	292
268	96	204
268	135	131
268	205	95
268	212	87
268	324	77
269	88	202
269	143	126
269	156	110
270	195	97
271	143	125
272	124	135
272	144	116
272	192	89
272	376	68
273	81	245
273	104	176
273	140	126
273	251	83
273	335	70
274	61	441
274	64	366
274	79	237
275	63	392
275	135	126
275	182	91
275	243	83
276	245	80
276	277	77
277	70	284
278	293	75
280	118	141
280	155	106
280	332	72
281	242	79
282	63	363
282	145	111
282	154	104
283	60	440
284	194	86
285	66	310
285	113	146
285	129	125
287	112	152
287	169	94
287	319	68
288	68	309
288	97	187
288	444	62
289	77	248
290	149	105
290	252	77
291	293	70
292	59	458
292	104	160
292	227	79
292	289	73
293	61	374
293	72	265
294	59	427
294	60	419
294	156	101
295	141	124
295	197	84
297	142	111
297	159	100
297	190	84
297	362	63
298	60	393
298	187	86
298	258	74
298	289	72
299	87	210
299	132	119
299	264	72
300	67	293
301	59	420
301	206	82
301	243	75
301	432	60
302	125	130
302	213	79
303	172	91
303	301	67
304	58	451
304	109	150
304	146	104
305	82	224
305	103	164
305	178	89
306	123	133
306	390	60
307	63	324
307	152	99
307	270	70
308	63	319
309	65	306
309	83	214
309	192	81
310	160	94
311	432	59
312	76	255
312	121	130
312	385	60
313	168	91
314	59	380
314	167	90
314	331	63
315	57	438
315	71	263
315	91	188
315	248	73
316	386	58
317	133	115
317	225	74
317	254	72
318	76	243
318	177	87
319	78	230
319	89	188
320	106	156
320	183	85
320	195	79
321	144	104
321	163	92
321	320	64
322	157	95
323	73	257
323	185	81
324	260	69
325	114	132
325	140	113
325	170	88
326	59	343
326	147	101
326	266	68
327	326	60
328	173	87
328	294	63
329	144	99
330	224	76
330	239	73
331	58	362
331	75	241
331	388	55
332	62	315
332	268	65
333	142	108
335	82	208
335	158	89
337	72	261
338	60	338
338	205	78
338	225	72
339	165	85
339	224	73
339	297	61
341	55	430
342	124	122
342	404	54
343	70	275
343	136	113
344	143	103
344	152	95
344	226	70
346	131	114
346	161	87
346	313	60
347	56	381
347	67	274
348	207	75
348	244	66
348	380	54
349	258	64
350	92	187
350	168	83
350	311	58
351	87	203
351	145	96
351	264	63
352	183	82
353	171	82
354	189	80
354	201	74
357	64	311
357	191	76
357	259	63
358	97	164
358	143	99
358	225	70
359	320	57
360	157	94
361	54	443
361	370	55
362	176	81
362	308	60
363	203	73
366	98	157
367	397	53
369	130	107
369	141	98
369	187	80
369	292	59
370	83	207
371	184	77
372	216	71
373	179	79
375	66	276
376	241	67
376	277	62
377	124	113
377	181	77
378	88	184
379	187	75
381	114	126
383	73	240
387	61	303
390	77	237
390	269	62
390	346	53
392	59	340
392	205	70
393	240	65
394	185	75
395	68	264
396	341	53
397	54	392
397	94	176
398	58	330
398	176	78
398	227	65
400	57	343
402	63	302
402	252	61
402	288	56
405	60	315
409	56	358
414	77	223
417	304	55
420	169	81
421	146	94
422	212	68
424	192	73
425	153	90
428	86	189
443	89	179
450	81	207
