38	227	212
38	234	206
39	218	197
39	222	195
40	185	206
40	192	200
41	184	198
42	170	212
45	253	145
46	184	159
46	203	149
50	144	241
50	216	127
51	169	234
52	162	185
52	169	179
52	188	131
52	207	121
53	137	190
54	173	168
55	175	148
56	173	156
57	119	223
58	143	154
58	156	141
58	169	138
58	216	106
59	115	240
59	122	214
60	116	191
60	123	165
60	128	160
60	155	136
60	162	130
60	174	126
60	181	120
64	156	133
64	163	127
65	156	130
66	133	144
66	142	136
66	144	135
66	209	109
67	110	231
68	120	170
68	127	144
68	132	139
68	139	133
68	178	115
68	200	103
69	111	203
69	118	177
69	171	121
70	120	161
71	109	223
71	174	112
71	235	94
72	162	116
73	183	98
74	109	169
74	119	153
74	124	142
74	129	137
74	156	113
74	163	107
74	209	88
75	107	220
75	189	95
76	137	135
76	216	86
77	119	149
77	170	103
78	118	165
78	141	125
79	98	183
79	129	131
79	138	124
79	149	111
79	189	88
80	117	152
80	122	138
80	134	121
81	107	158
81	159	106
82	127	129
82	128	121
82	133	116
82	140	110
83	86	236
83	87	195
83	93	194
83	101	167
83	131	119
83	162	102
84	100	164
84	171	97
85	84	217
85	125	131
85	134	115
85	147	106
85	183	84
86	107	152
86	109	144
86	130	116
86	135	111
86	151	105
86	163	93
87	98	157
87	103	152
87	133	110
87	146	108
87	154	104
87	228	76
88	120	130
88	123	123
88	126	117
88	144	105
88	151	101
88	172	92
88	218	81
89	100	151
89	114	143
89	119	142
89	161	94
90	106	144
90	110	138
90	120	122
90	123	118
90	125	117
90	130	112
90	132	111
90	141	104
90	161	91
91	85	177
91	90	163
91	177	85
92	100	143
92	135	105
92	142	99
93	99	153
93	123	117
93	199	79
94	107	132
94	149	97
94	158	87
95	123	112
95	125	111
95	134	104
95	135	103
95	138	96
96	99	145
96	132	108
96	137	100
96	147	94
96	170	85
96	233	69
97	96	150
97	116	129
97	130	106
97	135	99
97	227	67
98	118	119
98	122	113
99	87	153
99	104	139
99	111	131
99	113	128
99	134	101
100	81	210
100	91	149
100	100	133
100	110	130
100	127	106
101	108	127
101	111	126
101	115	117
101	143	95
101	150	89
101	189	81
101	206	75
102	98	141
102	121	114
102	205	78
103	106	124
103	130	97
103	157	87
104	79	173
104	94	142
104	101	132
104	103	124
104	113	115
104	155	83
104	181	77
104	186	72
104	201	62
105	77	172
105	96	135
105	100	129
105	109	123
105	115	111
105	122	107
105	124	104
105	135	92
105	153	87
106	108	121
106	123	105
107	91	132
107	104	122
107	108	118
107	109	116
107	112	112
107	120	101
107	132	95
108	95	128
108	142	88
108	145	82
108	180	74
109	94	131
109	101	126
109	113	109
109	141	86
109	173	78
110	69	210
110	74	165
110	78	159
110	111	108
110	117	104
110	118	103
110	120	99
110	128	95
110	152	80
111	96	125
111	103	118
111	114	107
111	124	98
111	136	87
111	138	86
111	170	68
111	245	59
112	83	139
112	104	116
112	113	107
112	120	95
112	127	90
112	130	88
112	132	87
113	73	196
113	100	116
113	105	112
113	138	82
113	216	54
114	90	132
114	92	126
114	113	103
114	186	63
114	211	56
115	88	133
115	90	125
115	102	110
115	107	107
115	109	103
115	114	101
115	145	80
115	149	77
115	161	76
115	181	61
116	85	138
116	96	119
116	100	114
116	133	86
116	166	71
117	67	197
117	89	120
117	94	115
117	99	112
117	108	104
117	109	100
117	111	97
117	116	94
117	118	91
117	123	88
117	130	85
118	69	184
118	76	141
118	100	110
118	102	108
118	128	85
118	130	83
118	142	81
119	80	137
119	98	107
119	103	102
119	118	87
119	125	81
120	71	178
120	83	132
120	87	118
120	102	104
120	109	97
120	111	95
120	164	75
120	185	60
121	81	134
121	108	97
121	113	92
121	137	77
121	155	69
122	96	105
122	109	94
122	111	91
122	118	85
122	150	67
123	120	82
123	135	78
124	99	104
124	118	81
124	196	57
125	64	217
125	69	172
125	77	135
125	191	55
126	75	134
126	93	115
126	94	103
126	106	100
126	108	91
126	129	76
126	160	64
127	86	122
127	99	97
127	115	86
127	143	67
128	66	208
128	74	129
128	79	124
128	84	121
128	103	90
128	110	84
128	228	44
129	72	141
129	77	127
129	84	120
129	92	114
129	94	101
129	108	84
129	122	80
129	204	47
130	65	184
130	83	116
130	90	114
130	96	98
130	126	72
131	67	172
131	72	127
131	89	113
131	93	107
131	94	97
131	103	88
131	200	50
132	62	204
132	105	85
133	64	191
133	71	137
133	81	114
133	103	84
133	117	78
133	182	57
134	115	77
134	180	63
134	223	43
135	84	113
135	167	56
136	91	110
136	145	65
137	79	112
137	90	103
137	91	100
137	96	93
137	140	63
137	215	45
138	65	159
138	84	106
138	212	43
139	88	99
139	95	93
139	99	90
139	100	87
139	105	80
139	128	70
139	164	57
139	180	52
139	189	48
139	234	40
140	79	110
140	93	93
140	123	68
140	184	46
141	59	245
141	61	217
141	81	107
141	91	93
141	117	76
141	157	56
142	77	119
142	79	106
142	88	97
142	102	81
143	61	215
143	90	94
143	100	80
143	114	79
144	88	93
145	58	213
145	85	105
146	63	181
146	67	134
147	77	118
147	94	92
148	81	102
148	133	66
148	142	60
148	158	52
149	63	160
149	75	113
149	96	86
149	97	83
149	218	39
150	90	89
150	114	74
150	212	42
151	63	146
151	78	103
151	87	101
151	108	77
152	56	217
152	76	102
153	60	166
153	87	90
154	85	89
156	62	157
157	109	73
157	247	38
157	251	37
158	64	143
158	73	105
158	155	48
158	198	40
160	54	246
160	67	129
160	82	92
161	107	77
161	218	38
162	69	126
163	93	88
163	122	72
164	59	175
164	64	140
164	96	84
164	115	65
166	58	153
166	68	113
166	99	75
167	113	72
168	151	59
172	81	91
173	68	112
173	70	110
173	72	109
174	49	255
174	56	209
175	79	97
175	93	82
175	132	64
176	98	75
176	169	42
178	52	243
178	110	71
179	55	154
180	48	259
180	50	230
180	61	147
181	114	69
182	125	63
182	129	60
184	93	80
185	61	129
186	48	218
187	46	266
187	64	120
187	76	98
188	65	117
188	112	70
190	74	104
192	49	193
194	64	119
194	98	71
194	156	46
195	54	153
195	83	88
196	52	165
196	114	58
197	87	83
197	128	55
198	44	287
199	103	70
204	95	74
204	97	71
206	57	136
206	113	58
206	139	51
207	203	35
210	78	95
212	42	276
212	47	199
212	170	40
214	134	52
215	151	48
226	41	297
227	45	215
228	42	266
230	41	292
235	151	45
238	148	46
238	205	34
241	195	36
243	172	39
245	224	32
