45	272	289
45	319	260
46	260	319
46	322	249
47	258	304
48	252	328
48	284	239
49	256	245
49	364	218
50	224	323
50	232	283
50	234	262
50	259	234
50	285	233
50	308	224
51	251	235
51	277	220
51	285	210
52	231	285
52	232	277
52	329	197
53	203	286
53	222	267
53	228	247
53	278	214
54	199	276
54	221	273
54	228	238
54	253	222
54	266	204
54	270	201
54	279	194
54	330	191
55	195	297
55	211	260
55	222	250
55	322	178
56	214	249
56	239	214
56	254	201
56	258	200
57	179	299
57	201	272
57	246	202
57	300	172
58	175	289
58	227	239
58	231	221
58	242	210
58	276	193
59	171	310
59	205	271
59	209	237
59	212	227
59	236	216
59	326	155
60	176	269
60	195	253
60	219	222
60	231	204
60	250	183
60	325	170
61	188	267
61	192	248
61	197	245
62	163	322
62	182	256
62	255	182
62	262	173
62	268	165
62	277	160
62	324	141
63	189	230
63	208	222
63	217	215
63	230	204
63	246	197
63	247	173
63	256	168
64	204	209
64	237	184
65	155	335
65	164	280
65	182	229
65	219	207
65	231	183
65	244	182
65	277	150
66	160	270
66	222	205
66	227	191
67	153	261
67	174	238
67	180	231
67	230	170
67	249	165
67	278	144
68	161	250
68	204	203
68	212	189
68	317	140
69	146	353
69	151	305
69	182	226
69	202	209
69	208	186
69	255	160
69	265	157
70	148	303
70	168	230
70	173	217
70	223	165
70	232	160
71	193	203
71	196	195
72	151	266
72	207	189
72	216	176
72	271	151
72	297	136
73	138	333
73	141	260
73	160	233
73	178	213
73	187	209
73	264	143
74	139	293
74	174	208
74	186	189
74	195	184
74	231	152
75	138	242
75	159	216
75	206	171
75	250	143
75	251	135
76	171	199
76	182	194
76	192	179
76	217	152
76	229	148
76	232	146
77	136	286
77	191	173
77	249	141
77	252	129
78	216	169
78	218	146
78	230	142
79	156	207
79	179	190
79	188	184
79	296	112
80	180	176
80	189	170
80	197	164
80	206	161
80	209	160
80	244	134
81	134	269
81	137	229
81	157	201
81	163	199
81	188	164
81	210	154
81	276	115
82	139	220
82	170	186
82	184	175
82	196	156
82	208	147
82	227	136
83	158	194
83	172	177
83	187	163
83	189	158
83	273	115
83	277	110
84	153	203
84	165	185
84	179	169
84	209	141
84	215	137
84	225	134
84	230	124
84	250	115
85	115	309
85	131	288
85	133	241
85	160	190
86	121	280
86	180	163
86	193	147
86	207	144
86	226	124
87	128	270
87	225	124
88	112	265
88	127	240
88	135	236
88	136	222
88	182	160
88	190	154
88	194	141
88	227	118
89	135	233
89	138	213
89	143	212
91	144	208
91	152	200
91	179	163
91	198	135
91	222	124
91	303	107
92	135	213
92	146	203
92	147	196
92	192	141
93	129	239
93	163	179
93	172	174
93	178	171
93	180	157
94	105	282
94	111	252
94	160	182
94	165	175
94	191	142
95	113	243
95	156	193
95	164	173
95	170	167
95	181	151
95	199	133
95	220	120
96	131	215
96	134	207
96	143	206
96	170	159
96	172	158
96	189	147
96	190	143
96	255	112
96	257	101
97	129	230
97	150	189
97	165	166
97	176	155
97	189	144
98	107	264
98	125	218
98	148	189
98	160	177
98	171	153
98	185	148
98	191	137
98	196	135
98	209	126
98	221	117
99	139	201
99	167	162
99	181	146
99	192	135
99	229	112
99	300	95
100	157	170
100	191	133
100	227	112
101	117	219
101	136	203
101	153	187
101	168	156
101	182	140
101	188	139
101	193	129
101	217	117
101	228	106
102	106	245
102	128	215
102	138	194
102	156	179
102	158	164
102	184	136
102	192	127
103	138	192
103	149	179
103	165	160
103	189	133
103	204	126
104	110	236
104	141	188
104	172	150
104	180	140
104	186	134
104	213	120
105	109	236
105	158	162
105	167	155
105	171	150
105	173	148
105	174	145
105	178	141
106	104	280
106	125	208
106	179	138
107	94	280
107	100	250
107	113	227
107	149	172
107	160	159
107	175	139
107	268	100
107	313	90
108	107	235
108	110	221
108	170	152
108	186	131
108	275	96
109	90	326
109	122	212
109	131	196
109	143	178
109	150	169
109	160	157
109	161	153
109	177	138
109	185	129
109	190	127
109	234	103
110	148	177
110	152	160
110	181	134
110	184	131
110	209	121
110	210	116
110	215	112
110	258	94
111	96	262
111	135	190
111	140	181
111	173	142
111	191	121
111	210	114
112	91	282
112	113	219
112	116	211
112	141	178
112	158	156
112	187	127
112	219	111
113	88	309
113	104	226
113	129	197
113	137	180
113	146	173
113	169	142
113	179	132
113	185	128
113	188	124
113	201	119
113	250	100
113	283	90
114	95	255
114	127	203
114	139	171
114	159	150
114	173	139
114	175	133
114	181	128
114	194	117
114	219	108
115	89	280
115	99	248
115	150	157
115	155	153
115	166	142
115	172	135
115	180	126
115	185	124
115	193	115
115	213	113
116	107	222
116	154	154
116	174	133
116	189	121
116	250	97
117	115	211
117	132	188
117	145	162
117	327	85
118	103	228
118	136	178
118	140	168
118	148	160
118	171	136
118	184	123
118	230	102
118	264	91
118	271	89
118	300	88
119	98	249
119	106	219
119	109	217
119	161	149
119	163	141
119	171	132
119	176	127
119	202	113
120	107	211
120	149	154
120	156	149
120	167	138
120	183	125
120	224	104
121	83	323
121	88	267
121	93	244
121	131	188
121	132	173
121	147	158
121	152	152
121	174	130
121	183	123
121	296	85
122	102	221
122	143	159
122	158	145
122	165	137
122	173	128
122	178	126
122	200	114
123	138	169
123	149	153
123	163	138
123	170	134
124	107	208
124	122	184
124	146	154
124	159	139
124	167	136
124	179	120
124	190	118
124	192	109
124	263	92
125	87	268
125	133	170
125	139	163
125	150	150
125	169	132
125	186	117
125	215	106
126	130	170
126	143	157
126	156	143
126	169	129
126	176	123
126	189	112
126	239	99
126	258	88
126	313	83
127	98	238
127	127	183
127	134	167
127	139	162
127	149	148
127	168	131
127	185	119
128	79	336
128	89	257
128	91	227
128	140	160
128	154	141
128	167	130
128	170	126
128	256	94
129	85	313
129	124	178
129	129	174
129	164	132
129	226	99
129	273	86
130	117	185
130	121	175
130	148	153
130	153	142
130	163	132
130	176	121
130	225	101
130	252	95
131	78	349
131	132	169
131	139	156
131	154	140
131	159	133
131	162	131
131	172	122
132	85	270
132	129	172
132	145	147
132	164	126
132	177	115
132	209	108
133	80	290
133	82	282
133	107	192
133	143	152
133	150	142
133	158	138
133	171	124
134	93	221
134	96	218
134	111	189
134	123	170
134	132	164
134	141	150
134	154	138
134	201	105
134	271	83
135	82	280
135	124	168
135	145	145
135	147	143
135	153	136
135	216	104
135	219	102
136	120	175
136	138	153
136	144	148
136	149	142
136	155	132
136	188	111
136	202	99
136	247	90
137	114	177
137	122	173
137	169	119
137	182	108
137	228	96
137	286	81
138	88	225
138	95	208
138	174	116
138	187	105
138	253	87
139	82	247
139	104	193
139	110	187
139	136	157
139	138	149
139	145	140
139	155	131
139	157	128
139	228	94
139	234	90
140	127	164
140	131	160
140	132	158
140	136	154
140	161	125
141	134	152
141	153	134
141	154	133
141	160	125
142	117	170
142	138	147
142	146	138
142	151	136
142	159	126
142	166	121
142	172	115
143	77	294
143	91	223
143	130	161
143	131	155
143	148	134
143	166	120
144	108	186
144	136	146
144	152	130
144	260	85
144	332	76
145	111	178
145	165	122
145	167	118
145	208	98
145	252	85
146	80	265
146	83	239
146	89	222
146	107	179
146	117	169
146	124	165
146	126	161
146	138	142
146	145	137
146	150	132
146	196	98
146	233	93
146	266	82
147	86	229
147	171	114
147	179	112
148	117	167
148	127	151
148	146	131
148	154	125
148	193	102
149	86	228
149	87	217
149	95	202
149	135	147
149	152	128
149	176	110
149	237	89
150	136	142
150	138	140
150	176	108
150	193	98
150	207	94
151	79	284
151	99	200
151	106	177
151	121	159
151	131	149
151	161	120
151	169	111
151	229	89
151	290	79
152	85	237
152	98	185
152	101	182
152	111	172
152	129	146
152	137	136
153	107	173
153	142	133
153	151	124
153	222	92
154	73	324
154	85	226
154	97	188
154	116	170
154	145	130
154	158	119
154	261	82
155	81	246
155	120	153
155	128	149
155	240	85
155	280	81
155	288	77
155	335	73
156	112	169
156	117	163
156	139	131
156	243	83
157	81	241
157	102	175
157	109	168
157	129	144
157	142	129
157	210	92
157	214	89
158	70	324
158	118	156
158	127	150
159	89	207
159	122	148
159	127	145
159	130	138
159	138	134
159	150	127
159	152	123
159	159	116
159	223	86
159	318	76
160	86	222
160	137	134
160	168	105
160	249	82
161	69	337
161	77	251
161	101	180
161	109	163
161	144	124
161	156	116
161	182	102
161	273	78
162	80	241
162	126	145
162	132	136
162	149	121
162	167	107
162	184	100
162	185	94
162	274	77
163	73	270
163	78	245
163	132	133
163	179	102
163	241	84
163	246	77
164	76	256
164	119	150
164	122	147
164	131	135
164	135	131
164	140	130
164	143	126
164	153	119
164	181	99
164	292	74
165	93	185
165	106	169
165	210	91
165	260	76
166	134	131
166	163	111
166	180	97
166	195	90
166	202	89
166	285	71
167	92	181
167	99	178
167	102	171
167	124	144
167	166	109
167	236	80
167	267	75
168	83	200
168	105	169
168	153	111
169	115	162
169	125	138
169	142	123
169	144	119
169	219	80
170	67	347
170	104	161
170	114	159
170	181	96
170	204	88
170	230	78
170	260	73
171	73	259
171	113	154
171	209	85
172	74	240
172	91	189
173	68	282
173	99	170
173	114	153
173	120	148
173	130	133
173	136	128
173	158	104
173	175	102
174	141	122
174	145	118
174	163	101
174	177	98
175	66	347
175	81	223
175	108	151
175	113	149
175	115	147
175	150	112
175	175	93
175	187	92
176	67	295
176	71	269
176	77	236
176	106	160
176	147	117
176	180	90
176	203	81
176	330	66
177	73	248
177	87	193
177	114	143
177	120	141
177	123	139
177	129	125
177	241	73
177	271	69
177	329	68
178	67	282
178	78	212
178	99	162
178	111	148
178	143	119
178	148	111
179	122	137
179	139	123
180	139	120
180	152	109
180	154	108
180	167	97
180	190	86
180	256	71
181	116	138
182	69	252
182	73	247
182	101	160
182	123	135
182	134	118
182	145	111
182	159	101
183	77	212
183	78	208
183	102	156
183	121	132
183	144	114
183	214	76
184	72	250
184	89	189
184	100	161
184	123	129
184	185	89
184	198	81
184	225	74
184	254	72
184	319	67
185	98	173
185	103	150
185	118	136
185	131	121
185	172	90
186	110	148
186	151	110
186	164	98
186	177	87
186	255	69
186	293	64
187	68	252
187	97	172
187	119	133
187	124	125
187	150	104
187	240	72
188	106	147
188	149	106
188	155	101
188	236	71
189	143	116
189	195	85
190	63	369
190	134	115
190	136	114
190	162	96
190	198	77
191	90	171
191	93	169
191	98	165
191	122	129
192	84	188
192	140	111
192	186	85
192	273	64
193	66	311
193	73	220
193	112	141
193	130	122
194	63	324
194	66	275
194	93	168
194	95	160
194	137	112
194	209	74
195	124	123
195	131	118
195	135	112
195	139	108
195	161	94
195	270	68
196	62	337
196	80	191
196	89	185
196	144	105
197	67	259
197	113	134
197	120	131
197	167	92
198	72	220
198	110	145
198	126	121
198	131	116
198	246	67
199	66	262
199	105	149
199	115	133
199	133	111
199	169	86
199	186	79
199	236	69
199	315	62
200	74	214
200	97	154
200	119	127
200	129	115
200	174	83
200	191	76
201	111	142
201	122	126
202	73	217
202	123	124
202	148	101
202	150	100
203	76	210
203	117	130
204	126	115
204	134	108
204	142	107
204	202	73
205	62	280
205	86	172
205	110	143
205	124	120
205	130	112
205	254	64
205	314	60
206	84	183
206	105	139
206	117	126
206	142	105
207	78	200
207	96	157
207	102	138
207	245	67
208	101	149
208	118	120
208	130	111
208	239	66
209	65	278
209	71	240
209	115	129
210	96	156
211	59	359
211	74	203
211	147	97
211	182	82
212	88	165
212	136	105
212	143	100
212	152	94
213	124	119
213	177	82
213	263	62
214	112	133
214	121	115
214	157	92
215	68	226
215	91	159
215	127	106
215	202	71
215	247	63
216	122	113
216	162	89
217	59	303
217	67	229
217	96	151
217	101	143
217	107	135
217	172	84
218	93	150
218	295	60
219	87	162
219	125	111
219	136	104
219	177	80
219	223	70
220	84	182
220	101	141
220	161	87
220	275	59
221	61	268
221	100	148
221	114	122
221	166	84
221	220	66
222	66	249
222	92	151
222	143	95
222	176	78
223	70	225
223	107	129
223	138	102
223	190	73
224	65	252
225	131	103
225	138	98
225	140	96
226	115	121
226	128	104
226	137	101
226	172	80
226	304	58
227	57	325
227	63	262
227	82	189
227	99	134
227	119	113
227	162	84
227	177	77
227	293	57
228	181	75
228	318	56
230	56	364
230	73	207
230	244	64
231	105	129
231	127	104
231	147	94
231	199	70
232	83	182
232	96	144
232	137	91
232	154	84
232	160	81
232	231	63
233	77	202
233	79	175
233	83	163
233	102	129
233	150	89
233	183	74
233	256	59
234	65	245
234	74	193
234	108	120
234	224	65
235	130	99
235	149	89
235	170	78
235	172	77
236	64	259
236	66	233
236	122	108
236	135	96
237	118	109
237	286	56
238	64	237
238	117	108
238	311	55
239	115	114
239	153	80
239	239	60
240	85	156
240	148	87
240	158	77
240	209	65
240	274	57
241	61	254
241	265	57
242	56	297
243	72	194
243	125	106
243	138	89
243	144	84
244	129	98
244	149	81
245	134	90
246	77	177
246	90	153
246	97	142
246	131	97
247	76	176
247	93	149
248	126	104
248	283	55
248	306	54
249	176	73
250	84	157
250	154	78
250	160	74
250	193	72
250	237	61
250	267	56
251	60	245
251	68	223
251	81	174
251	97	139
251	105	127
251	127	98
251	199	66
252	62	239
252	68	212
252	93	142
252	140	84
252	177	71
253	69	202
253	90	141
253	145	81
253	190	65
254	74	191
254	94	137
254	128	94
255	112	117
255	127	93
256	74	177
256	81	172
256	99	123
256	141	83
257	53	344
257	84	151
257	221	62
258	58	264
258	59	263
258	66	206
258	172	72
259	150	77
260	108	111
260	156	75
260	229	58
261	76	166
261	125	96
262	67	203
262	117	103
263	141	82
264	123	99
265	137	83
266	52	363
266	62	235
266	139	82
267	62	224
267	166	70
268	63	214
268	88	139
268	124	92
268	207	60
269	146	78
269	170	67
269	296	52
271	68	189
271	131	90
272	77	160
272	93	129
272	116	105
272	134	84
273	85	148
273	109	108
273	264	53
274	58	251
274	87	144
274	107	122
274	117	100
274	131	89
274	155	73
274	213	59
275	106	115
276	70	178
277	61	215
277	118	96
277	140	80
278	53	326
278	132	86
279	60	240
279	102	118
279	113	105
279	123	92
279	252	57
281	67	201
281	77	157
281	98	117
281	240	56
282	107	110
282	133	84
283	58	232
283	147	74
283	156	72
283	169	65
284	115	98
285	66	199
285	107	105
286	105	116
286	131	83
286	141	79
287	69	182
287	81	155
287	84	142
287	85	138
287	88	132
287	113	101
289	67	183
289	152	70
290	164	67
291	66	186
292	71	171
292	88	131
292	117	95
292	137	77
294	97	126
294	145	74
295	72	168
295	83	144
295	101	114
295	124	86
296	61	213
296	68	175
296	85	135
296	134	78
296	236	56
296	329	50
297	114	94
297	203	64
298	96	117
298	142	73
300	156	67
301	130	84
302	49	395
302	71	163
302	92	120
302	103	107
302	113	94
302	166	65
303	87	132
303	151	68
304	78	152
305	51	294
306	99	110
306	136	75
307	49	381
307	84	136
307	179	60
308	64	189
309	56	228
309	82	145
309	95	118
309	116	89
309	146	70
309	310	50
310	77	154
311	49	350
311	58	215
312	82	140
312	122	88
312	313	49
313	131	77
315	52	259
315	53	245
315	141	72
315	228	58
316	60	204
317	70	163
317	120	84
320	48	381
320	71	160
320	260	55
321	68	169
323	48	368
323	178	61
324	69	166
325	147	66
326	97	112
326	112	91
328	67	175
328	132	73
329	57	226
329	91	120
329	106	100
329	124	83
330	104	102
332	84	130
333	59	210
333	75	150
334	48	359
334	116	86
335	77	148
335	127	75
335	313	48
337	96	113
338	47	386
338	146	68
338	165	60
339	221	52
340	81	136
343	128	73
344	61	196
344	64	184
345	141	70
346	234	51
348	294	48
350	178	56
352	57	211
352	119	82
353	80	138
353	96	112
353	111	91
354	143	69
356	50	268
356	51	254
356	73	156
356	105	100
357	103	102
357	156	62
359	46	359
361	115	86
364	95	113
364	232	51
365	73	155
365	170	59
366	188	55
368	53	233
368	66	173
368	288	48
369	164	59
373	153	63
373	245	50
375	137	69
377	57	209
379	55	219
380	48	308
382	47	325
