40	190	180
40	214	164
41	166	207
43	151	215
43	202	149
44	147	228
44	194	155
44	199	145
45	166	173
46	142	200
48	183	163
48	204	130
49	130	241
49	145	163
49	161	142
50	141	193
51	137	206
51	146	152
51	183	134
51	184	133
52	156	151
52	180	130
52	236	117
53	132	178
53	180	123
55	173	141
56	216	108
56	218	106
57	129	158
57	145	137
57	214	103
58	125	188
59	130	147
59	146	126
60	121	213
60	140	146
60	164	125
60	166	123
61	116	173
61	164	118
62	98	246
62	137	129
62	230	96
63	126	136
63	215	92
64	98	215
65	92	225
65	105	187
66	109	156
67	92	194
68	110	145
68	231	85
69	150	124
70	123	141
70	133	130
70	144	123
70	145	122
70	147	120
71	117	140
71	141	119
71	147	113
72	89	250
72	93	169
72	124	130
72	141	112
72	150	108
73	118	129
73	134	117
73	169	107
74	89	219
74	94	158
74	141	108
75	128	125
75	187	97
76	162	106
76	207	96
77	83	198
77	101	153
77	152	106
78	150	100
79	102	142
79	128	121
79	133	113
79	135	107
81	75	223
81	83	189
81	96	154
81	100	141
81	119	121
81	124	113
81	143	103
81	144	100
81	147	99
81	188	86
81	218	82
82	84	173
82	101	140
82	109	135
82	117	128
82	134	109
83	97	143
83	111	127
83	133	112
84	85	162
84	142	106
85	83	165
85	121	117
85	128	109
85	143	97
85	157	95
85	177	79
85	226	72
86	103	130
86	115	126
86	134	106
86	137	102
86	138	99
87	84	154
87	123	110
87	156	91
88	105	127
88	111	117
88	126	106
88	135	100
88	155	87
88	225	77
89	119	114
89	145	92
90	82	168
90	100	136
90	122	108
90	134	103
90	136	99
91	113	116
91	230	68
92	73	194
92	83	157
92	99	137
92	109	126
92	115	113
92	131	100
92	136	92
92	154	84
93	88	147
93	102	130
93	110	120
93	121	110
93	141	90
93	142	89
93	167	81
94	76	173
94	86	150
94	93	136
94	100	126
94	107	123
94	122	105
94	125	103
94	126	102
94	159	83
95	87	149
95	115	108
95	122	104
96	77	162
96	87	139
96	97	130
96	128	97
96	136	89
96	156	79
97	88	138
97	102	122
97	109	112
97	130	94
97	223	73
98	72	186
98	98	125
98	110	111
98	119	104
98	125	99
98	183	73
99	72	164
99	80	159
99	86	143
99	123	96
99	171	77
99	175	71
100	77	149
100	94	125
100	115	107
100	132	93
100	144	82
101	102	121
101	106	114
101	118	106
101	130	88
102	96	122
102	102	112
102	111	109
102	126	95
102	140	85
103	71	163
103	81	146
103	89	128
103	110	109
103	121	101
103	139	84
103	147	76
104	64	196
104	118	101
104	127	94
104	128	91
104	187	69
104	212	65
105	82	135
105	94	124
105	97	115
105	104	111
105	109	106
105	112	105
106	127	87
107	63	207
107	67	174
107	88	133
107	102	111
107	119	97
107	125	94
107	167	74
108	56	236
108	60	207
108	91	121
108	107	109
108	113	102
109	62	189
109	68	163
109	80	134
109	106	109
109	118	99
109	135	86
109	136	85
109	151	72
110	88	123
110	96	118
110	112	104
110	116	101
110	122	95
111	63	178
111	106	104
111	115	95
111	124	93
112	89	120
112	96	110
112	105	108
112	110	99
113	83	128
113	106	102
113	114	91
113	129	85
113	130	84
114	67	157
114	82	130
114	92	119
114	111	97
114	127	85
115	64	175
115	87	126
115	93	116
115	97	109
116	60	173
116	99	107
116	101	105
116	102	104
116	243	56
117	65	164
117	84	124
117	125	90
117	131	76
118	52	222
118	61	162
118	66	148
118	92	112
118	106	98
118	113	94
118	118	89
119	58	180
119	74	139
119	91	115
119	103	100
119	119	88
120	82	123
120	117	89
120	196	58
121	50	229
121	52	206
121	56	173
121	80	131
121	93	108
121	100	104
121	113	92
122	78	136
122	89	113
122	99	105
123	104	99
123	118	85
123	220	54
124	79	125
124	84	119
124	128	76
125	75	130
125	81	124
125	91	112
125	95	107
126	48	222
126	105	95
126	120	80
126	126	79
126	137	74
127	69	133
128	77	124
128	96	103
128	111	87
128	147	67
129	73	129
129	180	66
130	47	232
131	48	192
131	95	103
132	97	100
133	81	113
133	88	112
133	101	92
133	141	71
133	163	65
134	46	199
134	58	160
134	80	121
134	89	106
134	93	105
134	107	86
134	154	66
134	156	63
134	166	60
134	231	50
135	84	110
136	69	132
136	91	105
137	118	77
138	117	79
139	44	192
139	53	163
139	65	142
139	95	98
140	130	75
141	45	181
141	78	116
141	116	74
142	80	114
142	86	106
142	95	97
142	96	95
142	138	62
143	180	56
144	83	112
144	115	77
145	90	100
146	40	207
146	153	54
147	72	115
147	98	87
148	81	109
149	69	126
150	211	49
151	80	111
151	121	71
152	50	156
154	100	84
154	107	78
155	74	112
155	84	100
155	137	69
157	93	91
157	112	75
158	134	63
159	82	102
161	72	113
161	103	75
162	91	89
162	124	67
163	88	95
163	194	51
164	57	151
164	132	64
164	239	43
166	81	105
166	108	73
166	138	60
167	97	81
167	230	44
170	78	105
170	97	80
170	98	78
171	123	63
171	200	48
172	145	51
172	170	47
173	91	84
174	79	94
174	88	89
174	229	42
175	54	122
175	135	58
177	42	165
177	60	121
177	99	76
178	84	91
178	115	69
179	137	57
180	84	89
182	37	191
182	71	99
182	86	87
183	83	92
183	103	74
184	63	112
184	116	64
185	170	45
186	93	81
187	106	70
188	83	86
188	132	62
191	110	64
192	72	98
194	47	132
195	218	41
199	78	95
200	36	199
200	199	41
201	50	123
201	97	79
205	88	77
205	196	41
206	38	169
206	41	148
208	101	72
209	166	48
209	168	45
212	37	180
213	86	85
213	138	52
213	163	48
216	98	67
216	118	63
217	76	86
217	140	51
218	48	123
220	130	59
222	119	58
223	46	127
229	83	81
231	102	65
233	74	96
234	74	86
237	97	73
241	113	62
243	91	71
255	79	80
256	76	85
268	64	95
