40	190	180
40	214	164
41	166	207
42	155	232
42	175	175
43	151	215
43	202	149
44	147	228
44	169	170
44	196	153
44	199	145
45	166	173
45	182	161
46	142	200
46	177	146
48	167	153
48	178	135
48	204	130
49	130	241
49	145	163
49	161	142
50	141	193
51	125	219
51	137	206
51	162	131
52	123	206
52	126	179
52	156	151
52	180	130
52	186	119
52	236	117
53	132	178
53	180	123
54	117	257
54	122	199
55	121	252
55	142	141
56	122	168
56	216	108
56	218	106
57	129	158
57	145	137
57	214	103
58	115	197
58	123	157
59	106	208
59	113	184
59	146	126
60	126	150
60	140	146
60	164	125
60	170	114
61	106	177
61	116	173
61	125	147
61	163	125
61	164	118
62	98	246
62	141	135
63	107	166
63	126	136
63	145	134
63	215	92
64	98	215
64	121	148
65	92	225
65	105	187
65	115	162
65	139	133
65	157	123
66	109	156
67	92	194
67	116	151
67	119	149
67	123	144
68	110	145
68	136	126
68	142	123
68	149	122
68	158	113
68	231	85
69	124	133
69	170	106
70	103	182
70	105	178
70	123	141
70	132	130
70	137	123
70	147	120
70	153	109
70	167	106
70	175	101
70	192	93
71	117	140
71	141	119
71	147	108
72	93	169
72	124	130
72	140	121
72	141	112
72	207	90
73	118	129
73	135	127
73	201	84
74	94	158
74	141	108
74	166	103
74	192	86
75	128	125
75	140	118
75	172	92
76	105	152
76	135	120
77	101	153
77	111	142
77	114	134
77	138	118
77	156	106
78	108	145
78	113	134
78	134	121
78	150	100
78	168	98
79	82	227
79	88	211
79	102	142
79	128	121
79	133	113
79	135	107
80	82	190
80	126	128
80	127	122
80	145	104
80	158	96
81	75	223
81	83	189
81	94	155
81	96	154
81	100	141
81	112	138
81	119	121
81	124	113
81	131	111
81	143	103
81	144	100
81	147	99
81	152	95
81	171	93
81	177	90
81	188	86
82	77	205
82	109	135
82	117	128
83	92	170
83	97	143
83	111	127
84	141	104
84	184	86
84	192	84
85	83	165
85	93	159
85	118	124
85	121	117
85	128	109
85	143	97
85	177	79
85	226	72
86	84	164
86	91	163
86	103	130
86	115	126
86	120	117
86	134	106
86	137	102
86	138	99
86	151	92
86	175	91
87	78	180
87	84	154
87	94	151
87	109	124
87	117	119
87	123	110
87	133	107
88	85	153
88	105	127
88	111	117
88	121	115
88	126	106
88	135	100
88	154	90
88	180	77
89	95	140
89	102	136
89	119	114
89	142	95
89	145	92
90	76	204
90	82	168
90	84	151
90	100	136
90	107	126
90	122	108
90	136	99
90	137	96
91	113	116
91	127	105
91	230	68
92	70	200
92	83	157
92	107	124
92	115	113
92	131	100
92	132	99
92	136	92
92	148	87
92	154	84
93	110	120
93	121	110
93	141	90
93	142	89
93	167	81
94	76	173
94	86	150
94	93	136
94	100	126
94	120	110
94	122	105
94	125	103
94	126	102
94	139	91
94	159	83
95	78	169
95	87	149
95	115	108
95	122	104
95	148	86
96	71	197
96	77	162
96	87	139
96	97	130
96	108	123
96	128	97
96	136	89
96	156	79
97	71	175
97	79	158
97	88	138
97	102	122
97	109	112
97	130	94
97	144	86
97	197	74
98	76	160
98	86	149
98	96	133
98	98	125
98	110	111
98	119	104
98	125	99
98	183	73
99	72	164
99	86	143
99	115	107
99	123	96
99	141	88
99	142	87
99	159	77
99	175	71
100	77	149
100	94	125
100	144	82
101	70	174
101	102	121
101	106	114
101	113	109
101	118	106
101	130	88
102	96	122
102	102	112
102	111	109
102	117	101
102	141	87
102	168	76
103	71	163
103	81	146
103	86	135
103	89	128
103	93	125
103	110	109
103	139	84
103	147	76
104	64	196
104	128	91
104	187	69
105	62	218
105	73	153
105	82	135
105	94	124
105	97	115
105	104	111
105	109	106
105	112	104
105	126	92
105	146	80
105	179	67
105	232	60
106	121	98
106	123	94
106	127	87
107	63	207
107	67	174
107	102	111
107	119	97
107	167	74
108	56	236
108	60	207
108	78	145
108	91	121
108	107	109
108	135	84
109	62	189
109	68	163
109	80	134
109	113	99
109	151	72
109	218	62
110	55	247
110	88	123
110	96	118
110	106	110
110	118	96
110	122	95
110	126	91
111	63	178
111	86	132
111	101	112
111	106	104
111	115	95
112	66	168
112	87	128
112	89	120
112	96	110
112	110	99
112	178	68
113	83	128
113	114	91
113	129	85
113	130	84
113	139	83
114	57	191
114	67	157
114	76	138
114	82	130
114	92	119
114	95	118
114	127	85
115	64	175
115	93	116
115	97	109
115	102	108
115	105	102
115	123	89
115	208	59
116	60	173
116	99	107
116	102	104
116	243	56
117	61	163
117	72	155
117	73	150
117	84	124
117	123	88
117	125	85
117	131	76
118	52	222
118	61	162
118	66	148
118	92	112
118	106	98
118	118	89
118	141	73
119	55	184
119	58	180
119	74	139
119	89	119
119	91	115
119	103	100
119	119	88
120	60	169
120	82	123
120	102	103
120	117	89
120	191	60
120	196	58
121	50	229
121	52	206
121	56	173
121	93	108
121	100	104
122	61	158
122	78	136
122	89	113
122	99	105
122	120	87
123	50	215
123	66	147
123	70	142
123	71	134
123	80	133
123	87	122
123	88	121
123	104	99
123	118	85
124	79	125
124	86	121
124	126	84
124	128	76
125	81	124
125	91	112
125	95	107
125	102	102
125	107	97
126	48	222
126	51	212
126	54	180
126	75	132
126	86	117
126	105	95
126	120	80
126	126	79
126	137	74
126	160	63
126	176	60
127	69	133
127	88	116
127	113	93
128	77	124
128	81	123
128	82	121
128	83	119
128	96	103
128	110	89
128	111	87
128	165	60
128	190	56
129	73	129
129	90	109
129	97	99
130	47	232
130	75	126
130	80	117
130	106	93
131	48	192
131	88	110
131	93	105
131	95	103
132	87	116
132	109	92
132	126	73
133	81	113
133	101	92
133	141	71
133	148	61
134	46	199
134	58	160
134	77	123
134	89	106
134	107	86
134	173	57
134	196	53
134	231	50
135	54	157
135	74	128
135	84	110
136	46	185
136	53	183
136	59	142
136	69	132
136	86	108
136	91	105
136	92	104
136	177	55
136	202	51
137	50	176
137	67	133
137	72	126
137	118	77
138	47	174
138	56	150
138	106	91
138	117	79
139	44	192
139	53	163
139	95	98
139	105	89
140	77	118
140	89	104
140	95	96
141	45	181
141	46	174
141	78	116
141	116	74
142	69	129
142	80	114
142	86	106
142	96	95
142	138	62
143	63	138
143	135	71
143	186	54
144	65	137
144	76	115
144	83	112
144	93	97
144	115	77
145	131	66
146	40	207
146	41	200
146	74	118
146	106	85
146	153	54
146	178	50
147	72	115
147	78	113
147	98	87
147	105	83
148	81	109
148	90	101
149	54	147
150	52	147
150	80	112
150	211	49
151	63	130
151	80	111
151	108	80
151	121	71
152	50	156
152	79	111
153	80	110
153	97	93
154	69	127
154	90	96
154	92	94
154	93	92
154	107	78
155	47	173
155	64	120
155	74	112
155	84	100
156	49	157
156	106	78
157	47	167
157	50	151
157	93	91
157	103	84
157	112	75
157	254	45
158	134	63
159	71	116
159	82	102
159	86	97
159	178	48
160	83	101
161	56	137
161	72	113
161	103	75
162	61	127
162	71	110
162	77	103
162	91	89
162	102	83
162	124	67
163	51	140
163	88	95
163	102	81
164	47	149
164	56	125
164	132	64
164	239	43
165	167	49
165	192	45
166	119	68
167	43	178
167	45	156
167	97	81
167	149	56
167	230	44
168	69	112
168	94	87
169	65	119
169	89	88
170	42	178
170	98	78
170	134	60
171	123	63
171	164	52
172	51	132
172	93	84
172	145	51
172	170	47
173	60	123
173	91	84
174	49	137
174	88	89
174	229	42
175	44	166
175	54	122
175	135	58
177	42	165
177	60	121
177	99	76
178	71	109
178	84	91
178	115	69
179	137	57
179	210	42
180	84	89
181	112	71
182	37	191
182	39	176
182	57	113
182	71	99
182	86	87
183	83	92
184	63	112
184	97	76
184	116	64
184	207	42
186	46	155
186	93	81
187	106	70
188	65	109
188	83	86
188	132	62
189	140	52
191	110	64
191	184	43
192	72	98
192	103	74
193	69	103
194	47	132
195	40	175
195	82	91
195	218	41
198	81	90
199	55	113
200	36	199
200	145	50
200	199	41
201	50	123
201	61	112
204	122	62
205	63	109
205	88	77
205	196	41
206	38	169
206	41	148
208	101	72
209	166	48
209	168	45
211	45	132
212	37	180
212	69	102
212	79	94
213	138	52
213	163	48
214	107	64
215	76	94
216	43	136
216	98	67
216	118	63
217	76	86
217	140	51
218	48	123
222	119	58
223	46	127
228	86	76
229	83	81
231	102	65
233	74	96
237	97	73
241	113	62
243	91	71
247	59	101
255	79	80
256	76	85
268	64	95
