-34051	-29260	-27186
-34029	-29756	-26285
-34026	-30369	-25461
-34025	-29832	-26428
-34022	-30445	-25604
-34019	-30909	-25702
-33995	-30483	-26638
-33991	-30559	-26781
-33969	-31076	-26677
-33965	-31166	-26858
-33923	-31024	-27482
-33919	-31100	-27625
-33913	-31526	-27821
-33913	-30145	-28478
-33909	-31602	-27964
-33909	-30221	-28621
-33887	-32098	-27063
-33887	-29489	-28957
-33870	-31606	-27301
-33851	-31392	-28403
-33846	-30679	-28485
-33844	-31651	-27364
-33842	-30755	-28628
-33832	-30701	-28668
-33830	-30598	-29317
-33829	-31888	-27502
-33826	-31778	-27942
-33805	-32615	-26919
-33804	-32274	-27041
-33802	-31242	-28713
-33783	-31671	-28856
-33763	-32376	-27712
-33763	-30465	-29390
-33756	-30347	-29615
-33750	-32506	-27591
-33741	-32150	-28287
-33737	-32152	-28748
-33731	-32218	-28385
-33726	-30603	-29723
-33722	-30673	-29283
-33710	-32047	-28813
-33709	-32714	-27484
-33698	-32881	-28062
-33688	-32372	-28764
-33685	-30380	-30085
-33679	-30827	-29662
-33647	-32643	-28397
-33646	-32590	-28730
-33637	-32418	-29002
-33634	-33031	-28178
-33632	-30139	-30235
-33631	-32952	-28302
-33628	-32726	-28405
-33628	-30215	-30378
-33627	-30668	-29700
-33624	-31691	-29027
-33619	-31019	-29567
-33610	-31890	-29065
-33592	-31934	-29516
-33589	-31096	-29979
-33582	-30401	-30217
-33576	-33424	-27668
-33576	-32821	-28617
-33563	-33231	-28755
-33542	-33400	-28790
-33540	-31136	-29542
-33527	-32671	-28927
-33512	-33370	-29117
-33503	-32733	-29342
-33495	-31161	-29620
-33491	-31237	-29763
-33480	-31398	-29758
-33476	-31474	-29901
-33458	-30482	-30613
-33456	-32704	-29397
-33448	-32635	-29414
-33442	-32903	-29435
-33436	-31752	-29656
-33432	-33401	-27858
-33428	-31429	-29948
-33417	-32325	-30329
-33404	-33445	-29083
-33402	-33478	-28270
-33392	-32684	-29630
-33375	-33039	-29318
-33373	-31370	-30645
-33371	-33115	-29461
-33367	-33152	-29885
-33353	-33518	-27833
-33353	-32555	-30075
-33353	-31644	-30592
-33344	-31612	-30664
-33323	-33474	-28907
-33322	-33537	-28861
-33320	-33446	-29041
-33314	-30459	-30803
-33307	-31830	-30431
-33302	-33658	-27788
-33297	-33320	-29228
-33296	-33993	-28482
-33292	-33418	-29547
-33289	-33566	-28498
-33288	-32646	-30414
-33287	-31447	-30957
-33285	-32920	-29889
-33282	-33682	-28800
-33277	-32086	-30539
-33276	-32124	-30639
-33275	-33822	-28910
-33274	-32813	-29939
-33274	-32689	-30016
-33273	-31824	-30690
-33261	-33511	-29228
-33257	-33298	-29819
-33251	-33437	-29515
-33250	-33180	-30044
-33240	-33444	-29297
-33234	-33922	-29395
-33231	-34033	-28642
-33230	-32310	-30478
-33220	-31583	-30840
-33216	-33964	-28891
-33216	-33506	-29712
-33216	-31659	-30983
-33214	-30923	-31151
-33206	-32298	-30565
-33197	-33169	-30063
-33196	-32224	-30852
-33193	-34130	-29288
-33186	-33410	-29790
-33182	-32723	-30228
-33173	-33773	-29422
-33172	-30423	-31373
-33169	-33477	-29767
-33166	-33655	-29647
-33166	-31217	-31447
-33165	-32786	-30158
-33165	-32075	-30927
-33164	-32464	-30461
-33159	-32522	-30504
-33144	-32910	-30157
-33134	-32961	-30089
-33133	-33379	-29991
-33126	-33997	-29361
-33123	-33663	-29606
-33121	-33501	-30129
-33120	-31403	-31286
-33118	-33775	-29604
-33112	-32123	-30853
-33110	-32491	-30580
-33109	-32979	-30354
-33099	-31878	-31292
-33096	-34794	-27580
-33094	-34507	-28497
-33093	-32497	-30931
-33090	-31659	-31394
-33089	-31697	-31494
-33086	-33603	-29930
-33069	-32718	-30616
-33067	-32677	-30756
-33063	-33165	-30193
-33063	-32753	-30899
-33049	-33054	-30576
-33043	-31883	-31333
-33038	-32334	-31203
-33037	-33976	-29732
-33034	-34250	-29207
-33029	-33079	-30567
-33027	-30496	-32006
-33020	-34043	-29420
-33020	-31846	-31338
-33017	-33307	-30477
-33014	-33581	-29952
-33013	-33625	-29868
-33006	-33703	-30143
-33002	-34339	-28868
-32999	-31818	-31437
-32995	-33531	-30369
-32995	-32342	-31162
-32993	-32340	-31183
-32978	-32359	-31013
-32974	-32564	-30949
-32973	-34267	-29359
-32965	-34412	-28885
-32956	-32971	-30786
-32956	-32467	-31004
-32953	-34280	-29212
-32950	-34484	-28687
-32949	-32349	-31229
-32946	-34924	-27174
-32938	-32177	-31455
-32937	-32272	-31449
-32934	-30793	-31514
-32930	-33449	-30374
-32925	-31696	-31708
-32922	-32552	-31209
-32920	-34561	-29099
-32920	-33375	-30661
-32920	-32863	-30861
-32909	-32655	-31288
-32900	-33757	-29771
-32899	-33176	-30785
-32899	-32806	-31079
-32889	-33261	-30881
-32888	-31769	-31725
-32885	-33902	-30037
-32879	-31882	-31547
-32872	-32701	-31144
-32871	-34601	-28662
-32870	-32139	-31522
-32863	-32021	-31747
-32861	-34647	-28533
-32855	-34728	-28786
-32852	-34038	-29452
-32851	-32319	-31352
-32845	-34355	-29178
-32841	-33464	-30400
-32833	-31419	-32193
-32832	-32673	-31152
-32829	-32347	-31415
-32828	-34393	-29470
-32821	-34023	-29860
-32820	-32670	-31314
-32817	-32233	-31726
-32815	-33281	-30682
-32812	-34052	-29629
-32812	-32948	-30976
-32811	-32249	-31772
-32809	-33297	-30728
-32808	-31915	-32017
-32796	-32017	-31793
-32791	-35192	-27695
-32791	-32881	-31045
-32786	-33840	-30214
-32784	-34419	-29646
-32782	-33025	-31388
-32781	-34085	-29891
-32775	-33623	-30396
-32772	-32544	-31396
-32770	-33127	-31164
-32770	-32457	-31665
-32768	-33505	-30621
-32767	-33401	-30639
-32756	-33374	-30875
-32751	-31750	-32310
-32750	-32208	-31794
-32745	-33527	-30474
-32729	-33710	-30765
-32725	-34986	-28659
-32721	-33866	-30112
-32715	-32892	-31461
-32711	-34705	-28976
-32704	-33735	-30367
-32700	-32660	-31482
-32698	-33500	-30991
-32696	-32876	-31462
-32695	-29887	-32575
-32687	-34701	-29135
-32687	-31980	-32056
-32686	-33602	-30767
-32684	-35123	-28809
-32682	-33952	-30003
-32681	-34782	-29388
-32680	-33618	-30813
-32680	-32578	-31608
-32677	-33892	-30288
-32677	-33284	-31058
-32677	-32244	-31853
-32676	-32006	-31896
-32674	-33100	-31354
-32672	-30524	-32384
-32671	-33215	-31135
-32664	-31892	-32207
-32658	-32519	-31770
-32653	-33143	-31172
-32652	-31994	-31983
-32649	-35192	-27806
-32643	-32865	-31481
-32641	-32146	-32077
-32640	-32165	-31894
-32640	-31141	-32347
-32639	-33826	-30706
-32637	-34062	-30081
-32636	-34100	-30181
-32632	-34822	-28951
-32632	-33106	-31208
-32631	-34689	-29644
-32624	-33969	-30435
-32622	-32071	-32395
-32620	-33119	-31351
-32619	-32345	-31870
-32618	-33032	-31620
-32612	-33351	-31065
-32605	-32218	-31922
-32602	-32520	-31968
-32601	-34367	-29722
-32596	-35307	-28744
-32594	-34104	-29905
-32591	-32557	-31979
-32590	-32622	-31744
-32589	-32357	-32045
-32588	-33871	-30659
-32582	-33428	-31477
-32578	-34388	-29796
-32576	-31331	-32713
-32572	-33693	-30779
-32568	-32640	-31713
-32567	-33804	-30728
-32564	-33471	-31022
-32558	-34179	-30056
-32551	-32899	-31693
-32548	-32565	-31938
-32540	-31739	-32492
-32533	-34273	-29834
-32533	-33468	-31040
-32532	-32192	-32338
-32530	-34400	-30192
-32527	-33888	-30811
-32527	-32787	-31725
-32524	-34666	-29932
-32518	-33658	-31223
-32514	-32849	-31863
-32512	-32467	-32162
-32512	-29588	-32745
-32510	-34043	-30326
-32507	-33962	-30455
-32503	-34777	-29463
-32503	-33925	-30551
-32497	-34082	-30446
-32491	-32400	-32231
-32488	-33714	-30911
-32480	-33946	-30625
-32480	-33175	-31531
-32479	-32319	-32307
-32473	-35688	-27511
-32472	-34688	-29807
-32469	-34962	-29282
-32463	-34267	-30265
-32461	-33534	-31240
-32461	-32304	-32309
-32461	-31641	-32657
-32460	-35124	-29008
-32460	-33755	-30884
-32459	-33152	-31539
-32458	-33771	-31033
-32457	-34831	-29536
-32450	-34023	-31037
-32450	-33079	-31609
-32448	-35373	-27959
-32447	-32716	-31936
-32445	-32334	-32235
-32439	-32961	-31798
-32438	-29799	-33095
-32416	-34792	-29802
-32414	-33127	-31655
-32412	-34564	-30053
-32412	-34084	-30281
-32412	-32427	-32169
-32408	-35360	-28175
-32406	-34165	-30534
-32406	-32924	-31829
-32404	-32542	-32128
-32403	-33298	-31667
-32402	-30207	-32874
-32401	-34063	-30600
-32396	-31716	-32682
-32393	-32669	-32123
-32390	-33666	-31180
-32387	-31799	-32405
-32387	-31746	-32515
-32382	-33444	-31423
-32378	-35333	-28818
-32374	-34246	-30636
-32371	-34520	-30111
-32369	-32872	-32094
-32366	-32451	-32210
-32363	-34432	-30244
-32360	-33469	-31350
-32358	-31074	-32755
-32357	-35528	-29033
-32357	-31773	-32741
-32353	-29447	-33113
-32348	-34794	-29799
-32348	-30826	-32830
-32342	-32397	-32453
-32341	-30553	-33089
-32335	-32964	-31685
-32332	-31962	-32742
-32330	-34944	-29547
-32329	-32899	-31869
-32320	-34412	-30404
-32320	-33518	-31274
-32316	-31981	-32634
-32315	-33311	-31496
-32314	-35563	-28564
-32313	-34808	-29726
-32310	-34537	-30263
-32308	-33763	-31220
-32300	-32670	-32111
-32295	-35809	-27527
-32294	-32986	-31934
-32292	-32604	-32233
-32289	-33831	-31268
-32286	-34105	-30743
-32283	-34885	-30138
-32279	-35681	-28260
-32278	-33728	-31285
-32277	-33294	-31687
-32274	-34089	-30888
-32274	-33519	-31389
-32273	-35762	-28513
-32262	-34224	-30667
-32260	-34043	-30996
-32260	-33312	-31602
-32257	-34317	-30471
-32256	-34157	-30721
-32256	-32406	-32340
-32249	-35654	-28903
-32237	-33936	-31178
-32237	-32086	-32562
-32234	-34925	-29701
-32232	-32477	-32354
-32231	-31172	-33218
-32227	-36192	-26475
-32225	-34413	-30662
-32220	-31940	-32773
-32215	-33055	-31751
-32210	-33461	-31537
-32210	-33161	-31760
-32210	-32992	-32013
-32207	-35040	-29448
-32202	-35213	-29092
-32196	-32982	-32116
-32192	-36046	-27328
-32190	-32628	-32456
-32189	-32367	-32674
-32181	-31440	-32829
-32173	-33236	-31986
-32170	-33510	-31461
-32168	-33819	-31400
-32165	-34093	-30875
-32162	-33581	-31494
-32162	-31053	-33399
-32160	-33731	-31533
-32153	-31807	-32846
-32152	-34990	-29857
-32149	-33009	-32165
-32149	-32836	-32349
-32143	-35771	-28074
-32141	-35249	-29202
-32141	-33335	-31728
-32139	-31628	-33202
-32134	-35286	-29305
-32133	-33578	-31700
-32130	-34819	-30227
-32129	-31695	-32878
-32127	-34478	-30806
-32126	-32858	-32202
-32125	-33356	-31943
-32122	-32475	-32536
-32115	-31277	-33338
-32112	-32784	-32614
-32112	-32015	-32739
-32109	-34024	-30997
-32106	-33103	-32059
-32099	-35079	-29625
-32098	-35614	-28934
-32097	-34501	-30481
-32095	-36193	-27264
-32093	-35247	-29571
-32093	-34905	-30097
-32090	-35179	-29572
-32085	-33066	-32095
-32081	-36179	-27798
-32078	-34518	-30369
-32078	-34056	-31097
-32078	-32876	-32205
-32077	-32256	-32963
-32075	-34209	-30816
-32063	-34686	-30300
-32063	-32166	-33061
-32060	-34345	-30879
-32058	-33223	-32016
-32057	-33431	-31758
-32048	-34975	-29880
-32047	-34066	-30922
-32041	-33831	-31546
-32040	-33410	-31835
-32039	-34574	-30332
-32037	-32898	-32454
-32035	-32432	-32679
-32024	-34971	-30039
-32020	-33206	-32207
-32019	-34604	-30676
-32018	-33929	-31218
-32017	-33431	-31909
-32015	-34166	-31011
-32011	-33883	-31470
-32005	-34136	-31187
-31996	-32033	-33134
-31991	-35702	-28704
-31990	-35740	-28804
-31990	-35263	-29495
-31984	-32477	-32632
-31984	-31372	-33203
-31983	-32317	-32828
-31980	-33848	-31698
-31977	-34608	-30400
-31971	-31358	-33213
-31967	-32338	-32791
-31966	-35259	-29654
-31963	-31852	-33293
-31962	-32914	-32208
-31960	-35340	-29907
-31954	-34645	-30890
-31954	-30641	-33417
-31953	-33073	-32280
-31953	-32904	-32533
-31951	-33085	-32220
-31948	-31570	-33302
-31947	-33973	-31386
-31942	-36304	-27950
-31942	-34226	-30940
-31942	-32525	-32721
-31941	-34366	-30933
-31938	-34003	-31260
-31934	-34772	-30240
-31932	-34903	-30366
-31932	-32279	-33194
-31926	-33267	-32072
-31924	-31352	-33349
-31923	-32494	-32784
-31920	-30853	-33419
-31917	-33209	-32174
-31913	-34904	-30687
-31913	-33715	-31771
-31911	-35380	-29470
-31911	-33731	-31920
-31910	-34956	-30298
-31908	-34005	-31395
-31905	-33493	-32014
-31901	-32523	-32773
-31899	-34127	-31401
-31896	-31719	-33366
-31892	-32921	-32685
-31889	-34161	-31068
-31889	-30732	-33756
-31887	-31585	-33498
-31884	-33247	-32248
-31884	-32952	-32293
-31883	-31661	-33641
-31881	-33901	-31529
-31874	-34233	-31006
-31873	-34731	-30747
-31868	-35133	-30112
-31867	-32769	-32757
-31865	-32387	-33056
-31861	-33280	-32025
-31859	-33954	-31461
-31855	-31927	-33259
-31852	-33936	-31517
-31846	-34256	-31106
-31845	-34274	-31169
-31844	-34444	-30927
-31843	-32303	-33132
-31840	-34413	-31001
-31838	-33119	-32357
-31831	-33142	-32431
-31828	-35667	-29501
-31826	-33291	-32118
-31824	-35029	-30236
-31821	-33968	-31617
-31817	-34131	-31275
-31810	-35138	-30169
-31807	-33298	-32117
-31804	-33344	-32050
-31804	-31972	-33212
-31803	-35828	-28742
-31800	-33343	-32278
-31799	-35361	-29664
-31799	-34741	-30747
-31795	-34176	-31198
-31795	-33769	-31923
-31794	-35985	-28485
-31792	-35010	-30450
-31789	-34669	-31029
-31787	-32320	-33133
-31787	-31833	-33371
-31785	-34273	-31258
-31785	-33770	-31724
-31783	-30931	-33782
-31782	-32409	-32788
-31779	-31007	-33925
-31773	-33537	-32070
-31771	-32580	-32800
-31764	-33009	-32504
-31760	-35259	-29982
-31756	-33976	-31661
-31754	-35024	-30606
-31754	-33795	-31990
-31753	-32365	-33087
-31752	-35426	-29784
-31751	-33988	-31409
-31747	-32475	-32862
-31743	-31989	-33364
-31740	-35141	-30069
-31740	-33998	-31622
-31736	-36273	-28100
-31735	-33364	-32317
-31733	-33384	-32160
-31730	-34241	-31287
-31730	-33194	-32323
-31729	-32012	-33330
-31726	-32229	-33348
-31725	-34214	-31378
-31723	-33138	-32633
-31723	-32522	-32819
-31715	-32391	-32951
-31715	-31696	-33373
-31706	-34183	-31441
-31706	-33404	-32143
-31706	-33231	-32327
-31697	-32441	-33076
-31696	-34426	-31106
-31694	-33886	-31678
-31693	-34226	-31327
-31692	-35629	-29817
-31689	-32654	-32821
-31685	-32437	-33241
-31683	-34743	-30840
-31683	-33780	-32124
-31674	-33212	-32541
-31673	-34414	-31159
-31669	-33179	-32592
-31667	-35314	-30265
-31663	-35211	-30367
-31663	-34079	-31698
-31661	-36662	-27767
-31659	-35805	-28932
-31659	-35760	-29211
-31658	-32614	-32937
-31656	-33246	-32495
-31656	-32649	-32969
-31653	-34868	-30818
-31651	-32637	-33011
-31649	-34715	-30847
-31648	-31389	-33651
-31647	-32737	-32900
-31646	-32786	-32698
-31645	-34780	-30951
-31645	-33424	-32269
-31642	-35002	-30637
-31642	-33813	-31721
-31640	-34821	-30966
-31640	-33829	-31870
-31640	-33391	-32320
-31638	-33447	-32169
-31635	-33796	-31921
-31629	-35882	-29344
-31625	-34411	-31240
-31624	-34571	-31221
-31622	-34001	-31870
-31621	-33019	-32635
-31621	-32960	-32647
-31621	-32667	-32987
-31618	-33256	-32428
-31617	-32822	-32830
-31615	-33264	-32503
-31611	-33279	-32502
-31610	-35866	-29345
-31609	-32734	-32963
-31609	-31996	-33384
-31606	-33428	-32189
-31602	-35362	-29982
-31601	-33864	-31958
-31600	-36363	-27914
-31599	-35441	-30113
-31598	-34258	-31407
-31597	-34087	-31549
-31593	-33032	-32650
-31592	-32879	-32715
-31591	-35608	-29915
-31590	-34170	-31540
-31588	-34186	-31689
-31584	-35755	-29687
-31582	-31512	-33712
-31581	-31783	-33525
-31580	-35922	-28907
-31578	-35232	-30383
-31578	-33291	-32342
-31577	-33464	-32321
-31575	-34869	-30710
-31575	-34313	-31269
-31575	-33906	-31994
-31575	-33621	-32209
-31573	-31860	-33667
-31572	-34270	-31363
-31569	-33376	-32454
-31559	-35440	-30135
-31554	-32827	-32720
-31553	-33032	-32801
-31546	-36096	-29091
-31545	-34453	-31399
-31542	-32842	-32825
-31536	-34113	-31732
-31536	-34054	-31744
-31534	-34572	-31066
-31533	-32502	-33158
-31530	-35013	-30838
-31524	-33244	-32529
-31523	-35226	-30529
-31522	-36186	-28559
-31521	-34190	-31807
-31515	-33332	-32460
-31510	-33299	-32511
-31505	-32884	-32935
-31502	-35992	-29215
-31499	-34707	-31034
-31497	-34263	-31582
-31496	-36073	-29468
-31495	-33478	-32220
-31494	-32707	-33121
-31489	-32674	-33172
-31487	-33661	-32318
-31483	-35053	-30589
-31482	-34296	-31410
-31482	-34066	-31919
-31481	-34763	-30984
-31480	-34312	-31559
-31479	-35537	-29937
-31477	-33798	-32047
-31476	-33296	-32680
-31475	-34334	-31478
-31473	-35683	-30067
-31472	-34343	-31478
-31471	-35383	-30194
-31468	-34126	-31898
-31466	-34491	-31459
-31465	-32919	-32849
-31462	-33534	-32501
-31460	-34038	-32031
-31456	-34522	-31379
-31456	-33004	-32961
-31454	-36088	-29349
-31454	-33349	-32612
-31449	-33316	-32663
-31448	-33127	-32731
-31443	-34216	-31769
-31439	-34338	-31626
-31438	-36222	-28961
-31437	-34579	-31269
-31436	-34612	-31101
-31432	-36303	-29214
-31431	-36025	-29685
-31431	-35479	-30375
-31428	-35491	-30286
-31426	-34655	-31360
-31425	-33561	-32340
-31422	-35139	-30708
-31422	-32782	-33034
-31418	-33544	-32540
-31418	-31335	-33772
-31417	-34702	-31089
-31414	-36312	-28429
-31413	-34316	-31677
-31412	-33878	-32074
-31412	-33819	-32086
-31408	-33681	-32269
-31404	-34708	-31292
-31402	-34138	-31941
-31394	-31620	-33917
-31393	-34750	-31055
-31391	-33060	-32868
-31389	-32871	-33034
-31387	-32317	-33278
-31385	-34914	-31157
-31384	-33891	-32089
-31384	-32288	-33312
-31381	-36822	-27443
-31380	-32303	-33451
-31373	-35689	-29749
-31369	-33755	-32170
-31368	-34323	-31760
-31368	-33595	-32366
-31368	-33422	-32550
-31364	-35346	-30448
-31364	-35138	-30768
-31362	-32892	-33010
-31358	-35515	-30097
-31358	-35369	-30454
-31356	-34525	-31504
-31354	-33722	-32228
-31353	-31828	-33810
-31352	-34164	-31901
-31350	-35688	-29781
-31349	-35405	-30428
-31348	-33130	-32831
-31346	-36214	-29219
-31346	-35064	-31007
-31344	-36857	-27591
-31344	-33891	-32240
-31343	-34929	-31038
-31336	-32944	-33170
-31330	-35323	-30587
-31325	-34590	-31470
-31324	-32040	-33538
-31323	-34376	-31629
-31321	-33371	-32616
-31320	-35617	-30156
-31318	-34781	-31230
-31317	-35276	-30735
-31316	-36913	-27782
-31316	-34191	-31815
-31314	-37009	-27926
-31313	-32170	-33524
-31309	-36058	-29617
-31309	-35765	-29773
-31303	-36113	-29504
-31303	-32040	-33567
-31302	-33582	-32543
-31294	-34264	-31811
-31292	-33759	-32295
-31289	-34392	-31577
-31289	-31309	-34026
-31284	-34849	-31267
-31284	-32382	-33252
-31278	-34520	-31757
-31258	-34606	-31518
-31258	-34137	-31994
-31254	-33919	-32090
-31254	-33018	-32880
-31252	-34361	-31763
-31250	-32954	-33115
-31249	-35602	-30290
-31249	-31174	-34094
-31248	-34651	-31374
-31242	-36346	-28235
-31240	-36366	-29031
-31240	-34175	-32102
-31240	-33197	-32780
-31239	-33986	-32170
-31239	-33792	-32408
-31237	-36403	-29114
-31236	-34017	-32110
-31235	-32405	-33381
-31230	-33487	-32570
-31228	-33095	-32874
-31227	-35727	-30075
-31227	-32665	-33195
-31222	-35449	-30457
-31217	-34716	-31340
-31216	-34621	-31399
-31212	-35788	-29747
-31212	-32102	-33643
-31211	-35616	-30446
-31208	-37039	-27652
-31208	-35628	-30357
-31206	-37088	-27061
-31206	-35869	-3e4
-31206	-35110	-30825
-31205	-36453	-28465
-31205	-31692	-34022
-31202	-37120	-27905
-31202	-33819	-32247
-31201	-33370	-32641
-31200	-34229	-31818
-31199	-34434	-31899
-31198	-34245	-31967
-31197	-36e3	-29869
-31197	-31002	-34123
-31191	-36406	-28594
-31190	-34991	-31107
-31185	-33939	-32357
-31183	-32821	-33188
-31182	-33694	-32563
-31182	-32387	-33590
-31181	-33025	-33161
-31179	-33435	-32732
-31177	-36437	-28574
-31176	-31904	-33750
-31175	-32533	-33250
-31174	-33217	-32808
-31171	-35403	-30806
-31171	-33162	-32890
-31167	-36203	-29318
-31166	-33129	-32941
-31165	-35051	-31228
-31162	-33243	-32798
-31161	-34012	-32132
-31160	-34614	-31609
-31160	-32440	-33522
-31159	-34521	-31688
-31159	-34454	-31805
-31152	-30789	-34132
-31149	-32545	-33294
-31145	-34581	-31667
-31145	-32465	-33333
-31145	-32221	-33660
-31142	-33029	-33081
-31139	-33989	-32270
-31136	-34662	-31575
-31132	-34301	-31972
-31131	-33804	-32381
-31130	-34317	-32121
-31129	-31710	-33859
-31126	-35201	-31078
-31126	-33771	-32432
-31124	-33787	-32581
-31123	-35066	-31109
-31122	-36198	-29319
-31122	-32702	-33215
-31121	-34821	-31347
-31116	-34793	-31395
-31115	-34978	-31242
-31114	-36555	-28461
-31114	-32892	-33234
-31113	-31978	-33734
-31111	-32756	-33437
-31108	-33284	-32757
-31107	-36358	-29185
-31103	-33833	-32449
-31102	-33182	-32836
-31101	-35281	-30974
-31100	-35754	-30227
-31099	-35594	-30477
-31098	-34859	-31313
-31097	-33312	-32940
-31095	-34751	-31434
-31095	-33999	-32309
-31092	-35317	-30948
-31091	-33469	-32835
-31090	-34771	-31446
-31085	-36042	-29717
-31083	-35704	-30265
-31082	-33719	-32614
-31081	-36005	-29813
-31081	-35426	-30758
-31079	-36465	-29029
-31075	-33365	-32872
-31074	-32935	-33193
-31072	-33655	-32636
-31071	-34522	-31718
-31070	-32745	-33566
-31070	-32449	-33695
-31069	-36563	-28444
-31063	-36644	-28697
-31063	-35529	-30676
-31060	-34369	-31975
-31059	-34827	-31421
-31058	-36279	-29501
-31057	-33654	-32654
-31047	-34662	-31589
-31045	-34050	-32135
-31044	-34948	-31287
-31043	-33867	-32364
-31042	-36309	-29427
-31041	-36347	-29527
-31040	-34554	-31818
-31039	-33167	-32979
-31038	-36013	-29772
-31037	-34707	-31537
-31035	-35824	-30223
-31034	-32185	-33738
-31032	-37142	-27663
-31031	-33094	-33023
-31030	-33170	-32982
-31028	-33866	-32382
-31022	-33145	-33080
-31019	-33954	-32313
-31019	-33929	-32479
-31017	-36235	-29559
-31017	-35941	-30105
-31009	-36402	-29361
-31009	-32330	-33722
-31007	-35104	-31112
-31005	-33522	-32709
-31004	-35821	-30240
-31003	-36491	-29176
-31001	-32520	-33741
-30999	-34719	-31526
-30995	-35236	-30999
-30992	-35514	-30810
-30987	-34877	-31304
-30986	-34701	-31586
-30983	-37182	-27226
-30983	-33595	-32705
-30983	-33109	-33300
-30982	-33956	-32318
-30981	-33519	-32871
-30975	-33939	-32518
-30975	-33210	-33119
-30974	-34442	-31913
-30971	-35670	-30341
-30971	-34719	-31580
-30969	-37260	-27941
-30968	-34791	-31568
-30966	-31291	-34069
-30965	-34638	-31781
-30965	-31960	-33913
-30963	-34335	-31999
-30961	-33162	-33232
-30959	-34533	-31919
-30956	-36536	-29061
-30953	-35984	-30245
-30951	-33299	-32961
-30949	-35781	-30520
-30948	-34979	-31400
-30948	-33420	-32978
-30946	-33266	-33012
-30944	-33282	-33161
-30938	-37272	-27336
-30937	-35041	-31444
-30935	-35553	-30829
-30932	-33678	-32642
-30931	-36447	-29208
-30931	-36146	-29564
-30929	-34119	-32208
-30927	-35142	-31111
-30926	-37071	-28029
-30926	-34150	-32148
-30926	-30791	-34125
-30925	-36528	-29461
-30925	-36227	-29817
-30925	-34718	-31738
-30923	-37347	-27116
-30919	-36621	-28887
-30919	-33339	-33046
-30917	-33749	-32617
-30915	-33494	-32889
-30913	-36736	-28614
-30912	-34812	-31528
-30908	-37024	-28809
-30908	-32181	-33758
-30906	-35097	-31419
-30906	-30841	-34140
-30905	-36690	-29054
-30905	-33751	-32673
-30905	-33525	-32809
-30904	-33924	-32652
-30903	-34847	-31475
-30901	-36223	-29976
-30900	-32320	-33998
-30899	-34143	-32196
-30896	-34930	-31466
-30894	-35171	-31109
-30889	-36698	-29299
-30881	-33287	-33051
-30878	-34812	-31622
-30877	-33440	-32980
-30875	-35578	-30577
-30875	-34759	-31724
-30875	-34136	-32380
-30875	-33832	-32696
-30875	-33235	-33170
-30875	-30021	-34332
-30874	-31046	-34174
-30873	-34578	-32053
-30872	-35454	-31019
-30865	-34679	-31872
-30865	-33545	-32715
-30864	-34010	-32470
-30860	-32962	-33489
-30859	-34149	-32332
-30859	-33977	-32521
-30857	-35147	-31161
-30853	-36381	-29532
-30851	-37460	-27696
-30851	-33704	-32860
-30849	-34114	-32431
-30846	-31599	-34117
-30843	-35666	-30747
-30842	-35506	-30997
-30840	-36738	-28862
-30840	-35105	-31270
-30839	-34964	-31492
-30836	-33408	-33031
-30834	-36005	-30376
-30834	-34726	-31803
-30832	-34832	-31609
-30830	-33865	-32703
-30829	-36452	-29546
-30828	-37096	-28192
-30828	-36580	-29326
-30828	-35224	-31138
-30828	-33320	-33164
-30828	-30241	-34303
-30827	-35679	-30699
-30827	-34799	-31660
-30817	-34844	-31608
-30815	-35288	-31084
-30815	-35209	-31169
-30814	-35369	-31150
-30813	-31612	-34229
-30811	-34989	-31470
-30811	-33465	-32916
-30811	-33216	-33183
-30809	-34756	-31741
-30809	-31191	-34345
-30807	-34772	-31890
-30801	-34238	-32146
-30800	-35521	-30878
-30799	-35699	-30563
-30799	-32843	-33516
-30796	-34381	-32148
-30796	-34050	-32522
-30796	-33192	-33235
-30792	-33379	-33180
-30788	-35196	-31264
-30788	-33962	-32655
-30787	-37052	-28250
-30787	-31693	-34019
-30786	-35058	-31457
-30782	-36233	-29858
-30780	-34288	-32218
-30778	-35736	-30743
-30777	-36209	-29996
-30775	-35432	-31025
-30775	-35373	-31070
-30774	-34454	-32144
-30768	-36075	-30033
-30768	-32915	-33558
-30767	-34262	-32250
-30766	-35969	-30394
-30761	-33487	-33014
-30761	-33428	-33026
-30760	-36705	-29344
-30758	-34350	-32181
-30755	-34640	-31945
-30754	-34579	-31984
-30753	-34317	-32232
-30752	-34021	-32671
-30747	-35217	-31338
-30747	-33988	-32722
-30747	-33259	-33323
-30747	-33200	-33335
-30745	-37105	-28063
-30744	-35542	-30838
-30744	-34122	-32490
-30743	-35354	-31284
-30743	-33830	-32730
-30740	-34639	-31963
-30737	-36305	-29682
-30736	-36894	-29020
-30734	-31420	-34293
-30730	-35647	-30898
-30728	-33557	-33049
-30726	-34852	-31673
-30720	-35811	-30767
-30719	-34925	-31530
-30717	-35009	-31587
-30717	-31537	-34263
-30716	-34870	-31612
-30713	-34155	-32291
-30711	-34787	-31706
-30702	-31576	-34307
-30701	-36512	-29561
-30698	-32778	-33626
-30696	-34384	-32248
-30691	-35710	-30773
-30690	-34809	-31730
-30687	-35061	-31511
-30684	-33505	-33050
-30681	-34811	-31694
-30680	-36261	-29861
-30680	-33067	-33408
-30679	-35815	-30508
-30679	-33644	-32912
-30678	-32975	-33510
-30674	-36359	-29728
-30674	-34993	-31624
-30673	-36674	-29550
-30673	-31227	-34327
-30671	-36361	-29808
-30668	-36440	-29981
-30668	-36139	-30337
-30668	-34138	-32341
-30667	-33713	-32932
-30666	-34094	-32609
-30657	-31909	-34123
-30655	-34837	-31807
-30654	-35911	-30646
-30651	-32500	-33869
-30650	-36805	-29025
-30650	-34804	-31858
-30650	-31404	-34336
-30648	-34892	-31809
-30647	-36464	-29604
-30644	-36886	-29278
-30644	-34147	-32541
-30643	-32601	-33688
-30642	-37529	-27650
-30642	-33630	-32987
-30640	-29676	-34360
-30638	-33617	-33001
-30632	-36561	-29664
-30631	-34405	-32287
-30630	-33718	-32820
-30629	-34251	-32321
-30628	-37184	-28485
-30627	-34267	-32470
-30623	-35294	-31493
-30623	-31693	-34282
-30622	-35060	-31599
-30618	-35490	-31097
-30617	-34764	-31953
-30616	-32117	-34016
-30615	-35442	-31103
-30615	-33854	-32883
-30615	-33412	-33074
-30612	-35104	-31517
-30611	-33142	-33360
-30611	-32842	-33583
-30608	-33457	-33235
-30607	-36586	-29569
-30602	-34324	-32355
-30596	-34810	-31821
-30594	-35506	-31221
-30590	-33702	-32955
-30588	-34976	-31681
-30587	-34909	-31961
-30583	-31193	-34338
-30578	-36798	-29297
-30578	-33860	-32733
-30577	-35917	-30896
-30574	-34689	-32018
-30574	-34113	-32680
-30571	-37620	-27372
-30571	-33484	-33074
-30570	-33757	-32894
-30570	-32190	-34155
-30567	-32695	-33915
-30566	-37083	-28773
-30566	-35119	-31494
-30564	-34272	-32360
-30560	-34425	-32289
-30558	-35121	-31689
-30553	-36193	-30096
-30547	-37801	-25691
-30547	-36938	-29143
-30544	-35995	-30524
-30544	-35176	-31671
-30544	-34520	-32157
-30541	-33565	-33097
-30539	-36248	-30078
-30538	-37038	-29090
-30538	-33914	-32849
-30536	-31005	-34425
-30535	-37499	-27983
-30535	-34777	-32016
-30534	-34689	-32169
-30533	-35727	-30967
-30531	-31448	-34387
-30530	-32832	-33646
-30529	-32398	-34048
-30527	-33337	-33406
-30526	-33767	-32933
-30520	-36121	-30516
-30511	-36545	-29818
-30510	-35784	-30969
-30508	-34978	-31778
-30507	-34320	-32472
-30507	-33980	-32753
-30506	-37711	-27711
-30505	-30958	-34513
-30497	-31674	-34334
-30496	-36232	-30115
-30495	-35382	-31312
-30494	-35299	-31377
-30494	-34201	-32492
-30493	-35306	-31478
-30489	-33040	-33539
-30489	-29954	-34543
-30485	-30643	-34516
-30474	-36931	-29288
-30474	-36630	-29644
-30474	-34332	-32312
-30474	-34144	-32595
-30473	-34505	-32291
-30473	-33594	-33066
-30471	-36642	-29555
-30466	-36313	-30138
-30466	-33617	-33140
-30465	-33067	-33420
-30463	-31813	-34201
-30462	-35712	-31101
-30459	-34997	-31780
-30458	-33112	-33581
-30457	-35679	-31152
-30450	-35387	-31487
-30444	-34717	-32019
-30440	-34187	-32545
-30440	-34154	-32679
-30437	-34259	-32533
-30435	-31969	-34174
-30435	-30038	-34583
-30433	-33646	-33026
-30433	-30471	-34545
-30432	-35973	-30555
-30432	-35154	-31702
-30432	-34531	-32358
-30432	-33802	-32959
-30430	-35961	-30633
-30430	-34973	-32031
-30430	-34244	-32632
-30429	-35536	-31224
-30425	-31744	-34332
-30422	-35727	-31028
-30422	-32848	-33624
-30421	-35738	-31168
-30421	-34577	-32259
-30420	-36870	-29378
-30420	-34285	-32499
-30416	-35974	-30956
-30415	-37802	-26480
-30411	-34542	-32358
-30406	-35419	-31328
-30406	-34509	-32409
-30404	-33665	-33112
-30403	-36185	-30283
-30401	-31026	-34512
-30398	-36173	-30325
-30395	-37251	-28394
-30394	-33608	-33260
-30392	-36556	-29697
-30389	-35227	-31587
-30388	-36358	-29985
-30387	-36186	-30684
-30387	-35022	-31777
-30387	-31162	-34437
-30386	-30575	-34544
-30384	-37176	-28726
-30382	-36439	-30238
-30378	-35107	-31889
-30373	-37855	-26293
-30372	-33185	-33519
-30368	-34032	-32705
-30367	-37235	-28503
-30364	-32428	-34051
-30363	-36768	-29425
-30361	-33960	-32819
-30360	-35439	-31315
-30358	-37777	-26926
-30358	-30699	-34626
-30351	-34810	-32061
-30351	-32464	-33997
-30350	-33238	-33451
-30349	-30854	-34541
-30344	-35452	-31267
-30344	-34168	-32701
-30342	-35652	-31310
-30336	-35184	-31847
-30335	-35379	-31596
-30334	-34212	-32700
-30334	-30830	-34593
-30332	-33827	-33010
-30332	-32857	-33797
-30326	-36944	-29386
-30326	-36612	-29823
-30326	-31255	-34460
-30324	-37895	-25856
-30321	-36532	-29911
-30321	-35191	-31605
-30321	-34602	-32310
-30321	-33691	-33085
-30320	-33257	-33487
-30316	-35007	-31911
-30316	-34569	-32361
-30314	-35337	-31635
-30314	-34625	-32210
-30314	-34585	-32510
-30313	-35864	-31038
-30311	-34974	-31962
-30304	-37353	-28390
-30303	-33465	-33369
-30302	-31546	-34667
-30300	-35749	-31262
-30300	-34397	-32519
-30298	-34839	-32192
-30297	-37156	-29114
-30297	-35877	-30990
-30296	-32793	-33865
-30294	-36416	-30268
-30293	-34e3	-32871
-30292	-35403	-31333
-30290	-33842	-32891
-30289	-32548	-33972
-30287	-35219	-31639
-30286	-37243	-28449
-30286	-36363	-30323
-30282	-32239	-34172
-30281	-34267	-32764
-30280	-33899	-32978
-30278	-33517	-33277
-30275	-31816	-34271
-30271	-35961	-30990
-30268	-35246	-31669
-30267	-29496	-35006
-30265	-34163	-32801
-30264	-33733	-33122
-30259	-35046	-31930
-30258	-37198	-28766
-30258	-36907	-29539
-30258	-36606	-29895
-30257	-36575	-30051
-30254	-36457	-30338
-30252	-36694	-29846
-30250	-37659	-28088
-30247	-35204	-31708
-30247	-34452	-32583
-30246	-33398	-33506
-30245	-37764	-27056
-30241	-34844	-32106
-30241	-34072	-32839
-30240	-33780	-33079
-30238	-29708	-34734
-30229	-36818	-29623
-30229	-36142	-30786
-30228	-35248	-31640
-30228	-32249	-34119
-30223	-37212	-28693
-30223	-35449	-31385
-30222	-37077	-29377
-30222	-36593	-30069
-30220	-33968	-32911
-30218	-36879	-29665
-30218	-35305	-31727
-30217	-37380	-28206
-30212	-35232	-31785
-30209	-34752	-32242
-30207	-35462	-31337
-30206	-32853	-33817
-30203	-33490	-33420
-30199	-33634	-33252
-30198	-35058	-31950
-30195	-34524	-32551
-30193	-37289	-29105
-30193	-36805	-29797
-30191	-34438	-32699
-30188	-32891	-33610
-30187	-35377	-31769
-30185	-36972	-29599
-30185	-34467	-32699
-30180	-38149	-25727
-30175	-35885	-31075
-30172	-35837	-31081
-30172	-34025	-32848
-30171	-34060	-32929
-30168	-37443	-28204
-30167	-34213	-32858
-30166	-33495	-33308
-30164	-33663	-33281
-30161	-34629	-32308
-30161	-33305	-33604
-30159	-35012	-31993
-30158	-35589	-31497
-30158	-34120	-32953
-30156	-36359	-30358
-30151	-35043	-31995
-30150	-35667	-31305
-30149	-34602	-32449
-30149	-33180	-33687
-30146	-36097	-30803
-30144	-37329	-28668
-30141	-36085	-30845
-30139	-33720	-33166
-30139	-32720	-33890
-30136	-36504	-30074
-30134	-34080	-33090
-30132	-37322	-28815
-30131	-36270	-30505
-30127	-37720	-27584
-30124	-34305	-32772
-30121	-33778	-33167
-30120	-35244	-31842
-30115	-35516	-31667
-30115	-34787	-32268
-30115	-32608	-33922
-30111	-36115	-30821
-30111	-32798	-33952
-30110	-36588	-30074
-30108	-34649	-32317
-30107	-36716	-29802
-30105	-36507	-30172
-30104	-36375	-30381
-30103	-37534	-28543
-30101	-36797	-30055
-30099	-36348	-30472
-30097	-34859	-32054
-30097	-33821	-33100
-30095	-37191	-29125
-30094	-34722	-32581
-30094	-32915	-33922
-30093	-32405	-34106
-30091	-35052	-32045
-30090	-33118	-33927
-30082	-36327	-30549
-30078	-34735	-32533
-30077	-35787	-31095
-30076	-35733	-31362
-30071	-34085	-32980
-30070	-36560	-30200
-30067	-34238	-32909
-30067	-31274	-34677
-30064	-36444	-30431
-30062	-34740	-32292
-30055	-31575	-34347
-30054	-31057	-34694
-30052	-31910	-34436
-30051	-35418	-31810
-30050	-33760	-33418
-30046	-35385	-31861
-30042	-37390	-28658
-30042	-33861	-33237
-30040	-36498	-30202
-30038	-31096	-34738
-30035	-35759	-31429
-30032	-34558	-32618
-30029	-37371	-28811
-30027	-32782	-33995
-30027	-29873	-34750
-30022	-35630	-31538
-30020	-34824	-32347
-30019	-36107	-31079
-30018	-34330	-32927
-30017	-35197	-32009
-30017	-34882	-32067
-30015	-31102	-34706
-30014	-37752	-27944
-30011	-33933	-33279
-30009	-37483	-28592
-30007	-35782	-31465
-30006	-35643	-31490
-30006	-34840	-32172
-30004	-35794	-31376
-30003	-37039	-29387
-30001	-36819	-30059
-30001	-34014	-33112
-3e4	-32248	-34366
-29997	-31709	-34499
-29997	-31131	-34679
-29996	-33450	-33685
-29990	-36319	-30807
-29986	-33990	-33164
-29986	-30924	-34767
-29983	-36529	-30406
-29983	-31657	-34673
-29978	-35994	-31193
-29978	-34091	-32983
-29977	-37948	-27331
-29977	-37265	-29356
-29973	-37353	-28886
-29973	-34827	-32200
-29972	-36730	-30143
-29970	-37819	-27764
-29966	-37025	-29754
-29966	-34810	-32400
-29963	-37622	-28488
-29958	-36502	-30452
-29958	-35808	-31226
-29956	-34898	-32156
-29954	-35594	-31556
-29948	-32076	-34395
-29947	-31256	-34720
-29941	-33273	-33747
-29940	-35649	-31538
-29939	-34967	-32322
-29937	-37237	-29482
-29937	-35014	-32140
-29937	-34057	-33252
-29935	-32593	-34032
-29934	-34920	-32419
-29931	-36842	-30065
-29931	-35180	-32066
-29928	-34390	-32879
-29927	-35885	-31299
-29925	-30545	-34803
-29923	-36186	-30880
-29923	-35787	-31576
-29918	-34355	-32978
-29914	-32789	-34075
-29910	-36296	-30974
-29910	-34456	-32797
-29910	-33523	-33623
-29910	-32368	-34191
-29909	-37583	-28632
-29907	-37175	-29484
-29907	-32284	-34288
-29902	-34368	-32930
-29901	-33615	-33461
-29901	-33311	-33746
-29896	-35920	-31246
-29896	-35228	-31942
-29896	-35040	-32207
-29893	-35579	-31825
-29892	-34644	-32587
-29890	-31693	-34595
-29886	-31272	-34711
-29884	-30130	-34889
-29881	-36508	-30702
-29880	-31123	-34793
-29879	-36039	-31212
-29878	-37842	-27758
-29877	-36781	-30155
-29875	-35197	-32068
-29875	-34485	-32643
-29873	-34287	-32998
-29870	-30656	-34883
-29855	-29952	-34950
-29850	-35198	-32167
-29846	-37031	-29599
-29846	-31867	-34468
-29845	-37285	-29215
-29844	-36709	-30575
-29844	-35614	-31617
-29843	-34663	-32589
-29842	-35232	-31916
-29841	-30478	-34944
-29839	-35602	-31659
-29839	-31331	-34686
-29833	-34720	-32676
-29833	-31194	-34765
-29828	-37442	-28935
-29828	-35004	-32225
-29827	-35277	-32045
-29825	-33311	-33750
-29823	-37694	-28219
-29823	-34820	-32531
-29823	-33850	-33318
-29821	-33247	-33784
-29820	-34516	-32749
-29818	-34574	-32736
-29816	-37497	-28943
-29816	-33453	-33670
-29812	-36198	-30994
-29810	-35814	-31387
-29807	-35562	-31882
-29807	-34833	-32483
-29806	-32915	-33945
-29805	-34652	-32812
-29801	-37054	-29601
-29800	-30513	-34885
-29798	-37788	-28189
-29797	-35897	-31284
-29795	-32346	-34393
-29790	-35304	-31884
-29786	-37338	-29035
-29786	-31039	-34879
-29783	-36410	-30722
-29780	-35844	-31363
-29780	-35087	-32241
-29776	-34095	-33161
-29769	-38e3	-27917
-29769	-34950	-32422
-29764	-38105	-26885
-29764	-36880	-29881
-29764	-35857	-31315
-29764	-32540	-34096
-29763	-35349	-31891
-29762	-34113	-33150
-29761	-33074	-33951
-29759	-35050	-32277
-29759	-34462	-32902
-29758	-31886	-34520
-29757	-33493	-33844
-29753	-37431	-28969
-29751	-35721	-31643
-29748	-33885	-33459
-29747	-35283	-31928
-29746	-32347	-34225
-29743	-31925	-34564
-29737	-37220	-29494
-29734	-36931	-29761
-29728	-35958	-31252
-29727	-37715	-28344
-29727	-31393	-34791
-29726	-36441	-30926
-29722	-35933	-31371
-29720	-37177	-29876
-29720	-35746	-31909
-29718	-32011	-34433
-29717	-34135	-33335
-29715	-36818	-30316
-29715	-35255	-32076
-29713	-30002	-34969
-29711	-35430	-31956
-29705	-34871	-32570
-29701	-35315	-32236
-29700	-32502	-34412
-29696	-35282	-32287
-29691	-31753	-34593
-29688	-30748	-34990
-29685	-32841	-33959
-29679	-36988	-30154
-29674	-33826	-33510
-29673	-37676	-28488
-29666	-37479	-29212
-29664	-32042	-34539
-29663	-34392	-32995
-29662	-33958	-33397
-29659	-36007	-31355
-29658	-34985	-32420
-29656	-34415	-33069
-29656	-34203	-33140
-29652	-34912	-32478
-29650	-37200	-29882
-29646	-36243	-31116
-29643	-35394	-31974
-29639	-37514	-29040
-29630	-37524	-28709
-29630	-36256	-31068
-29627	-35057	-32462
-29622	-34600	-32888
-29619	-37714	-28507
-29618	-29853	-35045
-29617	-30881	-34894
-29615	-34462	-32937
-29614	-31692	-34732
-29611	-35375	-32188
-29608	-33044	-34172
-29604	-36340	-31068
-29601	-37240	-29445
-29600	-32218	-34726
-29598	-38002	-27434
-29592	-37535	-28791
-29589	-37233	-29592
-29586	-38477	-25686
-29584	-34900	-32547
-29583	-35546	-31982
-29579	-36025	-31516
-29569	-37278	-29429
-29569	-33250	-33928
-29568	-36461	-30751
-29567	-37642	-28596
-29565	-32281	-34431
-29563	-36038	-31468
-29562	-37881	-28045
-29560	-37445	-29320
-29560	-35165	-32324
-29558	-34830	-32634
-29555	-33660	-33578
-29554	-33226	-33980
-29546	-34937	-32633
-29545	-36449	-30804
-29534	-36250	-31196
-29533	-38093	-27773
-29529	-33892	-33419
-29526	-35920	-31699
-29524	-35010	-32629
-29520	-34778	-32639
-29517	-37524	-28825
-29516	-36255	-31101
-29514	-35595	-32085
-29514	-33868	-33471
-29511	-35989	-31534
-29503	-37476	-29524
-29502	-36425	-31026
-29495	-35029	-32505
-29493	-34263	-33298
-29491	-35968	-31575
-29490	-37007	-29907
-29490	-35195	-32448
-29489	-36738	-30436
-29487	-34025	-33392
-29486	-33591	-33794
-29485	-37366	-29583
-29485	-35217	-32367
-29479	-36911	-30172
-29478	-34820	-32719
-29473	-37591	-28645
-29473	-34043	-33381
-29472	-37857	-28641
-29471	-38287	-27272
-29471	-37663	-28721
-29466	-33779	-33626
-29465	-34685	-32949
-29463	-34711	-32776
-29460	-36950	-30164
-29459	-35787	-31772
-29458	-36730	-30836
-29458	-36126	-31279
-29457	-36323	-31213
-29456	-37578	-29311
-29454	-34326	-33173
-29452	-36485	-30847
-29452	-35495	-32107
-29449	-35844	-31859
-29447	-35462	-32158
-29439	-36104	-31726
-29438	-35063	-32503
-29438	-31367	-34840
-29434	-37176	-30133
-29431	-34870	-32768
-29431	-32898	-34240
-29429	-34493	-33044
-29416	-33520	-33926
-29407	-37618	-28874
-29406	-35321	-32376
-29403	-35041	-32562
-29401	-33571	-33830
-29399	-31048	-34883
-29385	-33526	-33904
-29382	-35326	-32339
-29378	-35805	-31873
-29375	-34561	-32957
-29374	-33087	-34158
-29373	-36919	-30370
-29371	-35676	-31953
-29367	-37293	-29643
-29365	-31946	-34736
-29361	-34858	-32858
-29358	-34221	-33396
-29357	-35011	-32787
-29355	-38465	-26574
-29352	-31729	-34753
-29351	-34281	-33279
-29348	-30612	-35066
-29346	-35415	-32279
-29345	-37707	-28738
-29345	-32584	-34364
-29342	-28624	-35169
-29336	-31768	-34797
-29335	-35440	-32189
-29334	-35090	-32665
-29333	-35498	-32176
-29333	-30651	-35110
-29328	-34508	-32993
-29324	-36594	-30867
-29323	-36698	-30885
-29317	-34466	-33098
-29315	-34524	-33085
-29313	-34049	-33624
-29311	-36373	-31271
-29308	-29845	-35263
-29306	-37560	-29580
-29305	-37679	-28864
-29300	-37599	-28952
-29297	-35951	-31851
-29290	-33387	-33965
-29288	-37016	-30194
-29284	-38170	-27717
-29284	-34115	-33486
-29284	-31596	-34826
-29283	-37277	-29686
-29282	-37241	-29829
-29282	-32449	-34568
-29281	-30479	-35139
-29280	-37605	-28996
-29277	-38041	-28150
-29272	-37772	-28798
-29264	-37108	-30265
-29263	-37426	-29634
-29263	-36942	-30326
-29263	-35600	-32078
-29262	-36399	-31032
-29260	-36210	-31418
-29258	-35534	-32263
-29257	-37600	-29143
-29256	-36565	-30958
-29251	-36666	-31e3
-29250	-34333	-33171
-29246	-38384	-26862
-29240	-30687	-35032
-29230	-35818	-31924
-29229	-35922	-31942
-29225	-35828	-31959
-29225	-33204	-34227
-29222	-36823	-30692
-29222	-35068	-32696
-29220	-37671	-29167
-29212	-34621	-33115
-29210	-35545	-32161
-29208	-35128	-32856
-29207	-38531	-25789
-29207	-31534	-34948
-29202	-34821	-32919
-29201	-36407	-31034
-29200	-32517	-34404
-29192	-38017	-28317
-29192	-34401	-33198
-29191	-34084	-33624
-29188	-32365	-34654
-29184	-34334	-33244
-29184	-33624	-33760
-29181	-34644	-33184
-29180	-33613	-33782
-29179	-37410	-29677
-29178	-36890	-30512
-29178	-31795	-34852
-29177	-37088	-30653
-29174	-36121	-31423
-29168	-36202	-31676
-29166	-35820	-31975
-29164	-33600	-33952
-29156	-35136	-32525
-29151	-34322	-33262
-29149	-35196	-32408
-29147	-35254	-32395
-29142	-33855	-33669
-29140	-33285	-34060
-29139	-31150	-35003
-29137	-35311	-32482
-29137	-32003	-34745
-29136	-30033	-35316
-29132	-36218	-31375
-29132	-35401	-32302
-29131	-31866	-34824
-29128	-30749	-35137
-29122	-35399	-32379
-29121	-32634	-34379
-29117	-35446	-32431
-29116	-36789	-30800
-29115	-35518	-32272
-29115	-33371	-33997
-29114	-32532	-34436
-29114	-31570	-34870
-29112	-34412	-33286
-29105	-34431	-33222
-29104	-36432	-31422
-29091	-35165	-32515
-29088	-37619	-29258
-29084	-31711	-34938
-29083	-34210	-33494
-29079	-34703	-32992
-29079	-33742	-33876
-29078	-36552	-31054
-29075	-34122	-33627
-29073	-35541	-32228
-29070	-35851	-32088
-29068	-36448	-31121
-29061	-32874	-34331
-29058	-35546	-32266
-29053	-32501	-34452
-29052	-37740	-28941
-29052	-35856	-31993
-29049	-33464	-34007
-29048	-36131	-31722
-29042	-32591	-34384
-29039	-34384	-33367
-29036	-37865	-28654
-29034	-35551	-32229
-29027	-32630	-34428
-29026	-37720	-29256
-29025	-34402	-33356
-29019	-37792	-28822
-29018	-30237	-35240
-29012	-32709	-34345
-29009	-35160	-32606
-29007	-37374	-30011
-29005	-37122	-30340
-29005	-35906	-32042
-29004	-38330	-27393
-29001	-32807	-34385
-29e3	-37735	-28948
-28999	-36895	-30657
-28997	-38201	-27826
-28991	-35557	-32140
-28990	-38004	-28550
-28989	-31867	-34957
-28988	-38037	-28605
-28983	-37466	-30082
-28981	-35998	-31795
-28975	-32458	-34457
-28972	-35529	-32323
-28962	-36173	-31752
-28958	-36851	-30715
-28957	-35564	-32268
-28957	-33762	-33882
-28949	-36176	-31741
-28944	-36186	-31776
-28940	-32508	-34532
-28938	-31996	-34778
-28936	-37965	-28694
-28935	-37125	-30403
-28931	-34919	-32869
-28930	-34263	-33417
-28929	-37901	-28926
-28922	-37322	-30197
-28921	-35179	-32736
-28920	-36388	-31469
-28914	-32700	-34397
-28909	-36532	-31322
-28902	-37722	-29210
-28902	-33779	-33679
-28901	-38158	-27950
-28900	-33015	-34335
-28899	-34504	-33196
-28898	-37579	-29464
-28896	-30301	-35207
-28895	-33617	-34207
-28893	-32812	-34422
-28891	-35547	-32424
-28890	-35346	-32668
-28888	-34680	-32997
-28888	-31017	-35028
-28887	-35501	-32600
-28886	-37634	-29472
-28885	-38358	-27378
-28880	-35951	-31916
-28878	-36704	-30942
-28874	-35069	-32933
-28872	-34687	-33232
-28870	-31190	-34960
-28868	-37757	-29041
-28868	-35626	-32302
-28867	-38393	-26735
-28867	-36629	-31274
-28864	-31201	-34994
-28861	-34789	-33013
-28858	-38237	-27455
-28856	-36758	-30929
-28855	-37824	-28997
-28855	-33054	-34309
-28843	-34402	-33392
-28839	-38137	-28446
-28837	-37469	-29641
-28833	-30381	-35186
-28828	-32570	-34637
-28822	-32728	-34455
-28812	-38376	-27351
-28811	-37500	-29769
-28810	-37696	-29507
-28802	-37618	-29515
-28801	-34457	-33370
-28800	-38350	-27681
-28797	-37893	-29301
-28787	-36806	-30938
-28786	-30601	-35157
-28779	-36479	-31455
-28775	-34308	-33504
-28772	-35983	-31877
-28772	-34730	-33064
-28771	-35001	-33069
-28769	-38536	-26680
-28769	-36307	-31509
-28767	-35940	-32139
-28767	-35743	-32162
-28763	-35649	-32179
-28763	-34212	-33767
-28762	-38407	-27113
-28762	-33090	-34231
-28760	-34665	-33263
-28758	-35318	-32711
-28754	-36257	-31781
-28752	-35484	-32637
-28750	-36701	-30999
-28750	-33171	-34384
-28742	-37200	-30378
-28740	-37114	-30506
-28737	-35631	-32544
-28732	-37985	-28982
-28727	-34347	-33517
-28727	-32884	-34474
-28720	-37337	-30411
-28720	-36673	-31011
-28719	-36231	-31910
-28718	-32058	-34740
-28708	-34326	-33575
-28705	-32091	-34895
-28701	-31656	-35046
-28700	-36833	-30754
-28700	-36356	-31612
-28693	-34532	-33336
-28692	-37021	-30983
-28691	-35185	-32784
-28686	-33860	-33832
-28684	-35234	-32736
-28681	-36531	-31569
-28671	-36605	-31325
-28668	-34677	-33320
-28664	-32299	-34788
-28654	-37544	-29844
-28649	-38451	-27234
-28649	-38061	-28602
-28647	-38542	-27052
-28646	-36290	-31773
-28634	-36019	-32037
-28631	-34453	-33515
-28631	-31323	-35169
-28630	-37582	-29849
-28621	-36473	-31587
-28621	-33952	-33950
-28620	-35237	-32846
-28618	-38754	-26780
-28614	-33975	-34024
-28613	-38859	-25748
-28611	-32007	-34981
-28609	-35704	-32485
-28603	-38230	-28302
-28599	-36670	-31449
-28598	-37123	-30675
-28594	-33468	-34278
-28586	-36987	-31091
-28580	-34160	-33843
-28579	-31151	-35198
-28578	-34813	-33291
-28578	-32640	-34489
-28563	-36686	-31148
-28553	-33676	-34171
-28550	-34205	-33770
-28547	-38089	-28529
-28546	-37176	-30429
-28538	-31359	-35091
-28530	-37087	-30693
-28529	-33361	-34279
-28528	-33048	-34395
-28526	-37715	-29840
-28519	-36854	-31164
-28515	-37997	-28655
-28513	-38484	-27057
-28493	-37776	-29431
-28485	-37112	-30898
-28482	-34570	-33584
-28481	-30485	-35404
-28479	-38545	-27602
-28479	-35336	-32767
-28477	-37192	-30544
-28470	-34386	-33660
-28470	-32561	-34672
-28465	-37188	-30843
-28458	-35252	-32830
-28458	-33280	-34302
-28456	-35989	-32361
-28452	-38145	-28658
-28449	-33022	-34455
-28448	-34755	-33403
-28434	-30705	-35375
-28431	-38267	-27831
-28430	-37363	-30430
-28426	-31421	-35196
-28424	-32449	-34712
-28421	-34271	-33731
-28418	-37902	-29174
-28412	-35087	-33130
-28412	-34890	-33153
-28406	-36482	-31671
-28400	-37414	-30310
-28395	-35690	-32508
-28393	-38399	-27611
-28390	-32634	-34531
-28387	-35035	-33137
-28385	-35688	-32585
-28382	-36305	-31719
-28382	-34789	-33342
-28380	-32912	-34607
-28376	-37697	-30109
-28375	-37816	-29393
-28370	-37736	-29481
-28367	-35223	-32969
-28366	-33743	-34266
-28363	-32150	-34859
-28360	-36317	-31971
-28359	-38460	-28156
-28357	-32920	-34475
-28350	-37742	-29525
-28348	-35317	-32876
-28347	-38178	-28679
-28344	-29048	-35737
-28340	-34886	-33294
-28340	-34310	-33767
-28336	-36726	-31281
-28331	-33226	-34379
-28327	-37737	-29672
-28326	-37924	-29100
-28323	-36745	-31542
-28317	-33769	-34027
-28316	-30909	-35299
-28313	-33826	-34095
-28311	-38182	-28385
-28304	-38053	-28818
-28303	-35453	-32715
-28299	-36802	-31165
-28294	-33453	-34316
-28290	-33032	-34432
-28282	-38629	-27658
-28281	-31891	-35010
-28280	-35682	-32690
-28279	-34011	-33914
-28277	-33467	-34427
-28268	-31674	-35027
-28266	-32384	-34854
-28262	-38154	-28846
-28257	-36033	-31999
-28256	-36612	-31615
-28244	-37012	-30993
-28235	-35818	-32529
-28234	-38868	-25621
-28220	-36899	-31290
-28206	-37792	-29739
-28200	-37724	-29794
-28197	-31030	-35265
-28192	-37891	-29596
-28183	-33585	-34300
-28173	-35648	-32781
-28168	-36555	-31674
-28167	-37121	-30881
-28156	-37129	-31036
-28156	-33101	-34628
-28151	-35128	-32993
-28143	-37326	-30830
-28143	-36240	-32122
-28139	-37909	-29249
-28138	-35213	-33032
-28138	-32577	-34672
-28138	-30152	-35450
-28129	-38882	-25999
-28124	-36342	-31683
-28121	-38526	-27661
-28116	-32462	-34678
-28112	-36412	-32e3
-28102	-30875	-35306
-28099	-36729	-31642
-28096	-37857	-29785
-28094	-37366	-30393
-28090	-38005	-29344
-28077	-37479	-30197
-28076	-36428	-31699
-28069	-36679	-31710
-28067	-38338	-28355
-28066	-35068	-33136
-28060	-38141	-29079
-28059	-35244	-33111
-28052	-30229	-35564
-28050	-37410	-30403
-28050	-37390	-30422
-28040	-34248	-33808
-28037	-35527	-32869
-28034	-37756	-30073
-28033	-34909	-33142
-28032	-36596	-31715
-28030	-32477	-34710
-28028	-37361	-30656
-28027	-35894	-32439
-28022	-36780	-31511
-28022	-32439	-34846
-28019	-36802	-31416
-28018	-34944	-33332
-28015	-38224	-28549
-28011	-34628	-33616
-28006	-38102	-29223
-28e3	-31646	-35267
-27998	-34945	-33258
-27992	-35111	-33184
-27987	-35592	-32839
-27977	-34438	-33625
-27974	-36933	-31103
-27959	-31854	-35160
-27958	-33578	-34433
-27955	-38495	-27907
-27955	-37310	-31189
-27949	-37704	-30259
-27944	-38360	-28809
-27928	-35261	-33091
-27927	-37551	-30407
-27925	-37961	-29526
-27922	-33999	-34269
-27919	-36224	-32222
-27918	-30480	-35530
-27914	-36191	-32273
-27912	-38051	-29272
-27900	-35364	-33030
-27897	-37602	-30287
-27897	-35713	-32782
-27895	-38139	-29103
-27894	-37403	-30774
-27888	-35078	-33197
-27880	-37084	-31281
-27880	-36751	-31815
-27873	-34880	-33358
-27863	-34034	-33955
-27855	-31200	-35444
-27849	-36681	-31836
-27848	-33231	-34543
-27842	-36275	-32091
-27836	-35414	-32929
-27834	-36305	-32055
-27833	-35943	-32528
-27823	-34950	-33200
-27811	-36825	-31327
-27803	-31028	-35473
-27802	-38122	-29511
-27800	-36935	-31530
-27786	-37038	-31298
-27785	-36911	-31582
-27782	-34634	-33635
-27780	-35803	-32569
-27777	-33553	-34446
-27775	-36805	-31769
-27765	-32116	-35044
-27762	-31236	-35366
-27756	-32496	-34674
-27753	-32835	-34674
-27734	-39112	-26241
-27719	-38588	-27763
-27719	-32004	-35084
-27718	-34864	-33381
-27713	-34242	-33894
-27712	-38459	-28196
-27702	-37454	-30465
-27701	-35920	-32544
-27700	-37781	-30203
-27691	-37644	-30263
-27688	-38891	-27309
-27686	-37462	-30710
-27685	-32189	-34903
-27683	-36317	-32078
-27673	-37170	-31201
-27665	-32713	-34683
-27658	-31705	-35231
-27656	-37068	-31381
-27650	-35229	-33195
-27650	-31298	-35471
-27648	-36855	-31649
-27648	-34334	-34012
-27647	-35619	-32908
-27646	-38216	-29047
-27641	-34357	-34086
-27640	-37514	-30807
-27637	-34973	-33214
-27632	-37897	-29554
-27631	-37161	-31313
-27626	-36356	-32097
-27621	-37905	-29709
-27614	-37563	-30450
-27610	-38328	-29054
-27608	-32389	-34851
-27607	-34542	-33905
-27598	-38046	-29577
-27596	-37820	-30026
-27585	-38134	-29184
-27577	-37916	-29656
-27577	-34587	-33832
-27576	-37880	-29799
-27571	-36063	-32506
-27569	-37751	-30232
-27564	-37028	-31386
-27556	-38746	-27899
-27555	-35772	-32746
-27540	-35396	-32965
-27522	-38282	-29187
-27517	-35045	-33534
-27509	-34952	-33646
-27494	-32585	-34763
-27487	-35678	-32858
-27482	-35052	-33385
-27481	-30047	-35682
-27479	-37548	-30630
-27478	-37883	-29774
-27463	-38536	-28140
-27462	-37446	-30810
-27451	-36656	-31893
-27449	-37599	-30510
-27442	-32571	-34813
-27437	-37539	-30654
-27436	-35807	-32679
-27435	-36211	-32285
-27420	-37941	-29879
-27415	-37417	-30865
-27414	-35417	-33199
-27409	-35171	-33404
-27405	-37643	-30520
-27404	-37607	-30663
-27399	-38037	-29590
-27390	-35526	-32909
-27387	-36699	-32033
-27375	-32438	-34886
-27367	-36117	-32397
-27367	-34692	-33829
-27366	-38376	-28723
-27365	-32967	-34729
-27364	-37817	-30229
-27359	-38179	-29447
-27352	-38766	-28187
-27334	-32646	-34779
-27330	-32721	-34745
-27323	-36929	-31779
-27320	-37828	-30176
-27320	-33250	-34588
-27319	-35865	-32602
-27318	-38206	-29253
-27317	-38416	-28286
-27311	-38009	-29977
-27298	-35779	-32755
-27277	-35154	-33416
-27272	-37068	-31408
-27271	-37394	-31055
-27246	-37650	-30320
-27238	-36323	-32135
-27221	-37795	-30294
-27219	-35896	-32730
-27213	-37849	-30063
-27213	-37523	-30754
-27211	-36195	-32385
-27207	-37219	-31213
-27206	-36979	-31631
-27200	-36030	-32843
-27199	-37708	-30306
-27192	-37511	-31030
-27185	-32275	-34922
-27177	-32991	-34743
-27176	-38499	-28540
-27176	-38220	-29469
-27159	-37039	-31620
-27157	-37699	-30330
-27155	-37752	-30316
-27150	-38114	-29534
-27148	-37555	-31040
-27147	-36425	-32131
-27143	-36101	-32497
-27133	-28966	-35739
-27128	-37045	-31598
-27116	-37182	-31306
-27112	-32196	-34987
-27108	-38546	-28319
-27107	-37920	-30078
-27101	-37575	-30680
-27095	-37269	-31366
-27086	-35626	-33173
-27084	-33027	-34665
-27072	-33108	-34818
-27069	-38283	-29197
-27063	-37653	-30347
-27059	-38224	-29448
-27053	-38548	-28275
-27049	-37162	-31573
-27028	-37706	-30375
-27024	-36812	-31805
-27019	-35493	-33246
-27014	-35974	-32901
-27013	-38159	-29547
-27003	-36810	-31813
-26982	-37029	-31646
-26980	-32373	-34949
-26979	-36534	-32200
-26972	-38423	-28606
-26956	-37761	-30583
-26948	-36540	-32178
-26946	-38038	-29600
-26943	-33889	-34384
-26936	-33912	-34458
-26927	-35746	-33092
-26924	-36095	-32844
-26915	-36764	-31946
-26912	-38399	-28805
-26902	-34097	-34277
-26874	-35047	-33423
-26872	-36984	-31776
-26872	-34142	-34204
-26870	-38274	-29210
-26869	-36657	-32153
-26868	-37715	-30716
-26863	-38077	-29934
-26860	-37882	-30518
-26860	-36325	-32590
-26855	-38538	-29068
-26850	-38840	-27823
-26833	-37570	-30727
-26804	-39249	-26770
-26804	-34507	-34018
-26798	-33443	-34561
-26784	-37346	-31197
-26756	-35251	-33347
-26740	-36568	-32264
-26709	-34972	-33571
-26707	-37838	-30527
-26700	-38758	-28210
-26699	-32422	-34964
-26695	-36085	-32907
-26690	-38292	-29070
-26679	-38271	-29421
-26663	-37935	-30151
-26662	-34247	-34201
-26659	-38001	-3e4
-26656	-37806	-30584
-26653	-37371	-31150
-26651	-38563	-28299
-26651	-38462	-29134
-26629	-36924	-31857
-26619	-39028	-27038
-26619	-38927	-27873
-26611	-37959	-30462
-26602	-38241	-29428
-26592	-38191	-29508
-26566	-38085	-29573
-26536	-37314	-31273
-26524	-38785	-27895
-26516	-38952	-27697
-26514	-38549	-28454
-26491	-38827	-28164
-26489	-38268	-29670
-26470	-35208	-33500
-26455	-33110	-34607
-26440	-38558	-28626
-26427	-37998	-30203
-26423	-36942	-31780
-26407	-37883	-30528
-26402	-38640	-28243
-26402	-38539	-29078
-26353	-38318	-29372
-26331	-38119	-30138
-26309	-35529	-33273
-26307	-39021	-27651
-26299	-38409	-29156
-26247	-35498	-33290
-26203	-38530	-29091
-26201	-38127	-29848
-26201	-37971	-30597
-26193	-38480	-29171
-26162	-38590	-28353
-26152	-36100	-32888
-26127	-38043	-30204
-26122	-38699	-28754
-26120	-37846	-30928
-26116	-38729	-28249
-26103	-38945	-27717
-26094	-37493	-31492
-26088	-36330	-32634
-26067	-28340	-35869
-26066	-38281	-29772
-26027	-37360	-31565
-26023	-38548	-28951
-26017	-38321	-29335
-25989	-38404	-29237
-25914	-36988	-32072
-25911	-38795	-28246
-25907	-38798	-28203
-25903	-38962	-28048
-25900	-39109	-27404
-25893	-38912	-28128
-25891	-39119	-27073
-25743	-38708	-28627
-25694	-39031	-28002
-25652	-39474	-25556
-25645	-39071	-27565
-25619	-38501	-29130
-25580	-38490	-29522
-25538	-38277	-29778
-25376	-39201	-27082
-25334	-38201	-29844
-24876	-38327	-29692
