-41370	-29816	-27856
-41351	-29726	-28247
-41343	-30302	-27399
-41263	-30240	-28262
-41196	-31049	-28279
-41082	-31292	-27339
-41067	-30776	-28340
-41026	-31123	-28473
-40999	-31609	-28016
-40967	-30901	-28931
-40900	-30914	-28623
-40894	-31179	-28240
-40888	-31070	-29064
-40747	-31287	-28713
-40698	-32273	-28579
-40645	-31915	-29079
-40631	-32286	-28271
-40624	-30267	-29701
-40576	-30819	-29286
-40479	-32134	-28617
-40456	-31960	-28662
-40440	-31468	-29322
-40413	-31954	-28865
-40387	-31150	-29912
-40387	-29169	-30199
-40367	-32239	-29143
-40320	-29978	-30216
-40238	-31966	-29204
-40236	-31780	-29535
-40227	-31812	-29314
-40225	-32172	-29181
-40189	-30678	-30540
-40155	-32614	-29296
-40138	-32091	-29795
-40120	-31838	-30310
-40071	-32104	-29487
-40053	-32602	-29743
-40053	-31309	-30356
-40034	-31379	-30641
-39988	-32752	-29579
-39969	-32298	-30169
-39962	-32901	-28935
-39951	-32756	-29745
-39942	-32784	-29712
-39935	-32434	-30169
-39934	-32793	-29230
-39926	-32466	-29948
-39922	-31524	-30332
-39904	-31271	-30847
-39898	-32975	-29171
-39886	-32740	-30026
-39884	-29886	-30886
-39852	-32062	-30331
-39834	-30709	-30857
-39830	-33011	-29445
-39827	-32231	-30207
-39817	-32222	-30217
-39787	-32716	-30146
-39784	-32894	-30028
-39775	-32926	-29807
-39759	-32604	-30231
-39758	-31333	-30909
-39741	-32351	-30746
-39731	-33113	-29454
-39716	-30070	-31580
-39713	-32463	-30261
-39699	-32430	-30630
-39692	-32433	-30417
-39688	-32944	-29483
-39660	-32520	-30368
-39657	-32758	-30233
-39654	-33125	-28976
-39639	-32505	-30748
-39612	-32991	-30291
-39608	-33064	-30090
-39597	-31289	-31255
-39590	-32587	-30419
-39554	-33105	-29741
-39554	-31996	-30766
-39544	-31490	-30812
-39525	-31784	-31283
-39513	-31994	-30944
-39512	-32588	-30366
-39510	-32232	-30809
-39505	-32123	-31021
-39489	-32650	-30581
-39484	-32690	-30430
-39473	-30915	-31595
-39467	-32272	-30800
-39462	-33136	-30124
-39461	-32538	-30666
-39455	-32384	-30774
-39444	-32755	-30546
-39434	-33024	-30209
-39418	-31334	-31455
-39414	-32757	-30481
-39409	-29923	-31598
-39395	-31695	-31464
-39391	-32168	-30974
-39388	-32518	-30696
-39387	-33243	-30024
-39386	-31858	-31149
-39372	-33281	-29230
-39363	-32056	-31059
-39359	-32692	-30668
-39353	-32538	-30776
-39349	-31954	-31345
-39348	-32279	-30822
-39347	-32730	-30685
-39346	-32132	-31227
-39338	-32762	-30464
-39337	-32164	-31006
-39332	-33178	-30211
-39320	-32381	-30886
-39319	-32618	-30770
-39313	-33346	-28924
-39311	-32751	-30659
-39307	-32033	-31229
-39293	-33331	-29714
-39281	-32317	-30936
-39268	-32829	-30515
-39263	-31760	-31389
-39256	-32413	-30842
-39253	-31628	-31502
-39253	-31478	-31621
-39247	-31894	-31368
-39243	-32807	-30542
-39235	-32318	-31008
-39229	-32164	-31116
-39226	-32312	-31140
-39220	-32594	-30890
-39219	-31996	-31432
-39216	-32667	-30689
-39208	-32804	-30551
-39207	-32719	-30699
-39206	-32012	-31352
-39199	-32798	-30683
-39198	-32414	-31204
-39198	-32200	-31225
-39192	-32482	-30975
-39180	-33205	-30242
-39171	-32900	-30747
-39170	-32302	-31289
-39169	-30754	-31711
-39151	-33264	-29752
-39151	-31632	-31623
-39148	-32032	-31478
-39143	-32788	-30832
-39133	-29877	-31866
-39123	-31520	-31708
-39113	-33154	-30295
-39113	-31726	-31620
-39102	-31938	-31480
-39099	-32338	-31335
-39097	-32599	-30865
-39096	-32905	-30480
-39096	-32354	-31227
-39094	-31428	-32031
-39093	-33518	-29300
-39082	-31638	-31692
-39081	-33181	-30362
-39080	-32583	-30904
-39078	-33359	-30244
-39075	-32424	-31023
-39069	-33391	-30023
-39069	-32840	-30770
-39068	-32456	-31291
-39053	-33069	-30447
-39041	-32942	-30834
-39020	-32515	-31282
-39020	-32409	-31303
-39010	-32710	-30839
-38997	-32492	-31337
-38995	-32753	-30867
-38983	-33196	-30382
-38978	-32737	-30906
-38977	-31582	-31770
-38971	-31659	-31658
-38970	-32978	-30880
-38961	-32141	-31375
-38951	-33223	-30449
-38939	-32183	-31352
-38934	-32655	-30938
-38933	-32970	-30964
-38929	-33043	-30763
-38924	-32039	-31558
-38916	-32374	-31433
-38915	-31776	-31975
-38909	-29977	-32149
-38903	-32804	-30978
-38902	-33529	-30306
-38888	-32262	-31518
-38883	-32122	-31521
-38861	-31817	-31626
-38832	-32070	-31941
-38826	-33037	-30941
-38822	-30898	-32183
-38813	-33158	-30637
-38801	-32958	-30980
-38790	-31267	-32147
-38784	-31533	-32013
-38783	-33115	-30797
-38782	-32080	-31596
-38782	-29841	-32354
-38778	-33155	-30646
-38776	-32363	-31447
-38773	-33256	-30367
-38767	-29910	-32187
-38761	-32737	-31016
-38755	-32566	-31139
-38753	-31682	-32053
-38749	-33082	-30841
-38749	-32849	-30990
-38746	-32426	-31553
-38726	-32168	-31596
-38708	-33222	-30697
-38705	-30004	-32212
-38695	-32553	-31367
-38689	-32160	-31680
-38677	-32443	-31369
-38674	-32517	-31449
-38671	-33410	-30369
-38668	-32709	-31358
-38667	-32441	-31452
-38663	-30530	-32224
-38660	-31159	-32353
-38659	-32891	-31018
-38659	-32741	-31137
-38653	-33157	-30884
-38647	-33003	-30992
-38642	-32744	-31038
-38640	-32597	-31443
-38640	-32466	-31537
-38638	-31763	-32332
-38632	-32730	-31332
-38611	-32249	-31875
-38605	-33216	-30875
-38602	-32296	-31609
-38592	-33337	-30571
-38580	-30339	-32450
-38578	-32581	-31479
-38577	-31983	-32021
-38566	-31848	-32149
-38563	-32699	-31500
-38559	-32826	-31048
-38558	-32589	-31524
-38557	-31991	-32066
-38552	-32119	-31944
-38551	-31277	-32510
-38550	-32469	-31564
-38541	-32573	-31563
-38538	-32620	-31539
-38537	-33272	-30758
-38535	-32801	-31564
-38530	-32477	-31609
-38530	-30490	-32585
-38521	-33782	-28163
-38513	-32461	-31648
-38510	-33132	-30905
-38508	-32356	-31672
-38505	-33352	-30462
-38498	-32827	-31052
-38494	-33602	-28986
-38492	-32879	-31420
-38484	-33762	-29776
-38482	-33020	-30990
-38452	-33386	-30453
-38452	-31415	-32620
-38439	-33168	-30951
-38439	-32325	-31840
-38426	-33182	-30926
-38413	-32898	-31098
-38411	-33056	-31036
-38408	-33544	-30160
-38400	-33100	-31012
-38396	-32553	-31577
-38396	-32403	-31696
-38393	-33579	-30195
-38391	-33064	-31081
-38390	-32819	-31443
-38380	-33174	-30992
-38379	-32594	-31629
-38373	-33832	-29891
-38373	-32337	-31818
-38369	-32392	-31891
-38362	-34014	-29236
-38362	-32921	-31507
-38356	-30939	-32896
-38345	-32225	-31903
-38341	-32494	-31955
-38335	-31569	-32359
-38322	-33428	-30540
-38314	-32980	-31498
-38309	-33210	-31038
-38304	-33175	-31055
-38291	-32957	-31553
-38289	-33218	-31083
-38283	-33867	-29730
-38277	-31861	-32094
-38271	-32047	-31986
-38265	-33296	-30752
-38255	-32606	-31591
-38254	-32008	-32133
-38246	-33307	-30973
-38246	-33036	-31381
-38245	-32018	-32231
-38237	-32353	-32106
-38233	-32648	-31568
-38220	-31657	-32502
-38218	-32504	-31774
-38213	-31484	-32556
-38209	-32241	-32191
-38204	-32101	-32194
-38193	-33526	-30399
-38177	-32587	-31737
-38153	-32049	-32614
-38152	-32516	-31752
-38145	-33393	-31055
-38126	-32535	-32157
-38124	-31181	-32778
-38087	-33585	-29932
-38083	-33775	-29963
-38067	-32405	-32226
-38058	-33512	-31022
-38047	-32147	-32269
-38043	-33547	-31057
-38040	-32891	-31769
-37950	-33814	-29945
-37941	-33647	-29994
-37935	-33849	-29980
-37933	-33107	-31194
-37932	-32228	-32548
-37920	-33723	-30215
-37905	-33593	-30607
-37903	-31360	-32712
-37899	-33762	-30365
-37899	-32560	-32152
-37898	-32568	-32010
-37890	-31509	-32668
-37882	-33055	-31614
-37879	-32568	-32197
-37878	-32133	-32600
-37871	-33864	-30429
-37871	-32448	-32237
-37856	-33899	-30464
-37851	-32456	-32282
-37848	-32740	-31924
-37846	-33226	-31161
-37846	-32584	-32160
-37837	-33059	-31210
-37831	-33261	-31196
-37828	-34138	-29453
-37816	-31709	-32638
-37816	-30806	-32999
-37813	-34118	-29977
-37798	-34153	-30012
-37796	-33411	-31226
-37795	-33174	-31581
-37786	-31388	-32824
-37783	-32675	-32026
-37780	-33209	-31616
-37771	-31655	-32823
-37766	-31396	-32869
-37737	-32581	-32218
-37731	-30584	-33224
-37709	-33530	-31193
-37695	-31171	-33054
-37694	-33565	-31228
-37688	-32230	-32307
-37677	-32747	-31944
-37669	-31711	-32757
-37662	-33592	-30855
-37644	-33613	-30603
-37633	-32683	-32192
-37598	-34061	-30245
-37580	-33257	-31254
-37580	-31340	-33088
-37567	-33039	-31752
-37565	-33292	-31289
-37552	-33074	-31787
-37552	-31716	-32714
-37539	-33240	-31403
-37525	-31445	-32936
-37508	-31069	-33168
-37507	-33917	-30635
-37507	-31949	-32772
-37499	-31499	-32958
-37494	-33473	-31461
-37483	-33655	-30806
-37476	-31196	-33089
-37421	-32397	-32331
-37418	-31578	-33103
-37414	-30374	-33544
-37368	-31089	-33232
-37340	-32788	-31926
-37331	-32215	-32768
-37328	-32333	-32455
-37316	-32250	-32803
-37307	-33825	-30868
-37304	-32701	-32311
-37289	-32736	-32346
-37284	-32701	-32363
-37282	-32271	-32507
-37263	-33580	-31196
-37231	-31125	-33389
-37230	-32606	-32415
-37218	-33057	-31923
-37203	-33092	-31958
-37198	-30877	-33433
-37192	-32761	-32115
-37187	-31595	-32971
-37138	-31901	-32828
-37130	-31197	-33235
-37129	-32331	-32618
-37114	-34335	-28354
-37113	-31189	-33267
-37110	-32394	-32702
-37110	-31271	-33215
-37098	-31224	-33302
-37095	-34168	-29568
-37095	-32429	-32737
-37087	-31720	-32914
-37084	-34350	-28913
-37076	-33706	-30931
-37072	-31755	-32949
-37057	-34170	-29736
-37052	-33299	-31554
-37049	-31356	-33105
-37036	-32055	-32830
-37036	-30802	-33508
-37034	-31967	-32884
-37027	-32485	-32620
-37025	-31049	-33440
-37015	-33207	-31720
-37009	-32785	-32349
-37008	-31943	-32915
-37006	-34118	-30156
-37003	-33e3	-32191
-37003	-31803	-32918
-37e3	-33242	-31755
-36993	-34185	-30185
-36978	-34220	-30220
-36968	-31620	-33006
-36964	-31834	-32990
-36962	-31649	-33126
-36958	-32036	-32976
-36941	-30913	-33451
-36940	-30708	-33588
-36934	-31537	-33211
-36929	-33563	-31332
-36919	-31572	-33246
-36914	-33598	-31367
-36904	-32054	-33035
-36875	-31463	-33321
-36874	-31805	-33304
-36872	-30332	-33590
-36866	-32107	-32950
-36854	-32558	-32458
-36839	-32593	-32493
-36836	-32305	-32973
-36831	-33478	-31488
-36819	-31910	-33152
-36813	-33368	-31490
-36811	-29777	-33883
-36806	-34026	-30389
-36790	-28815	-33964
-36778	-34128	-30453
-36755	-34445	-29448
-36755	-31404	-33358
-36753	-30606	-33702
-36752	-31486	-33306
-36740	-31439	-33393
-36735	-34402	-29477
-36727	-33724	-31102
-36720	-34382	-30001
-36714	-33506	-31600
-36694	-33514	-31645
-36662	-31554	-33448
-36661	-33530	-31608
-36653	-31984	-33238
-36650	-32158	-33006
-36641	-32519	-32573
-36613	-29408	-34134
-36592	-32825	-32430
-36577	-32342	-32767
-36569	-30056	-33734
-36564	-32514	-32618
-36559	-30137	-33856
-36540	-31555	-33570
-36525	-31590	-33605
-36519	-32699	-32467
-36516	-32020	-33395
-36504	-32734	-32502
-36490	-32979	-32432
-36463	-30043	-33936
-36439	-31627	-33416
-36424	-31662	-33451
-36418	-33098	-32107
-36403	-33133	-32142
-36400	-33866	-30917
-36385	-33901	-30952
-36377	-34461	-28341
-36376	-30951	-33704
-36373	-30628	-33763
-36368	-32078	-33186
-36367	-33856	-31019
-36361	-30986	-33739
-36356	-31823	-33448
-36351	-33654	-31409
-36341	-29422	-33958
-36337	-30111	-33927
-36311	-32443	-32676
-36311	-31132	-33790
-36303	-33331	-31839
-36269	-31337	-33626
-36265	-34010	-31021
-36225	-30456	-33885
-36210	-30491	-33920
-36202	-32360	-32939
-36198	-34027	-30687
-36150	-30009	-34041
-36146	-34066	-30504
-36140	-31165	-33673
-36122	-33563	-31511
-36084	-32130	-33027
-36082	-33444	-31651
-36081	-31842	-33507
-36072	-33212	-31902
-36066	-31877	-33542
-36052	-30916	-33820
-36018	-31166	-33795
-36010	-28811	-34473
-35988	-33039	-32156
-35976	-32584	-32685
-35966	-29459	-34073
-35948	-33577	-31632
-35922	-31056	-33947
-35907	-31091	-33982
-35904	-32281	-33010
-35897	-34508	-29112
-35895	-33796	-31058
-35877	-34022	-30807
-35874	-33436	-31727
-35860	-29446	-34275
-35848	-30001	-34252
-35841	-32560	-32757
-35836	-33827	-31356
-35833	-30036	-34287
-35812	-29660	-34356
-35791	-34378	-30419
-35774	-33537	-31751
-35773	-34048	-30518
-35754	-33545	-31796
-35742	-34528	-29131
-35740	-31209	-33672
-35727	-33756	-31566
-35727	-30438	-34033
-35672	-32580	-32786
-35666	-32067	-33322
-35657	-32623	-32814
-35646	-34030	-30952
-35621	-30425	-34235
-35611	-33098	-32286
-35603	-31245	-33829
-35582	-31836	-33650
-35561	-32747	-32677
-35559	-31569	-33870
-35556	-33051	-32556
-35553	-32726	-32941
-35548	-34560	-29676
-35537	-34735	-27470
-35532	-32055	-33413
-35527	-31941	-33498
-35525	-32111	-33211
-35498	-29825	-34290
-35481	-34073	-30613
-35473	-33975	-31165
-35451	-30294	-34282
-35449	-33231	-31886
-35436	-30329	-34317
-35415	-30569	-34134
-35383	-30544	-34159
-35361	-32015	-33584
-35360	-34449	-30114
-35346	-34107	-30688
-35338	-30777	-34217
-35331	-34179	-30818
-35315	-34706	-28686
-35311	-32234	-33347
-35282	-33485	-31835
-35275	-32258	-33125
-35273	-33401	-31948
-35267	-33557	-31965
-35242	-31692	-33772
-35210	-32335	-32992
-35207	-32480	-32961
-35192	-32552	-33091
-35189	-32227	-33476
-35163	-29375	-34427
-35160	-34634	-29099
-35135	-33565	-31727
-35130	-31263	-33941
-35122	-32244	-33142
-35104	-32322	-33194
-35088	-30254	-34386
-35080	-29642	-34428
-35065	-29677	-34463
-35042	-33282	-32011
-35030	-31441	-33916
-35023	-33701	-31590
-35020	-27688	-34672
-35018	-32875	-32634
-34997	-34713	-28434
-34991	-34035	-30940
-34984	-33907	-31357
-34941	-34577	-29247
-34941	-31070	-34247
-34933	-34289	-30488
-34911	-31759	-33660
-34909	-31442	-33875
-34908	-30132	-34414
-34872	-32621	-32970
-34867	-29600	-34525
-34835	-30056	-34434
-34822	-29833	-34583
-34807	-33056	-32485
-34797	-33054	-32568
-34792	-31549	-33919
-34790	-31119	-34063
-34779	-32944	-32570
-34761	-32691	-33085
-34761	-29587	-34727
-34753	-33788	-31420
-34738	-33860	-31550
-34733	-30821	-34255
-34729	-33381	-32043
-34720	-31249	-34181
-34706	-33382	-32062
-34684	-31106	-34265
-34652	-33076	-32504
-34637	-31569	-33938
-34610	-33406	-31975
-34603	-28562	-34748
-34588	-28597	-34783
-34571	-31728	-33853
-34570	-30418	-34393
-34564	-30147	-34464
-34551	-33402	-32081
-34508	-33560	-31977
-34494	-34005	-31574
-34490	-33450	-31979
-34475	-33522	-32109
-34454	-32362	-33281
-34413	-34279	-30960
-34390	-28935	-34873
-34389	-34580	-29512
-34337	-32770	-32663
-34322	-34597	-29178
-34322	-32842	-32793
-34317	-34754	-28334
-34302	-34641	-28752
-34261	-32712	-33012
-34258	-30171	-34432
-34216	-34525	-29725
-34203	-32105	-33578
-34196	-30743	-34270
-34188	-34627	-29789
-34187	-30522	-34402
-34172	-30594	-34532
-34171	-32304	-33377
-34170	-32823	-32931
-34154	-29631	-34655
-34131	-28955	-34731
-34116	-32949	-32597
-34081	-30509	-34604
-34070	-33658	-31622
-34056	-29904	-34615
-34049	-33734	-31843
-34027	-29195	-34840
-33830	-33178	-32250
-33807	-33320	-32181
-33777	-28086	-35021
-33764	-28805	-34879
-33755	-29624	-34692
-33722	-28733	-34945
-33719	-33248	-32365
-33714	-30055	-34718
-33630	-28902	-34882
-33618	-27718	-35062
-33585	-31606	-33955
-33569	-34647	-29720
-33475	-28922	-34901
-33430	-33754	-31774
-33372	-30691	-34617
-33337	-32496	-33415
-33277	-29260	-34991
-33271	-28590	-35073
-33253	-27580	-35110
-33239	-34890	-28217
-33070	-31320	-34186
-33056	-33253	-32392
-33038	-33143	-32394
-33020	-32890	-32909
-33005	-29274	-34815
-32980	-29663	-34831
-32960	-29507	-34873
-32915	-27866	-35089
-32811	-28106	-35198
-32719	-31997	-33792
-32620	-34910	-28148
-32265	-28627	-35038
-32253	-30096	-34629
-32227	-29010	-35020
-31935	-28139	-35131
-31692	-28474	-35126
-31615	-27385	-35330
