-28895	-18709	-23081
-28862	-20586	-24608
-28802	-19761	-24733
-28771	-19619	-24997
-28741	-21355	-23951
-28705	-21403	-24881
-28659	-21435	-25672
-28639	-21591	-24e3
-28634	-21940	-24284
-28568	-22128	-23403
-28554	-20987	-26544
-28525	-21599	-25074
-28509	-21086	-26080
-28488	-21979	-25219
-28486	-22208	-25124
-28464	-21773	-25419
-28406	-22665	-24408
-28381	-21760	-25996
-28348	-21887	-25431
-28265	-21320	-26140
-28214	-22014	-25798
-28180	-20801	-26722
-28162	-21094	-26497
-28162	-21038	-26760
-28155	-22426	-24736
-28109	-21566	-26670
-28075	-21473	-26996
-28072	-22229	-26037
-28062	-22367	-24834
-28047	-21749	-26431
-28043	-21752	-26350
-27958	-20696	-27086
-27910	-21498	-26893
-27908	-21727	-26798
-27907	-22254	-25934
-27874	-22522	-25883
-27867	-21966	-26478
-27827	-22711	-25218
-27803	-21279	-27670
-27800	-22035	-26711
-27798	-22313	-26246
-27789	-22385	-26651
-27776	-22935	-25485
-27772	-22978	-23741
-27770	-21513	-26954
-27762	-21518	-27350
-27748	-23088	-23965
-27735	-22500	-26250
-27730	-22542	-26291
-27728	-22771	-26196
-27721	-21614	-26967
-27717	-21617	-26886
-27696	-23024	-25662
-27684	-21937	-27523
-27682	-22480	-26464
-27679	-22979	-26058
-27672	-23250	-26004
-27668	-21963	-27140
-27630	-22052	-27122
-27623	-22323	-27068
-27607	-23467	-25160
-27581	-23273	-25232
-27575	-22261	-27241
-27568	-21330	-27558
-27567	-22802	-26876
-27530	-20920	-27952
-27521	-22815	-26664
-27512	-20912	-28238
-27496	-20948	-27720
-27493	-23671	-24623
-27489	-21309	-27674
-27465	-21471	-28165
-27454	-21499	-27630
-27453	-21987	-27391
-27451	-22314	-27154
-27440	-21748	-27596
-27430	-21485	-27800
-27416	-22367	-27536
-27415	-21844	-28171
-27414	-22596	-27441
-27392	-22161	-27736
-27387	-22979	-26066
-27370	-22199	-27585
-27361	-21959	-27770
-27351	-21954	-27914
-27350	-22939	-26452
-27347	-23065	-26751
-27343	-23210	-26398
-27326	-23153	-26411
-27325	-23202	-26684
-27324	-23473	-25014
-27323	-22732	-27192
-27316	-20791	-28330
-27309	-23238	-26166
-27301	-22327	-27920
-27263	-22785	-26938
-27255	-23299	-25220
-27248	-23409	-25714
-27242	-22617	-27623
-27235	-21942	-27975
-27233	-20927	-28462
-27223	-22372	-27952
-27221	-22705	-27283
-27219	-22934	-27188
-27193	-23640	-24813
-27182	-22670	-27369
-27174	-23803	-23713
-27172	-21300	-28448
-27161	-21650	-28388
-27160	-22952	-26920
-27156	-22841	-27262
-27155	-23438	-25651
-27155	-23277	-26199
-27154	-20663	-28669
-27148	-23548	-26145
-27143	-24056	-23336
-27137	-23269	-26485
-27130	-23540	-26431
-27129	-23020	-27335
-27125	-23165	-26982
-27076	-20708	-28701
-27071	-23623	-25825
-27069	-23073	-27081
-27063	-20517	-28924
-27062	-23344	-27027
-27062	-22715	-27427
-27055	-22986	-27373
-27046	-22496	-27715
-27044	-21718	-28486
-27041	-22159	-27979
-27023	-23634	-25400
-27023	-22151	-28265
-27022	-21001	-28729
-27020	-22717	-27854
-27016	-23744	-25894
-27001	-21716	-28560
-26985	-22805	-27444
-26982	-23801	-26311
-26973	-22405	-28028
-26968	-23866	-25343
-26964	-22625	-27953
-26957	-22896	-27899
-26944	-21046	-28761
-26935	-23178	-27450
-26919	-23385	-26521
-26913	-22577	-28017
-26912	-23495	-27015
-26910	-23841	-26035
-26895	-22450	-28060
-26891	-22339	-28402
-26887	-22901	-27638
-26884	-21414	-28911
-26883	-23165	-27528
-26875	-23231	-27196
-26871	-23120	-27538
-26849	-23388	-27160
-26844	-21497	-28799
-26835	-22818	-28210
-26823	-22114	-28563
-26810	-24192	-23818
-26807	-23047	-27887
-26801	-23500	-26825
-26786	-24008	-24539
-26786	-22893	-28021
-26785	-23108	-27550
-26767	-23528	-26593
-26763	-23612	-26799
-26763	-23390	-27101
-26759	-22617	-28347
-26758	-20556	-28966
-26757	-21527	-28633
-26745	-23604	-27085
-26745	-22159	-28595
-26722	-24069	-25288
-26708	-21545	-28843
-26704	-23228	-27318
-26699	-23332	-27189
-26697	-21895	-28783
-26695	-22532	-28601
-26690	-23793	-26379
-26674	-24295	-24730
-26661	-22560	-28369
-26657	-23413	-27149
-26653	-23267	-27252
-26640	-23156	-27957
-26639	-22697	-28302
-26635	-23259	-27538
-26630	-21590	-28875
-26598	-23589	-27422
-26595	-22669	-28532
-26583	-21284	-28916
-26580	-23295	-27808
-26580	-21963	-28881
-26579	-23344	-27751
-26558	-23960	-26021
-26558	-22861	-28032
-26556	-22962	-28249
-26551	-24069	-25671
-26544	-23622	-26416
-26541	-24212	-25485
-26535	-22722	-28278
-26526	-23614	-26702
-26523	-22744	-28252
-26516	-23015	-28198
-26508	-22699	-28366
-26502	-23340	-27840
-26495	-21997	-28807
-26493	-23141	-28294
-26489	-21535	-29084
-26480	-21291	-29156
-26477	-22211	-28791
-26476	-23511	-27733
-26474	-22896	-28623
-26460	-23968	-26042
-26452	-23178	-28174
-26449	-23619	-26811
-26442	-22094	-29011
-26434	-24306	-24454
-26432	-23871	-26275
-26427	-24027	-25895
-26427	-22584	-28797
-26420	-21659	-29306
-26416	-23564	-27479
-26407	-23365	-27933
-26405	-23736	-26509
-26396	-23641	-26653
-26389	-23071	-28319
-26371	-23063	-28605
-26365	-23965	-26437
-26348	-24217	-25901
-26328	-21845	-29063
-26327	-23822	-27217
-26326	-24295	-26201
-26325	-22791	-28709
-26321	-23353	-27945
-26319	-23848	-26946
-26311	-23116	-28351
-26281	-22404	-28990
-26280	-23390	-27825
-26262	-24306	-24680
-26262	-23191	-28162
-26244	-24413	-24e3
-26239	-23688	-27242
-26231	-22463	-28889
-26217	-23283	-27970
-26199	-23275	-28256
-26198	-23905	-26592
-26193	-23658	-27544
-26181	-22541	-28921
-26176	-23415	-27801
-26175	-22942	-28697
-26168	-24621	-24676
-26158	-22634	-28733
-26145	-23881	-26649
-26139	-23328	-28002
-26133	-23711	-27290
-26130	-23129	-28456
-26129	-23600	-27632
-26110	-23616	-27743
-26104	-21313	-29345
-26096	-23872	-27085
-26084	-22877	-28818
-26083	-22911	-28718
-26080	-24368	-25628
-26072	-21304	-29390
-26071	-22967	-28673
-26049	-20955	-29463
-26048	-23464	-27753
-26047	-23935	-26929
-26041	-23364	-28083
-26040	-22176	-28992
-26036	-24038	-26582
-26034	-24287	-26269
-26018	-21258	-29471
-26015	-23415	-28042
-26011	-23705	-27307
-26010	-23689	-27380
-26006	-23455	-27792
-26002	-21514	-29390
-25998	-23101	-28457
-25994	-23663	-27693
-25993	-22252	-29103
-25990	-22549	-28998
-25972	-23800	-27626
-25971	-21817	-29398
-25965	-21833	-29225
-25958	-22104	-29171
-25956	-23836	-27108
-25943	-22311	-29002
-25941	-23622	-27849
-25938	-23828	-27394
-25934	-23028	-28806
-25933	-24139	-26392
-25928	-20694	-29506
-25920	-22328	-29038
-25918	-22392	-29152
-25915	-24131	-26678
-25911	-22663	-29098
-25899	-23179	-28324
-25892	-24596	-24881
-25888	-22756	-28910
-25870	-22970	-28894
-25866	-23978	-27360
-25864	-23618	-27938
-25862	-23983	-26847
-25860	-23507	-28280
-25859	-23531	-28105
-25848	-23252	-28445
-25845	-20830	-29638
-25843	-24063	-26780
-25841	-23523	-28391
-25836	-23174	-28721
-25784	-24028	-26879
-25784	-21152	-29503
-25781	-23576	-28137
-25779	-23993	-26992
-25762	-23240	-28457
-25745	-24008	-26930
-25741	-23596	-28028
-25741	-21301	-29507
-25728	-24487	-25614
-25727	-24243	-26535
-25726	-23100	-28789
-25725	-22304	-29299
-25722	-22989	-29131
-25717	-23263	-28469
-25714	-23888	-27411
-25709	-24361	-25766
-25700	-24374	-26505
-25698	-23182	-28545
-25695	-23564	-28149
-25687	-23743	-27756
-25681	-24126	-27044
-25673	-23394	-28449
-25670	-22749	-29207
-25669	-23735	-28042
-25660	-23746	-27789
-25655	-21246	-29633
-25648	-21517	-29579
-25637	-24386	-25985
-25619	-24378	-26271
-25613	-23093	-28805
-25609	-23788	-27788
-25608	-21805	-29560
-25603	-24171	-27076
-25597	-24554	-25488
-25588	-24717	-25168
-25582	-23295	-28628
-25574	-23970	-27428
-25571	-23016	-28968
-25570	-24813	-24089
-25567	-23941	-27454
-25564	-23287	-28914
-25550	-23372	-28539
-25535	-24492	-26030
-25535	-20867	-29653
-25529	-22183	-29391
-25529	-20259	-29873
-25519	-24517	-26702
-25515	-23935	-27527
-25504	-23340	-28660
-25497	-24349	-26810
-25497	-20475	-29722
-25490	-23902	-27555
-25489	-23986	-27486
-25485	-24908	-24553
-25482	-20818	-29800
-25480	-24149	-27166
-25474	-22628	-29299
-25472	-23894	-27841
-25467	-23041	-28944
-25421	-22147	-29517
-25412	-23947	-27587
-25407	-21603	-29688
-25405	-23452	-28512
-25363	-23088	-28951
-25360	-22162	-29615
-25358	-23709	-28251
-25354	-22178	-29442
-25352	-24825	-25308
-25334	-24078	-27724
-25322	-23824	-27941
-25318	-24114	-27206
-25317	-21039	-29723
-25316	-22402	-29309
-25312	-24911	-25993
-25309	-22673	-29255
-25307	-22737	-29369
-25300	-24106	-27492
-25298	-23762	-27997
-25288	-22269	-29500
-25277	-25058	-23257
-25250	-24424	-27350
-25237	-21101	-29717
-25234	-23588	-28392
-25232	-23248	-28992
-25225	-23519	-28938
-25225	-21076	-29721
-25220	-23893	-28134
-25212	-24618	-26142
-25211	-24056	-27814
-25199	-23099	-29007
-25195	-21607	-29684
-25186	-23921	-27902
-25171	-22966	-29198
-25151	-22269	-29694
-25143	-23854	-28235
-25134	-20463	-29884
-25118	-23063	-29402
-25115	-23445	-29006
-25109	-23226	-29082
-25083	-23553	-28591
-25057	-23842	-28247
-25053	-23731	-28589
-25046	-22524	-29486
-25044	-21591	-29850
-25029	-23669	-28645
-25020	-23832	-28325
-25019	-22585	-29482
-24997	-22150	-29777
-24971	-24066	-27886
-24948	-24467	-27013
-24946	-23275	-29053
-24943	-23657	-28657
-24934	-23820	-28337
-24931	-24566	-26301
-24918	-22528	-29608
-24916	-20781	-30011
-24870	-24901	-26098
-24869	-22736	-29470
-24867	-24471	-26779
-24866	-23618	-28758
-24862	-21064	-29883
-24857	-23881	-28296
-24853	-23968	-28290
-24848	-24044	-27976
-24807	-24524	-26525
-24806	-23317	-29114
-24803	-21914	-29778
-24798	-24687	-26205
-24783	-24585	-26538
-24771	-20289	-30073
-24767	-24610	-27210
-24765	-22761	-29446
-24759	-23162	-29222
-24758	-24130	-27569
-24752	-23433	-29168
-24743	-23596	-28848
-24741	-25113	-24890
-24739	-23783	-28700
-24736	-21937	-29894
-24722	-24987	-25042
-24712	-25227	-24573
-24707	-20932	-29903
-24687	-23341	-29193
-24675	-24720	-26274
-24671	-24231	-27536
-24663	-24624	-26364
-24660	-24040	-28095
-24651	-24203	-27775
-24621	-22729	-29480
-24614	-22371	-29826
-24600	-24918	-25816
-24570	-23917	-28449
-24569	-22640	-29538
-24567	-23995	-28351
-24548	-25118	-25306
-24547	-22741	-29477
-24523	-23239	-29440
-24504	-22797	-29578
-24497	-22819	-29509
-24490	-24374	-27733
-24488	-24252	-27746
-24480	-24957	-25642
-24475	-24602	-27278
-24466	-24765	-26958
-24466	-20935	-29908
-24448	-25358	-24058
-24431	-24212	-27950
-24429	-25232	-24210
-24429	-24090	-27963
-24425	-19813	-30081
-24392	-21079	-30152
-24390	-21260	-29996
-24389	-25041	-25463
-24388	-21582	-29978
-24383	-23804	-28618
-24370	-24154	-28150
-24365	-24230	-27836
-24324	-23642	-28835
-24323	-23503	-28974
-24299	-22409	-29704
-24266	-22016	-29910
-24260	-23782	-28708
-24259	-24829	-26249
-24255	-25363	-24474
-24251	-21409	-30100
-24243	-22888	-29512
-24201	-23620	-28925
-24167	-22287	-29862
-24164	-23338	-29260
-24160	-22558	-29808
-24152	-23854	-28486
-24139	-24204	-28018
-24118	-24994	-26606
-24111	-22766	-29670
-24107	-23879	-28558
-24104	-23037	-29616
-24080	-25157	-25127
-24046	-24780	-26713
-24041	-23316	-29350
-24029	-23832	-28576
-24014	-24758	-27421
-23995	-22252	-29922
-23990	-24160	-28532
-23990	-21196	-30217
-23932	-25176	-25364
-23909	-24310	-28293
-23880	-25376	-24854
-23880	-21622	-29969
-23856	-22401	-30026
-23854	-25029	-26208
-23812	-25215	-25190
-23793	-22680	-29760
-23785	-25115	-25734
-23768	-25379	-25319
-23728	-25050	-26150
-23647	-24553	-27558
-23632	-21290	-30196
-23613	-23525	-29017
-23548	-23682	-29057
-23517	-25173	-25797
-23510	-21925	-30034
-23508	-22046	-30110
-23478	-24717	-27633
-23404	-19811	-30242
-23371	-21077	-30313
-23356	-25082	-26130
-23352	-24021	-28670
-23328	-25250	-25635
-23295	-25050	-26911
-23283	-25742	-24309
-23211	-23843	-28943
-23186	-24709	-27701
-23169	-21505	-30151
-23168	-25383	-24677
-23159	-25546	-24357
-23128	-25469	-25362
-23110	-22473	-29886
-23060	-25308	-25698
-22997	-24321	-27978
-22956	-22807	-29697
-22900	-23286	-29505
-22827	-25771	-23576
-22824	-25590	-25649
-22820	-20002	-30560
-22804	-21306	-30205
-22731	-25616	-25090
-22689	-25188	-26039
-22687	-25417	-25944
-22658	-23908	-29006
-22571	-25749	-24132
-22531	-25835	-24817
-22462	-24247	-28619
-22407	-25639	-24865
-22277	-24809	-27802
-22075	-25864	-24084
-21724	-25870	-23601
