-38983	-30324	-29543
-38960	-30342	-29591
-38781	-30480	-29457
-38758	-30498	-29505
-38613	-32120	-30768
-38594	-31786	-30812
-38495	-31642	-31293
-38490	-31868	-31138
-38354	-33198	-30996
-38338	-32832	-32133
-38284	-32779	-32290
-38272	-32864	-32210
-38243	-33361	-32254
-38209	-32557	-32306
-38180	-33054	-32350
-38100	-33177	-32462
-38092	-32318	-32792
-38080	-32403	-32712
-38055	-33691	-31798
-38051	-32900	-32756
-38016	-33561	-31800
-37997	-33515	-32438
-37934	-33084	-32570
-37921	-33190	-32840
-37898	-33976	-31931
-37868	-33244	-33024
-37837	-33260	-32695
-37835	-33669	-32027
-37826	-33457	-32639
-37818	-33563	-32801
-37810	-33736	-32253
-37795	-33449	-32811
-37762	-33466	-32861
-37755	-33792	-32139
-37723	-31676	-33343
-37703	-33688	-32558
-37692	-34102	-32348
-37681	-33586	-32577
-37677	-33750	-32561
-37639	-34156	-32532
-37606	-33483	-32844
-37603	-33736	-32589
-37601	-33425	-32963
-37596	-34204	-32200
-37594	-33568	-32764
-37589	-33510	-32883
-37585	-33261	-33014
-37546	-33973	-32691
-37542	-33951	-32818
-37537	-33893	-32937
-37533	-34378	-32369
-37532	-33029	-33043
-37503	-33526	-33087
-37473	-34178	-32478
-37469	-33203	-33212
-37462	-34043	-32546
-37440	-33700	-33256
-37426	-31189	-33414
-37417	-34081	-32538
-37417	-33841	-32952
-37406	-34116	-33067
-37377	-34395	-32352
-37372	-34337	-32471
-37349	-33121	-33257
-37308	-33162	-33314
-37293	-34465	-32207
-37288	-34776	-31250
-37288	-34407	-32326
-37284	-33717	-33239
-37279	-33659	-33358
-37278	-32494	-33446
-37274	-34164	-32713
-37272	-33802	-33159
-37271	-33772	-33170
-37267	-33744	-33278
-37264	-32943	-33489
-37260	-34186	-32960
-37259	-33857	-33090
-37258	-34117	-32973
-37248	-34271	-32880
-37245	-34647	-31445
-37243	-33761	-33190
-37220	-34680	-32485
-37215	-34622	-32604
-37198	-33839	-33115
-37190	-33815	-33374
-37187	-34202	-33263
-37182	-34144	-33382
-37177	-33385	-33444
-37164	-34288	-32812
-37152	-34373	-32732
-37123	-34905	-31223
-37113	-33853	-33418
-37104	-34203	-32943
-37101	-34702	-32289
-37095	-34315	-32933
-37091	-34548	-32746
-37087	-34230	-32982
-37080	-33870	-33468
-37034	-33442	-33491
-37026	-34161	-33365
-37007	-34923	-30953
-36999	-34321	-32911
-36996	-34836	-31251
-36996	-34356	-32793
-36991	-34332	-32834
-36985	-34720	-32019
-36965	-32163	-33591
-36954	-34399	-32836
-36954	-34129	-33439
-36950	-34958	-30126
-36945	-34479	-32964
-36944	-33178	-33612
-36943	-34875	-31714
-36940	-34421	-33083
-36933	-34564	-32884
-36932	-34824	-32767
-36928	-34506	-33003
-36924	-33887	-33451
-36923	-34993	-30808
-36919	-33829	-33570
-36905	-34643	-32771
-36901	-34291	-33085
-36900	-34585	-32890
-36893	-35174	-31227
-36882	-35058	-31995
-36874	-30790	-33996
-36870	-35407	-31230
-36867	-34437	-33386
-36864	-34522	-33168
-36860	-34355	-33425
-36855	-34297	-33544
-36849	-32060	-33794
-36848	-35204	-32296
-36843	-35146	-32415
-36842	-34817	-32940
-36837	-34759	-33059
-36819	-34600	-33093
-36814	-34542	-33212
-36773	-31681	-33994
-36764	-34457	-33277
-36760	-34105	-33591
-36759	-34399	-33396
-36754	-34577	-33262
-36746	-34919	-32792
-36741	-34861	-32911
-36708	-35267	-31361
-36701	-34631	-33446
-36700	-34966	-32432
-36696	-34573	-33565
-36687	-32143	-33956
-36681	-34776	-33042
-36674	-34257	-33579
-36669	-34861	-32962
-36669	-33526	-33592
-36658	-34679	-33114
-36652	-35078	-32497
-36647	-35020	-32616
-36635	-33311	-33660
-36630	-33733	-33664
-36621	-35596	-31036
-36610	-35480	-31804
-36607	-35008	-32671
-36593	-33865	-33650
-36585	-34878	-32894
-36573	-34963	-32814
-36573	-34704	-33130
-36567	-35351	-31999
-36565	-35181	-32868
-36540	-34590	-33548
-36538	-34276	-33569
-36533	-34218	-33688
-36526	-35550	-31659
-36522	-35052	-33063
-36520	-32981	-33694
-36510	-35137	-32983
-36497	-34638	-33216
-36488	-34296	-33613
-36483	-35421	-31854
-36471	-34160	-33706
-36466	-35195	-32431
-36466	-34102	-33825
-36454	-32511	-33876
-36434	-34812	-33385
-36414	-34980	-33151
-36410	-31999	-34261
-36385	-35259	-32436
-36377	-34235	-33671
-36375	-34719	-33521
-36350	-34882	-33240
-36347	-34410	-33741
-36342	-34736	-33571
-36335	-35418	-32561
-36310	-34119	-33808
-36296	-34949	-33214
-36284	-35328	-32571
-36276	-34430	-33663
-36269	-34163	-33759
-36261	-33652	-33989
-36258	-34997	-33134
-36252	-34218	-33788
-36251	-35488	-32416
-36246	-35082	-33054
-36241	-34632	-33578
-36218	-34511	-33692
-36213	-34604	-33832
-36193	-34891	-33246
-36188	-34833	-33365
-36188	-34686	-33762
-36179	-32256	-34153
-36177	-33722	-33844
-36175	-33781	-33961
-36162	-35932	-31965
-36154	-35066	-33115
-36148	-34969	-33171
-36143	-34911	-33290
-36131	-35078	-33187
-36122	-33846	-33861
-36111	-35842	-31975
-36100	-35152	-32947
-36083	-32912	-34242
-36077	-35948	-31524
-36071	-35576	-32361
-36063	-35338	-32793
-36056	-35189	-33148
-36055	-35985	-31343
-36054	-36051	-30332
-36032	-34850	-33348
-36028	-35447	-32556
-36025	-34934	-33376
-36025	-34331	-33885
-36024	-36104	-30326
-36016	-35203	-32944
-36015	-35792	-32359
-36008	-34718	-33590
-36004	-35254	-32799
-36002	-35441	-32720
-35971	-34881	-33533
-35958	-34215	-34022
-35940	-35574	-32788
-35940	-35207	-32878
-35932	-34751	-33535
-35931	-35045	-33340
-35919	-35894	-32211
-35918	-35821	-32249
-35910	-33136	-34123
-35901	-35939	-31899
-35895	-36113	-31904
-35887	-35261	-33062
-35886	-35521	-32945
-35884	-34995	-33459
-35882	-35257	-33137
-35874	-35606	-32865
-35873	-35126	-33369
-35868	-35219	-33509
-35858	-33305	-34025
-35843	-36226	-31325
-35827	-35464	-33177
-35816	-36327	-29840
-35790	-31699	-34300
-35789	-35689	-32510
-35788	-35766	-32781
-35784	-35599	-33038
-35781	-33779	-34056
-35778	-34701	-33726
-35772	-35321	-33361
-35771	-35248	-33399
-35753	-33765	-34186
-35743	-35844	-32706
-35724	-36122	-32051
-35721	-35650	-32918
-35693	-36138	-31722
-35688	-35701	-32890
-35681	-36170	-31719
-35675	-33898	-34140
-35655	-35604	-33028
-35646	-35283	-33403
-35643	-34363	-33879
-35642	-35116	-33660
-35633	-32992	-34428
-35617	-36237	-31468
-35606	-36051	-32079
-35601	-35361	-33328
-35594	-36415	-31131
-35589	-33161	-34269
-35580	-36076	-32190
-35575	-33025	-34439
-35573	-36459	-31267
-35564	-35867	-32308
-35558	-35496	-33189
-35551	-36286	-31326
-35550	-36042	-32289
-35546	-35218	-33512
-35526	-33390	-34246
-35525	-34333	-33920
-35521	-36339	-31320
-35517	-35741	-32857
-35505	-36120	-32214
-35475	-36311	-31857
-35459	-35478	-33229
-35455	-35890	-32397
-35448	-33198	-34362
-35439	-35962	-32434
-35437	-35230	-33418
-35432	-36359	-31525
-35432	-36182	-32052
-35402	-33249	-34320
-35393	-35625	-33162
-35392	-34813	-33682
-35390	-36337	-31747
-35387	-34727	-33850
-35381	-34524	-33868
-35378	-35781	-32745
-35356	-36514	-31166
-35355	-36342	-31963
-35342	-36352	-31698
-35333	-36148	-32175
-35333	-35859	-32670
-35332	-36634	-31618
-35321	-35944	-32590
-35319	-36353	-31888
-35317	-36688	-30298
-35289	-36406	-31882
-35280	-36090	-32327
-35276	-35903	-32775
-35270	-33944	-34110
-35269	-34697	-33891
-35268	-34534	-33996
-35264	-35988	-32695
-35230	-35926	-32856
-35217	-35575	-33217
-35214	-32482	-34456
-35192	-35673	-33176
-35186	-32468	-34586
-35180	-36005	-32627
-35178	-36168	-32420
-35178	-35538	-33483
-35147	-36022	-32435
-35133	-35955	-32746
-35122	-36201	-31964
-35122	-33965	-34075
-35103	-36417	-32179
-35103	-33650	-34325
-35094	-35918	-33012
-35088	-35020	-33700
-35068	-36683	-31110
-35057	-34229	-34094
-35049	-34619	-33912
-35042	-36189	-32362
-35031	-35064	-33805
-35030	-36274	-32282
-35027	-35802	-33149
-35013	-32692	-34467
-35007	-36519	-32031
-34997	-36699	-31251
-34993	-35556	-33237
-34992	-36040	-33042
-34986	-35142	-33730
-34955	-32753	-34459
-34952	-36065	-32571
-34952	-35435	-33634
-34946	-35232	-33652
-34931	-36851	-31145
-34909	-33925	-34155
-34908	-36196	-32649
-34889	-31981	-34657
-34871	-36673	-31509
-34868	-35815	-33163
-34866	-33559	-34513
-34865	-36693	-31687
-34863	-35908	-33303
-34862	-32578	-34670
-34856	-36698	-31440
-34829	-34017	-34153
-34826	-36751	-31434
-34823	-33814	-34171
-34820	-33689	-34232
-34809	-36820	-31418
-34779	-36243	-32475
-34772	-36264	-32375
-34771	-31999	-34671
-34770	-34841	-34037
-34769	-36795	-31539
-34746	-36526	-31965
-34723	-34211	-34113
-34713	-36424	-32489
-34713	-30832	-34921
-34703	-33980	-34189
-34697	-35046	-33824
-34696	-34210	-34139
-34690	-36716	-32144
-34688	-37065	-30524
-34684	-34104	-34166
-34671	-35582	-33337
-34670	-36472	-32157
-34647	-36764	-31812
-34642	-36088	-32671
-34621	-34333	-34143
-34619	-37081	-30975
-34617	-36526	-32341
-34608	-35519	-33493
-34594	-36818	-31996
-34586	-36222	-32749
-34582	-36055	-33006
-34575	-36923	-31252
-34556	-32305	-34875
-34515	-33134	-34564
-34512	-35621	-33345
-34502	-36292	-32604
-34498	-36125	-32861
-34497	-34220	-34494
-34486	-36157	-32858
-34482	-32421	-34724
-34468	-35585	-33519
-34465	-31726	-34876
-34464	-37117	-30876
-34452	-33363	-34541
-34427	-34377	-34189
-34425	-35456	-33714
-34421	-33058	-34763
-34413	-36736	-32153
-34409	-36569	-32410
-34409	-34822	-34082
-34403	-34619	-34100
-34393	-36978	-31126
-34393	-36263	-32668
-34367	-37146	-30766
-34350	-36849	-31321
-34336	-35614	-33482
-34325	-36586	-32342
-34320	-36902	-31315
-34293	-35959	-33100
-34292	-36993	-31061
-34283	-35668	-33666
-34266	-36793	-32240
-34266	-36163	-33303
-34263	-37153	-31082
-34259	-36270	-32955
-34240	-35716	-33334
-34217	-34908	-33972
-34193	-35150	-33883
-34192	-37169	-31223
-34182	-36543	-32832
-34175	-37012	-31661
-34171	-36845	-31918
-34160	-36894	-31724
-34148	-36576	-32344
-34121	-32402	-34769
-34087	-36915	-31773
-34087	-36862	-31850
-34062	-37198	-30450
-34044	-34013	-34495
-34038	-33810	-34513
-34028	-37195	-30684
-34021	-36546	-32463
-34009	-30785	-35059
-34003	-36932	-31705
-33986	-35181	-33737
-33970	-37339	-30424
-33957	-33521	-34567
-33954	-33224	-34609
-33952	-33897	-34611
-33926	-37222	-30486
-33926	-34732	-34322
-33918	-30206	-35060
-33898	-36842	-32421
-33890	-36922	-31953
-33876	-37060	-31777
-33873	-37231	-30585
-33860	-36975	-31947
-33845	-36864	-32031
-33831	-37185	-31083
-33830	-32047	-34925
-33803	-35226	-33751
-33788	-32551	-34965
-33787	-32833	-34838
-33782	-37184	-31187
-33775	-36420	-32840
-33775	-36248	-32981
-33774	-37436	-30850
-33772	-36558	-32796
-33756	-37197	-30936
-33730	-35735	-33601
-33729	-36606	-32464
-33713	-36230	-33238
-33698	-37111	-31252
-33683	-37330	-31194
-33676	-36660	-32648
-33670	-33124	-34795
-33656	-33246	-34755
-33655	-33410	-34682
-33652	-37198	-31461
-33645	-36375	-33013
-33640	-35217	-33818
-33629	-36610	-32767
-33608	-37463	-29866
-33599	-37252	-31645
-33591	-35270	-33809
-33591	-33878	-34656
-33574	-35765	-33446
-33566	-35250	-33854
-33548	-37333	-31001
-33534	-36994	-32060
-33498	-37493	-30071
-33467	-34322	-34341
-33464	-37490	-30305
-33414	-37563	-29926
-33373	-32637	-34866
-33368	-37438	-30603
-33334	-34944	-34023
-33327	-37402	-31301
-33321	-37533	-30547
-33310	-37432	-31036
-33299	-35330	-33810
-33296	-37270	-31568
-33271	-37606	-30168
-33268	-37587	-30731
-33256	-37618	-29591
-33246	-35885	-33486
-33235	-32618	-34900
-33232	-31778	-35226
-33231	-35282	-33999
-33229	-36380	-33123
-33219	-36625	-32731
-33192	-33067	-35085
-33135	-35384	-33851
-33134	-37670	-28901
-33123	-36727	-32583
-33119	-37625	-30815
-33103	-33313	-34690
-33046	-37319	-31580
-33012	-37278	-31692
-32993	-31925	-35104
-32988	-37694	-29706
-32981	-34979	-34021
-32954	-35945	-33487
-32928	-36955	-32423
-32881	-34849	-34254
-32864	-37026	-31839
-32834	-37079	-31833
-32832	-36203	-33265
-32791	-34331	-34471
-32784	-37732	-29246
-32773	-36501	-32864
-32742	-37284	-31617
-32724	-35883	-33620
-32720	-37338	-31693
-32719	-33187	-34902
-32705	-37846	-28473
-32690	-37391	-31687
-32688	-37870	-29514
-32651	-37642	-30872
-32640	-35953	-33475
-32618	-37663	-30082
-32589	-37016	-32102
-32578	-33698	-34798
-32555	-32702	-35155
-32551	-37142	-32263
-32549	-32499	-35173
-32540	-37959	-29407
-32491	-33206	-34870
-32482	-37614	-31201
-32481	-37738	-29560
-32468	-37918	-29585
-32438	-32993	-35112
-32432	-32790	-35130
-32426	-33522	-34884
-32424	-33115	-35072
-32398	-37684	-31056
-32332	-37942	-29621
-32304	-36909	-32613
-32303	-31906	-35302
-32281	-37146	-31768
-32260	-38066	-28382
-32222	-33321	-34913
-32203	-37200	-31781
-32199	-37887	-29673
-32188	-38025	-28560
-32141	-38141	-28094
-32111	-37707	-29936
-32098	-37709	-30807
-32097	-37454	-31703
-32089	-38050	-30329
-32075	-31925	-35270
-32022	-38141	-28148
-31938	-38211	-28003
-31879	-37774	-30498
-31861	-33302	-34958
-31855	-38134	-29223
-31847	-33424	-34918
-31833	-37797	-30579
-31795	-37844	-30353
-31778	-31438	-35341
-31771	-38204	-29078
-31757	-38236	-27700
-31683	-38052	-30082
-31545	-32122	-35222
-31533	-31813	-35389
-31527	-31610	-35407
-31504	-38278	-27884
-31487	-38302	-28925
-31448	-37872	-30972
-31317	-32141	-35190
-31303	-38308	-29185
-31196	-38145	-29406
-30956	-32122	-35235
-30933	-38277	-29561
-30884	-37781	-31084
-30851	-38335	-27798
-30834	-38434	-28497
-30729	-30896	-35448
-30715	-38434	-28551
-30701	-38344	-30123
-30481	-38513	-28432
-30450	-38529	-28103
-29337	-30921	-35571
