-22502	-16749	-17636
-22425	-17047	-18576
-22398	-17682	-19011
-22317	-17715	-19808
-22248	-18632	-19309
-22239	-19581	-19897
-22150	-19360	-20245
-22013	-20225	-20015
-22013	-19547	-20255
-21987	-18773	-20680
-21919	-19739	-20689
-21900	-19971	-20444
-21896	-19985	-20342
-21826	-19837	-20673
-21825	-19536	-20770
-21811	-19482	-20827
-21806	-20678	-20487
-21790	-19809	-20737
-21787	-20277	-20494
-21778	-20063	-20661
-21777	-19762	-20758
-21768	-19204	-20958
-21767	-19540	-20781
-21747	-18921	-21472
-21711	-17042	-21529
-21698	-19788	-20877
-21689	-19842	-21009
-21681	-20075	-20934
-21664	-20186	-20947
-21658	-20321	-20587
-21655	-19628	-21147
-21629	-20705	-20378
-21587	-19872	-21015
-21578	-17645	-21585
-21554	-20747	-20043
-21554	-19870	-21270
-21551	-20492	-20997
-21539	-20098	-21003
-21533	-20016	-21277
-21526	-19255	-21444
-21462	-20877	-20150
-21453	-20513	-20491
-21441	-20719	-20484
-21439	-19813	-21358
-21424	-18930	-21583
-21422	-20992	-20069
-21408	-19603	-21363
-21403	-20135	-21097
-21391	-20039	-21346
-21385	-19659	-21377
-21384	-20664	-20769
-21382	-19481	-21546
-21370	-21107	-19904
-21368	-19770	-21390
-21328	-21025	-20534
-21327	-20639	-20811
-21284	-21336	-19361
-21266	-19626	-21432
-21244	-20068	-21169
-21243	-19682	-21446
-21238	-20418	-21159
-21237	-19830	-21498
-21206	-20724	-20717
-21203	-21279	-19676
-21194	-19175	-21554
-21186	-20533	-20994
-21179	-20580	-21154
-21178	-20048	-21215
-21176	-21227	-19934
-21162	-18869	-21611
-21161	-21197	-20306
-21154	-20204	-21232
-21131	-17878	-21917
-21130	-20731	-20934
-21117	-21508	-19133
-21112	-20255	-21214
-21103	-19039	-21867
-21090	-21585	-19726
-21090	-20359	-21502
-21086	-20982	-20643
-21081	-19481	-21604
-21069	-19087	-21610
-21055	-20363	-21324
-21053	-19186	-21876
-21046	-18707	-22055
-21041	-20510	-21282
-21037	-20620	-20970
-21034	-21097	-20478
-21032	-20609	-20977
-21028	-21590	-19364
-21028	-19528	-21627
-21023	-20034	-21562
-21003	-19759	-21573
-20995	-19419	-21736
-20984	-21224	-20197
-20975	-18024	-22237
-20950	-19849	-21789
-20948	-20399	-21318
-20945	-20876	-20826
-20944	-21339	-20116
-20942	-20002	-21602
-20938	-20923	-20986
-20913	-20386	-21393
-20906	-21011	-20816
-20903	-19117	-21900
-20901	-19216	-21817
-20896	-18384	-22083
-20886	-21226	-20266
-20881	-20057	-21631
-20874	-20682	-21054
-20856	-19646	-21870
-20844	-18884	-22005
-20837	-21438	-19850
-20831	-20796	-21153
-20823	-21424	-20022
-20821	-20457	-21315
-20821	-20087	-21508
-20796	-21280	-20459
-20796	-20431	-21446
-20789	-16852	-22508
-20783	-18518	-22108
-20781	-19505	-22030
-20761	-20950	-20877
-20758	-19094	-22188
-20754	-21575	-20300
-20746	-20558	-21165
-20745	-20094	-21725
-20740	-18530	-22403
-20736	-20940	-21126
-20728	-21071	-20764
-20694	-18029	-22491
-20692	-21193	-20771
-20676	-20551	-21279
-20673	-21781	-18756
-20672	-20729	-21225
-20669	-20598	-21439
-20665	-21354	-20648
-20665	-20491	-21554
-20656	-21577	-20369
-20639	-21855	-19180
-20634	-20602	-21261
-20630	-18970	-22299
-20608	-21329	-20690
-20606	-20709	-21271
-20600	-19536	-21973
-20581	-19121	-22079
-20580	-21603	-20011
-20573	-20964	-20983
-20572	-19203	-22159
-20570	-19113	-22166
-20564	-21897	-18845
-20559	-20967	-21017
-20550	-21216	-20840
-20545	-20381	-21609
-20536	-18725	-22340
-20531	-22002	-18173
-20531	-18228	-22532
-20525	-20041	-21758
-20508	-21940	-19799
-20497	-20199	-21886
-20470	-20746	-21365
-20460	-21654	-19965
-20460	-21270	-21033
-20459	-20884	-21310
-20450	-19792	-21967
-20421	-18668	-22428
-20409	-22206	-19283
-20408	-18601	-22451
-20403	-20404	-21678
-20396	-21029	-21101
-20393	-19460	-22155
-20376	-20543	-21446
-20370	-20663	-21658
-20369	-20075	-21997
-20367	-18781	-22352
-20321	-20814	-21438
-20320	-20226	-21777
-20318	-20778	-21493
-20312	-21630	-20228
-20312	-20913	-21133
-20312	-19743	-22185
-20310	-20293	-21714
-20294	-17122	-22597
-20293	-21442	-20805
-20271	-19523	-22315
-20262	-20976	-21433
-20244	-21593	-20585
-20237	-21672	-19893
-20218	-21089	-21049
-20218	-19540	-22266
-20199	-18299	-22580
-20193	-20690	-21549
-20183	-20351	-21711
-20178	-21943	-19841
-20178	-21924	-20416
-20173	-20755	-21781
-20160	-19773	-22126
-20160	-18929	-22420
-20143	-21981	-19796
-20120	-18988	-22584
-20117	-20783	-21472
-20113	-22116	-19476
-20111	-21599	-20476
-20106	-19886	-22050
-20103	-21985	-19506
-20094	-19550	-22206
-20076	-21584	-20615
-20049	-20985	-21302
-20044	-22247	-19280
-20038	-21256	-21315
-20035	-19362	-22399
-20017	-19030	-22636
-20011	-22352	-18608
-20003	-22410	-18584
-19996	-21570	-20653
-19996	-19171	-22418
-19995	-21437	-20920
-19977	-19595	-22259
-19971	-19865	-22217
-19969	-17632	-22655
-19957	-22150	-19715
-19957	-18401	-23019
-19949	-20902	-21595
-19948	-21796	-20641
-19948	-20314	-21934
-19946	-21935	-20206
-19945	-20427	-21839
-19927	-21025	-21566
-19920	-20218	-21978
-19919	-22159	-19336
-19898	-18619	-22736
-19877	-19272	-22710
-19863	-22459	-19618
-19859	-20093	-22282
-19840	-21574	-20677
-19834	-19367	-22378
-19823	-22115	-19808
-19815	-22173	-19784
-19813	-21656	-20784
-19808	-20796	-21778
-19802	-19761	-22470
-19790	-21969	-20445
-19768	-22577	-17894
-19767	-20572	-21915
-19741	-21627	-20838
-19719	-21453	-20865
-19717	-18523	-22752
-19712	-21848	-20510
-19708	-19558	-22551
-19701	-18458	-22869
-19699	-20184	-22371
-19696	-19506	-22717
-19686	-21344	-20974
-19683	-20708	-21834
-19673	-20369	-21996
-19668	-18970	-22839
-19662	-19011	-22745
-19639	-19174	-22905
-19631	-20609	-22009
-19606	-21487	-20981
-19582	-22502	-19045
-19581	-21976	-20203
-19551	-19827	-22471
-19548	-19649	-22640
-19545	-18971	-22986
-19542	-21076	-21405
-19537	-20406	-22090
-19536	-21275	-20998
-19528	-21274	-21600
-19513	-21331	-21012
-19510	-17161	-23104
-19492	-22108	-20228
-19487	-20801	-21858
-19478	-22576	-18226
-19456	-19511	-22647
-19438	-22561	-18511
-19423	-21309	-21114
-19405	-18586	-23052
-19403	-22618	-17891
-19402	-17026	-23270
-19400	-19292	-22740
-19397	-21087	-21628
-19396	-22637	-18718
-19393	-18192	-23058
-19385	-19062	-23075
-19357	-21331	-21316
-19347	-21889	-20507
-19331	-21516	-20941
-19326	-19280	-22792
-19324	-22141	-20364
-19308	-21829	-20602
-19307	-20278	-22315
-19301	-22454	-20025
-19262	-20028	-22434
-19256	-21753	-20820
-19247	-19649	-22698
-19237	-18705	-23175
-19233	-22510	-19754
-19191	-20194	-22317
-19190	-19317	-22886
-19184	-22648	-18370
-19170	-19129	-23128
-19151	-22647	-18719
-19147	-20369	-22404
-19121	-20554	-22029
-19116	-22704	-18099
-19101	-21388	-21166
-19090	-20037	-22592
-19083	-22850	-17587
-19078	-21701	-20827
-19078	-19608	-22761
-19039	-22779	-17876
-18986	-17174	-23209
-18964	-21065	-21639
-18960	-22363	-20153
-18960	-21337	-21263
-18946	-22743	-19101
-18941	-22873	-17656
-18936	-22186	-20393
-18932	-19341	-22854
-18908	-22872	-18005
-18850	-17211	-23303
-18838	-16817	-23309
-18809	-17835	-23219
-18774	-19465	-22825
-18774	-18073	-23238
-18769	-18754	-23289
-18710	-22568	-19135
-18688	-21293	-21353
-18667	-22839	-18700
-18665	-21606	-21014
-18627	-22824	-18985
-18612	-21873	-20746
-18552	-20386	-22271
-18544	-21485	-21202
-18536	-22932	-18829
-18510	-23018	-17330
-18436	-17810	-23629
-18411	-17903	-23422
-18368	-19966	-22598
-18304	-21607	-20935
-18278	-23029	-17120
-18278	-18506	-23478
-18224	-21918	-20775
-18149	-20803	-21651
-18138	-23078	-18154
-18105	-17164	-23634
-17947	-17860	-23483
-17936	-19500	-23070
-17855	-22379	-20273
-17658	-19673	-22628
-17470	-17271	-23656
