-42054	-38054	-36174
-42045	-38131	-35274
-42035	-38778	-35749
-41821	-39143	-36516
-41769	-37673	-36816
-41761	-38599	-36592
-41744	-38943	-36980
-41728	-39130	-36640
-41662	-39286	-35651
-41635	-38467	-37192
-41616	-39721	-36013
-41547	-39781	-35773
-41536	-38762	-37158
-41527	-39263	-36432
-41521	-39587	-36317
-41507	-39139	-36647
-41460	-39002	-36721
-41457	-39864	-35148
-41456	-39249	-37073
-41443	-38749	-37282
-41440	-38824	-37187
-41438	-39334	-36595
-41420	-39663	-36346
-41419	-38499	-37415
-41404	-38703	-37612
-41373	-39492	-36804
-41370	-39910	-36761
-41362	-39917	-36672
-41345	-40362	-36264
-41342	-39924	-36611
-41328	-38720	-37548
-41327	-39595	-36845
-41324	-40037	-36492
-41320	-39524	-37025
-41314	-38441	-37756
-41306	-39052	-37422
-41298	-40217	-36927
-41298	-39503	-37038
-41282	-40404	-36587
-41279	-39126	-37087
-41277	-39892	-37155
-41256	-38608	-38099
-41236	-39534	-37241
-41236	-38910	-37513
-41235	-39885	-37359
-41216	-39410	-37456
-41189	-38789	-37679
-41163	-38595	-38223
-41142	-39037	-37486
-41128	-39280	-37554
-41082	-39763	-37613
-41078	-40280	-36714
-41066	-40780	-35421
-41061	-39438	-37841
-41060	-40486	-35918
-41039	-38659	-38057
-41035	-40488	-35845
-41017	-40407	-36465
-41009	-40744	-35965
-41005	-40016	-37318
-41005	-39203	-37906
-40997	-40023	-37229
-40989	-40203	-36978
-40984	-40336	-36907
-40972	-40870	-36166
-40959	-39146	-37972
-40957	-40417	-36253
-40957	-37561	-38479
-40952	-38268	-38347
-40950	-39504	-38001
-40935	-39947	-37426
-40932	-40026	-36996
-40924	-40371	-37296
-40917	-39073	-38004
-40897	-38569	-38442
-40895	-37870	-38477
-40890	-38960	-38077
-40887	-38471	-38510
-40881	-40628	-36797
-40879	-39082	-38176
-40879	-37854	-38693
-40873	-37571	-38695
-40871	-40247	-37681
-40865	-39964	-37683
-40864	-40381	-37084
-40862	-40435	-36850
-40857	-40674	-36550
-40855	-40434	-37341
-40844	-39639	-37911
-40834	-40443	-37099
-40832	-40818	-36531
-40816	-38757	-38416
-40815	-38954	-38219
-40811	-38477	-38520
-40809	-39564	-37995
-40804	-38556	-38566
-40802	-37857	-38601
-40799	-38341	-38608
-40797	-39382	-38255
-40793	-38058	-38610
-40787	-39924	-37871
-40787	-39466	-38062
-40778	-40340	-37383
-40778	-37607	-38734
-40776	-39057	-38483
-40754	-40999	-36088
-40749	-40346	-37624
-40744	-40688	-36629
-40737	-39247	-38433
-40735	-40514	-37242
-40728	-40805	-36632
-40717	-39869	-38170
-40699	-41210	-35544
-40697	-40573	-36931
-40696	-39544	-38398
-40681	-36709	-38910
-40669	-41011	-35803
-40651	-40930	-36423
-40639	-39990	-37938
-40638	-40759	-36646
-40636	-41252	-35867
-40629	-40823	-36580
-40628	-40378	-37530
-40619	-40442	-37464
-40618	-40859	-36865
-40611	-37973	-38662
-40603	-40629	-37124
-40598	-40117	-37692
-40597	-36719	-39126
-40591	-40954	-37307
-40589	-38058	-38648
-40586	-41296	-36312
-40585	-40671	-37309
-40579	-4e4	-37726
-40570	-40053	-37983
-40565	-40971	-36540
-40565	-40291	-37758
-40559	-40477	-37853
-40558	-41012	-36620
-40549	-39728	-38211
-40538	-40152	-38081
-40538	-37311	-38935
-40532	-40747	-37468
-40526	-37733	-38888
-40524	-39183	-38637
-40523	-40595	-37506
-40517	-37206	-39041
-40512	-39235	-38450
-40496	-38175	-38699
-40496	-38045	-38772
-40493	-40193	-37966
-40491	-38910	-38678
-40486	-37967	-38864
-40478	-40977	-36798
-40472	-39634	-38253
-40472	-37795	-38905
-40471	-40347	-37951
-40465	-38320	-38701
-40463	-38013	-38808
-40450	-40022	-38179
-40443	-37347	-38974
-40442	-41095	-36451
-40442	-40492	-37777
-40441	-38797	-38723
-40438	-37603	-38986
-40436	-39053	-38735
-40432	-37320	-38988
-40431	-37614	-38957
-40430	-38770	-38737
-40429	-41027	-37412
-40429	-39219	-38676
-40425	-39477	-38605
-40412	-38803	-38868
-40409	-37315	-39175
-40408	-41338	-35269
-40407	-40899	-37441
-40407	-38920	-38894
-40396	-41351	-35181
-40396	-39606	-38465
-40394	-40253	-37993
-40389	-41105	-36645
-40388	-41522	-36046
-40382	-39609	-38410
-40379	-38023	-39024
-40378	-38235	-39202
-40370	-41672	-35146
-40361	-39284	-38638
-40359	-38959	-38777
-40341	-40815	-37500
-40341	-40615	-37554
-40341	-39089	-38774
-40340	-39652	-38509
-40340	-39115	-38764
-40333	-40531	-37723
-40330	-39513	-38644
-40319	-38790	-38992
-40318	-39917	-38199
-40316	-40093	-38380
-40313	-41636	-35690
-40313	-38507	-38994
-40310	-41294	-36916
-40304	-40448	-38160
-40290	-40652	-37669
-40287	-40553	-37754
-40284	-41100	-37460
-40284	-39149	-38771
-40282	-40690	-37671
-40275	-39763	-38468
-40272	-38326	-39046
-40266	-39639	-38546
-40264	-39229	-38757
-40264	-38995	-38816
-40262	-36459	-39366
-40259	-41131	-37085
-40254	-39438	-38696
-40250	-38027	-39264
-40248	-39488	-38724
-40247	-40671	-37747
-40244	-39340	-38764
-40243	-40467	-37971
-40243	-39831	-38532
-40235	-41476	-36077
-40232	-39288	-38878
-40231	-37443	-39373
-40227	-40588	-38143
-40226	-41356	-36644
-40218	-40816	-37573
-40215	-41569	-36421
-40212	-40612	-37857
-40194	-38393	-39085
-40185	-41520	-36522
-40175	-41139	-37406
-40171	-39530	-38607
-40159	-41326	-37066
-40158	-40701	-38063
-40157	-40111	-38419
-40139	-40458	-38241
-40139	-39629	-38705
-40138	-41335	-36824
-40137	-41752	-36225
-40129	-40846	-37889
-40127	-37210	-39512
-40120	-38691	-39111
-40113	-37791	-39324
-40110	-40933	-37766
-40108	-39691	-38599
-40104	-39214	-38900
-40099	-41329	-36979
-40098	-38455	-39114
-40093	-39588	-38895
-40080	-40251	-38402
-40079	-39116	-38904
-40075	-39755	-38607
-40074	-39896	-38561
-40073	-41135	-37523
-40070	-40571	-38161
-40065	-41386	-36899
-40062	-40364	-38283
-40053	-36950	-39521
-40051	-41007	-37552
-40046	-40904	-37800
-40045	-40026	-38587
-40041	-40716	-37987
-40039	-41406	-36967
-40037	-37655	-39425
-40030	-40129	-38423
-40029	-38994	-38947
-40024	-39701	-38815
-40021	-40761	-37895
-40015	-38675	-39136
-40011	-40364	-38322
-40007	-40091	-38431
-40005	-41778	-35703
-40002	-39039	-39062
-40001	-41465	-36656
-39999	-40719	-38102
-39997	-40945	-37752
-39993	-40477	-38203
-39990	-40039	-38550
-39981	-41241	-37097
-39981	-41066	-37924
-39981	-40832	-37983
-39980	-41199	-37128
-39978	-41793	-35462
-39978	-38247	-39234
-39972	-41836	-35016
-39969	-41896	-35356
-39966	-38514	-39217
-39962	-40117	-38580
-39961	-41552	-36800
-39954	-41336	-37539
-39951	-39439	-38967
-39950	-40062	-38626
-39946	-40146	-38482
-39945	-41802	-36587
-39943	-39759	-38666
-39942	-38264	-39350
-39933	-39056	-38976
-39922	-40859	-38085
-39917	-40986	-37935
-39912	-41860	-35900
-39908	-40339	-38629
-39906	-40565	-38279
-39904	-40972	-37966
-39899	-41137	-38010
-39897	-40727	-38221
-39894	-41479	-37015
-39892	-39596	-38835
-39888	-41906	-35653
-39883	-41324	-37670
-39883	-38602	-39142
-39878	-40127	-38796
-39876	-39717	-39007
-39872	-40737	-38106
-39871	-40696	-38254
-39871	-38550	-39256
-39867	-40549	-38293
-39863	-40411	-38548
-39862	-38651	-39144
-39857	-40176	-38798
-39850	-41806	-36088
-39849	-40850	-38239
-39849	-38251	-39474
-39844	-40465	-38531
-39832	-41825	-36078
-39830	-37667	-39583
-39828	-39117	-39332
-39824	-41612	-36632
-39808	-39273	-39025
-39806	-41230	-37712
-39799	-41613	-36768
-39799	-41386	-37398
-39796	-41943	-35731
-39794	-39455	-39067
-39790	-39997	-38894
-39788	-41599	-37175
-39783	-40566	-38352
-39779	-40421	-38764
-39767	-41608	-36933
-39761	-41747	-36721
-39745	-40759	-38499
-39736	-41976	-36435
-39721	-39234	-39166
-39713	-40137	-38877
-39713	-39903	-38936
-39712	-38015	-39534
-39711	-41365	-37578
-39710	-39465	-39283
-39709	-41157	-37976
-39702	-37395	-39665
-39700	-38909	-39394
-39699	-40784	-38481
-39698	-41804	-36461
-39698	-39517	-39096
-39694	-40596	-38668
-39689	-40872	-38185
-39682	-40889	-38075
-39670	-39725	-39015
-39666	-37412	-39781
-39664	-42142	-36196
-39657	-40934	-38022
-39651	-41368	-37491
-39650	-41785	-36892
-39649	-39774	-39017
-39645	-41507	-37279
-39639	-37783	-39644
-39638	-41416	-37653
-39632	-40605	-38577
-39631	-41188	-37886
-39630	-40195	-38788
-39628	-41657	-36921
-39627	-41615	-36952
-39625	-41174	-38035
-39621	-41027	-38074
-39620	-40985	-38105
-39613	-41979	-36365
-39611	-40654	-38579
-39611	-39870	-38956
-39608	-41340	-37885
-39605	-36561	-39821
-39598	-42306	-35296
-39598	-40943	-38312
-39595	-41586	-37363
-39591	-41445	-37479
-39582	-39595	-39113
-39580	-42204	-35924
-39578	-41951	-36653
-39577	-38092	-39642
-39575	-41632	-37139
-39573	-37399	-39905
-39567	-38210	-39504
-39565	-39784	-39233
-39563	-42023	-36810
-39555	-40745	-38560
-39552	-40447	-38740
-39552	-40073	-38966
-39548	-41080	-38077
-39536	-41204	-38351
-39534	-40794	-38562
-39531	-41480	-37868
-39531	-40122	-38968
-39527	-41670	-36941
-39521	-40849	-38354
-39521	-38131	-39595
-39520	-41500	-37696
-39501	-36328	-39960
-39500	-40851	-38482
-39499	-41542	-37705
-39496	-38304	-39716
-39493	-41703	-37225
-39486	-40194	-38887
-39484	-38079	-39766
-39483	-38220	-39720
-39476	-40024	-38988
-39467	-41400	-37879
-39467	-40615	-38658
-39466	-41730	-37026
-39465	-39557	-39266
-39464	-39943	-39064
-39463	-38874	-39400
-39453	-42177	-36259
-39452	-40220	-38773
-39448	-41074	-38449
-39447	-38492	-39406
-39443	-41350	-37966
-39433	-41738	-37614
-39431	-42049	-36288
-39428	-39424	-39313
-39425	-42353	-35671
-39419	-42234	-36179
-39418	-38500	-39439
-39410	-40499	-38739
-39410	-37819	-39775
-39406	-39125	-39531
-39402	-40204	-39103
-39400	-41752	-37080
-39396	-40210	-38826
-39390	-40521	-38700
-39390	-40304	-38875
-39389	-40867	-38610
-39387	-42521	-35045
-39387	-39849	-39106
-39379	-41968	-36944
-39379	-41270	-37977
-39371	-40980	-38491
-39368	-40542	-38838
-39368	-39139	-39366
-39365	-38649	-39634
-39347	-40106	-39123
-39345	-41608	-37712
-39340	-41638	-37687
-39336	-42358	-35214
-39333	-41772	-37090
-39323	-41892	-37063
-39320	-39458	-39376
-39319	-36713	-39921
-39313	-40444	-38858
-39311	-39559	-39264
-39305	-39200	-39423
-39301	-41764	-37092
-39292	-38336	-39781
-39290	-42363	-36188
-39286	-42402	-35659
-39286	-40214	-38951
-39273	-37752	-39890
-39271	-41834	-37215
-39269	-42122	-36393
-39269	-40947	-38511
-39268	-38594	-39753
-39259	-41417	-38169
-39259	-38695	-39641
-39250	-41883	-37217
-39242	-42392	-36008
-39240	-40212	-38968
-39239	-42404	-35250
-39237	-42172	-36950
-39237	-39540	-39374
-39234	-39653	-39295
-39227	-39799	-39203
-39219	-41740	-37250
-39205	-40326	-38887
-39204	-36785	-40031
-39201	-41782	-37435
-39199	-40420	-38936
-39194	-41949	-37089
-39188	-41830	-37597
-39182	-41019	-38521
-39180	-40609	-38732
-39175	-41588	-37979
-39175	-38935	-39580
-39171	-41441	-38018
-39171	-40679	-38759
-39161	-41068	-38523
-39160	-39656	-39270
-39151	-41981	-37407
-39148	-41357	-38256
-39145	-37544	-39952
-39142	-42613	-35028
-39136	-42616	-34345
-39134	-38049	-39783
-39131	-38645	-39666
-39129	-38756	-39651
-39123	-40634	-38821
-39122	-40560	-38919
-39112	-39056	-39595
-39109	-39332	-39436
-39106	-38297	-39809
-39103	-39157	-39483
-39100	-41700	-37695
-39099	-41607	-37779
-39094	-40889	-38619
-39093	-42489	-35063
-39092	-40688	-38860
-39086	-37133	-39982
-39085	-41250	-38475
-39079	-37814	-39906
-39079	-37260	-40065
-39078	-42434	-35505
-39078	-40209	-39048
-39076	-40261	-38978
-39074	-39936	-39157
-39065	-39864	-39247
-39064	-40215	-38996
-39053	-41632	-37761
-39047	-39606	-39336
-39044	-38606	-39807
-39042	-40692	-38672
-39041	-39466	-39481
-39034	-41786	-37643
-39017	-41029	-38602
-39016	-39118	-39624
-39014	-40357	-39008
-39013	-42742	-35037
-39013	-41287	-38442
-39013	-36901	-40092
-39012	-40156	-39249
-39005	-42216	-36771
-39004	-42633	-36172
-39002	-40415	-39078
-38998	-42383	-36425
-38998	-41488	-38393
-38997	-42800	-34825
-38994	-39404	-39546
-38992	-42264	-36933
-38992	-39632	-39357
-38982	-42505	-36201
-38978	-40535	-38931
-38976	-42809	-35584
-38974	-41036	-38811
-38968	-40753	-38813
-38961	-41826	-37747
-38957	-41926	-37626
-38951	-37210	-40090
-38942	-39640	-39357
-38939	-38902	-39681
-38926	-39671	-39308
-38925	-41157	-38540
-38920	-40486	-39164
-38894	-37274	-39976
-38892	-39539	-39443
-38890	-42052	-37631
-38888	-41642	-37842
-38884	-39948	-39311
-38879	-40287	-39194
-38874	-39980	-39308
-38866	-41600	-38049
-38865	-36502	-40228
-38861	-38031	-39905
-38858	-37197	-40214
-38855	-37272	-40119
-38853	-38722	-39868
-38850	-39582	-39542
-38844	-39603	-39402
-38836	-38204	-40026
-38820	-42578	-36306
-38819	-40592	-38871
-38812	-39647	-39386
-38802	-41922	-37729
-38795	-39484	-39562
-38794	-42431	-36520
-38792	-39996	-39275
-38786	-38770	-39732
-38776	-39943	-39353
-38775	-37323	-40043
-38772	-40582	-39087
-38768	-41379	-38425
-38768	-38018	-40029
-38767	-40248	-39232
-38763	-39543	-39683
-38754	-39644	-39571
-38753	-41041	-38878
-38745	-42089	-37167
-38743	-38933	-39697
-38735	-39787	-39369
-38729	-41128	-38794
-38729	-39881	-39418
-38725	-41828	-37771
-38723	-42419	-36651
-38723	-42093	-37099
-38722	-42836	-35051
-38718	-38552	-39977
-38716	-41918	-37730
-38698	-37395	-40108
-38693	-38920	-39762
-38680	-41249	-38523
-38673	-42571	-36763
-38672	-41545	-38268
-38667	-40155	-39318
-38656	-41732	-37928
-38649	-42784	-35891
-38649	-40596	-39183
-38647	-36870	-40338
-38645	-38320	-40087
-38636	-42142	-37050
-38628	-39338	-39743
-38622	-40149	-39342
-38607	-42287	-36876
-38600	-40717	-38912
-38594	-39676	-39478
-38592	-37209	-40166
-38587	-42909	-35520
-38571	-42380	-36928
-38570	-40413	-39195
-38568	-41602	-38026
-38557	-42331	-37321
-38552	-41431	-38501
-38550	-42422	-36937
-38549	-42839	-36338
-38543	-40260	-39286
-38543	-38634	-39904
-38538	-40159	-39558
-38535	-42203	-37350
-38533	-40628	-38914
-38527	-40674	-39070
-38527	-38668	-40038
-38518	-39549	-39572
-38508	-41133	-38861
-38504	-40497	-39293
-38496	-41626	-38167
-38486	-39608	-39693
-38477	-42928	-35034
-38475	-41571	-38484
-38469	-42201	-37419
-38467	-37684	-40200
-38453	-36932	-40354
-38447	-42935	-35229
-38439	-42098	-37755
-38436	-38792	-39900
-38428	-42663	-36746
-38425	-40608	-39237
-38420	-38936	-39962
-38404	-42876	-35874
-38401	-37325	-40227
-38395	-42427	-36922
-38392	-42107	-37461
-38385	-41385	-38607
-38379	-39903	-39586
-38378	-43004	-34540
-38376	-43124	-35269
-38376	-40729	-38966
-38374	-39049	-39747
-38367	-42135	-37722
-38363	-37753	-40169
-38361	-42765	-36657
-38352	-38750	-39965
-38346	-42229	-37461
-38332	-43042	-35635
-38328	-41884	-38091
-38327	-39665	-39633
-38317	-39109	-39744
-38312	-42423	-37304
-38302	-39284	-39913
-38291	-40843	-38913
-38290	-42295	-37333
-38284	-42671	-36699
-38282	-38760	-40021
-38279	-42437	-36770
-38277	-42827	-36385
-38272	-41950	-37963
-38271	-37132	-40237
-38260	-38222	-40176
-38259	-40589	-39276
-38256	-37357	-40324
-38249	-38455	-40040
-38241	-39700	-39676
-38235	-40081	-39582
-38230	-41663	-38467
-38223	-38291	-40095
-38210	-40710	-39005
-38208	-42984	-35658
-38187	-42598	-36963
-38184	-36956	-40481
-38183	-40650	-39082
-38161	-39821	-39591
-38160	-37888	-40180
-38152	-40661	-39238
-38149	-39555	-39694
-38141	-40181	-39398
-38131	-43216	-35252
-38128	-39432	-39737
-38128	-38762	-40019
-38128	-37307	-40349
-38125	-43219	-34569
-38120	-41286	-38766
-38116	-42857	-36640
-38115	-42687	-36660
-38110	-42860	-35957
-38107	-41889	-38158
-38100	-40333	-39304
-38096	-40888	-39e3
-38094	-42729	-36669
-38083	-41976	-38074
-38082	-40892	-38983
-38082	-39757	-39616
-38076	-37898	-40396
-38072	-43221	-34592
-38072	-42905	-35758
-38057	-39376	-39896
-38051	-38813	-40064
-38042	-38236	-40131
-38039	-42763	-36682
-38035	-37294	-40473
-38033	-35974	-40497
-38024	-39071	-39915
-38023	-39714	-39631
-38022	-41394	-38660
-38020	-42965	-35983
-38013	-42508	-37151
-37999	-42290	-37341
-37999	-39206	-39937
-37982	-38849	-39984
-37978	-42292	-37469
-37956	-40511	-39300
-37941	-42522	-37019
-37937	-39658	-39726
-37936	-43027	-35711
-37932	-40230	-39468
-37923	-40949	-38923
-37923	-38366	-40161
-37914	-42212	-37480
-37905	-43072	-36389
-37903	-40048	-39612
-37899	-43075	-35706
-37880	-42550	-37215
-37879	-37253	-40529
-37866	-40779	-39032
-37862	-41981	-38141
-37858	-39769	-39670
-37844	-38190	-40180
-37837	-40984	-38966
-37833	-39187	-39976
-37819	-38435	-40130
-37817	-41318	-38718
-37813	-40052	-39590
-37806	-38905	-40047
-37803	-38350	-40189
-37796	-42612	-36943
-37781	-43014	-36412
-37779	-40390	-39325
-37759	-39548	-39787
-37759	-36471	-40532
-37755	-40195	-39476
-37754	-39298	-39920
-37750	-38944	-4e4
-37748	-38252	-40209
-37741	-38659	-40187
-37731	-42905	-36695
-37728	-36271	-40545
-37712	-40164	-39673
-37701	-38783	-40081
-37678	-41041	-38906
-37675	-35963	-40599
-37671	-39670	-39678
-37661	-38806	-40157
-37654	-43167	-35689
-37645	-41691	-38193
-37639	-43239	-34894
-37633	-39597	-39796
-37624	-40478	-39330
-37619	-38026	-40409
-37613	-41437	-38556
-37610	-42481	-37349
-37609	-39199	-40030
-37602	-40179	-39548
-37595	-42169	-37857
-37573	-40971	-39091
-37557	-38335	-40407
-37543	-43347	-34237
-37534	-40482	-39308
-37529	-42260	-37831
-37526	-39865	-39720
-37522	-42351	-37447
-37512	-37377	-40564
-37506	-43225	-35363
-37506	-41509	-38518
-37498	-43266	-34661
-37470	-43307	-34239
-37467	-40256	-39656
-37459	-36295	-40672
-37456	-38875	-40064
-37448	-42635	-36835
-37433	-40594	-39391
-37421	-42824	-37069
-37408	-40213	-39671
-37360	-37690	-40540
-37359	-40334	-39400
-37328	-41063	-39074
-37322	-43170	-35497
-37320	-43338	-34878
-37298	-43439	-34220
-37295	-43440	-35112
-37294	-41401	-38809
-37292	-43442	-33537
-37275	-42638	-37121
-37244	-41879	-38473
-37231	-39381	-40011
-37221	-38825	-40122
-37210	-41463	-38537
-37208	-36680	-40619
-37203	-42987	-36542
-37187	-39170	-40038
-37159	-42527	-37473
-37136	-42443	-37711
-37128	-38746	-40256
-37086	-39282	-40121
-37080	-43024	-36395
-37054	-36030	-40812
-37048	-42313	-37809
-37044	-43535	-34412
-37012	-36764	-40649
-37007	-43479	-34647
-36971	-42219	-37851
-36964	-43179	-35592
-36936	-36378	-40763
-36909	-37233	-40656
-36862	-43187	-35868
-36846	-37849	-40450
-36845	-43552	-33751
-36841	-39374	-40104
-36839	-43555	-33068
-36827	-40665	-39301
-36807	-39712	-39839
-36803	-36415	-40759
-36787	-41442	-38671
-36611	-43282	-35168
-36591	-43613	-33929
-36585	-43616	-33246
-36484	-43562	-34738
-36481	-37497	-40637
-36418	-43582	-34505
-36383	-35457	-40902
-36382	-36795	-40662
-36363	-37845	-40588
-36320	-36281	-40813
-36284	-36852	-40770
-36273	-37849	-40566
-36269	-43146	-36021
-36265	-35805	-40853
-36233	-43657	-34038
-36228	-36891	-40723
-36170	-38801	-40194
-36118	-37937	-40571
-36062	-37976	-40524
-36051	-43309	-35494
-36027	-43370	-35355
-35925	-36923	-40675
-35885	-34311	-41006
-35880	-37452	-40713
-35816	-43259	-35552
-35812	-36485	-40960
-35733	-43715	-31831
-35508	-36117	-41009
-35365	-43871	-31618
-35145	-36557	-40943
-35069	-43782	-31819
