-29661	-21014	-21869
-29301	-22280	-23545
-29271	-23187	-22538
-29256	-22373	-23677
-29239	-22430	-23987
-29225	-22602	-23823
-29214	-22628	-24084
-29136	-22938	-24358
-29049	-23308	-24124
-29025	-23515	-24093
-29006	-23376	-24255
-28976	-23624	-23424
-28974	-22477	-24447
-28963	-23665	-24535
-28961	-22810	-24563
-28936	-24321	-23587
-28904	-23413	-25147
-28888	-23428	-24601
-28863	-23883	-23689
-28861	-24050	-24947
-28854	-23767	-25477
-28839	-24357	-25135
-28791	-24362	-23651
-28788	-24366	-24247
-28739	-23955	-25367
-28728	-23619	-25956
-28720	-24387	-24822
-28700	-24170	-25424
-28660	-24525	-25375
-28630	-24301	-26172
-28608	-24432	-25401
-28592	-24546	-25950
-28558	-25171	-25044
-28504	-24048	-26389
-28459	-24617	-25228
-28434	-24374	-26132
-28414	-24353	-26274
-28406	-24153	-26407
-28395	-24667	-25451
-28393	-24666	-25890
-28389	-24236	-26279
-28351	-24481	-26057
-28349	-24803	-25366
-28346	-23465	-26416
-28341	-24573	-25916
-28340	-24299	-26342
-28327	-24688	-26026
-28316	-24305	-26338
-28303	-23754	-26696
-28288	-24205	-26753
-28285	-25244	-25941
-28268	-24436	-26638
-28261	-24834	-25961
-28252	-24451	-26092
-28248	-24573	-26154
-28225	-24598	-26220
-28212	-24806	-26043
-28209	-24740	-26372
-28202	-24582	-26573
-28185	-25261	-25772
-28182	-24582	-26840
-28169	-25095	-26323
-28150	-24488	-26984
-28139	-24871	-27120
-28133	-25167	-26183
-28117	-25002	-26349
-28073	-24890	-26357
-28070	-25065	-26358
-28066	-25187	-26420
-28064	-24634	-27186
-28058	-25558	-25363
-28044	-25318	-25649
-28015	-25093	-26445
-28014	-25094	-26446
-27991	-24950	-26486
-27964	-25023	-26708
-27914	-25054	-26479
-27912	-25185	-26542
-27910	-25641	-24997
-27901	-25838	-25232
-27898	-25169	-26643
-27891	-25339	-26008
-27858	-25373	-26314
-27846	-25075	-27054
-27838	-24118	-27236
-27823	-24399	-27289
-27801	-24894	-27267
-27792	-25392	-25551
-27791	-25312	-26392
-27782	-25160	-26874
-27776	-25431	-26648
-27739	-25449	-27154
-27731	-25820	-26097
-27717	-25580	-26383
-27716	-24358	-27453
-27704	-24550	-27283
-27698	-24712	-27709
-27687	-25356	-27180
-27683	-25955	-24419
-27664	-25212	-27220
-27644	-25518	-26762
-27639	-25466	-26985
-27631	-25837	-25928
-27617	-25597	-26214
-27614	-24918	-27282
-27612	-25119	-27246
-27582	-24824	-27426
-27579	-25743	-26339
-27564	-25601	-26742
-27559	-26130	-24665
-27553	-24253	-27737
-27552	-25842	-26080
-27547	-25955	-24922
-27538	-25602	-26366
-27517	-25621	-26919
-27510	-25210	-27342
-27498	-25747	-26677
-27496	-24970	-27628
-27492	-25158	-27499
-27459	-25519	-27019
-27455	-25210	-27415
-27451	-25767	-26854
-27446	-25653	-27088
-27442	-25146	-27535
-27434	-24404	-27731
-27432	-25897	-25441
-27426	-25304	-27434
-27401	-25472	-27301
-27399	-25673	-27265
-27396	-26113	-26348
-27395	-25743	-27075
-27349	-25379	-27327
-27347	-26414	-25388
-27340	-25081	-27741
-27324	-25198	-27881
-27319	-25769	-26660
-27299	-25690	-27096
-27298	-25290	-27743
-27295	-25760	-26906
-27283	-25524	-27647
-27265	-25750	-26951
-27264	-25911	-26893
-27247	-26466	-24395
-27247	-26431	-25219
-27243	-25666	-27317
-27222	-26007	-26804
-27220	-24680	-28152
-27208	-25767	-27090
-27198	-26057	-26828
-27195	-26337	-25630
-27148	-24694	-27895
-27146	-25963	-27239
-27144	-25288	-27865
-27137	-24787	-28077
-27130	-25546	-27621
-27129	-25155	-27936
-27114	-26341	-25968
-27104	-25798	-27297
-27081	-24187	-28323
-27080	-26168	-26417
-27078	-25452	-28032
-27074	-25522	-27842
-27062	-26248	-25994
-27062	-26247	-26379
-27056	-25690	-27332
-27055	-25788	-27449
-27046	-25980	-27070
-27042	-25724	-27569
-27038	-26064	-27256
-27029	-26080	-26448
-27027	-25958	-27473
-27020	-25350	-28132
-27016	-26195	-26485
-27013	-26477	-25349
-27012	-25598	-27967
-27008	-25668	-27777
-26990	-26208	-26958
-26986	-25971	-27282
-26981	-24898	-28190
-26976	-25870	-27504
-26974	-26376	-26021
-26971	-26371	-26250
-26967	-26237	-26889
-26938	-26081	-27087
-26937	-26272	-26322
-26937	-25840	-27795
-26936	-26637	-25525
-26936	-26268	-26404
-26926	-25855	-27651
-26924	-25776	-27915
-26923	-25006	-28148
-26922	-25445	-28084
-26914	-25355	-28148
-26905	-26095	-27175
-26901	-26331	-26572
-26894	-26434	-25904
-26887	-26300	-27055
-26872	-25683	-27941
-26865	-26328	-26985
-26851	-26088	-27271
-26843	-26459	-26214
-26833	-25374	-28147
-26825	-25742	-28006
-26822	-25868	-27626
-26815	-26160	-27131
-26815	-26049	-27362
-26813	-26392	-26350
-26808	-25986	-27386
-26807	-26190	-27127
-26799	-26478	-25749
-26780	-26520	-25540
-26771	-24808	-28250
-26770	-26397	-26593
-26769	-25598	-28203
-26766	-26619	-26390
-26765	-26345	-26816
-26759	-25888	-27941
-26748	-26375	-27044
-26748	-26030	-27454
-26742	-26132	-27321
-26741	-26336	-27062
-26725	-25919	-27536
-26706	-26077	-27482
-26698	-26018	-27490
-26697	-26086	-27393
-26689	-26242	-27473
-26686	-26739	-26083
-26677	-25485	-28260
-26674	-26100	-27876
-26627	-26350	-27231
-26622	-26386	-26776
-26622	-26007	-27902
-26620	-25928	-28166
-26609	-26899	-26259
-26608	-26246	-27811
-26601	-26315	-27412
-26601	-25664	-28338
-26593	-26688	-26448
-26590	-26970	-25312
-26586	-26549	-27316
-26568	-25835	-28192
-26567	-25509	-28366
-26561	-26086	-27896
-26556	-26153	-27837
-26537	-26850	-26356
-26537	-25949	-27937
-26535	-26461	-27347
-26534	-26283	-27451
-26523	-26610	-26642
-26522	-26023	-28118
-26520	-26098	-27998
-26519	-25825	-28344
-26514	-25933	-28182
-26508	-25189	-28471
-26504	-26059	-28248
-26486	-26566	-27147
-26484	-26640	-27412
-26483	-26367	-27758
-26466	-25926	-28288
-26466	-25559	-28455
-26462	-26771	-26641
-26459	-27053	-25505
-26456	-26169	-28053
-26454	-26244	-27933
-26453	-25971	-28279
-26451	-25793	-28359
-26434	-26472	-27558
-26432	-26547	-27438
-26413	-26761	-26793
-26410	-25415	-28652
-26404	-26076	-28079
-26400	-25705	-28390
-26389	-26709	-27020
-26384	-26657	-27243
-26360	-25931	-28304
-26359	-26863	-26738
-26354	-24815	-28898
-26353	-26796	-26992
-26347	-26907	-26728
-26332	-26563	-27654
-26326	-26771	-27144
-26313	-26461	-27800
-26309	-26206	-28157
-26309	-25861	-28567
-26305	-27051	-26510
-26302	-26167	-28175
-26302	-25996	-28279
-26295	-26813	-27139
-26280	-26299	-27851
-26272	-26731	-27301
-26258	-26367	-28008
-26252	-26683	-27347
-26251	-25759	-28667
-26242	-25481	-28787
-26236	-26142	-28214
-26221	-26199	-28238
-26209	-27282	-25739
-26198	-26646	-27424
-26191	-27317	-24651
-26184	-27065	-25922
-26181	-27060	-26151
-26178	-26219	-28051
-26177	-26926	-26790
-26175	-26844	-27138
-26167	-26087	-28400
-26148	-25823	-28572
-26147	-26954	-26627
-26145	-26390	-27905
-26144	-26594	-27646
-26144	-25576	-28739
-26133	-26708	-27550
-26121	-26216	-28069
-26120	-25927	-28485
-26115	-25994	-28426
-26105	-26161	-28389
-26097	-26297	-28046
-26093	-27131	-26028
-26090	-26258	-28064
-26089	-26246	-28102
-26082	-26497	-27806
-26081	-26614	-27961
-26078	-26740	-27581
-26072	-25438	-28799
-26069	-26122	-28480
-26064	-25783	-28682
-26056	-26151	-28541
-26053	-27148	-26115
-26050	-25826	-28587
-26043	-26481	-28001
-26039	-26812	-27146
-26027	-27277	-25963
-26024	-26233	-28103
-26024	-26217	-28173
-26015	-26760	-27896
-26006	-26266	-28258
-26006	-25584	-28734
-25999	-27283	-25433
-25998	-25952	-28593
-25991	-26388	-28027
-25990	-26297	-28476
-25987	-26337	-28198
-25980	-27086	-26494
-25975	-27183	-26374
-25970	-26809	-27287
-25958	-26363	-28108
-25953	-26958	-27348
-25950	-24984	-28980
-25947	-26060	-28561
-25944	-26463	-28022
-25940	-26412	-28193
-25933	-27429	-25368
-25927	-26612	-28083
-25921	-26312	-28237
-25917	-26919	-27439
-25904	-25504	-28934
-25903	-26431	-28290
-25896	-25849	-28817
-25895	-27028	-26529
-25881	-27335	-25779
-25873	-26930	-27378
-25872	-26302	-28389
-25866	-26831	-27470
-25861	-26758	-28018
-25860	-27014	-27161
-25857	-26536	-28293
-25853	-26975	-27179
-25851	-26337	-28701
-25850	-26776	-27790
-25846	-27031	-26612
-25832	-26073	-28873
-25830	-26617	-28067
-25821	-26836	-27789
-25817	-26958	-27851
-25812	-27152	-26629
-25806	-26448	-28324
-25799	-26244	-28727
-25796	-27238	-27217
-25789	-25640	-29021
-25785	-27024	-27483
-25772	-26478	-28328
-25768	-27396	-25462
-25757	-26553	-28124
-25755	-26982	-27724
-25755	-26627	-28389
-25729	-26657	-28037
-25722	-26431	-28410
-25714	-26186	-28762
-25703	-26534	-28415
-25697	-26335	-28823
-25696	-27255	-27048
-25682	-26202	-28894
-25680	-26647	-28189
-25678	-26722	-28069
-25672	-27460	-26542
-25665	-26881	-28093
-25660	-25285	-29178
-25644	-27161	-27459
-25634	-25234	-29281
-25633	-27328	-26583
-25631	-26310	-28862
-25628	-27304	-27352
-25628	-26713	-28323
-25618	-26476	-28450
-25616	-27691	-25395
-25613	-27450	-26564
-25571	-25664	-29141
-25569	-27552	-26639
-25558	-25872	-28964
-25550	-27837	-25330
-25546	-26814	-28284
-25542	-26433	-28476
-25510	-26889	-28132
-25506	-26486	-28588
-25504	-27526	-26677
-25498	-27743	-25741
-25494	-26096	-29020
-25492	-25351	-29313
-25484	-26386	-28758
-25482	-25882	-29026
-25473	-25890	-29322
-25472	-26570	-28421
-25469	-27011	-27732
-25462	-27625	-25903
-25460	-26903	-27921
-25458	-26638	-28434
-25449	-27369	-26716
-25446	-26945	-27872
-25443	-26008	-29051
-25428	-26242	-28955
-25410	-26906	-27963
-25409	-26628	-28586
-25403	-27157	-27667
-25401	-27040	-27681
-25394	-27049	-27856
-25387	-27489	-26810
-25376	-26799	-28440
-25373	-25907	-29153
-25367	-26944	-27879
-25363	-26965	-28028
-25355	-27079	-27806
-25354	-26660	-28617
-25344	-27407	-26829
-25343	-26774	-28521
-25326	-26984	-28125
-25319	-26402	-28652
-25315	-26850	-28290
-25310	-26945	-28375
-25301	-26451	-28737
-25293	-26137	-29072
-25291	-26681	-28547
-25291	-24730	-29370
-25289	-27225	-27741
-25281	-27657	-27191
-25280	-27089	-28128
-25274	-26890	-28536
-25272	-26477	-28647
-25269	-26530	-28772
-25260	-26959	-28164
-25255	-26626	-28708
-25253	-27186	-27832
-25234	-24028	-29478
-25229	-27001	-28159
-25227	-27423	-27193
-25222	-26797	-28562
-25216	-26333	-28844
-25214	-27235	-28063
-25208	-27036	-28471
-25208	-26865	-28575
-25189	-26772	-28643
-25181	-27329	-27432
-25178	-26469	-29096
-25169	-27284	-27454
-25156	-26943	-28497
-25152	-26721	-28772
-25149	-27124	-28233
-25142	-27011	-28510
-25135	-25913	-29469
-25133	-26517	-28872
-25128	-27404	-27599
-25125	-26203	-29207
-25121	-27291	-27876
-25115	-27834	-25646
-25099	-27309	-27918
-25091	-27423	-27696
-25069	-26741	-28928
-25069	-26059	-29404
-25065	-27077	-28431
-25054	-26863	-28697
-25050	-26812	-28868
-25049	-27141	-28064
-25047	-27215	-28329
-25035	-26679	-28939
-25033	-27284	-27957
-25026	-27373	-27797
-25023	-27386	-27828
-25017	-26648	-28954
-25013	-25459	-29650
-25002	-27326	-27952
-24999	-27223	-28366
-24997	-27229	-28118
-24992	-27675	-26933
-24988	-27009	-28632
-24983	-26586	-28965
-24981	-27190	-28368
-24979	-26515	-28994
-24974	-27532	-27244
-24966	-26560	-28985
-24960	-28001	-26120
-24954	-27457	-27891
-24951	-26794	-28889
-24947	-27232	-28160
-24942	-27589	-27787
-24932	-26498	-28996
-24931	-27375	-28053
-24930	-27102	-28399
-24920	-27720	-27016
-24913	-27251	-28460
-24896	-26443	-29157
-24893	-27092	-28737
-24888	-27786	-26648
-24881	-26677	-29061
-24880	-28095	-26048
-24857	-26150	-29293
-24850	-28151	-25917
-24830	-26589	-29092
-24827	-27188	-28490
-24824	-27593	-27516
-24813	-27268	-28291
-24801	-25550	-29539
-24798	-27685	-27017
-24779	-27298	-28295
-24776	-27100	-28521
-24761	-27877	-26430
-24755	-27688	-27464
-24749	-26250	-29222
-24747	-28179	-25631
-24739	-27090	-28859
-24714	-27777	-27323
-24706	-27645	-27862
-24693	-28034	-26438
-24688	-27999	-26836
-24668	-27327	-28335
-24664	-27349	-28099
-24658	-27150	-28507
-24658	-26465	-29403
-24646	-26614	-29117
-24610	-26575	-29208
-24592	-27125	-28546
-24592	-26611	-29338
-24591	-27329	-28287
-24575	-27274	-28607
-24573	-24547	-29734
-24570	-28051	-27182
-24559	-26726	-29004
-24554	-28096	-26730
-24554	-27554	-27973
-24546	-27367	-28310
-24539	-27235	-28698
-24528	-27349	-28602
-24527	-27945	-27684
-24527	-27181	-28748
-24525	-28100	-26573
-24519	-26173	-29440
-24509	-27420	-28542
-24500	-26926	-28904
-24492	-26612	-29239
-24488	-27700	-27908
-24487	-28091	-26745
-24485	-26793	-28975
-24484	-27477	-27999
-24475	-28104	-26546
-24474	-28190	-26658
-24473	-24780	-29977
-24468	-27005	-28939
-24443	-27795	-27717
-24440	-28187	-26807
-24434	-26705	-29006
-24418	-27554	-28476
-24415	-27572	-27947
-24405	-26724	-29126
-24400	-27693	-27989
-24395	-25322	-29942
-24379	-27973	-27355
-24374	-27347	-28724
-24371	-28282	-26755
-24358	-28142	-27071
-24352	-27700	-28411
-24335	-26892	-29108
-24327	-27757	-27868
-24280	-26703	-29128
-24269	-28471	-25567
-24265	-26937	-29032
-24264	-27552	-28598
-24243	-27973	-27858
-24228	-26086	-29690
-24226	-26176	-29885
-24221	-28168	-26913
-24216	-28109	-27139
-24215	-27993	-27216
-24198	-27698	-28533
-24191	-27879	-28269
-24189	-27204	-28895
-24174	-27071	-28966
-24173	-28340	-26376
-24169	-27166	-29051
-24162	-26232	-29625
-24147	-28204	-27087
-24130	-27209	-28780
-24123	-27350	-28830
-24119	-28195	-27183
-24112	-27987	-27627
-24108	-27217	-28901
-24091	-27896	-28100
-24077	-27008	-29112
-24053	-28234	-27048
-24047	-28493	-26218
-24046	-28133	-27562
-24039	-26722	-29311
-24031	-28166	-27238
-24026	-24186	-30005
-24016	-28287	-27280
-24015	-27164	-29173
-23989	-27987	-28196
-23989	-27416	-28849
-23978	-28588	-26166
-23950	-26323	-29514
-23932	-28339	-26866
-23932	-27705	-28402
-23889	-27433	-28680
-23885	-26720	-29433
-23881	-28227	-27510
-23857	-25040	-29948
-23847	-28151	-27517
-23845	-25436	-29978
-23819	-26866	-29368
-23805	-28075	-27641
-23800	-28392	-26229
-23779	-25582	-29913
-23756	-28420	-26303
-23756	-28056	-28211
-23751	-26638	-29624
-23748	-27752	-28299
-23731	-28113	-27668
-23730	-27788	-28429
-23730	-27787	-28814
-23718	-28328	-27247
-23706	-28242	-27567
-23701	-28628	-25671
-23695	-28632	-26312
-23685	-26784	-29559
-23682	-25334	-29998
-23678	-27694	-28840
-23674	-28158	-27834
-23669	-28318	-27399
-23662	-28208	-27616
-23647	-28329	-27658
-23630	-26532	-29685
-23622	-28064	-28245
-23622	-27295	-28952
-23622	-24690	-30111
-23563	-28644	-25429
-23563	-28381	-27244
-23548	-28299	-27693
-23544	-28147	-28100
-23539	-27402	-28877
-23533	-28469	-26362
-23494	-28333	-27456
-23473	-28654	-26963
-23453	-25544	-30054
-23413	-28706	-26548
-23413	-25741	-29886
-23404	-28749	-26911
-23387	-25690	-29989
-23358	-24480	-30143
-23343	-27841	-28816
-23295	-28369	-27752
-23277	-27987	-28751
-23275	-26876	-29328
-23240	-28377	-27308
-23206	-28170	-28247
-23181	-28299	-28146
-23170	-27181	-29333
-23155	-26994	-29424
-23150	-27604	-29059
-23141	-27233	-29333
-23136	-28069	-28349
-23132	-27356	-29102
-23108	-22826	-30320
-23089	-27140	-29359
-23047	-28774	-26566
-23047	-23591	-30414
-23044	-28748	-26926
-23039	-27503	-29061
-23031	-28368	-27821
-23016	-28667	-27396
-23006	-24950	-30082
-22999	-28410	-27538
-22998	-27274	-29293
-22939	-23680	-30263
-22934	-28769	-27019
-22932	-26697	-29643
-22914	-25181	-30081
-22804	-28758	-27285
-22793	-28382	-27935
-22775	-26977	-29512
-22775	-25507	-30219
-22709	-28797	-26713
-22709	-27123	-29447
-22695	-24061	-30353
-22681	-28973	-26046
-22678	-24255	-30294
-22676	-27079	-29497
-22591	-28849	-27059
-22548	-28757	-27292
-22533	-28853	-27442
-22517	-27310	-29165
-22516	-29180	-25091
-22496	-27329	-29295
-22491	-28724	-27975
-22481	-28889	-26227
-22469	-29064	-25935
-22453	-24092	-30413
-22449	-28299	-28159
-22441	-28910	-27331
-22417	-27817	-29002
-22363	-28941	-26573
-22326	-24725	-30233
-22316	-28739	-28032
-22255	-28275	-28332
-22235	-26463	-29773
-22222	-28891	-27437
-22209	-29106	-25404
-22196	-28141	-28615
-22186	-29109	-25832
-22179	-27333	-29312
-22136	-26565	-29758
-22131	-29087	-26082
-22113	-27479	-29247
-22097	-28243	-28600
-22045	-26699	-29692
-22013	-29139	-26428
-22004	-29225	-25771
-21981	-29228	-26199
-21968	-27239	-29514
-21829	-29201	-26470
-21827	-24165	-30428
-21661	-28780	-27784
-21630	-29294	-25037
-21619	-29310	-26705
-21558	-26825	-29644
-21515	-28886	-27517
-21502	-27695	-29183
-21436	-27841	-29118
-21430	-28809	-27638
-21392	-28287	-28190
-21355	-28340	-28422
-21306	-27397	-29378
-21300	-29327	-25297
-21259	-28054	-28639
-21252	-29080	-26773
-21006	-22842	-30463
-20961	-29177	-26789
-20927	-29221	-27171
-20917	-29386	-25423
-20907	-29314	-26168
-20882	-29387	-25378
-20766	-29394	-25819
-20744	-29246	-26896
-20665	-29456	-25485
-20640	-28822	-27708
-20615	-28951	-27607
-20189	-29466	-25497
-19865	-29424	-25784
-19833	-29262	-26884
-19810	-29314	-26575
-19797	-29432	-25804
-19729	-28838	-27696
-19410	-29436	-26010
-19336	-29550	-24611
-19321	-29442	-25816
-18456	-29582	-24790
