-32877	-28683	-21979
-32870	-28812	-22051
-32805	-28114	-22726
-32602	-29570	-23322
-32595	-29699	-23394
-32579	-28373	-24292
-32530	-29001	-24069
-32521	-29775	-23434
-32508	-30366	-22731
-32501	-30495	-22803
-32479	-29963	-23358
-32472	-30092	-23430
-32470	-30207	-23439
-32463	-30336	-23511
-32456	-29077	-24109
-32407	-29394	-24105
-32398	-29638	-24186
-32374	-30572	-24157
-32356	-27383	-25004
-32353	-27541	-25040
-32349	-27512	-25076
-32346	-27670	-25112
-32332	-28506	-24249
-32323	-28750	-24330
-32315	-29809	-24366
-32302	-30003	-24904
-32300	-30648	-24197
-32280	-31368	-23566
-32275	-31417	-24259
-32274	-30469	-24925
-32261	-28268	-25280
-32230	-29336	-25675
-32228	-30079	-24944
-32210	-30056	-25044
-32203	-30848	-25006
-32200	-29431	-25731
-32181	-29653	-25671
-32180	-31265	-24334
-32172	-29897	-25752
-32155	-28448	-25819
-32152	-30121	-25052
-32151	-30862	-24961
-32149	-28995	-25941
-32145	-30250	-25124
-32129	-30663	-25046
-32127	-30890	-25114
-32125	-30970	-24493
-32124	-29473	-25839
-32120	-31019	-25186
-32119	-29082	-26270
-32117	-29602	-25911
-32074	-30217	-25598
-32021	-31271	-24573
-32021	-28597	-26660
-32020	-29527	-26624
-31998	-30259	-25706
-31987	-30223	-26493
-31945	-30500	-25430
-31945	-30448	-25660
-31925	-31168	-25029
-31917	-31292	-25728
-31912	-29231	-26663
-31863	-29548	-26659
-31831	-30616	-26357
-31821	-29200	-27067
-31818	-29805	-26539
-31811	-31336	-25726
-31795	-29526	-26683
-31794	-27944	-27329
-31793	-28874	-27293
-31789	-29973	-26535
-31786	-29003	-27365
-31770	-30394	-26458
-31768	-30938	-25744
-31767	-30605	-26366
-31760	-29570	-27162
-31758	-30447	-26557
-31757	-29578	-27163
-31742	-31363	-25073
-31741	-29991	-27085
-31737	-31412	-25766
-31729	-30044	-27184
-31714	-30715	-25860
-31709	-30764	-26553
-31709	-30300	-27146
-31697	-31604	-25041
-31694	-30436	-26566
-31693	-31680	-25069
-31687	-30565	-26638
-31686	-30810	-26478
-31683	-30868	-25943
-31683	-28925	-27799
-31681	-29620	-27271
-31674	-29749	-27343
-31673	-31401	-25775
-31666	-31530	-25847
-31665	-30033	-27193
-31661	-30340	-26640
-31660	-31711	-25530
-31659	-31449	-26669
-31654	-30469	-26712
-31642	-28998	-27382
-31618	-31954	-25541
-31607	-29728	-27973
-31599	-30453	-26796
-31587	-30448	-27342
-31577	-31766	-26493
-31576	-30571	-26822
-31560	-30754	-26759
-31559	-30167	-27357
-31558	-32138	-25374
-31553	-30883	-26831
-31533	-30734	-27154
-31530	-29744	-27360
-31513	-31454	-26523
-31509	-30762	-27307
-31503	-31842	-26533
-31502	-30449	-27539
-31498	-31990	-25689
-31498	-29856	-28078
-31486	-31060	-26784
-31482	-30998	-27404
-31474	-29999	-27649
-31459	-32578	-23875
-31458	-31159	-26682
-31443	-32489	-25283
-31439	-31530	-26563
-31438	-31266	-26707
-31411	-32103	-25934
-31406	-32350	-25553
-31401	-31270	-27360
-31380	-30131	-27899
-31376	-31199	-27412
-31370	-31915	-26886
-31359	-30417	-27663
-31355	-32451	-26052
-31354	-31931	-26494
-31302	-30546	-28048
-31296	-31991	-26926
-31290	-28267	-28127
-31278	-30689	-27619
-31268	-32071	-26058
-31262	-28740	-28591
-31260	-32256	-26171
-31258	-31409	-26988
-31255	-32496	-25798
-31252	-31359	-27321
-31244	-32826	-24552
-31236	-32638	-25676
-31229	-29436	-28460
-31224	-30990	-27599
-31210	-28864	-28530
-31199	-30073	-28107
-31184	-31485	-27028
-31155	-32077	-26829
-31150	-32317	-26456
-31150	-29479	-28126
-31149	-30546	-28081
-31147	-32080	-26887
-31146	-30939	-27912
-31128	-30953	-27769
-31123	-32001	-27060
-31116	-31369	-27066
-31091	-31857	-27330
-31081	-32153	-26869
-31076	-32393	-26496
-31066	-31485	-27565
-31062	-29929	-28300
-31060	-29018	-28506
-31049	-31348	-27696
-31044	-30367	-28739
-31037	-32421	-26172
-31031	-32504	-26080
-31025	-29795	-28809
-31005	-32211	-26636
-30999	-31540	-27552
-30997	-30969	-27748
-30995	-32630	-26160
-30974	-32090	-27021
-30968	-32166	-26934
-30968	-31977	-27585
-30958	-32842	-24981
-30953	-30698	-27938
-30939	-31088	-28305
-30933	-30381	-28399
-30932	-32242	-26830
-30927	-32482	-26457
-30917	-32975	-24836
-30909	-31725	-27952
-30896	-32599	-26546
-30889	-30532	-28613
-30870	-32812	-25063
-30868	-32022	-27331
-30865	-31093	-28347
-30844	-31214	-28100
-30827	-30582	-28407
-30819	-32255	-26895
-30808	-32669	-26081
-30797	-31219	-28054
-30796	-32716	-25205
-30794	-32306	-26864
-30791	-31169	-28387
-30775	-33032	-25730
-30775	-32675	-25797
-30763	-32032	-27338
-30754	-31890	-27826
-30753	-33180	-25824
-30747	-30425	-28658
-30726	-32153	-27080
-30724	-29514	-28829
-30720	-32820	-26199
-30716	-32572	-26604
-30716	-31253	-28306
-30710	-31258	-28221
-30706	-28676	-29222
-30705	-28942	-28899
-30696	-32552	-27023
-30695	-32032	-27465
-30689	-32748	-26939
-30688	-31607	-27964
-30686	-31890	-27953
-30685	-31370	-28395
-30677	-32197	-27295
-30669	-30955	-28407
-30668	-30588	-28646
-30658	-32937	-25941
-30653	-33225	-25570
-30643	-31522	-28204
-30636	-32234	-27169
-30616	-33086	-25840
-30604	-30747	-28408
-30586	-31035	-28791
-30578	-32762	-26599
-30568	-32824	-26190
-30558	-31991	-27616
-30550	-29831	-29168
-30548	-33046	-26228
-30540	-32197	-27339
-30534	-32440	-27226
-30531	-32055	-27827
-30530	-31535	-28269
-30512	-33172	-26308
-30505	-30412	-28804
-30496	-29874	-28941
-30481	-32818	-26365
-30481	-31756	-28357
-30475	-31049	-28451
-30472	-32063	-27699
-30469	-31205	-28713
-30466	-32292	-27523
-30465	-31772	-27965
-30463	-32055	-27954
-30453	-32712	-27182
-30435	-30183	-28858
-30428	-29300	-29173
-30412	-33217	-26054
-30408	-30619	-29156
-30398	-32139	-27739
-30392	-32806	-26858
-30392	-30204	-29168
-30391	-29837	-29407
-30379	-32879	-26385
-30369	-31250	-28459
-30366	-32706	-27357
-30366	-30771	-28965
-30363	-31200	-28792
-30340	-33257	-25001
-30335	-32873	-26403
-30326	-31921	-28231
-30325	-33211	-26229
-30314	-31370	-28587
-30308	-32220	-27828
-30304	-32801	-27143
-30268	-33541	-24835
-30268	-33278	-25774
-30261	-31492	-28531
-30260	-33353	-25959
-30258	-31921	-28358
-30248	-32578	-27586
-30240	-32810	-26849
-30233	-33114	-26752
-30208	-31365	-28666
-30202	-31608	-28553
-30201	-31088	-28995
-30194	-33445	-24977
-30173	-33761	-25502
-30168	-30002	-29408
-30160	-33398	-25705
-30147	-31935	-28018
-30130	-32022	-28021
-30115	-33275	-25973
-30106	-32471	-27631
-30103	-32086	-28232
-30099	-32667	-27547
-30096	-31809	-28561
-30089	-33175	-26472
-30087	-31175	-29040
-30084	-33203	-26713
-30056	-32815	-26847
-30046	-31253	-28869
-30031	-30368	-29421
-30025	-32743	-27587
-30013	-32192	-27943
-30007	-32859	-27062
-30002	-30580	-29309
-29989	-33220	-26218
-29988	-33765	-25081
-29981	-33295	-26403
-29981	-31490	-28565
-29981	-31170	-29119
-29978	-31253	-28996
-29959	-32147	-27952
-29941	-32248	-27720
-29941	-31974	-28435
-29940	-33264	-26433
-29936	-32305	-27713
-29932	-31340	-28914
-29919	-33390	-26189
-29914	-32757	-27247
-29907	-32904	-26808
-29884	-33041	-26876
-29883	-32636	-27632
-29876	-32211	-28131
-29873	-31974	-28562
-29872	-29236	-29804
-29853	-33110	-26963
-29843	-30011	-29727
-29837	-31723	-28616
-29832	-33384	-26364
-29826	-31335	-28993
-29823	-32318	-27778
-29823	-31418	-28870
-29819	-31058	-29322
-29809	-32578	-27905
-29808	-32058	-28347
-29776	-32625	-27965
-29774	-31639	-28958
-29765	-32846	-27208
-29740	-33287	-26887
-29728	-32801	-27506
-29718	-32139	-28436
-29707	-30552	-29424
-29682	-33771	-25373
-29676	-32670	-27711
-29664	-31223	-29196
-29630	-33843	-25524
-29626	-28892	-29969
-29619	-31804	-28832
-29618	-32184	-28182
-29601	-33291	-26614
-29596	-31223	-29323
-29591	-33376	-26848
-29580	-31326	-28994
-29579	-30441	-29574
-29566	-33679	-25555
-29566	-32963	-26994
-29557	-31854	-28626
-29555	-33853	-25479
-29544	-31822	-28945
-29530	-33440	-25625
-29496	-31268	-29069
-29488	-31015	-29326
-29484	-30717	-29425
-29444	-31934	-28639
-29444	-31867	-28691
-29441	-31388	-29197
-29429	-32574	-28116
-29424	-33715	-25983
-29424	-30606	-29448
-29408	-29411	-29729
-29402	-32019	-28500
-29398	-32956	-27099
-29383	-32384	-28266
-29379	-31438	-28991
-29353	-31441	-29216
-29342	-32849	-27372
-29341	-29765	-29819
-29339	-34170	-24208
-29324	-33760	-25729
-29324	-33032	-27139
-29301	-29014	-29916
-29300	-30658	-29632
-29287	-33621	-25999
-29283	-29876	-29883
-29280	-31103	-29387
-29275	-33804	-25944
-29252	-33472	-26097
-29248	-32162	-28782
-29227	-34268	-24749
-29175	-33849	-25690
-29175	-33121	-27100
-29168	-33379	-27012
-29167	-31116	-29452
-29165	-31455	-29077
-29165	-30515	-29729
-29153	-31739	-29060
-29133	-31574	-29124
-29125	-31268	-29261
-29107	-33081	-27488
-29078	-30678	-29578
-29070	-33670	-26348
-29055	-28670	-30081
-29048	-30730	-29525
-29033	-33157	-27528
-29031	-29948	-29776
-29029	-29957	-30060
-29003	-33488	-26476
-28998	-31904	-28934
-28996	-33746	-26388
-28994	-30479	-29755
-28975	-32671	-27999
-28966	-29135	-30212
-28965	-33164	-27235
-28951	-31314	-29251
-28927	-33804	-26130
-28894	-33174	-27215
-28879	-31259	-29262
-28829	-33774	-26239
-28818	-32502	-28209
-28818	-30673	-29705
-28806	-30122	-30061
-28801	-32354	-28508
-28744	-30317	-29987
-28743	-29300	-30213
-28727	-33202	-27066
-28684	-34350	-24771
-28671	-30919	-29506
-28657	-30480	-29836
-28654	-33415	-26600
-28645	-28438	-30306
-28628	-29254	-30259
-28626	-32598	-28123
-28623	-29606	-30203
-28602	-30508	-30023
-28580	-33491	-26640
-28578	-28792	-30396
-28565	-28432	-30411
-28547	-33800	-26341
-28544	-31555	-29179
-28542	-33167	-27399
-28533	-31033	-29632
-28457	-30778	-29680
-28428	-34014	-24904
-28417	-28826	-30620
-28376	-30818	-29799
-28360	-33974	-25292
-28342	-30096	-30073
-28286	-34050	-25332
-28283	-31308	-29320
-28258	-31359	-29364
-28189	-32505	-28165
-28170	-30038	-30216
-28143	-33527	-26625
-28137	-34139	-25293
-28131	-30304	-30087
-28069	-33603	-26665
-28068	-29482	-30239
-28036	-30580	-29938
-27961	-33138	-27634
-27921	-29898	-30331
-27920	-33692	-26626
-27885	-29960	-30252
-27871	-30700	-30029
-27857	-31180	-29403
-27832	-30966	-29900
-27823	-31068	-29514
-27820	-30522	-30072
-27748	-34059	-26002
-27737	-29001	-30352
-27730	-30125	-30126
-27680	-32682	-27689
-27646	-33487	-26829
-27589	-29395	-30561
-27579	-29123	-30650
-27563	-33073	-27735
-27533	-29839	-30481
-27473	-30635	-30130
-27429	-33702	-26497
-27384	-30197	-30256
-27355	-28971	-30679
-27300	-29998	-30433
-27141	-28191	-30697
-27032	-27917	-30865
-26997	-28186	-30714
-26934	-28773	-30937
-26908	-30027	-30701
-26621	-29224	-30833
-26301	-27902	-31080
-26200	-31627	-29075
-25748	-27938	-31137
