-16220	-13558	-12035
-16187	-14292	-12110
-16018	-14303	-11745
-15910	-13910	-12193
-15877	-14313	-12224
-15866	-14959	-11727
-15840	-14563	-11860
-15732	-14882	-11961
-15630	-14033	-12278
-15556	-13930	-12332
-15550	-15386	-11779
-15530	-14584	-11974
-15486	-14583	-11999
-15458	-14541	-12368
-15447	-15187	-11871
-15381	-15397	-11414
-15324	-13504	-12493
-15267	-15468	-11540
-15255	-14262	-12397
-15226	-14115	-12529
-15181	-14159	-12451
-15175	-15615	-11898
-15137	-15208	-11985
-15135	-15683	-11318
-15111	-14812	-12118
-15020	-15819	-11353
-14949	-15811	-11419
-14848	-15696	-11684
-14816	-14825	-12093
-14797	-14612	-12292
-14716	-15911	-11462
-14618	-15356	-12066
-14433	-15993	-11223
-14406	-15932	-11576
-14391	-12318	-12820
-14317	-13162	-12544
-14299	-13233	-12657
-14293	-12929	-12856
-14248	-12973	-12778
-14220	-16034	-10977
-13742	-12673	-13110
-13336	-12829	-12959
