-38983	-30324	-29543
-38960	-30342	-29591
-38781	-30480	-29457
-38758	-30498	-29505
-38613	-32120	-30768
-38594	-31786	-30812
-38495	-31642	-31293
-38490	-31868	-31138
-38354	-33198	-30996
-38338	-32832	-32133
-38284	-32779	-32290
-38272	-32864	-32210
-38243	-33361	-32254
-38221	-32472	-32386
-38209	-32557	-32306
-38180	-33054	-32350
-38154	-33230	-32305
-38100	-33177	-32462
-38092	-32318	-32792
-38080	-32403	-32712
-38055	-33691	-31798
-38051	-32900	-32756
-38016	-33561	-31800
-37997	-33515	-32438
-37934	-33084	-32570
-37921	-33190	-32840
-37898	-33976	-31931
-37868	-33244	-33024
-37837	-33260	-32695
-37835	-33669	-32027
-37826	-33457	-32639
-37818	-33563	-32801
-37810	-33736	-32253
-37795	-33449	-32811
-37762	-33466	-32861
-37755	-33792	-32139
-37723	-31676	-33343
-37703	-33688	-32558
-37692	-34102	-32348
-37681	-33586	-32577
-37677	-33750	-32561
-37639	-34156	-32532
-37606	-33483	-32844
-37603	-33736	-32589
-37601	-33425	-32963
-37596	-34204	-32200
-37594	-33568	-32764
-37589	-33510	-32883
-37585	-33261	-33014
-37546	-33973	-32691
-37542	-33951	-32818
-37537	-33893	-32937
-37533	-34378	-32369
-37532	-33029	-33043
-37503	-33526	-33087
-37473	-34178	-32478
-37469	-33203	-33212
-37440	-33700	-33256
-37426	-31189	-33414
-37417	-34081	-32538
-37417	-33841	-32952
-37406	-34116	-33067
-37377	-34395	-32352
-37372	-34337	-32471
-37349	-33121	-33257
-37308	-33162	-33314
-37293	-34465	-32207
-37288	-34776	-31250
-37288	-34407	-32326
-37284	-33717	-33239
-37279	-33659	-33358
-37278	-32494	-33446
-37274	-34164	-32713
-37272	-33802	-33159
-37271	-33772	-33170
-37267	-33744	-33278
-37264	-32943	-33489
-37260	-34186	-32960
-37259	-33857	-33090
-37248	-34271	-32880
-37243	-33761	-33190
-37220	-34680	-32485
-37215	-34622	-32604
-37198	-33839	-33115
-37187	-34202	-33263
-37182	-34144	-33382
-37177	-33385	-33444
-37164	-34288	-32812
-37152	-34373	-32732
-37113	-33853	-33418
-37104	-34203	-32943
-37101	-34702	-32289
-37095	-34315	-32933
-37087	-34230	-32982
-37080	-33870	-33468
-37072	-34456	-32629
-37060	-34425	-32742
-37034	-33442	-33491
-37029	-34339	-32743
-37028	-34808	-30092
-37026	-34161	-33365
-36999	-34321	-32911
-36996	-34836	-31251
-36996	-34356	-32793
-36991	-34332	-32834
-36985	-34720	-32019
-36954	-34399	-32836
-36954	-34129	-33439
-36945	-34479	-32964
-36940	-34421	-33083
-36937	-34728	-31666
-36933	-34564	-32884
-36928	-34506	-33003
-36924	-33887	-33451
-36919	-33829	-33570
-36913	-34732	-32650
-36905	-34643	-32771
-36901	-34790	-31874
-36901	-34291	-33085
-36900	-34585	-32890
-36874	-35094	-31029
-36874	-30790	-33996
-36870	-35407	-31230
-36870	-34780	-32318
-36867	-34437	-33386
-36864	-34522	-33168
-36863	-34978	-31797
-36860	-34355	-33425
-36856	-35156	-31881
-36855	-34297	-33544
-36848	-35204	-32296
-36843	-35146	-32415
-36842	-34817	-32940
-36837	-34759	-33059
-36819	-34600	-33093
-36814	-34542	-33212
-36764	-34457	-33277
-36760	-34105	-33591
-36759	-34399	-33396
-36754	-34577	-33262
-36746	-34919	-32792
-36741	-34861	-32911
-36741	-33089	-33823
-36701	-34631	-33446
-36700	-34966	-32432
-36696	-34573	-33565
-36687	-32143	-33956
-36681	-34776	-33042
-36674	-34257	-33579
-36669	-34861	-32962
-36669	-33526	-33592
-36658	-34679	-33114
-36652	-35078	-32497
-36635	-33311	-33660
-36630	-33733	-33664
-36621	-35596	-31036
-36610	-35480	-31804
-36607	-35008	-32671
-36604	-35093	-32448
-36585	-34878	-32894
-36573	-34963	-32814
-36573	-34704	-33130
-36571	-33779	-33634
-36567	-35351	-31999
-36565	-35181	-32868
-36558	-33810	-33615
-36540	-34590	-33548
-36538	-34276	-33569
-36533	-34218	-33688
-36528	-33855	-33694
-36526	-35550	-31659
-36522	-35052	-33063
-36510	-35137	-32983
-36497	-34638	-33216
-36488	-34296	-33613
-36483	-35421	-31854
-36471	-34160	-33706
-36469	-34773	-33111
-36466	-35195	-32431
-36466	-34102	-33825
-36454	-32511	-33876
-36444	-32602	-33894
-36434	-34812	-33385
-36431	-35607	-31852
-36414	-34980	-33151
-36410	-31999	-34261
-36385	-35259	-32436
-36380	-33070	-33868
-36377	-34235	-33671
-36375	-34719	-33521
-36350	-34882	-33240
-36347	-34410	-33741
-36342	-34736	-33571
-36335	-35709	-31704
-36310	-34119	-33808
-36307	-33086	-34171
-36301	-35329	-32291
-36296	-34949	-33214
-36284	-35328	-32571
-36276	-34430	-33663
-36273	-35241	-32869
-36258	-34997	-33134
-36252	-34218	-33788
-36246	-35082	-33054
-36241	-34632	-33578
-36228	-35471	-31939
-36219	-33324	-33980
-36218	-34511	-33692
-36213	-34604	-33832
-36206	-35286	-32822
-36200	-35398	-32426
-36193	-34891	-33246
-36188	-34833	-33365
-36188	-34686	-33762
-36179	-35446	-32368
-36175	-33781	-33961
-36172	-35507	-32226
-36148	-34969	-33171
-36143	-34911	-33290
-36141	-35789	-31981
-36131	-35078	-33187
-36122	-33846	-33861
-36122	-33809	-34004
-36118	-35454	-32383
-36111	-35842	-31975
-36108	-35370	-32842
-36100	-35152	-32947
-36076	-35609	-32078
-36071	-35576	-32361
-36069	-35706	-32527
-36056	-35189	-33148
-36055	-35985	-31343
-36054	-36051	-30332
-36032	-34850	-33348
-36028	-35447	-32556
-36025	-34331	-33885
-36024	-36104	-30326
-36016	-35203	-32944
-36015	-35792	-32359
-36008	-34718	-33590
-36002	-35441	-32720
-35987	-34928	-33273
-35971	-34881	-33533
-35958	-34215	-34022
-35940	-35207	-32878
-35939	-36124	-31473
-35939	-35467	-32761
-35936	-34918	-33278
-35932	-34751	-33535
-35931	-35045	-33340
-35927	-35846	-31796
-35919	-35894	-32211
-35918	-35821	-32249
-35910	-33136	-34123
-35903	-36065	-31489
-35901	-35939	-31899
-35900	-35559	-32573
-35895	-36113	-31904
-35887	-35261	-33062
-35886	-35521	-32945
-35884	-34995	-33459
-35878	-33294	-34032
-35873	-35126	-33369
-35868	-35219	-33509
-35858	-33305	-34025
-35855	-35537	-32616
-35850	-33280	-34162
-35847	-35391	-32947
-35843	-36226	-31325
-35843	-35569	-32613
-35827	-35464	-33177
-35825	-33322	-34075
-35816	-36327	-29840
-35790	-31699	-34300
-35788	-35766	-32781
-35784	-35599	-33038
-35781	-33779	-34056
-35778	-34701	-33726
-35772	-35321	-33361
-35761	-33790	-34049
-35753	-33765	-34186
-35743	-35844	-32706
-35724	-36122	-32051
-35721	-35650	-32918
-35690	-36313	-31279
-35688	-35701	-32890
-35682	-34803	-33578
-35681	-36170	-31719
-35669	-33835	-34041
-35655	-35604	-33028
-35647	-36184	-31474
-35647	-32582	-34328
-35646	-35913	-32340
-35646	-35283	-33403
-35643	-34363	-33879
-35642	-35116	-33660
-35636	-34913	-33678
-35617	-36237	-31468
-35606	-36051	-32079
-35601	-35361	-33328
-35594	-36415	-31131
-35589	-33161	-34269
-35580	-36076	-32190
-35578	-35653	-32983
-35573	-36459	-31267
-35561	-33147	-34399
-35558	-35496	-33189
-35551	-36286	-31326
-35550	-36042	-32289
-35546	-35218	-33512
-35526	-33390	-34246
-35525	-34333	-33920
-35521	-36339	-31320
-35517	-35741	-32857
-35505	-36120	-32214
-35495	-35547	-33069
-35455	-35890	-32397
-35448	-33198	-34362
-35439	-35962	-32434
-35432	-36359	-31525
-35421	-36190	-32069
-35409	-36460	-30982
-35396	-36097	-32295
-35395	-32098	-34416
-35393	-35625	-33162
-35392	-34813	-33682
-35390	-36337	-31747
-35387	-34727	-33850
-35385	-36304	-32030
-35381	-34524	-33868
-35378	-35781	-32745
-35356	-36514	-31166
-35355	-36342	-31963
-35342	-36352	-31698
-35333	-36148	-32175
-35333	-35859	-32670
-35332	-36634	-31618
-35321	-35944	-32590
-35319	-36353	-31888
-35317	-36688	-30298
-35289	-36406	-31882
-35280	-36090	-32327
-35276	-35903	-32775
-35270	-33944	-34110
-35269	-34697	-33891
-35268	-34534	-33996
-35264	-35988	-32695
-35230	-35926	-32856
-35214	-32482	-34456
-35186	-32468	-34586
-35180	-36005	-32627
-35178	-35538	-33483
-35152	-35678	-32896
-35147	-36022	-32435
-35096	-32976	-34525
-35095	-36135	-32178
-35094	-35918	-33012
-35088	-35020	-33700
-35068	-36683	-31110
-35031	-35064	-33805
-35007	-36519	-32031
-35004	-36246	-32265
-34997	-36699	-31251
-34993	-35556	-33237
-34986	-35142	-33730
-34971	-34047	-34067
-34969	-36040	-32465
-34957	-36125	-32385
-34954	-36249	-32138
-34952	-35435	-33634
-34940	-35165	-33811
-34931	-36851	-31145
-34930	-35970	-32714
-34909	-35936	-32766
-34909	-33925	-34155
-34908	-36196	-32649
-34889	-31981	-34657
-34863	-35908	-33303
-34862	-32578	-34670
-34856	-36698	-31440
-34855	-33516	-34323
-34854	-36742	-31493
-34841	-33638	-34283
-34829	-34017	-34153
-34826	-36751	-31434
-34823	-33814	-34171
-34820	-33689	-34232
-34819	-36262	-32214
-34809	-36820	-31418
-34802	-35951	-32820
-34787	-36626	-31630
-34779	-36243	-32475
-34772	-36264	-32375
-34771	-31999	-34671
-34769	-36795	-31539
-34764	-34694	-33989
-34746	-36526	-31965
-34723	-34211	-34113
-34713	-36424	-32489
-34713	-30832	-34921
-34703	-33980	-34189
-34697	-35046	-33824
-34695	-36623	-32004
-34688	-37065	-30524
-34687	-34229	-34105
-34684	-34104	-34166
-34671	-35582	-33337
-34670	-36472	-32157
-34647	-36764	-31812
-34642	-36088	-32671
-34621	-34333	-34143
-34619	-37081	-30975
-34615	-34130	-34161
-34608	-35519	-33493
-34586	-36222	-32749
-34582	-36055	-33006
-34556	-32305	-34875
-34521	-36866	-31109
-34514	-34460	-34023
-34512	-35621	-33345
-34511	-36627	-31825
-34498	-36125	-32861
-34496	-33831	-34219
-34482	-32421	-34724
-34479	-33725	-34234
-34465	-31726	-34876
-34435	-36777	-31558
-34427	-34377	-34189
-34425	-35456	-33714
-34424	-37102	-30661
-34421	-36661	-31963
-34413	-36736	-32153
-34409	-36569	-32410
-34409	-34822	-34082
-34403	-34619	-34100
-34393	-36978	-31126
-34350	-36849	-31321
-34342	-33961	-34234
-34326	-33143	-34490
-34325	-37295	-30013
-34320	-36902	-31315
-34293	-35959	-33100
-34292	-36993	-31061
-34277	-35601	-33825
-34266	-36793	-32240
-34262	-37046	-31055
-34262	-36816	-31631
-34259	-36270	-32955
-34227	-37e3	-31072
-34223	-33210	-34676
-34217	-34908	-33972
-34193	-35150	-33883
-34178	-37116	-30910
-34175	-37012	-31661
-34171	-36845	-31918
-34148	-36576	-32344
-34135	-37132	-30459
-34124	-36031	-33014
-34121	-32402	-34769
-34112	-37125	-30829
-34109	-37024	-31065
-34094	-37282	-30646
-34087	-36915	-31773
-34078	-37084	-30941
-34044	-34013	-34495
-34038	-33810	-34513
-34037	-37050	-31233
-34033	-37128	-30785
-34028	-37195	-30684
-34021	-36546	-32463
-34009	-30785	-35059
-34006	-37132	-30835
-34002	-37136	-31116
-33975	-36282	-32541
-33970	-37339	-30424
-33957	-33521	-34567
-33951	-33318	-34585
-33945	-36335	-32535
-33931	-37151	-30717
-33926	-34732	-34322
-33918	-30206	-35060
-33911	-36294	-32647
-33898	-36842	-32421
-33890	-36922	-31953
-33860	-36975	-31947
-33845	-36864	-32031
-33831	-37185	-31083
-33797	-37144	-31195
-33782	-37184	-31187
-33776	-37033	-31267
-33775	-36248	-32981
-33774	-37436	-30850
-33756	-37197	-30936
-33742	-32681	-34684
-33730	-35735	-33601
-33713	-36230	-33238
-33698	-37111	-31252
-33683	-37330	-31194
-33652	-37198	-31461
-33646	-37208	-31223
-33619	-36354	-32648
-33614	-33057	-34719
-33608	-37463	-29866
-33574	-35765	-33446
-33548	-37333	-31001
-33543	-33325	-34595
-33498	-37493	-30071
-33491	-34080	-34430
-33467	-34322	-34341
-33464	-37490	-30305
-33414	-37563	-29926
-33391	-37210	-31311
-33326	-36362	-32765
-33321	-37533	-30547
-33310	-37432	-31036
-33293	-37560	-30346
-33276	-34126	-34358
-33268	-37587	-30731
-33263	-34121	-34370
-33256	-37618	-29591
-33232	-31778	-35226
-33141	-37270	-31432
-33008	-36967	-32025
-32988	-37694	-29706
-32871	-36649	-32423
-32834	-37079	-31833
-32825	-36310	-32917
-32819	-36391	-32764
-32815	-37289	-31545
-32791	-34331	-34471
-32784	-37732	-29246
-32762	-37591	-29857
-32719	-33187	-34902
-32665	-37732	-29300
-32653	-36520	-32787
-32651	-37642	-30872
-32583	-37756	-27002
-32578	-33698	-34798
-32555	-32702	-35155
-32549	-32499	-35173
-32540	-37959	-29407
-32533	-36370	-32918
-32491	-33206	-34870
-32481	-37738	-29560
-32468	-37918	-29585
-32443	-37479	-30877
-32438	-32993	-35112
-32432	-32790	-35130
-32426	-33522	-34884
-32424	-33115	-35072
-32397	-37713	-29995
-32329	-37172	-31592
-32295	-36646	-32426
-32281	-37146	-31768
-32223	-37527	-30948
-32222	-33321	-34913
-32203	-37200	-31781
-32177	-37761	-30066
-32117	-37498	-30990
-32089	-38050	-30329
-32088	-36976	-31967
-32087	-37551	-30984
-31879	-37774	-30498
-31861	-33302	-34958
-31847	-33424	-34918
-31795	-37844	-30353
-31545	-32122	-35222
-31533	-31813	-35389
-31527	-31610	-35407
-31504	-38278	-27884
-31487	-38302	-28925
-31317	-32141	-35190
-31303	-38308	-29185
-31196	-38145	-29406
-30956	-32122	-35235
-30884	-37781	-31084
-30851	-38335	-27798
-30834	-38434	-28497
-30715	-38434	-28551
-30701	-38344	-30123
-30481	-38513	-28432
-30450	-38529	-28103
-29337	-30921	-35571
