-44579	-28537	-29712
-44516	-30691	-31228
-44477	-29745	-31635
-44466	-31253	-30775
-44445	-31201	-31304
-44445	-30159	-31321
-44441	-31630	-30736
-44429	-30644	-31938
-44405	-31385	-31723
-44362	-30740	-32522
-44349	-30993	-32733
-44330	-31154	-32208
-44326	-30463	-33030
-44299	-31595	-32089
-44287	-31679	-32030
-44255	-32093	-31716
-44255	-30973	-33106
-44201	-31352	-32585
-44174	-31442	-32560
-44155	-31004	-32827
-44142	-31856	-32246
-44139	-32117	-32858
-44126	-32291	-32093
-44106	-32767	-30531
-44084	-31514	-32903
-44072	-30821	-33213
-44068	-32680	-31962
-44049	-32242	-32229
-44048	-32357	-32021
-44040	-31642	-33118
-43970	-31749	-33393
-43967	-32063	-33033
-43957	-32875	-31570
-43939	-33109	-31845
-43935	-32477	-32719
-43912	-32006	-33258
-43899	-32259	-33469
-43876	-31729	-33766
-43848	-31855	-33642
-43825	-31325	-33939
-43812	-33391	-33145
-43811	-31132	-34262
-43805	-32420	-33273
-43758	-32526	-33193
-43754	-31835	-34015
-43736	-33895	-31016
-43713	-33494	-31816
-43710	-31182	-34033
-43709	-33985	-30991
-43708	-32465	-33273
-43705	-32270	-33563
-43702	-32584	-33203
-43690	-32651	-33345
-43677	-34025	-30699
-43673	-32644	-33440
-43670	-32653	-34051
-43653	-33507	-31492
-43639	-31692	-34109
-43638	-32979	-33767
-43636	-31008	-34645
-43628	-33469	-32646
-43593	-31718	-34329
-43590	-33347	-33684
-43580	-33768	-31793
-43567	-32817	-33981
-43555	-32510	-34145
-43539	-33847	-31393
-43539	-33545	-33407
-43533	-33779	-31527
-43523	-32836	-33861
-43501	-34193	-31213
-43500	-32306	-34158
-43475	-33204	-33778
-43473	-33636	-32427
-43471	-33633	-33210
-43467	-33025	-33823
-43464	-33685	-32436
-43452	-32674	-34075
-43445	-32077	-34181
-43438	-33971	-32754
-43433	-32832	-34090
-43429	-33371	-33643
-43427	-32486	-34311
-43426	-33685	-33283
-43425	-34449	-32195
-43411	-34061	-32729
-43404	-31956	-34608
-43399	-32461	-34427
-43397	-33850	-33181
-43375	-34208	-32615
-43366	-34121	-32841
-43365	-30655	-34683
-43361	-32807	-34247
-43350	-32901	-34191
-43333	-32466	-34684
-43315	-33629	-33517
-43305	-32808	-34256
-43303	-33830	-33554
-43292	-32770	-34299
-43281	-33811	-33620
-43270	-34483	-30614
-43260	-33216	-34049
-43249	-34546	-31367
-43249	-33589	-33749
-43247	-33065	-34121
-43241	-34059	-32914
-43234	-33318	-34332
-43221	-33796	-33773
-43211	-32788	-34629
-43210	-33206	-34568
-43207	-33502	-34112
-43203	-34405	-32734
-43195	-34082	-34091
-43190	-31816	-35041
-43190	-30531	-35066
-43180	-34798	-30472
-43178	-34160	-32992
-43172	-33552	-34388
-43171	-34203	-33340
-43163	-34122	-33799
-43162	-33603	-34229
-43154	-32487	-34665
-43140	-34506	-32812
-43129	-34636	-30801
-43127	-34331	-33555
-43122	-34735	-31500
-43112	-31740	-35291
-43103	-32948	-34717
-43100	-34205	-33595
-43091	-34539	-32457
-43086	-32018	-35135
-43081	-35001	-31488
-43079	-34630	-32702
-43079	-33058	-34679
-43068	-34139	-33984
-43059	-33767	-34159
-43037	-33582	-34338
-43032	-33059	-34571
-43025	-34363	-32906
-43014	-34376	-32874
-43008	-31942	-35385
-43e3	-34564	-33477
-42999	-33150	-34811
-42995	-34181	-33744
-42985	-33458	-34651
-42960	-34635	-32839
-42947	-33801	-34202
-42928	-34675	-32547
-42916	-34763	-33054
-42909	-34796	-32213
-42893	-34393	-33552
-42879	-34581	-33543
-42875	-34642	-33481
-42874	-33653	-34259
-42855	-35386	-31459
-42849	-33540	-34712
-42844	-34913	-33141
-42842	-33868	-34155
-42837	-34293	-33602
-42833	-34437	-34181
-42820	-33722	-34312
-42819	-35111	-32071
-42810	-33907	-34478
-42798	-33914	-34272
-42795	-34780	-33732
-42787	-34602	-33750
-42781	-34622	-33854
-42778	-34520	-34016
-42765	-32311	-35050
-42759	-34678	-34031
-42747	-35079	-32879
-42745	-33742	-34806
-42744	-34084	-34257
-42740	-35243	-31553
-42737	-34098	-34238
-42725	-34933	-33036
-42723	-33940	-34360
-42693	-33130	-34934
-42683	-30831	-35872
-42681	-35061	-33251
-42679	-32972	-35056
-42670	-35396	-30857
-42661	-32513	-35144
-42659	-32008	-35188
-42658	-31350	-35750
-42654	-34745	-33984
-42653	-33971	-34627
-42649	-32558	-35176
-42644	-34879	-33740
-42640	-34940	-33678
-42639	-34985	-33547
-42623	-34098	-34334
-42621	-32883	-35157
-42618	-35298	-33112
-42615	-34317	-34447
-42612	-34915	-33794
-42604	-32623	-35441
-42602	-34893	-33796
-42588	-34460	-34150
-42584	-34574	-34231
-42572	-33140	-34864
-42557	-33866	-34643
-42554	-31552	-35844
-42552	-34900	-33947
-42549	-34054	-34591
-42546	-34920	-34051
-42545	-32760	-35270
-42545	-31830	-35737
-42536	-33038	-35163
-42529	-34078	-34707
-42527	-35304	-32266
-42519	-34212	-34463
-42517	-33344	-34856
-42511	-35064	-33288
-42510	-34818	-34350
-42505	-35541	-31750
-42488	-34238	-34557
-42471	-33978	-34841
-42467	-35026	-33357
-42466	-35071	-33226
-42461	-33530	-34969
-42458	-32962	-35413
-42457	-34989	-33492
-42455	-35454	-32353
-42452	-34993	-33705
-42451	-35332	-33025
-42444	-33270	-35253
-42436	-34588	-34389
-42433	-34321	-34392
-42413	-35169	-33141
-42393	-32277	-35593
-42391	-35050	-33527
-42390	-35471	-33735
-42373	-35208	-33750
-42370	-34325	-34533
-42367	-35191	-33993
-42367	-34941	-34032
-42363	-31369	-35867
-42332	-35627	-31429
-42331	-35089	-34292
-42323	-35484	-32999
-42318	-33732	-34859
-42309	-34509	-34499
-42307	-34343	-34535
-42306	-31289	-35908
-42301	-33472	-35143
-42297	-31567	-35801
-42296	-35492	-32971
-42286	-35774	-31918
-42284	-32047	-35639
-42279	-33534	-34914
-42269	-34689	-34355
-42263	-33936	-34851
-42256	-30821	-35925
-42238	-35582	-32835
-42226	-33964	-34949
-42225	-32383	-35527
-42217	-35557	-33414
-42216	-35630	-33222
-42216	-32661	-35420
-42211	-34007	-34861
-42211	-32281	-35538
-42210	-32699	-35477
-42208	-35475	-33680
-42203	-33141	-35258
-42199	-32202	-35645
-42197	-33179	-35315
-42194	-33747	-35145
-42194	-33688	-35164
-42190	-34441	-34607
-42177	-33425	-35179
-42158	-35861	-30631
-42142	-34610	-34465
-42125	-35818	-31655
-42121	-34462	-34583
-42112	-33334	-35321
-42109	-35526	-33500
-42097	-33006	-35466
-42090	-34960	-34297
-42088	-35782	-33196
-42083	-34808	-34403
-42064	-35114	-34096
-42061	-34228	-34610
-42060	-33089	-35378
-42051	-34120	-34788
-42050	-33346	-35289
-42047	-34272	-34752
-42047	-32649	-35501
-42044	-33968	-34894
-42042	-35796	-32368
-42037	-33826	-35127
-42034	-33848	-35016
-42032	-34278	-34803
-42029	-35400	-33753
-42029	-34011	-34806
-42028	-35012	-34395
-42025	-34126	-34909
-42023	-35743	-33286
-42018	-34120	-34925
-42011	-31600	-35842
-42005	-34732	-34653
-42003	-35880	-33032
-42e3	-31052	-35918
-41982	-33909	-34962
-41974	-31683	-35754
-41971	-35920	-32740
-41966	-32595	-35640
-41963	-35461	-33788
-41963	-34881	-34407
-41960	-35194	-33791
-41960	-31661	-35816
-41957	-32873	-35533
-41956	-33291	-35472
-41951	-31939	-35709
-41946	-35201	-34072
-41946	-33425	-35228
-41945	-36111	-30441
-41931	-35244	-33984
-41927	-35358	-34065
-41918	-33637	-35292
-41913	-36151	-30149
-41905	-31250	-35963
-41893	-30504	-35976
-41886	-33714	-35252
-41885	-36094	-32288
-41885	-35385	-34038
-41880	-34336	-34857
-41873	-31863	-35959
-41870	-31885	-35848
-41861	-35591	-33480
-41857	-32365	-35686
-41848	-34060	-35072
-41844	-34813	-34515
-41820	-35680	-33331
-41812	-35506	-33631
-41809	-33220	-35563
-41807	-35665	-33581
-41799	-30182	-36340
-41797	-33520	-35345
-41796	-33938	-35284
-41796	-31020	-36009
-41796	-31015	-36382
-41792	-32957	-35578
-41790	-35864	-33065
-41784	-32599	-35585
-41783	-34997	-34481
-41783	-34418	-35122
-41783	-32419	-35761
-41779	-32210	-35788
-41774	-32697	-35654
-41773	-33115	-35593
-41769	-33325	-35364
-41765	-34737	-34557
-41754	-33303	-35398
-41753	-35124	-34188
-41748	-34477	-34841
-41746	-32502	-35673
-41728	-34501	-34957
-41726	-35816	-33337
-41726	-29971	-36493
-41718	-35486	-34004
-41701	-34644	-34660
-41692	-31222	-36103
-41687	-31709	-35969
-41683	-35931	-32569
-41682	-35384	-34303
-41675	-36001	-32417
-41672	-33130	-35626
-41668	-35704	-33544
-41665	-35084	-34457
-41659	-35104	-34561
-41649	-32307	-35935
-41648	-35841	-33290
-41635	-36081	-32450
-41630	-33528	-35366
-41625	-35670	-33548
-41622	-34746	-34752
-41616	-35881	-32998
-41610	-34504	-34801
-41610	-33663	-35380
-41601	-36388	-31526
-41601	-34422	-35067
-41601	-32423	-35706
-41600	-32841	-35645
-41576	-35870	-33085
-41572	-34850	-34621
-41559	-35730	-33561
-41555	-34590	-34905
-41555	-33812	-35558
-41548	-30752	-36446
-41547	-36153	-32391
-41547	-35594	-33798
-41546	-36054	-32819
-41545	-32328	-35909
-41539	-35757	-33946
-41538	-35899	-33277
-41535	-34155	-35186
-41533	-33169	-35691
-41526	-32434	-35718
-41524	-31665	-36070
-41503	-35655	-34245
-41500	-33895	-35393
-41497	-34501	-35006
-41473	-35904	-33109
-41463	-36217	-32874
-41450	-34310	-35192
-41445	-34627	-34882
-41433	-36068	-33240
-41424	-35894	-33298
-41419	-34274	-35206
-41412	-34656	-35012
-41404	-33908	-35297
-41390	-34854	-34566
-41390	-34076	-35219
-41384	-31094	-36108
-41375	-30478	-36498
-41373	-33816	-35503
-41371	-35777	-33595
-41366	-35843	-33625
-41363	-32390	-35819
-41356	-35162	-34325
-41352	-32528	-35835
-41347	-33015	-35701
-41346	-33433	-35640
-41342	-31070	-36175
-41320	-34885	-34833
-41314	-34772	-34840
-41307	-33549	-35622
-41306	-36538	-30406
-41293	-32887	-35828
-41286	-36245	-32300
-41281	-36092	-33453
-41280	-31296	-36202
-41276	-35118	-34660
-41271	-31574	-36095
-41269	-33895	-35442
-41265	-35254	-34397
-41255	-35374	-34356
-41246	-34e3	-35258
-41225	-31752	-36107
-41222	-32625	-35982
-41221	-31410	-36255
-41216	-32030	-36e3
-41204	-36340	-32512
-41201	-35966	-33706
-41199	-34389	-35182
-41197	-34692	-34862
-41192	-33175	-35647
-41189	-33089	-35922
-41186	-35380	-34340
-41177	-35298	-34606
-41172	-33513	-35648
-41146	-31184	-36376
-41134	-33275	-35674
-41133	-36418	-30955
-41125	-36318	-32656
-41125	-33553	-35567
-41124	-36531	-31702
-41117	-31252	-36303
-41114	-36655	-32370
-41108	-36178	-33132
-41092	-34279	-35269
-41091	-31640	-36281
-41087	-33899	-35387
-41076	-36218	-32840
-41057	-31920	-36002
-41052	-32689	-35999
-41051	-36692	-31710
-41048	-32705	-35990
-41043	-31756	-36052
-41036	-36207	-32927
-41036	-35869	-33789
-41026	-33932	-35303
-41017	-34393	-35127
-40998	-36128	-33141
-40983	-35173	-34717
-40982	-33289	-35724
-40973	-30910	-36428
-40971	-33783	-35618
-40969	-34086	-35298
-40968	-34504	-35237
-40949	-33140	-35751
-40932	-36358	-33569
-40930	-34850	-35057
-40926	-30665	-36490
-40919	-35626	-34305
-40918	-31366	-36333
-40911	-36592	-32415
-40900	-34163	-35336
-40898	-36916	-31673
-40890	-35648	-34379
-40864	-29641	-36752
-40863	-35826	-34102
-40859	-30128	-36618
-40844	-31892	-36142
-40832	-34966	-34885
-40830	-35414	-34406
-40815	-33149	-35849
-40815	-32212	-36215
-40806	-32490	-36108
-40794	-35312	-34705
-40791	-36682	-31849
-40789	-33787	-35563
-40770	-33945	-35578
-40759	-35906	-33797
-40758	-36517	-33056
-40743	-33332	-35658
-40737	-36926	-30865
-40723	-33520	-35682
-40723	-30025	-36794
-40719	-31502	-36423
-40690	-36241	-33697
-40681	-35830	-34047
-40679	-36632	-32557
-40667	-36782	-32169
-40651	-31079	-36517
-40646	-33137	-35920
-40642	-36754	-32172
-40633	-33992	-35378
-40633	-32216	-36160
-40630	-36669	-33030
-40618	-32942	-35939
-40617	-35664	-34216
-40612	-33151	-35761
-40610	-35540	-34441
-40600	-33315	-35932
-40591	-33593	-35825
-40579	-34863	-35131
-40565	-35322	-34507
-40554	-31304	-36538
-40545	-36767	-32866
-40545	-31582	-36431
-40525	-36035	-33862
-40517	-36198	-34010
-40509	-31975	-36225
-40476	-33490	-35853
-40469	-36605	-33097
-40468	-28558	-36980
-40462	-30073	-36682
-40457	-30560	-36548
-40455	-34055	-35473
-40452	-29715	-36851
-40424	-36998	-30224
-40423	-34061	-35378
-40418	-33319	-35877
-40407	-32596	-36091
-40406	-33801	-35662
-40405	-34219	-35601
-40398	-32874	-35984
-40388	-37090	-30715
-40372	-31308	-36483
-40367	-34565	-35421
-40361	-35709	-34204
-40360	-33979	-35674
-40351	-34257	-35567
-40338	-31708	-36286
-40335	-36202	-33955
-40331	-36939	-31278
-40319	-30274	-36591
-40307	-35715	-34457
-40291	-37103	-31409
-40285	-36909	-31807
-40274	-36955	-31590
-40272	-32334	-36138
-40266	-30913	-36629
-40253	-36866	-32400
-40249	-35759	-34297
-40248	-31067	-36548
-40225	-36818	-32403
-40225	-32600	-36036
-40211	-35961	-34020
-40210	-35283	-34765
-40195	-28611	-36964
-40190	-36728	-33124
-40188	-28937	-36997
-40187	-36562	-33312
-40184	-32948	-36143
-40179	-36407	-33770
-40178	-33983	-35619
-40177	-36968	-32284
-40158	-36768	-32832
-40155	-35739	-34670
-40144	-37052	-31736
-40130	-36607	-33307
-40122	-36452	-33765
-40102	-31151	-36628
-40097	-32192	-36373
-40088	-32470	-36266
-40078	-29219	-37034
-40061	-29241	-36913
-40053	-30079	-36937
-39996	-35983	-34227
-39995	-30603	-36686
-39983	-30772	-36707
-39957	-29443	-37007
-39951	-37196	-30895
-39950	-36777	-32568
-39915	-32196	-36318
-39877	-37284	-30950
-39860	-37092	-32426
-39850	-28895	-37065
-39839	-37202	-31310
-39828	-37132	-32134
-39799	-37220	-31108
-39798	-29598	-37051
-39792	-36816	-33067
-39725	-37308	-31163
-39723	-36226	-33856
-39702	-33028	-35969
-39694	-32490	-36360
-39687	-37226	-31523
-39686	-31563	-36682
-39671	-32546	-36337
-39652	-37229	-31306
-39645	-36150	-34106
-39632	-36905	-32871
-39629	-36060	-34155
-39624	-36750	-33329
-39600	-36082	-34229
-39596	-37383	-30210
-39596	-30967	-36772
-39572	-37332	-30605
-39560	-37475	-30701
-39555	-36160	-34118
-39522	-37245	-31208
-39484	-37163	-31568
-39477	-32714	-36453
-39470	-29728	-37203
-39458	-30904	-36783
-39451	-33304	-36036
-39444	-37152	-31655
-39426	-35649	-34716
-39341	-33176	-36101
-39341	-30486	-36886
-39324	-30866	-36819
-39292	-37176	-31868
-39257	-37179	-31651
-39252	-37340	-31999
-39237	-33378	-36195
-39225	-36524	-33420
-39152	-37391	-30798
-39151	-30592	-36871
-39130	-32830	-36253
-39038	-37439	-30782
-38948	-32834	-36198
-38925	-30972	-36802
-38916	-31250	-36695
-38832	-37536	-30784
-38818	-27974	-37246
-38743	-30976	-36747
-38740	-30884	-36941
-38725	-37381	-30851
-38701	-28582	-37316
-38633	-37627	-30246
-38621	-36217	-34e3
-38614	-37385	-31316
-38591	-37783	-30081
-38404	-37810	-30077
-38399	-30972	-36832
-38390	-36739	-33511
-38374	-36649	-33560
-38369	-37339	-32734
-38366	-37728	-30437
-38292	-37816	-30492
-38222	-36673	-33773
-38195	-37498	-32221
-38171	-36238	-34121
-37897	-37766	-30837
-37892	-37037	-33075
-37660	-37559	-31386
-37363	-38010	-29606
-37310	-27288	-37367
-36828	-38071	-28771
