-29427	-25304	-24143
-29119	-26497	-24851
-29100	-25287	-25875
-29073	-25454	-25026
-29038	-26759	-24716
-29016	-27332	-25751
-29013	-28250	-25015
-28992	-27408	-25176
-28985	-26758	-26224
-28978	-25663	-26551
-28887	-27631	-25465
-28859	-26139	-26674
-28839	-28224	-25766
-28824	-26909	-25943
-28793	-27266	-26093
-28793	-25171	-26775
-28787	-27907	-25993
-28772	-28370	-24975
-28772	-26424	-26254
-28762	-27148	-26449
-28746	-28296	-25341
-28717	-26378	-26830
-28703	-27400	-26155
-28690	-28598	-25406
-28682	-28323	-25692
-28668	-26465	-26715
-28632	-27544	-26106
-28598	-28344	-25726
-28592	-27570	-26071
-28580	-27227	-26333
-28579	-27266	-26809
-28576	-28184	-26073
-28560	-28691	-24871
-28559	-28730	-25347
-28558	-28370	-25691
-28530	-27353	-26694
-28517	-27480	-26277
-28511	-28819	-25186
-28507	-28413	-25574
-28502	-24656	-27399
-28492	-29075	-25243
-28490	-27361	-26395
-28487	-25563	-27188
-28470	-27614	-26484
-28462	-27339	-26770
-28455	-26426	-26955
-28452	-27800	-26102
-28449	-28718	-25366
-28445	-28259	-25840
-28443	-27846	-26098
-28442	-28803	-25308
-28441	-28443	-25652
-28430	-27640	-26449
-28426	-27181	-26923
-28423	-28099	-26187
-28422	-27365	-26735
-28409	-27727	-26197
-28406	-28645	-25461
-28405	-28285	-25805
-28402	-28829	-25273
-28390	-28486	-25535
-28388	-26002	-27035
-28385	-25969	-27363
-28379	-27718	-26385
-28378	-28205	-25876
-28368	-26587	-27030
-28364	-28677	-25401
-28361	-28379	-25797
-28348	-28075	-26535
-28346	-28923	-25360
-28346	-26228	-27064
-28343	-25232	-27416
-28342	-28517	-25748
-28338	-28603	-25767
-28337	-27968	-26634
-28328	-26139	-27205
-28327	-29179	-25417
-28312	-27209	-27090
-28311	-28399	-26104
-28310	-28514	-26242
-28309	-27254	-26884
-28308	-28101	-26500
-28293	-29060	-25516
-28293	-27688	-26721
-28291	-28647	-25774
-28279	-28710	-26046
-28275	-28862	-25644
-28258	-29408	-24918
-28247	-26857	-27342
-28227	-28393	-26273
-28222	-27456	-26985
-28207	-26268	-27456
-28202	-28747	-25779
-28191	-28174	-26461
-28187	-27118	-27132
-28180	-27429	-27062
-28177	-28347	-26326
-28162	-28773	-25744
-28160	-28893	-25600
-28150	-29238	-25e3
-28140	-27603	-26835
-28137	-25811	-27864
-28126	-28625	-26160
-28114	-28177	-26453
-28107	-28195	-26495
-28096	-28088	-26594
-28094	-27675	-26852
-28093	-29238	-25496
-28079	-28969	-25686
-28078	-26920	-27241
-28077	-26072	-27654
-28074	-28308	-26387
-28068	-27346	-27074
-28067	-28221	-26460
-28065	-27579	-27183
-28062	-28497	-26447
-28060	-29225	-25743
-28060	-26831	-27382
-28058	-28136	-26534
-28056	-28114	-26559
-28055	-27847	-26759
-28052	-28765	-26023
-28051	-27728	-26776
-28050	-27257	-27215
-28044	-28683	-26065
-28042	-29136	-25884
-28035	-29311	-25297
-28028	-26159	-27539
-28024	-28936	-26154
-28022	-28523	-26412
-28017	-26219	-27507
-28016	-27666	-27068
-28007	-29482	-25428
-27977	-27748	-26813
-27958	-28273	-26634
-27954	-28589	-26280
-27939	-26960	-27633
-27938	-27920	-26720
-27936	-27878	-26897
-27925	-28571	-26347
-27918	-26648	-27671
-27916	-27953	-26823
-27912	-28051	-26704
-27907	-29140	-25857
-27898	-28317	-26604
-27898	-27176	-27237
-27885	-28597	-26312
-27877	-29684	-23984
-27860	-27734	-26931
-27859	-28123	-26665
-27846	-28094	-26880
-27844	-28772	-26320
-27843	-29012	-26144
-27839	-27123	-27279
-27829	-28365	-26677
-27828	-28005	-27021
-27826	-29558	-25418
-27826	-24158	-27968
-27825	-28923	-26285
-27824	-27699	-27143
-27823	-27619	-27238
-27821	-28617	-26407
-27820	-27209	-27241
-27816	-26968	-27366
-27815	-26120	-27779
-27808	-29469	-25559
-27808	-26431	-27709
-27807	-29202	-25759
-27802	-24497	-28076
-27795	-28713	-26359
-27795	-28543	-26773
-27791	-28182	-26860
-27784	-24408	-28217
-27781	-28643	-26372
-27774	-29241	-25645
-27773	-28093	-27001
-27765	-26563	-27785
-27763	-29886	-24907
-27759	-28640	-26532
-27757	-28982	-26480
-27716	-26650	-27670
-27710	-27249	-27414
-27703	-24926	-28240
-27695	-27838	-27105
-27688	-25833	-28029
-27680	-29132	-25939
-27675	-27777	-27282
-27674	-26785	-27655
-27670	-27275	-27379
-27663	-27047	-27523
-27661	-29388	-25996
-27657	-25287	-28092
-27656	-26696	-27796
-27645	-25221	-28154
-27643	-29299	-26137
-27642	-28458	-26887
-27640	-26792	-27822
-27636	-29474	-25550
-27627	-25132	-28295
-27626	-29819	-24950
-27624	-27358	-27387
-27622	-28328	-27084
-27620	-27915	-27342
-27612	-27081	-27520
-27609	-29071	-26223
-27596	-28700	-26490
-27595	-27476	-27348
-27592	-29617	-25497
-27586	-29913	-24400
-27573	-28545	-26577
-27569	-27219	-27555
-27560	-28516	-26792
-27558	-28969	-26611
-27554	-25839	-27865
-27551	-29754	-25012
-27542	-28427	-26933
-27541	-29515	-25885
-27540	-27123	-27886
-27525	-29308	-26025
-27523	-29315	-26155
-27521	-29624	-25671
-27519	-27510	-27462
-27516	-25952	-27968
-27507	-29219	-26166
-27505	-29226	-26296
-27503	-27988	-27303
-27503	-26611	-27910
-27501	-27421	-27603
-27499	-28480	-26857
-27486	-26462	-27970
-27481	-29650	-25636
-27474	-25047	-28409
-27469	-29918	-24876
-27464	-27497	-27553
-27463	-28014	-27268
-27448	-29956	-24588
-27441	-28404	-27074
-27439	-25669	-28174
-27428	-27884	-27431
-27424	-27523	-27518
-27423	-28315	-27215
-27422	-28780	-26660
-27404	-27660	-27583
-27401	-28578	-26847
-27401	-28430	-27039
-27396	-28706	-27026
-27394	-27040	-27961
-27392	-28345	-27113
-27388	-29430	-25999
-27388	-24030	-28549
-27386	-27571	-27724
-27383	-28341	-27180
-27382	-28806	-26625
-27379	-29252	-26300
-27378	-28892	-26644
-27377	-25992	-28360
-27376	-29929	-24990
-27374	-28256	-27254
-27373	-29771	-25061
-27364	-29723	-25597
-27358	-29145	-26733
-27356	-28732	-26991
-27348	-29490	-26133
-27346	-27597	-27689
-27343	-29151	-26321
-27337	-27658	-27609
-27331	-30036	-25407
-27324	-29302	-26286
-27311	-27957	-27392
-27309	-27673	-27639
-27283	-24887	-28680
-27279	-29719	-25634
-27275	-28473	-27259
-27268	-25794	-28469
-27266	-27726	-27563
-27260	-27760	-27524
-27249	-27043	-27895
-27246	-26099	-28037
-27241	-26955	-28075
-27215	-27843	-27515
-27207	-28737	-26749
-27207	-25093	-28735
-27189	-28026	-27366
-27185	-26793	-28117
-27178	-27919	-27465
-27175	-27437	-27788
-27171	-27937	-27507
-27168	-26081	-28224
-27162	-28214	-27600
-27159	-29132	-26864
-27158	-27908	-27722
-27156	-27588	-27753
-27155	-28826	-26986
-27152	-29307	-26277
-27149	-29477	-26264
-27147	-29522	-25680
-27145	-26819	-28082
-27142	-29678	-26138
-27137	-28737	-27127
-27134	-29218	-26418
-27119	-29904	-25512
-27119	-27589	-27771
-27117	-26115	-28221
-27115	-28852	-26951
-27098	-24358	-28752
-27090	-29361	-26365
-27086	-26170	-28321
-27073	-29916	-25573
-27050	-29761	-25660
-27037	-29457	-26398
-27036	-27736	-27754
-27035	-27579	-27833
-27032	-27375	-27841
-27030	-26969	-28203
-27025	-27353	-27917
-27022	-26042	-28608
-27022	-24564	-28807
-27009	-28282	-27362
-27007	-30122	-24958
-27006	-29598	-26167
-27005	-27823	-27836
-27002	-28741	-27100
-26998	-26662	-28293
-26991	-25496	-28671
-26981	-27056	-28088
-26979	-29394	-26504
-26976	-29492	-26499
-26974	-27964	-27605
-26971	-28882	-26869
-26966	-27504	-27885
-26947	-27760	-27942
-26944	-30079	-25490
-26944	-29314	-26574
-26926	-28603	-27191
-26922	-28694	-27216
-26922	-26329	-28363
-26921	-29159	-26661
-26915	-26307	-28439
-26910	-27836	-27892
-26907	-28754	-27156
-26904	-29340	-26539
-26903	-30136	-24391
-26888	-29042	-26898
-26888	-26048	-28444
-26885	-29591	-26238
-26881	-29185	-26626
-26879	-27204	-28286
-26876	-28636	-27512
-26875	-30308	-24991
-26872	-29287	-26976
-26868	-28926	-27063
-26867	-29502	-26379
-26866	-26394	-28324
-26862	-29632	-26376
-26859	-27241	-27994
-26858	-26892	-28324
-26853	-26384	-28650
-26845	-27976	-27690
-26841	-29817	-25737
-26829	-29780	-26275
-26816	-29820	-25739
-26810	-30332	-24647
-26810	-27291	-27976
-26808	-25256	-28988
-26785	-28254	-27589
-26784	-27217	-28342
-26781	-28135	-27606
-26779	-27601	-28056
-26763	-30123	-25036
-26756	-28508	-27577
-26753	-26671	-28405
-26751	-27898	-27947
-26750	-28017	-27962
-26746	-29334	-26639
-26736	-26710	-28418
-26722	-24239	-29128
-26717	-28698	-27567
-26713	-28337	-27654
-26689	-29029	-27029
-26688	-30277	-25576
-26677	-28724	-27532
-26675	-26009	-28684
-26666	-28874	-27116
-26654	-29375	-26573
-26652	-28087	-27673
-26647	-25407	-28707
-26639	-29406	-26789
-26639	-28198	-27864
-26636	-29116	-27128
-26636	-27742	-28086
-26632	-28755	-27215
-26631	-27132	-28456
-26626	-27516	-28170
-26600	-29548	-26705
-26599	-28224	-27829
-26596	-29142	-27093
-26592	-25654	-28830
-26572	-29979	-25839
-26567	-25376	-28948
-26553	-27340	-28234
-26545	-25715	-28724
-26524	-26558	-28512
-26516	-27871	-27966
-26513	-28789	-27230
-26512	-28317	-27704
-26506	-27550	-28153
-26500	-26897	-28620
-26486	-28113	-27978
-26483	-29031	-27242
-26482	-28297	-27790
-26477	-27804	-28141
-26474	-29236	-27367
-26464	-29581	-26767
-26458	-27353	-28290
-26447	-30127	-26041
-26447	-29463	-26819
-26446	-28139	-27943
-26417	-25474	-29120
-26406	-28533	-27677
-26405	-29474	-26802
-26392	-25630	-28838
-26390	-27252	-28416
-26387	-28777	-27498
-26386	-28417	-27842
-26383	-29335	-27106
-26378	-29692	-26320
-26376	-26057	-28766
-26373	-30420	-23435
-26373	-29680	-26506
-26373	-27383	-28237
-26372	-30125	-26048
-26367	-26717	-28654
-26366	-29881	-26380
-26356	-30226	-25780
-26347	-28803	-27463
-26343	-29922	-26518
-26341	-27339	-28301
-26338	-25153	-29153
-26329	-28212	-27904
-26328	-27840	-27986
-26317	-25761	-28875
-26315	-30315	-25563
-26313	-24020	-29222
-26310	-27878	-28034
-26305	-27268	-28404
-26289	-27451	-28262
-26287	-27648	-28171
-26267	-28556	-27707
-26266	-27296	-28349
-26260	-27798	-28292
-26257	-28716	-27556
-26255	-28182	-28006
-26253	-27967	-28129
-26243	-27453	-28419
-26237	-30345	-24970
-26230	-28769	-27558
-26227	-29624	-26781
-26227	-28479	-27897
-26214	-28834	-27412
-26212	-26081	-28855
-26197	-30300	-26026
-26191	-30056	-26358
-26187	-28505	-27862
-26186	-30021	-26444
-26179	-26649	-28854
-26168	-29517	-26816
-26161	-27029	-28621
-26146	-28897	-27458
-26139	-29739	-26585
-26136	-27842	-28225
-26128	-30529	-25527
-26110	-29454	-26922
-26107	-27713	-28406
-26106	-28923	-27423
-26106	-23821	-29224
-26104	-28631	-27670
-26102	-28097	-28120
-26099	-29015	-27384
-26084	-28713	-27833
-26080	-28897	-27645
-26068	-29698	-27027
-26055	-25809	-29e3
-26038	-28333	-27912
-26021	-24629	-29213
-26014	-27230	-28624
-25998	-28256	-28102
-25991	-30399	-25625
-25988	-27852	-28271
-25985	-25666	-29123
-25984	-29017	-27697
-25983	-27757	-28339
-25974	-29362	-27097
-25966	-26336	-29098
-25940	-25147	-29236
-25934	-27934	-28240
-25927	-28812	-27759
-25916	-28314	-28007
-25896	-29778	-26545
-25883	-29474	-27283
-25879	-29113	-27370
-25859	-27804	-28338
-25857	-27138	-28789
-25854	-28130	-28382
-25842	-30053	-26465
-25834	-28886	-27818
-25832	-30398	-25865
-25828	-29306	-27372
-25826	-30154	-26197
-25823	-30213	-26138
-25819	-30337	-25994
-25812	-24070	-29256
-25793	-25505	-29344
-25792	-29738	-26949
-25786	-30180	-26162
-25784	-26415	-28982
-25763	-28229	-28121
-25760	-29147	-27385
-25759	-27629	-28476
-25740	-27398	-28503
-25730	-29389	-27397
-25723	-25714	-29248
-25705	-28313	-28261
-25688	-30451	-25760
-25685	-29809	-26614
-25684	-29971	-26486
-25669	-29063	-27540
-25644	-28368	-27986
-25637	-27610	-28571
-25630	-30759	-24555
-25588	-27697	-28456
-25578	-29479	-27357
-25573	-29488	-27323
-25520	-29639	-27192
-25514	-28914	-27862
-25513	-27654	-28504
-25504	-29740	-26924
-25493	-30530	-25866
-25482	-28471	-27974
-25474	-29982	-26936
-25458	-26551	-28930
-25450	-30595	-25555
-25440	-27496	-28715
-25421	-29578	-27283
-25384	-29144	-27517
-25380	-27757	-28505
-25367	-29073	-27644
-25366	-30055	-26564
-25364	-28783	-27983
-25361	-28829	-27976
-25332	-30580	-26018
-25331	-27844	-28390
-25329	-28386	-28088
-25328	-30360	-26444
-25327	-24153	-29384
-25327	-23216	-29649
-25280	-29247	-27537
-25277	-30590	-25957
-25260	-26996	-28932
-25242	-24208	-29461
-25239	-28401	-28206
-25235	-28210	-28426
-25231	-26170	-29272
-25155	-29737	-27031
-25154	-28561	-28066
-25141	-30807	-24685
-25134	-30025	-26604
-25126	-30681	-25106
-25123	-29042	-27748
-25122	-30459	-26043
-25121	-29321	-27783
-25111	-29666	-27183
-25105	-29422	-27515
-25090	-29795	-27023
-25033	-30367	-26262
-25020	-27488	-28739
-25016	-30625	-25548
-25013	-29554	-27320
-24965	-29610	-27458
-24963	-30458	-26283
-24960	-30517	-26224
-24925	-30724	-25287
-24924	-24780	-29367
-24909	-28346	-28374
-24887	-28456	-28099
-24876	-24742	-29719
-24874	-29709	-27197
-24867	-27403	-28853
-24793	-28550	-28094
-24759	-24815	-29463
-24727	-29924	-26959
-24718	-27777	-28493
-24713	-29759	-27349
-24706	-27554	-28572
-24705	-26592	-29048
-24698	-28339	-28436
-24696	-30985	-24375
-24685	-30834	-24890
-24630	-27636	-28746
-24586	-29210	-27886
-24581	-27723	-28631
-24556	-29858	-27275
-24468	-28411	-28139
-24439	-30281	-26501
-24430	-28715	-28003
-24427	-30005	-26620
-24415	-26920	-29251
-24410	-30179	-26541
-24400	-28957	-28015
-24386	-30025	-26863
-24354	-28855	-28151
-24353	-29473	-27474
-24319	-30362	-26525
-24315	-27207	-29006
-24266	-27294	-28891
-24260	-29346	-27834
-24228	-28236	-28601
-24225	-30075	-27015
-24213	-27048	-29072
-24208	-30621	-26289
-24175	-27199	-29137
-24168	-30647	-26254
-24153	-27309	-28862
-24152	-26347	-29338
-24126	-27286	-29022
-23914	-31119	-23346
-23902	-28372	-28549
-23856	-23212	-30079
-23844	-25417	-29460
-23819	-28744	-28254
-23764	-30840	-25492
-23759	-25472	-29537
-23577	-29212	-27967
-23572	-27844	-28662
-23493	-28880	-28202
-23420	-29311	-27893
-23359	-27327	-28965
-23235	-26613	-29267
-23234	-25651	-29743
-23204	-27257	-29120
-23104	-27544	-28875
-22891	-29062	-28040
-22718	-26400	-29365
