-43078	-34279	-27514
-42965	-33461	-28548
-42939	-33620	-27634
-42906	-34212	-28793
-42851	-34454	-28319
-42845	-34274	-28538
-42842	-33234	-28865
-42722	-34596	-28550
-42651	-34609	-28403
-42650	-35361	-29376
-42567	-36021	-28461
-42485	-35445	-28697
-42458	-35833	-28564
-42455	-35706	-29273
-42454	-35203	-29495
-42423	-35536	-30181
-42342	-35867	-28953
-42340	-36196	-29266
-42286	-35766	-29843
-42231	-36008	-29369
-42213	-36831	-29243
-42209	-36793	-29823
-42180	-36671	-30183
-42106	-35436	-30201
-42103	-36123	-30325
-42077	-36671	-30328
-42072	-33189	-30894
-42070	-37253	-29499
-42036	-35035	-30349
-42013	-35693	-30400
-41986	-37006	-30048
-41958	-35944	-30455
-41957	-36435	-30533
-41954	-36171	-30807
-41910	-35031	-31110
-41889	-37380	-29967
-41883	-37006	-30193
-41854	-36643	-30486
-41843	-37428	-30304
-41834	-36208	-30850
-41828	-36485	-30939
-41819	-34376	-31564
-41798	-37715	-29687
-41785	-34582	-31531
-41759	-36516	-30704
-41755	-33398	-31636
-41740	-37428	-30449
-41733	-36586	-30895
-41704	-38160	-30281
-41692	-37092	-31001
-41682	-36685	-31084
-41651	-34331	-31669
-41600	-37855	-30840
-41548	-36030	-31883
-41516	-36946	-31214
-41484	-35052	-31955
-41472	-38628	-28940
-41467	-37420	-31329
-41430	-35576	-31962
-41422	-36707	-31712
-41411	-37199	-31745
-41402	-34145	-32280
-41380	-35985	-31988
-41365	-34495	-32115
-41339	-35863	-32118
-41322	-33969	-32334
-41313	-36094	-31932
-41294	-38337	-30193
-41289	-34499	-32150
-41278	-38963	-28805
-41267	-36760	-31825
-41252	-37659	-30888
-41231	-38443	-30389
-41199	-38146	-31685
-41185	-36330	-31885
-41184	-36026	-32066
-41176	-38161	-31286
-41131	-35799	-32599
-41115	-37237	-32059
-41108	-38676	-30587
-41104	-35850	-32120
-41101	-35214	-32627
-41083	-36398	-32093
-41057	-38256	-31735
-41051	-36366	-32263
-41051	-35623	-32653
-41042	-38694	-30103
-41042	-36910	-32217
-41013	-34529	-33011
-41006	-35653	-32646
-41005	-35805	-32723
-41002	-35918	-32328
-40988	-38870	-30925
-40971	-38573	-31460
-40958	-37398	-31816
-40954	-37304	-32084
-40939	-36960	-32094
-40938	-36656	-32275
-40936	-38448	-31464
-40934	-37429	-31814
-40923	-38781	-31127
-40916	-36355	-32404
-40902	-34579	-32948
-40900	-38319	-31735
-40898	-35863	-32475
-40893	-38621	-31427
-40889	-37820	-31766
-40883	-35955	-32755
-40881	-38110	-31948
-40876	-38568	-31572
-40874	-36334	-32589
-40866	-36764	-32430
-40863	-36964	-32129
-40854	-39403	-29742
-40835	-37486	-31983
-40834	-36212	-32704
-40833	-36364	-32781
-40827	-37446	-32373
-40824	-36743	-32615
-40796	-37503	-32241
-40795	-37726	-32226
-40790	-38687	-31987
-40775	-38452	-32131
-40752	-37754	-32227
-40747	-36782	-32441
-40745	-38798	-31735
-40731	-36432	-32989
-40730	-37884	-32476
-40722	-36811	-32823
-40712	-39028	-31374
-40708	-37934	-32293
-40688	-34384	-33279
-40687	-37912	-32477
-40683	-39716	-30668
-40680	-35140	-33095
-40665	-37921	-32342
-40663	-36990	-32955
-40659	-37329	-32696
-40657	-39875	-29754
-40650	-37708	-32530
-40647	-36174	-33411
-40637	-39317	-31332
-40620	-37394	-32639
-40609	-38838	-31415
-40569	-37951	-32501
-40559	-38800	-31864
-40551	-38855	-32382
-40524	-37476	-32587
-40517	-37600	-33155
-40514	-37942	-32531
-40508	-38924	-31630
-40499	-39428	-31944
-40491	-38860	-32037
-40489	-37775	-32555
-40486	-36540	-33349
-40478	-37443	-33223
-40446	-37803	-32556
-40445	-39944	-30044
-40435	-37932	-32778
-40418	-38586	-32598
-40409	-38965	-32432
-40409	-38158	-32604
-40394	-37619	-32914
-40357	-36514	-33420
-40356	-38605	-32676
-40350	-35749	-33492
-40323	-39282	-32157
-40323	-38581	-32710
-40321	-38425	-32778
-40306	-38941	-32460
-40304	-38785	-32528
-40303	-39569	-31676
-40298	-39699	-30878
-40295	-39731	-30634
-40285	-37715	-33118
-40284	-38567	-32875
-40283	-39805	-31393
-40275	-38946	-32709
-40265	-39085	-32312
-40252	-38026	-32930
-40250	-37870	-32998
-40229	-37437	-33495
-40215	-38890	-32898
-40208	-39564	-31788
-40196	-37874	-33283
-40189	-38562	-32987
-40187	-38406	-33055
-40185	-39485	-32246
-40179	-38155	-33070
-40173	-38833	-33085
-40172	-38922	-32737
-40162	-38195	-33364
-40161	-39605	-32471
-40142	-39396	-32684
-40140	-34894	-33730
-40134	-39710	-31407
-40134	-37358	-33790
-40120	-38885	-33010
-40119	-39816	-31922
-40110	-38297	-33389
-40103	-39590	-32641
-40093	-38657	-33139
-40068	-37504	-33520
-40058	-39816	-32163
-40056	-39012	-32962
-40055	-39913	-30904
-40039	-39372	-32712
-40037	-39216	-32780
-40034	-39770	-32415
-40014	-40019	-30285
-40006	-40052	-29792
-40002	-40058	-28594
-4e4	-39566	-32669
-39999	-40125	-30800
-39998	-39410	-32737
-39988	-38694	-33397
-39979	-39073	-33231
-39975	-37482	-33564
-39970	-39155	-33130
-39954	-39220	-32837
-39952	-39910	-31423
-39939	-37703	-33687
-39937	-39994	-31478
-39932	-39594	-32649
-39930	-39438	-32717
-39908	-38518	-33451
-39893	-38689	-33509
-39891	-38533	-33577
-39884	-38771	-33408
-39879	-40232	-30530
-39876	-39283	-32805
-39876	-39049	-33259
-39874	-38893	-33327
-39872	-39799	-32246
-39867	-39131	-33158
-39858	-40079	-31144
-39854	-38883	-33466
-39852	-39107	-33213
-39852	-38727	-33534
-39851	-39196	-32865
-39847	-40080	-31789
-39846	-39395	-32863
-39837	-40096	-31256
-39837	-39477	-32762
-39836	-39166	-32873
-39835	-40303	-31035
-39822	-38134	-33729
-39819	-39910	-32048
-39811	-39799	-32487
-39802	-39314	-32900
-39791	-39485	-32935
-39772	-38551	-33588
-39769	-39505	-32742
-39768	-39802	-32402
-39768	-37800	-33946
-39764	-40173	-31977
-39749	-40534	-29707
-39733	-39032	-33281
-39730	-38600	-33602
-39729	-39996	-32359
-39725	-37973	-33909
-39721	-39191	-33022
-39720	-39813	-32468
-39713	-38960	-33352
-39703	-40173	-32218
-39703	-39627	-32629
-39702	-39776	-32950
-39699	-40207	-31868
-39696	-38987	-33503
-39695	-38299	-33673
-39694	-38831	-33571
-39678	-39864	-32392
-39678	-39364	-32976
-39674	-39154	-33309
-39670	-38677	-33655
-39661	-40024	-32339
-39656	-38631	-33697
-39653	-39037	-33405
-39652	-39519	-32983
-39648	-39476	-33034
-39647	-38713	-33596
-39636	-38455	-33774
-39634	-40122	-32609
-39630	-39073	-33346
-39623	-38695	-33754
-39618	-36953	-34109
-39613	-39201	-33098
-39605	-39414	-33204
-39596	-40183	-31896
-39589	-39164	-33357
-39569	-39471	-33277
-39568	-38179	-33798
-39566	-38023	-33866
-39565	-40188	-32145
-39564	-38040	-33934
-39560	-39946	-32935
-39558	-39790	-33003
-39555	-40572	-32013
-39541	-40181	-32261
-39533	-39157	-33594
-39533	-38898	-33596
-39531	-39001	-33662
-39530	-40015	-32792
-39529	-39529	-33100
-39529	-37556	-34092
-39506	-39328	-33340
-39506	-38836	-33780
-39504	-39172	-33408
-39504	-37314	-34244
-39498	-39312	-33474
-39497	-38918	-33679
-39490	-40073	-32615
-39490	-38071	-34029
-39489	-39196	-33530
-39481	-39672	-33224
-39474	-38323	-33810
-39465	-40263	-32340
-39464	-40262	-32341
-39463	-38942	-33843
-39461	-38786	-33911
-39454	-40454	-32355
-39453	-39069	-33775
-39451	-40267	-32572
-39451	-39774	-33028
-39444	-39151	-33674
-39439	-40029	-32773
-39426	-38841	-33904
-39426	-37532	-34120
-39409	-37948	-34151
-39404	-40641	-32062
-39397	-39857	-33028
-39395	-39288	-33502
-39393	-40339	-32533
-39387	-39400	-33380
-39384	-39332	-33589
-39372	-37508	-34273
-39371	-40179	-32753
-39370	-38140	-33996
-39365	-36734	-34411
-39363	-39389	-33632
-39363	-38305	-34208
-39358	-39774	-33238
-39356	-39598	-33460
-39354	-38387	-34107
-39353	-40397	-32356
-39352	-40559	-32404
-39351	-39865	-33201
-39349	-38951	-33783
-39348	-37560	-34566
-39346	-38665	-33958
-39343	-40641	-32303
-39342	-40244	-33035
-39309	-39134	-33774
-39304	-39156	-33643
-39301	-38470	-34069
-39300	-38853	-33936
-39298	-39905	-33314
-39291	-38701	-34289
-39290	-40315	-32561
-39289	-40376	-32625
-39289	-38545	-34357
-39263	-40483	-32667
-39248	-39745	-33405
-39242	-40978	-31490
-39229	-39632	-33442
-39229	-39139	-33898
-39217	-38009	-34399
-39187	-40123	-33127
-39186	-38521	-34385
-39185	-39209	-33709
-39176	-36143	-34672
-39174	-37405	-34602
-39165	-39470	-33803
-39159	-39896	-33454
-39159	-37768	-34436
-39141	-40860	-31832
-39137	-38530	-34483
-39128	-38612	-34382
-39126	-39664	-33760
-39107	-40035	-33308
-39102	-38934	-34107
-39097	-35650	-34829
-39092	-40321	-32702
-39091	-40242	-33113
-39089	-39909	-33366
-39085	-39294	-33857
-39076	-39089	-34114
-39072	-39046	-34165
-39067	-40093	-33131
-39066	-39315	-33847
-39063	-39128	-34064
-39058	-39692	-33740
-39055	-39406	-33915
-39050	-40453	-32881
-39046	-39488	-33814
-39034	-38506	-34511
-39032	-38350	-34579
-39030	-41047	-31780
-39028	-40287	-33088
-39025	-38588	-34410
-39020	-40565	-32939
-39020	-39131	-33979
-39011	-40647	-32838
-39011	-40154	-33294
-38988	-40053	-33319
-38986	-39133	-34043
-38985	-39802	-33549
-38980	-38744	-34197
-38979	-40803	-32074
-38978	-40900	-32377
-38977	-40179	-33442
-38969	-39022	-34193
-38967	-38866	-34261
-38955	-39668	-33768
-38953	-39512	-33836
-38938	-40373	-33399
-38936	-39459	-33981
-38935	-39794	-33754
-38923	-37238	-34756
-38910	-36461	-34911
-38909	-39206	-34002
-38906	-39561	-33785
-38904	-38848	-34560
-38895	-40656	-32640
-38895	-39852	-33577
-38888	-37884	-34764
-38884	-39755	-33804
-38878	-40024	-33486
-38875	-39344	-34159
-38869	-40553	-33173
-38864	-39536	-33909
-38858	-40197	-33453
-38856	-40850	-32597
-38855	-39618	-33808
-38846	-39049	-34177
-38840	-40503	-33183
-38830	-39013	-34333
-38828	-38857	-34401
-38823	-40863	-32933
-38822	-39479	-34096
-38813	-39561	-33995
-38811	-36129	-34991
-38805	-39938	-33888
-38801	-38824	-34588
-38799	-38668	-34656
-38760	-40941	-32100
-38759	-38943	-34400
-38751	-39320	-34293
-38750	-39025	-34299
-38747	-39100	-34372
-38745	-39589	-33975
-38742	-39402	-34192
-38742	-38473	-34679
-38740	-40397	-33199
-38734	-39680	-34043
-38732	-38964	-34381
-38728	-39949	-33725
-38721	-39422	-34097
-38720	-39137	-34357
-38718	-40270	-33424
-38716	-40965	-32146
-38712	-39514	-34250
-38707	-40068	-33672
-38701	-37042	-34793
-38697	-40312	-33619
-38690	-40428	-33422
-38688	-36265	-34948
-38682	-39616	-34054
-38668	-40656	-33131
-38668	-40262	-33629
-38667	-40327	-33447
-38667	-38924	-34426
-38665	-39976	-33804
-38665	-37085	-34887
-38656	-38919	-34428
-38648	-39296	-34321
-38647	-38703	-34594
-38646	-40906	-32912
-38644	-40479	-33421
-38638	-38735	-34681
-38632	-37801	-34872
-38631	-41076	-31648
-38626	-40991	-32569
-38625	-40270	-33634
-38624	-35287	-35020
-38615	-38957	-34453
-38609	-39490	-34278
-38607	-39334	-34346
-38597	-40004	-33784
-38588	-40086	-33683
-38588	-35330	-35114
-38585	-39835	-33913
-38582	-41062	-32117
-38582	-39169	-34464
-38582	-38388	-34739
-38582	-36315	-34920
-38581	-38540	-34704
-38572	-41157	-32195
-38567	-40599	-33132
-38562	-39241	-34394
-38558	-41424	-31068
-38555	-39947	-33971
-38554	-40012	-33789
-38554	-39618	-34287
-38546	-40029	-33870
-38542	-38887	-34508
-38532	-39846	-33996
-38525	-40934	-32570
-38524	-40213	-33635
-38523	-39435	-34351
-38516	-40491	-33486
-38514	-38112	-34763
-38513	-40030	-33828
-38513	-38896	-34592
-38510	-40760	-33168
-38507	-40573	-33385
-38507	-38571	-34799
-38500	-37939	-34855
-38494	-40325	-33693
-38488	-40594	-33375
-38485	-40062	-33711
-38482	-41256	-32315
-38475	-39771	-34025
-38474	-40665	-33358
-38474	-40106	-33798
-38460	-39346	-34443
-38452	-38781	-34770
-38446	-39401	-34371
-38445	-38475	-34862
-38443	-39160	-34604
-38443	-38319	-34930
-38439	-41434	-30495
-38435	-37360	-35032
-38428	-40947	-32635
-38400	-40916	-32641
-38399	-40915	-32642
-38399	-39411	-34485
-38398	-38007	-35063
-38395	-38528	-34845
-38385	-40570	-33403
-38382	-39771	-34235
-38369	-39513	-34289
-38368	-38814	-34652
-38364	-40077	-33965
-38361	-39890	-34182
-38357	-38776	-34882
-38355	-40159	-33864
-38355	-38620	-34950
-38346	-39379	-34529
-38344	-40250	-33932
-38342	-41113	-32356
-38338	-40519	-33614
-38334	-40296	-33784
-38321	-36252	-35290
-38316	-36633	-35159
-38306	-37099	-35103
-38294	-40997	-33104
-38294	-39231	-34581
-38284	-39901	-34019
-38279	-38874	-34685
-38273	-39024	-34654
-38269	-39066	-34699
-38266	-39489	-34317
-38266	-37603	-35068
-38262	-41477	-30474
-38262	-41153	-32340
-38257	-39223	-34671
-38252	-39525	-34491
-38247	-36961	-35120
-38243	-39355	-34557
-38240	-41163	-32730
-38235	-39272	-34691
-38231	-39545	-34396
-38222	-39627	-34295
-38211	-37596	-35210
-38202	-39709	-34479
-38198	-36388	-35247
-38196	-40803	-33221
-38194	-38687	-34975
-38193	-40940	-33105
-38192	-39739	-34353
-38189	-35848	-35295
-38184	-39933	-34161
-38180	-38819	-34861
-38177	-38206	-35051
-38168	-39009	-34700
-38164	-40582	-33678
-38160	-41258	-32389
-38157	-38826	-34893
-38148	-38908	-34792
-38147	-36618	-35282
-38133	-38912	-34772
-38131	-40031	-34154
-38114	-41e3	-33093
-38111	-36661	-35376
-38108	-39437	-34635
-38103	-41026	-33416
-38099	-39916	-34167
-38098	-40209	-33982
-38092	-36869	-35337
-38089	-40046	-33985
-38089	-38507	-35071
-38084	-41558	-31127
-38081	-39909	-34189
-38080	-38734	-34936
-38078	-38578	-35004
-38077	-41290	-31375
-38069	-39501	-34577
-38068	-39814	-34288
-38063	-41206	-32709
-38063	-40368	-33710
-38063	-38829	-34796
-38058	-39315	-34670
-38052	-38789	-34894
-38034	-39670	-34559
-38033	-40480	-33768
-38024	-39023	-34753
-38022	-37683	-35150
-38016	-41062	-32752
-38015	-40077	-34080
-38015	-39782	-34332
-38014	-41499	-31893
-38007	-35442	-35571
-38005	-39413	-34663
-38004	-39772	-34363
-38003	-39257	-34731
-38001	-39869	-34347
-37998	-40717	-33674
-37998	-36519	-35486
-37996	-40149	-34256
-37984	-40229	-34097
-37983	-39117	-34855
-37981	-38961	-34923
-37953	-40304	-33822
-37953	-39135	-34766
-37938	-38782	-34924
-37934	-37984	-35170
-37931	-39480	-34614
-37923	-39857	-34507
-37921	-41350	-32234
-37912	-41126	-32924
-37912	-38550	-35050
-37911	-35342	-35618
-37910	-39918	-34325
-37909	-41016	-33425
-37909	-39534	-34784
-37907	-41601	-31106
-37906	-38071	-35153
-37895	-41509	-31320
-37889	-40431	-33774
-37887	-38855	-35052
-37886	-40747	-33539
-37884	-36987	-35261
-37883	-39564	-34644
-37881	-41234	-32608
-37880	-40030	-34383
-37879	-39636	-34588
-37879	-35792	-35613
-37871	-40112	-34282
-37871	-40013	-34481
-37867	-36533	-35478
-37865	-40282	-34163
-37861	-39613	-34664
-37860	-38159	-35077
-37858	-38953	-35018
-37855	-40398	-33830
-37850	-40625	-33731
-37845	-37956	-35331
-37830	-41646	-30558
-37829	-40840	-33479
-37829	-38946	-35049
-37826	-40772	-33688
-37823	-35643	-35638
-37820	-39833	-34535
-37820	-39028	-34948
-37819	-41346	-32823
-37819	-39240	-34808
-37819	-39104	-34859
-37816	-40646	-33777
-37816	-39100	-34892
-37813	-40578	-33986
-37812	-38465	-35125
-37808	-41349	-32581
-37808	-39477	-34785
-37803	-36864	-35383
-37802	-41130	-33055
-37791	-39783	-34545
-37786	-41359	-32971
-37783	-35678	-35749
-37781	-40805	-33505
-37779	-38036	-35199
-37774	-40143	-34295
-37765	-39654	-34664
-37763	-40486	-34013
-37758	-39725	-34555
-37753	-40312	-34028
-37753	-38773	-35114
-37747	-40925	-33426
-37744	-41393	-32213
-37742	-40999	-33462
-37737	-38297	-35209
-37726	-38922	-35077
-37726	-37332	-35339
-37724	-38766	-35145
-37719	-41817	-31201
-37718	-41552	-31299
-37718	-39233	-34886
-37717	-40190	-34220
-37716	-41162	-32988
-37715	-37165	-35403
-37713	-39076	-34920
-37712	-41549	-31449
-37710	-40554	-34014
-37708	-40398	-34082
-37704	-38860	-35086
-37703	-41181	-33250
-37703	-41063	-33404
-37703	-39297	-34881
-37702	-39679	-34567
-37696	-37203	-35356
-37694	-40056	-34460
-37683	-40157	-34276
-37671	-39462	-34941
-37662	-40823	-33516
-37658	-37545	-35478
-37645	-39892	-34591
-37644	-40240	-34448
-37642	-37318	-35512
-37639	-40689	-33756
-37638	-37633	-35359
-37636	-40621	-33965
-37631	-39754	-34636
-37617	-39056	-35052
-37609	-41402	-32950
-37607	-37806	-35339
-37595	-39500	-34785
-37592	-38840	-35139
-37584	-40836	-33519
-37583	-40719	-33958
-37582	-39306	-35083
-37580	-38300	-35330
-37579	-40375	-34092
-37573	-39685	-34668
-37568	-41640	-32085
-37568	-39438	-34969
-37565	-41042	-33441
-37560	-38340	-35188
-37558	-38765	-35257
-37556	-41609	-32308
-37556	-41508	-32895
-37549	-41240	-33143
-37547	-40465	-34107
-37541	-40216	-34476
-37539	-40060	-34544
-37530	-41768	-31394
-37528	-39496	-34792
-37526	-37683	-35461
-37520	-41326	-33213
-37516	-40737	-33714
-37514	-39895	-34662
-37510	-40867	-33614
-37506	-40272	-34555
-37506	-39590	-34799
-37505	-39977	-34561
-37497	-40354	-34454
-37485	-39623	-34675
-37478	-39680	-34780
-37476	-41355	-33116
-37474	-39825	-34680
-37473	-37555	-35477
-37471	-40749	-33823
-37456	-40114	-34566
-37456	-39198	-35163
-37454	-39042	-35231
-37451	-41506	-32987
-37451	-39701	-34761
-37448	-37896	-35335
-37444	-41290	-33284
-37442	-40987	-33750
-37441	-39603	-34913
-37439	-40919	-33959
-37417	-37832	-35347
-37412	-41700	-32944
-37407	-41146	-33478
-37405	-39349	-35062
-37404	-39930	-34816
-37403	-40082	-34610
-37402	-39655	-34856
-37396	-35800	-35704
-37392	-37432	-35599
-37391	-39995	-34637
-37378	-40127	-34569
-37378	-39991	-34676
-37377	-41258	-33536
-37371	-39736	-34963
-37371	-38354	-35404
-37368	-41340	-33435
-37364	-38778	-35302
-37360	-41072	-33697
-37359	-38499	-35318
-37354	-36828	-35604
-37352	-40449	-34294
-37348	-36040	-35606
-37343	-40531	-34193
-37328	-37917	-35526
-37315	-35851	-35755
-37313	-40643	-34251
-37307	-39373	-35019
-37305	-36255	-35731
-37301	-39906	-34844
-37300	-39313	-35117
-37299	-39750	-34912
-37299	-38856	-35239
-37297	-41082	-33590
-37295	-38058	-35485
-37293	-39109	-35256
-37286	-37482	-35571
-37283	-38655	-35424
-37280	-35291	-35811
-37274	-38804	-35305
-37273	-36705	-35726
-37270	-40646	-34166
-37270	-40501	-34300
-37264	-38693	-35377
-37253	-40312	-34552
-37253	-39459	-35080
-37251	-39303	-35148
-37248	-41102	-33562
-37244	-40823	-34025
-37237	-36909	-35698
-37229	-35459	-35834
-37223	-40414	-34356
-37215	-37475	-35578
-37214	-39527	-34986
-37209	-41060	-33931
-37209	-37673	-35658
-37208	-39647	-35056
-37205	-41017	-33982
-37205	-35320	-35897
-37200	-40173	-34561
-37195	-39133	-35213
-37187	-38821	-35281
-37180	-39178	-35174
-37180	-36812	-35753
-37161	-34564	-35938
-37155	-36373	-35786
-37147	-40083	-34583
-37145	-38176	-35540
-37138	-39817	-34937
-37136	-40660	-34134
-37127	-37776	-35598
-37125	-40841	-34036
-37120	-35813	-35842
-37119	-40082	-34658
-37106	-38698	-35403
-37102	-39287	-35180
-37100	-40166	-34653
-37092	-39479	-35194
-37091	-40373	-34640
-37091	-39827	-35051
-37091	-35395	-35858
-37087	-38736	-35356
-37078	-40125	-34769
-37078	-36841	-35742
-37076	-39502	-35059
-37074	-40187	-34801
-37073	-39006	-35281
-37064	-39933	-34822
-37061	-40968	-33988
-37055	-35438	-35952
-37053	-35670	-35996
-37052	-40567	-34597
-37042	-40393	-34612
-37034	-39200	-35238
-37030	-38402	-35484
-37027	-37691	-35673
-37021	-37826	-35570
-37019	-38417	-35534
-37015	-39387	-35237
-37008	-37049	-35725
-36999	-39037	-35376
-36998	-41262	-33468
-36995	-41351	-33459
-36992	-39394	-35269
-36990	-39119	-35275
-36988	-39803	-35079
-36988	-37885	-35630
-36986	-39647	-35147
-36984	-41488	-33067
-36983	-40201	-34782
-36982	-41734	-32051
-36979	-39857	-34916
-36978	-39130	-35367
-36975	-41570	-32966
-36964	-35514	-36138
-36939	-41463	-33493
-36938	-38294	-35656
-36935	-41508	-33039
-36929	-38540	-35466
-36921	-36716	-35817
-36918	-42167	-29888
-36918	-38914	-35498
-36915	-39522	-35173
-36913	-41109	-33922
-36910	-40086	-34849
-36910	-39207	-35333
-36909	-38996	-35397
-36908	-36964	-35800
-36902	-40722	-34203
-36897	-40747	-34047
-36888	-40300	-34680
-36880	-40177	-34810
-36878	-40021	-34878
-36874	-39407	-35341
-36868	-41205	-33648
-36862	-39416	-35248
-36859	-41287	-33547
-36854	-40733	-34081
-36840	-39868	-34959
-36836	-41071	-33955
-36827	-40096	-34876
-36825	-39714	-35172
-36824	-40845	-34139
-36821	-41846	-31749
-36815	-40927	-34038
-36815	-39437	-35248
-36813	-37185	-35741
-36804	-41123	-33665
-36803	-38473	-35507
-36801	-39173	-35346
-36799	-40036	-34897
-36795	-38500	-35604
-36785	-39528	-35209
-36780	-40674	-34411
-36773	-37991	-35805
-36760	-40230	-34854
-36757	-38926	-35412
-36751	-39745	-35267
-36747	-39118	-35426
-36727	-39738	-35268
-36726	-35896	-35912
-36718	-39820	-35167
-36717	-40233	-34769
-36717	-40088	-34903
-36714	-35917	-35920
-36713	-39474	-35366
-36700	-40740	-34216
-36696	-40964	-34094
-36691	-40410	-34628
-36682	-38569	-35522
-36678	-39878	-34990
-36670	-42189	-31307
-36670	-39622	-35389
-36667	-38159	-35758
-36665	-38332	-35683
-36656	-37060	-35816
-36652	-40604	-34585
-36648	-39990	-35048
-36645	-37075	-35866
-36642	-39396	-35410
-36635	-38878	-35620
-36632	-41091	-34046
-36627	-40224	-35026
-36623	-39044	-35441
-36619	-40605	-34543
-36614	-35832	-35995
-36610	-36515	-35922
-36609	-40607	-34500
-36603	-41738	-31983
-36597	-40237	-34848
-36587	-39087	-35535
-36583	-40247	-34737
-36577	-37729	-35833
-36575	-36026	-35952
-36570	-36550	-36033
-36566	-41474	-33517
-36556	-38651	-35638
-36553	-34418	-36328
-36552	-40519	-34660
-36549	-39075	-35536
-36544	-40677	-34399
-36532	-41006	-34121
-36522	-41114	-34008
-36520	-40656	-34738
-36509	-37453	-35857
-36491	-35788	-36049
-36490	-36552	-35965
-36489	-39980	-35215
-36482	-40744	-34317
-36474	-39156	-35453
-36468	-38952	-35658
-36460	-36633	-35977
-36436	-40767	-34290
-36425	-40007	-35137
-36423	-36503	-36186
-36422	-40903	-34537
-36418	-37661	-35877
-36414	-37450	-35890
-36403	-34536	-36383
-36400	-38676	-35682
-36395	-39171	-35502
-36395	-38404	-35722
-36385	-39363	-35516
-36381	-40354	-34946
-36377	-39740	-35409
-36376	-37931	-35809
-36374	-42242	-30713
-36369	-37088	-36004
-36362	-39471	-35441
-36360	-40765	-34567
-36337	-38125	-35766
-36335	-39887	-35283
-36333	-37327	-36012
-36327	-35050	-36193
-36321	-41140	-33752
-36300	-39118	-35574
-36287	-38534	-35792
-36264	-37568	-35945
-36263	-41179	-33738
-36259	-39447	-35469
-36257	-39291	-35537
-36248	-41954	-31532
-36248	-41326	-33528
-36237	-40716	-34776
-36236	-40229	-35112
-36235	-37417	-36264
-36227	-40261	-35014
-36226	-41783	-32319
-36209	-41520	-33485
-36209	-39500	-35452
-36208	-37845	-35815
-36201	-41856	-32944
-36189	-41359	-33602
-36181	-38584	-35764
-36178	-39285	-35591
-36177	-38177	-35863
-36152	-41546	-33041
-36141	-41131	-33946
-36136	-34191	-36545
-36135	-41906	-32791
-36130	-38748	-35721
-36121	-41680	-32998
-36109	-39415	-35527
-36098	-37425	-36132
-36096	-39358	-35562
-36095	-39151	-35625
-36091	-41546	-33282
-36089	-42038	-32040
-36072	-41928	-32209
-36066	-40554	-34811
-36066	-37875	-36127
-36056	-41070	-34100
-36049	-40914	-34561
-36036	-39915	-35380
-36032	-38923	-35713
-36032	-35290	-36271
-36030	-38663	-35796
-36022	-39389	-35657
-36016	-38399	-35894
-36010	-38778	-35754
-35991	-38857	-35753
-35963	-40530	-34839
-35961	-40374	-34907
-35951	-39074	-35765
-35951	-38800	-35835
-35948	-37543	-36187
-35941	-39266	-35779
-35938	-41270	-33846
-35920	-35468	-36334
-35913	-40583	-34822
-35909	-34851	-36473
-35855	-37320	-36272
-35850	-38629	-35917
-35817	-35752	-36273
-35814	-41008	-34321
-35809	-42098	-31539
-35800	-40441	-34932
-35799	-37920	-36025
-35785	-39840	-35518
-35757	-36684	-36539
-35725	-40039	-35231
-35692	-40960	-34529
-35677	-40214	-35249
-35670	-39131	-35881
-35662	-41669	-33340
-35646	-38395	-35989
-35617	-35251	-36601
-35605	-39162	-35874
-35597	-37651	-36182
-35590	-37664	-36271
-35578	-38119	-36013
-35550	-39161	-35914
-35522	-37959	-36036
-35512	-38425	-35980
-35509	-41552	-33579
-35490	-37579	-36346
-35466	-34205	-36658
-35456	-34671	-36602
-35454	-39549	-35545
-35448	-40154	-35302
-35432	-40662	-34835
-35418	-39592	-35639
-35401	-38182	-36329
-35389	-37010	-36353
-35348	-40069	-35377
-35344	-34431	-36796
-35290	-35410	-36679
-35277	-41997	-32205
-35259	-38812	-36118
-35227	-34515	-36704
-35091	-33124	-36904
-35008	-37298	-36436
-34972	-37341	-36530
-34928	-34587	-36684
-34837	-35674	-36622
-34830	-39831	-35561
-34828	-34502	-36759
-34812	-34710	-36702
-34789	-34696	-36716
-34739	-35105	-36742
-34687	-35792	-36677
-34662	-34828	-36757
-34652	-35232	-36733
-34637	-35173	-36950
-34596	-42062	-32780
-34510	-41070	-34550
-34442	-35518	-36847
-34440	-33364	-37040
-34415	-38975	-35925
-34400	-38916	-36142
-34375	-40134	-35410
-34335	-36498	-36744
-34261	-37471	-36613
-34211	-37995	-36380
-34119	-38101	-36402
-34069	-38625	-36169
-33847	-37491	-36620
-33589	-34860	-36970
-33156	-32971	-37240
-33151	-36934	-36869
-33009	-37564	-36658
-32489	-33857	-37282
