-22502	-16749	-17636
-22432	-18077	-18609
-22400	-18085	-18818
-22398	-17682	-19011
-22248	-18632	-19309
-22239	-19581	-19897
-22036	-18748	-20092
-21933	-19592	-19715
-21928	-19509	-19970
-21919	-19739	-20689
-21896	-19985	-20342
-21806	-20678	-20487
-21790	-19809	-20737
-21787	-20277	-20494
-21778	-20063	-20661
-21777	-19762	-20758
-21698	-19788	-20877
-21681	-20075	-20934
-21664	-20186	-20947
-21658	-20321	-20587
-21629	-20705	-20378
-21623	-19323	-21132
-21587	-19872	-21015
-21578	-20350	-20545
-21554	-20747	-20043
-21554	-19870	-21270
-21551	-20492	-20997
-21539	-20098	-21003
-21533	-20016	-21277
-21462	-20877	-20150
-21441	-20719	-20484
-21439	-19813	-21358
-21422	-20992	-20069
-21403	-20135	-21097
-21391	-20039	-21346
-21385	-19659	-21377
-21384	-20664	-20769
-21370	-21107	-19904
-21368	-19770	-21390
-21328	-21025	-20534
-21327	-20639	-20811
-21305	-20756	-20578
-21291	-19456	-21458
-21244	-20068	-21169
-21243	-19682	-21446
-21238	-20418	-21159
-21237	-20693	-20592
-21206	-20724	-20717
-21194	-19175	-21554
-21186	-20533	-20994
-21179	-20580	-21154
-21176	-21227	-19934
-21161	-21197	-20306
-21133	-20109	-21207
-21130	-20731	-20934
-21112	-20255	-21214
-21106	-19703	-21469
-21090	-20359	-21502
-21086	-20982	-20643
-21081	-19481	-21604
-21055	-20363	-21324
-21053	-19186	-21876
-21050	-21339	-19486
-21041	-20510	-21282
-21037	-20620	-20970
-21034	-21097	-20478
-21032	-20609	-20977
-21028	-19528	-21627
-21023	-20034	-21562
-20995	-19419	-21736
-20988	-21246	-19554
-20984	-21224	-20197
-20950	-19849	-21789
-20948	-20399	-21318
-20945	-20876	-20826
-20944	-21339	-20116
-20942	-20002	-21602
-20938	-20923	-20986
-20913	-20386	-21393
-20906	-21011	-20816
-20856	-19646	-21870
-20849	-19230	-21875
-20831	-20796	-21153
-20823	-21424	-20022
-20821	-20457	-21315
-20821	-20087	-21508
-20801	-21291	-20452
-20796	-21280	-20459
-20796	-20431	-21446
-20761	-20950	-20877
-20754	-21575	-20300
-20747	-21404	-20376
-20746	-20558	-21165
-20745	-20094	-21725
-20728	-21071	-20764
-20719	-20117	-21514
-20707	-21088	-20533
-20698	-21593	-19406
-20695	-20930	-20923
-20672	-20729	-21225
-20665	-21354	-20648
-20665	-20491	-21554
-20656	-21577	-20369
-20639	-20850	-21112
-20634	-20602	-21261
-20618	-18887	-22178
-20608	-21329	-20690
-20606	-20709	-21271
-20602	-21631	-19896
-20580	-21603	-20011
-20573	-20964	-20983
-20572	-19203	-22159
-20571	-19499	-21889
-20559	-20967	-21017
-20550	-21216	-20840
-20545	-20381	-21609
-20525	-20041	-21758
-20512	-20506	-21352
-20500	-21611	-20608
-20497	-20199	-21886
-20470	-20746	-21365
-20468	-19709	-21946
-20460	-21654	-19965
-20460	-21270	-21033
-20459	-20884	-21310
-20437	-21007	-21281
-20406	-21408	-20689
-20399	-20514	-21366
-20390	-19422	-22023
-20376	-20543	-21446
-20370	-20663	-21658
-20369	-20075	-21997
-20351	-17232	-22567
-20343	-21765	-19373
-20343	-20804	-21362
-20337	-21024	-21043
-20323	-21638	-20499
-20318	-20778	-21493
-20310	-20293	-21714
-20293	-21442	-20805
-20284	-21022	-21079
-20253	-18928	-22175
-20218	-19540	-22266
-20193	-20690	-21549
-20183	-20351	-21711
-20178	-21943	-19841
-20178	-21924	-20416
-20173	-20755	-21781
-20160	-19773	-22126
-20113	-22116	-19476
-20076	-21584	-20615
-20047	-20388	-21805
-20038	-21256	-21315
-20026	-20862	-21321
-20025	-20398	-21881
-19996	-19171	-22418
-19977	-19595	-22259
-19957	-18401	-23019
-19955	-20782	-21383
-19946	-21935	-20206
-19945	-20427	-21839
-19859	-20093	-22282
-19856	-20793	-21567
-19844	-20798	-21371
-19823	-22115	-19808
-19815	-22173	-19784
-19813	-21656	-20784
-19802	-22204	-18155
-19790	-21387	-20828
-19738	-21698	-20449
-19733	-20839	-21409
-19722	-22276	-18865
-19719	-21453	-20865
-19712	-20985	-21416
-19682	-20120	-22173
-19673	-22394	-19201
-19663	-21657	-20635
-19636	-19196	-22370
-19632	-21995	-19917
-19631	-20609	-22009
-19630	-21478	-20917
-19581	-21976	-20203
-19567	-20845	-21459
-19551	-19827	-22471
-19545	-18971	-22986
-19537	-20406	-22090
-19536	-21275	-20998
-19499	-20138	-22092
-19499	-19942	-22306
-19487	-20801	-21858
-19485	-22094	-20164
-19441	-22405	-18991
-19385	-19062	-23075
-19384	-22318	-19458
-19334	-21062	-21360
-19308	-21829	-20602
-19301	-22454	-20025
-19282	-22554	-18590
-19282	-21373	-20981
-19240	-20859	-21441
-19237	-18705	-23175
-19207	-22596	-18255
-18986	-20892	-21444
-18953	-22349	-20089
-18835	-22656	-19079
-18774	-18073	-23238
-18760	-21291	-20984
-18710	-22568	-19135
-18627	-22824	-18985
-18615	-21419	-21165
-18562	-22509	-19478
-18510	-23018	-17330
-18379	-22868	-18063
-18278	-23029	-17120
-18138	-23078	-18154
-18105	-17164	-23634
