-33002	-28733	-27128
-32959	-29934	-28110
-32844	-30270	-27665
-32778	-29985	-28821
-32669	-30727	-28654
-32648	-30508	-29107
-32561	-30531	-28970
-32519	-30139	-29368
-32507	-31514	-28657
-32484	-29594	-29465
-32469	-31242	-28714
-32436	-30211	-29206
-32424	-31586	-28495
-32393	-30813	-29749
-32248	-30607	-30062
-32229	-30932	-29912
-32176	-31359	-29898
-32147	-30653	-30213
-32141	-31297	-29907
-32106	-30752	-30004
-32099	-31455	-30198
-32027	-31457	-29268
-32026	-31633	-29462
-31946	-31519	-29810
-31943	-31705	-29300
-31912	-31793	-28823
-31899	-31894	-27430
-31804	-31515	-30742
-31743	-32079	-30584
-31708	-32133	-30349
-31696	-31319	-31058
-31683	-31266	-31159
-31642	-31794	-30625
-31635	-31883	-30900
-31630	-32310	-28136
-31600	-31338	-30997
-31583	-32761	-28584
-31570	-31950	-30980
-31559	-32374	-30583
-31543	-32594	-30644
-31528	-30451	-31173
-31522	-32765	-29798
-31500	-32833	-28422
-31496	-33179	-28171
-31485	-32621	-29837
-31462	-31754	-31296
-31461	-32596	-29897
-31449	-31701	-31397
-31438	-32125	-31e3
-31430	-32636	-30438
-31428	-32930	-30199
-31388	-32983	-28487
-31349	-33196	-28822
-31331	-32310	-30912
-31320	-32734	-30515
-31308	-31997	-31574
-31286	-30281	-31759
-31285	-33136	-29897
-31266	-33844	-28457
-31261	-33111	-29957
-31261	-32492	-30950
-31257	-32507	-30834
-31255	-32801	-30595
-31249	-33535	-28560
-31242	-32748	-30696
-31239	-32945	-30157
-31237	-33346	-28887
-31228	-33369	-29760
-31200	-32907	-31118
-31189	-33273	-30011
-31186	-32194	-31328
-31185	-33543	-29261
-31177	-32553	-31190
-31157	-33607	-29978
-31132	-32605	-31131
-31130	-32300	-31224
-31126	-33063	-30450
-31094	-33349	-30202
-31064	-33353	-30057
-31055	-33257	-30276
-31046	-33092	-30686
-31022	-32104	-31540
-31021	-31444	-31649
-31016	-33144	-30407
-31015	-33367	-30001
-31012	-32909	-30739
-31008	-31391	-31750
-31006	-32130	-31825
-31003	-33653	-29210
-30995	-32554	-31428
-30986	-32709	-31388
-30981	-32947	-30866
-30962	-33619	-29974
-30952	-33157	-30440
-30943	-32868	-31183
-30943	-31458	-31830
-30934	-33692	-29611
-30930	-32815	-31284
-30924	-33796	-29772
-30920	-33443	-30192
-30896	-33334	-31130
-30895	-33654	-30572
-30885	-33758	-30733
-30882	-32381	-31477
-30881	-33970	-29273
-30869	-30758	-31961
-30860	-32910	-31183
-30849	-31975	-31936
-30835	-31262	-32146
-30823	-34026	-29981
-30789	-32293	-31676
-30765	-32767	-31398
-30765	-31444	-32184
-30752	-32714	-31499
-30736	-33856	-30103
-30718	-32531	-31552
-30710	-32421	-31569
-30701	-32780	-31431
-30699	-33391	-30986
-30698	-32916	-31339
-30695	-32218	-32214
-30685	-32863	-31440
-30681	-31505	-32424
-30661	-32766	-31489
-30648	-32713	-31590
-30642	-33022	-31235
-30638	-33876	-30383
-30628	-34038	-29977
-30594	-32305	-31672
-30593	-32567	-31627
-30583	-33891	-30984
-30581	-32252	-31773
-30580	-32514	-31728
-30577	-32827	-31729
-30569	-32938	-31331
-30568	-33009	-31498
-30564	-34086	-29725
-30564	-32774	-31830
-30562	-33753	-31133
-30561	-34073	-30575
-30557	-34461	-28464
-30557	-33991	-30611
-30556	-33285	-31268
-30551	-34177	-30736
-30547	-34389	-29276
-30526	-33329	-31186
-30508	-34351	-30237
-30495	-32548	-32030
-30495	-31138	-32677
-30487	-31834	-32359
-30481	-32020	-32484
-30455	-33024	-31483
-30454	-34373	-29416
-30448	-33089	-31584
-30446	-33366	-31225
-30440	-33710	-31659
-30431	-34508	-28736
-30426	-32997	-31869
-30391	-32645	-32226
-30386	-32983	-31927
-30379	-31638	-32675
-30373	-32930	-32028
-30311	-34579	-29114
-30309	-34681	-28674
-30304	-34295	-30386
-30300	-34428	-29225
-30260	-33184	-31722
-30250	-33777	-31021
-30247	-34386	-29413
-30243	-33246	-31732
-30242	-33292	-31868
-30238	-31926	-32497
-30205	-33142	-32018
-30205	-31732	-32665
-30194	-32156	-32268
-30192	-34179	-30561
-30191	-32429	-32228
-30189	-30615	-32825
-30187	-32971	-32070
-30181	-33889	-30986
-30179	-33971	-30847
-30178	-32376	-32329
-30161	-31557	-32680
-30152	-32988	-32038
-30136	-29496	-33005
-30133	-33923	-31079
-30120	-34792	-29419
-30120	-33870	-31180
-30112	-33785	-31228
-30108	-34462	-30254
-30107	-34040	-30826
-30099	-33732	-31329
-30095	-31194	-32804
-30092	-33416	-31872
-30088	-33442	-31739
-30088	-33001	-32071
-30082	-33170	-32076
-30081	-33840	-31475
-30068	-32457	-32286
-30063	-34799	-29324
-30062	-34117	-30905
-30059	-34530	-29870
-30058	-30411	-32852
-30057	-33064	-32229
-30049	-34064	-31006
-30049	-33575	-31667
-30045	-33934	-31169
-30043	-32351	-32439
-30041	-34575	-30444
-30038	-33999	-31270
-30020	-34437	-30593
-29999	-33400	-32012
-29997	-34121	-30783
-29991	-34465	-31217
-29989	-31130	-32885
-29987	-30251	-33287
-29984	-32016	-32638
-29966	-32075	-32477
-29955	-35139	-28858
-29950	-32335	-32579
-29947	-33741	-31576
-29946	-34886	-29409
-29940	-31217	-32847
-29933	-31453	-32755
-29930	-33359	-32456
-29926	-33603	-31725
-29921	-33858	-31323
-29915	-34027	-31328
-29905	-34773	-30148
-29874	-33528	-31924
-29872	-35012	-29629
-29871	-32151	-32668
-29868	-32056	-32880
-29867	-34669	-30434
-29860	-32752	-32562
-29856	-33606	-31710
-29845	-32512	-32587
-29842	-34563	-30587
-29838	-33768	-31486
-29830	-29044	-33419
-29815	-33695	-32011
-29813	-33218	-32509
-29808	-30287	-33038
-29802	-33642	-32112
-29797	-34577	-30464
-29794	-33557	-32160
-29781	-33504	-32261
-29778	-32135	-32808
-29773	-34015	-31699
-29766	-31674	-33071
-29748	-31971	-33041
-29743	-34067	-31420
-29732	-34644	-30544
-29728	-30933	-33115
-29728	-30561	-33160
-29719	-35153	-29347
-29719	-34591	-30645
-29718	-30665	-33321
-29694	-32150	-32870
-29674	-32385	-32815
-29665	-33819	-32015
-29659	-32553	-32629
-29658	-31115	-33153
-29648	-32468	-32830
-29642	-34773	-30471
-29639	-34197	-31297
-29621	-34635	-30620
-29616	-32754	-32582
-29603	-34906	-30399
-29592	-31768	-33061
-29590	-34910	-29935
-29578	-32650	-32868
-29576	-34072	-31555
-29550	-34155	-31570
-29515	-34557	-30952
-29508	-34736	-30793
-29495	-34683	-30894
-29495	-33417	-32451
-29492	-33690	-32411
-29491	-33913	-32005
-29490	-35262	-29938
-29481	-34114	-32014
-29479	-33637	-32512
-29468	-34061	-32115
-29461	-32950	-32589
-29446	-35304	-29102
-29446	-31702	-33358
-29445	-32327	-32886
-29439	-34254	-31569
-29437	-34930	-30619
-29434	-34983	-30047
-29429	-35e3	-30389
-29422	-33083	-32517
-29416	-35388	-30158
-29407	-34361	-31268
-29392	-32283	-33121
-29341	-34298	-31544
-29328	-34245	-31645
-29322	-34554	-31290
-29321	-34804	-30705
-29318	-33784	-32401
-29310	-32302	-32996
-29307	-34208	-32004
-29303	-31650	-33570
-29293	-31957	-33333
-29280	-29869	-33597
-29261	-34650	-31165
-29253	-32939	-32767
-29234	-34232	-31664
-29227	-32976	-32604
-29223	-33138	-32541
-29213	-34581	-31200
-29152	-32356	-32999
-29143	-35539	-29913
-29143	-33037	-32844
-29140	-29873	-33830
-29136	-32396	-32986
-29134	-35286	-30464
-29127	-33369	-32592
-29116	-29958	-33677
-29093	-32472	-33393
-29083	-32823	-32845
-29059	-33038	-32625
-29041	-32655	-33035
-29040	-34452	-31596
-29027	-33352	-32598
-29021	-31678	-33423
-29009	-32473	-33174
-29004	-31136	-33621
-28995	-30884	-33672
-28971	-32837	-33073
-28957	-33816	-32162
-28957	-32670	-33097
-28943	-33038	-32679
-28941	-33002	-32845
-28923	-30090	-33702
-28853	-33446	-32588
-28853	-30272	-33740
-28849	-31478	-33652
-28841	-33170	-33095
-28837	-32585	-33258
-28821	-30978	-33662
-28763	-34794	-30779
-28749	-33822	-32460
-28730	-35749	-28485
-28726	-33506	-32650
-28690	-35679	-28742
-28667	-33264	-33085
-28656	-33688	-32688
-28652	-30945	-34010
-28650	-30066	-34412
-28647	-34211	-31914
-28635	-34511	-31658
-28622	-34458	-31759
-28599	-35669	-28974
-28566	-30067	-34193
-28564	-34544	-31331
-28559	-35599	-29231
-28555	-32405	-33404
-28520	-34847	-31213
-28507	-34794	-31314
-28491	-30982	-33684
-28487	-35802	-28919
-28474	-35749	-29020
-28470	-33321	-32941
-28446	-35094	-30467
-28418	-35885	-28305
-28417	-35830	-28497
-28408	-33354	-32808
-28407	-30252	-34232
-28334	-34665	-31710
-28286	-35750	-28986
-28279	-32658	-33122
-28255	-30115	-34390
-28253	-32538	-33655
-28238	-31683	-33775
-28237	-30503	-34214
-28235	-31225	-33820
-28233	-30346	-34222
-28182	-32673	-33183
-28135	-32309	-33775
-28074	-32794	-33172
-28056	-33845	-32138
-28054	-30451	-34370
-28036	-32648	-33354
-28033	-30861	-34282
-28015	-32224	-33936
-27984	-33991	-32342
-27956	-29432	-34478
-27918	-28691	-34522
-27916	-32563	-33515
-27893	-30865	-34515
-27872	-32237	-33803
-27868	-29278	-34535
-27840	-33838	-32583
-27804	-34946	-30579
-27797	-29617	-34517
-27787	-34048	-32198
-27691	-31830	-34094
-27657	-29621	-34750
-27111	-30077	-34638
-26869	-30905	-34381
-26817	-28388	-34992
-26783	-28851	-34800
-26629	-28467	-34876
-26455	-28561	-34866
-26308	-28886	-34751
-25817	-27552	-35036
-24184	-25730	-35318
