-22978	-18206	-18929
-22855	-19223	-19716
-22816	-22319	-20331
-22812	-21408	-20630
-22800	-21511	-20511
-22793	-21320	-21022
-22709	-22369	-20737
-22695	-22422	-19907
-22690	-22281	-21129
-22686	-23226	-21050
-22654	-22893	-21454
-22605	-23008	-21090
-22595	-24084	-21276
-22589	-22833	-21523
-22549	-22319	-21766
-22535	-22335	-21789
-22511	-24136	-20862
-22487	-24250	-20984
-22455	-24099	-21244
-22438	-20531	-22056
-22435	-23182	-21464
-22422	-24190	-21053
-22395	-22350	-21757
-22336	-25219	-20822
-22330	-22962	-21543
-22316	-24302	-21042
-22302	-24069	-21416
-22290	-22733	-21881
-22285	-24422	-21437
-22274	-24656	-21150
-22261	-24536	-21559
-22256	-22304	-21906
-22245	-23908	-21680
-22242	-24683	-21095
-22231	-23924	-21703
-22225	-22673	-21950
-22206	-25813	-20486
-22189	-25924	-20680
-22185	-22159	-22193
-22174	-25638	-20900
-22118	-25779	-20967
-22110	-24469	-21657
-22098	-24862	-21187
-22080	-23857	-21801
-22045	-22174	-22161
-22034	-22092	-22291
-22026	-25557	-20983
-22023	-25571	-20998
-22005	-26260	-19776
-21972	-25059	-21249
-21972	-24093	-21703
-21972	-22327	-21968
-21967	-25712	-21065
-21964	-23913	-21965
-21949	-26401	-19843
-21947	-24795	-21285
-21926	-26457	-20640
-21913	-26337	-21049
-21910	-24496	-21577
-21908	-26562	-20123
-21891	-24685	-21485
-21875	-25490	-21081
-21870	-23982	-21820
-21869	-24608	-21566
-21838	-24009	-21765
-21825	-25764	-21107
-21821	-24992	-21347
-21818	-23092	-21985
-21813	-24301	-21873
-21811	-23339	-22021
-21810	-20463	-22304
-21802	-22049	-22301
-21789	-22490	-22383
-21784	-24179	-21939
-21770	-24195	-21962
-21762	-26270	-21147
-21760	-24293	-22061
-21752	-26572	-20112
-21746	-24309	-22084
-21730	-23681	-22205
-21729	-24934	-21389
-21724	-22430	-22452
-21718	-24541	-21664
-21713	-25909	-21159
-21689	-26460	-20519
-21686	-26934	-19803
-21680	-26025	-21259
-21673	-25395	-21402
-21672	-26571	-20713
-21659	-25411	-21425
-21657	-26050	-21226
-21646	-26721	-20177
-21637	-25133	-21446
-21633	-24567	-21847
-21630	-25380	-21482
-21629	-26832	-20371
-21619	-24692	-21522
-21617	-25536	-21469
-21616	-25714	-21455
-21613	-26033	-21470
-21603	-25552	-21492
-21597	-24619	-21689
-21595	-21481	-22628
-21589	-22838	-22364
-21584	-26716	-20527
-21584	-22445	-22420
-21583	-24635	-21712
-21564	-27019	-2e4
-21562	-26297	-21067
-21558	-26687	-20658
-21554	-26883	-20528
-21547	-27130	-20194
-21521	-26504	-20811
-21511	-25330	-21508
-21498	-24770	-21547
-21485	-26525	-20889
-21484	-24786	-21570
-21476	-26985	-20481
-21462	-24709	-21651
-21455	-21496	-22596
-21450	-26359	-21098
-21448	-27536	-20114
-21434	-26653	-20958
-21412	-26094	-21551
-21408	-24879	-21825
-21408	-24431	-22065
-21398	-26110	-21574
-21395	-22753	-22431
-21387	-23694	-22099
-21383	-26483	-21011
-21376	-24458	-22010
-21374	-21838	-22780
-21368	-24365	-22068
-21366	-24556	-22109
-21357	-23363	-22244
-21352	-24572	-22132
-21350	-23610	-22280
-21336	-23944	-22253
-21332	-27290	-20123
-21330	-22693	-22500
-21329	-26433	-21037
-21319	-27170	-20532
-21319	-26172	-21207
-21312	-24058	-22375
-21307	-27607	-19357
-21304	-24604	-21829
-21297	-27469	-20212
-21265	-26672	-20798
-21263	-26313	-21274
-21228	-26731	-20778
-21226	-27324	-20499
-21221	-26732	-20915
-21219	-27573	-19838
-21219	-26296	-21518
-21211	-26842	-20972
-21208	-28013	-19277
-21183	-26970	-20621
-21178	-26366	-21135
-21171	-26328	-21215
-21168	-27103	-20630
-21165	-25798	-21784
-21161	-22422	-22631
-21157	-26344	-21238
-21147	-24204	-22389
-21137	-27111	-20710
-21134	-21752	-22887
-21128	-23109	-22623
-21124	-26991	-21119
-21101	-22439	-22879
-21092	-27767	-19286
-21091	-27326	-20579
-21077	-25079	-21799
-21074	-27437	-20773
-21073	-24541	-22249
-21070	-26493	-21385
-21037	-27613	-19760
-21034	-26059	-21653
-21030	-27762	-19636
-21015	-24964	-21887
-21004	-27733	-19767
-21004	-27696	-20179
-21001	-24980	-21910
-20988	-23124	-22591
-20987	-27807	-20373
-20981	-24849	-22032
-20980	-25561	-21919
-20973	-26924	-21217
-20970	-27852	-19483
-20970	-26298	-21414
-20969	-27912	-19856
-20957	-24963	-22154
-20950	-23762	-22405
-20926	-26281	-21658
-20890	-27952	-19316
-20882	-27818	-19964
-20868	-26704	-21296
-20864	-27923	-19447
-20852	-27809	-20453
-20851	-28100	-20338
-20827	-26368	-21525
-20787	-21898	-22899
-20767	-22685	-22679
-20756	-25024	-22235
-20754	-24289	-22451
-20747	-28284	-19536
-20734	-23372	-22671
-20718	-27631	-20471
-20704	-22460	-22716
-20696	-27179	-20959
-20687	-27639	-20551
-20683	-26019	-21671
-20668	-28324	-18996
-20642	-28295	-19127
-20623	-26748	-21621
-20621	-25227	-21935
-20619	-25085	-22135
-20609	-26764	-21644
-20607	-28474	-19216
-20607	-25243	-21958
-20588	-26851	-21399
-20587	-25112	-22080
-20580	-28290	-19477
-20577	-25210	-22179
-20563	-25226	-22202
-20547	-24598	-22323
-20545	-27112	-21057
-20538	-22431	-23058
-20534	-26353	-21665
-20523	-27452	-21058
-20523	-24712	-22445
-20505	-28141	-19836
-20474	-26967	-21344
-20471	-25376	-22004
-20434	-22497	-22718
-20430	-28227	-19908
-20398	-22446	-23026
-20394	-27624	-20691
-20391	-24171	-22467
-20381	-24269	-22566
-20372	-23076	-22701
-20371	-23788	-22588
-20367	-24285	-22589
-20363	-26046	-21769
-20338	-26767	-21433
-20288	-25733	-21869
-20284	-25195	-22319
-20279	-28160	-20006
-20279	-23566	-22604
-20259	-27827	-20391
-20258	-20619	-23114
-20237	-26811	-21417
-20204	-22421	-23083
-20195	-26936	-21461
-20181	-26952	-21484
-20175	-22527	-23103
-20172	-27412	-21076
-20166	-24346	-22670
-20141	-26438	-21727
-20108	-27760	-20489
-20095	-27640	-20898
-20088	-26127	-21793
-20074	-26143	-21816
-20049	-26216	-21743
-20042	-22569	-22725
-20042	-20557	-23419
-20041	-27142	-21164
-20040	-22760	-22766
-20019	-28304	-19554
-20019	-26086	-22079
-20007	-23447	-22758
-19957	-28299	-19904
-19915	-28e3	-20433
-19879	-26276	-21759
-19876	-28951	-18932
-19855	-28117	-20061
-19837	-23127	-22807
-19811	-22506	-23145
-19780	-28203	-20133
-19744	-27600	-20916
-19727	-28741	-19277
-19699	-27484	-21072
-19675	-21490	-23211
-19644	-23329	-22774
-19604	-22815	-23017
-19512	-22593	-23033
-19465	-24370	-22485
-19365	-23298	-22891
-19251	-23414	-22836
-18984	-21566	-23384
-18563	-18870	-23564
