-34029	-29756	-26285
-34026	-30369	-25461
-34025	-29832	-26428
-34022	-30445	-25604
-33995	-30483	-26638
-33991	-30559	-26781
-33978	-30517	-28203
-33969	-31076	-26677
-33965	-31152	-26820
-33962	-30198	-28337
-33956	-31013	-27302
-33952	-31089	-27445
-33949	-30328	-28216
-33942	-30210	-28441
-33932	-30978	-28388
-33923	-31024	-27482
-33919	-31100	-27625
-33913	-31526	-27821
-33913	-30145	-28478
-33909	-31602	-27964
-33909	-30221	-28621
-33897	-30703	-28687
-33896	-31034	-28059
-33891	-31131	-28843
-33887	-32098	-27063
-33887	-29489	-28957
-33870	-31606	-27301
-33855	-31316	-28260
-33851	-31392	-28403
-33844	-31651	-27364
-33842	-31469	-28037
-33834	-30522	-29174
-33832	-31989	-27735
-33831	-32043	-27677
-33830	-30598	-29317
-33817	-31625	-28386
-33816	-32512	-26142
-33813	-31701	-28529
-33805	-32615	-26919
-33804	-30903	-29034
-33800	-30979	-29177
-33791	-32197	-27628
-33789	-31805	-28174
-33785	-31881	-28317
-33783	-31671	-28856
-33776	-31930	-27817
-33763	-32377	-27416
-33763	-32376	-27712
-33763	-30465	-29390
-33761	-32167	-27955
-33757	-31127	-28973
-33756	-30347	-29615
-33753	-31203	-29116
-33750	-32506	-27591
-33741	-32150	-28287
-33737	-32152	-28748
-33731	-32218	-28385
-33730	-30527	-29580
-33726	-30603	-29723
-33722	-30673	-29283
-33716	-33063	-27407
-33715	-32722	-27529
-33712	-32285	-28221
-33710	-32047	-28813
-33709	-31882	-29206
-33708	-32361	-28364
-33698	-32881	-28062
-33687	-32437	-28275
-33685	-30380	-30085
-33683	-30751	-29519
-33680	-30871	-29812
-33670	-32019	-28821
-33662	-31736	-29439
-33656	-32202	-28402
-33656	-30652	-29919
-33647	-32643	-28397
-33646	-32590	-28730
-33642	-32666	-28873
-33634	-33031	-28178
-33632	-30139	-30235
-33628	-30215	-30378
-33622	-30778	-29817
-33622	-30662	-29955
-33620	-33162	-27972
-33619	-31019	-29567
-33618	-30854	-29960
-33610	-32781	-28730
-33610	-31890	-29065
-33606	-32851	-28290
-33606	-32106	-29045
-33598	-31966	-29185
-33596	-32230	-29171
-33593	-31020	-29836
-33592	-31934	-29516
-33592	-31430	-29734
-33589	-31096	-29979
-33589	-30519	-29992
-33588	-31360	-29985
-33587	-32425	-29243
-33585	-32216	-29486
-33582	-30401	-30217
-33579	-32922	-28850
-33576	-33424	-27668
-33570	-30503	-29993
-33564	-30445	-30124
-33555	-31495	-29862
-33551	-30695	-30425
-33542	-33400	-28790
-33535	-32139	-29515
-33533	-32510	-28949
-33533	-32057	-29524
-33529	-32586	-29092
-33521	-31542	-29705
-33514	-31345	-30429
-33512	-31716	-29863
-33511	-30434	-30687
-33510	-32290	-29569
-33508	-31792	-30006
-33499	-30536	-30463
-33480	-31897	-30003
-33478	-32665	-29087
-33478	-32632	-29330
-33475	-33267	-28863
-33472	-32826	-29023
-33467	-33045	-29106
-33465	-31943	-29735
-33462	-33655	-28644
-33459	-31681	-30070
-33458	-30482	-30613
-33457	-32666	-29297
-33450	-30890	-30598
-33448	-32635	-29414
-33442	-32903	-29435
-33438	-33119	-29415
-33422	-31951	-29694
-33419	-33141	-28965
-33418	-32167	-29674
-33417	-32325	-30329
-33414	-31414	-30587
-33412	-32435	-29695
-33401	-33145	-29134
-33398	-31789	-30341
-33390	-33913	-28723
-33388	-32423	-29782
-33374	-33349	-29161
-33373	-31370	-30645
-33371	-33115	-29461
-33367	-33152	-29885
-33364	-33184	-29345
-33360	-33275	-29573
-33353	-32555	-30075
-33347	-31946	-30419
-33344	-31612	-30664
-33325	-31019	-30678
-33323	-33780	-28796
-33322	-33537	-28861
-33320	-33446	-29041
-33314	-30459	-30803
-33309	-33440	-29500
-33308	-32487	-30271
-33306	-33714	-28975
-33298	-33175	-29595
-33295	-30417	-31124
-33288	-32646	-30414
-33287	-31447	-30957
-33285	-32920	-29889
-33285	-31735	-30672
-33283	-31818	-30518
-33277	-31748	-30547
-33273	-31824	-30690
-33261	-33511	-29228
-33255	-30246	-31145
-33251	-33437	-29515
-33251	-32692	-30270
-33250	-33180	-30044
-33240	-31826	-30477
-33234	-33759	-29167
-33230	-32310	-30478
-33220	-31583	-30840
-33218	-31873	-30881
-33216	-34174	-27717
-33216	-31659	-30983
-33214	-30923	-31151
-33206	-32298	-30565
-33203	-30501	-31194
-33200	-34014	-28986
-33198	-33021	-30082
-33197	-32492	-30525
-33196	-31247	-31120
-33195	-33295	-29557
-33193	-34130	-29288
-33191	-32939	-30102
-33186	-33410	-29790
-33186	-30943	-31500
-33179	-32808	-30356
-33177	-31963	-30597
-33175	-33461	-29331
-33173	-33530	-29314
-33170	-32017	-30884
-33166	-33655	-29647
-33165	-32075	-30927
-33164	-34515	-27127
-33164	-33455	-29713
-33159	-32522	-30504
-33154	-32139	-30603
-33144	-32910	-30157
-33138	-30592	-31533
-33134	-33251	-29828
-33133	-32836	-30258
-33130	-32359	-30598
-33127	-30032	-31658
-33126	-33997	-29361
-33123	-33663	-29606
-33122	-33013	-30355
-33121	-33501	-30129
-33118	-33775	-29604
-33103	-31802	-31149
-33102	-32869	-30520
-33099	-31878	-31292
-33096	-34794	-27580
-33096	-31064	-31443
-33094	-34507	-28497
-33093	-32497	-30931
-33087	-31980	-31068
-33086	-33603	-29930
-33083	-31167	-31339
-33080	-30256	-31597
-33071	-33746	-29659
-33065	-32809	-30844
-33063	-33207	-30279
-33063	-32753	-30899
-33063	-31040	-31622
-33059	-33128	-30289
-33056	-31983	-31144
-33055	-31272	-31336
-33053	-34208	-28768
-33053	-31072	-31402
-33051	-29522	-31832
-33049	-33054	-30576
-33043	-34260	-28882
-33043	-31883	-31333
-33038	-32334	-31203
-33037	-33976	-29732
-33034	-34250	-29207
-33027	-30496	-32006
-33020	-31846	-31338
-33017	-33180	-30398
-33013	-33625	-29868
-33013	-31324	-31445
-33006	-33703	-30143
-32998	-32676	-30917
-32996	-33365	-30217
-32996	-31484	-31682
-32996	-30907	-31695
-32995	-32342	-31162
-32989	-29920	-32085
-32985	-33284	-30322
-32981	-33284	-30447
-32981	-32475	-30962
-32980	-31675	-31359
-32979	-32093	-31261
-32974	-32564	-30949
-32973	-34267	-29359
-32958	-32846	-30710
-32957	-32884	-30810
-32956	-32971	-30786
-32950	-34484	-28687
-32950	-32902	-30863
-32946	-34924	-27174
-32943	-31611	-31651
-32940	-30700	-31909
-32938	-32674	-30927
-32938	-32177	-31455
-32931	-33348	-30459
-32930	-33449	-30374
-32927	-33723	-29849
-32920	-34561	-29099
-32920	-33375	-30661
-32919	-33475	-30334
-32909	-34650	-27982
-32909	-32655	-31288
-32900	-33757	-29771
-32897	-33800	-30261
-32889	-33261	-30881
-32886	-31446	-31944
-32885	-32304	-31424
-32884	-31705	-31553
-32883	-30535	-32202
-32882	-32037	-31746
-32876	-32738	-31048
-32872	-33446	-30389
-32872	-32701	-31144
-32871	-34601	-28662
-32869	-34882	-27645
-32863	-32021	-31747
-32861	-34647	-28533
-32860	-31110	-32005
-32859	-33937	-29751
-32855	-34728	-28786
-32855	-34321	-29511
-32854	-33987	-30233
-32852	-32796	-31047
-32852	-31461	-31872
-32851	-34261	-29708
-32851	-32319	-31352
-32850	-33549	-30587
-32849	-33090	-30902
-32845	-34355	-29178
-32845	-32946	-30915
-32844	-34784	-28698
-32841	-32245	-31639
-32839	-31882	-31755
-32833	-31419	-32193
-32829	-34886	-27885
-32828	-34354	-29304
-32822	-33419	-30819
-32821	-34023	-29860
-32820	-31646	-31767
-32812	-32948	-30976
-32811	-32249	-31772
-32809	-34804	-28258
-32808	-31915	-32017
-32799	-32251	-31493
-32796	-33651	-30297
-32794	-34949	-27435
-32793	-34549	-29323
-32791	-35192	-27695
-32791	-32418	-31295
-32787	-34145	-30171
-32784	-34419	-29646
-32782	-33025	-31388
-32770	-32457	-31665
-32768	-33505	-30621
-32763	-34445	-29643
-32756	-33374	-30875
-32753	-34237	-29762
-32750	-34580	-29181
-32750	-32208	-31794
-32747	-34854	-28656
-32747	-30366	-32369
-32736	-33608	-30492
-32733	-33807	-30493
-32733	-33065	-30951
-32730	-34581	-29058
-32729	-33710	-30765
-32729	-32307	-31744
-32725	-34986	-28659
-32718	-32036	-31960
-32715	-32892	-31461
-32711	-34705	-28976
-32705	-34313	-29698
-32704	-31740	-32278
-32699	-29811	-32432
-32698	-33500	-30991
-32696	-32876	-31462
-32695	-29887	-32575
-32687	-34701	-29135
-32684	-35123	-28809
-32681	-34782	-29388
-32680	-35125	-28343
-32680	-33618	-30813
-32678	-33197	-31082
-32677	-35399	-27818
-32677	-32244	-31853
-32674	-33100	-31354
-32672	-30524	-32384
-32671	-33998	-30380
-32671	-33215	-31135
-32664	-34269	-29756
-32664	-31892	-32207
-32663	-31317	-32301
-32658	-32519	-31770
-32653	-33143	-31172
-32652	-32101	-32068
-32641	-32146	-32077
-32640	-31141	-32347
-32639	-33826	-30706
-32639	-30966	-32437
-32638	-32540	-31526
-32636	-34100	-30181
-32632	-34822	-28951
-32632	-33106	-31208
-32631	-34689	-29644
-32628	-34265	-30090
-32624	-33969	-30435
-32624	-33273	-31010
-32619	-32703	-31655
-32618	-33032	-31620
-32618	-31143	-32340
-32617	-33168	-31322
-32614	-31861	-32221
-32612	-33351	-31065
-32610	-32573	-31978
-32606	-34122	-30178
-32605	-31087	-32480
-32603	-34831	-28846
-32603	-30343	-32559
-32601	-34367	-29722
-32599	-34409	-29718
-32598	-33460	-30998
-32596	-35307	-28744
-32591	-32557	-31979
-32589	-32357	-32045
-32585	-32009	-32182
-32582	-33428	-31477
-32581	-34742	-29395
-32578	-34388	-29796
-32576	-34634	-29783
-32576	-31331	-32713
-32574	-32013	-32150
-32573	-34908	-29258
-32573	-32069	-32114
-32572	-33693	-30779
-32564	-33471	-31022
-32560	-32696	-31684
-32560	-32055	-32124
-32551	-32899	-31693
-32548	-34197	-30242
-32541	-32106	-32084
-32540	-31739	-32492
-32536	-34461	-29843
-32533	-33468	-31040
-32532	-32192	-32338
-32531	-34362	-30092
-32530	-34400	-30192
-32527	-33888	-30811
-32527	-33432	-31071
-32527	-32787	-31725
-32524	-34948	-28821
-32524	-34666	-29932
-32518	-33658	-31223
-32515	-33932	-30698
-32514	-35588	-27026
-32514	-32849	-31863
-32512	-32467	-32162
-32507	-33962	-30455
-32506	-34503	-29988
-32503	-34777	-29463
-32497	-34082	-30446
-32491	-32770	-31937
-32489	-34933	-29473
-32486	-35207	-28948
-32480	-33946	-30625
-32479	-32319	-32307
-32473	-35688	-27511
-32472	-34688	-29807
-32469	-34962	-29282
-32469	-34056	-30521
-32464	-34645	-29984
-32463	-34267	-30265
-32461	-32304	-32309
-32461	-31641	-32657
-32459	-33152	-31539
-32458	-33771	-31033
-32457	-34831	-29536
-32453	-33070	-31596
-32450	-34023	-31037
-32449	-31743	-32433
-32448	-35373	-27959
-32447	-31652	-32798
-32445	-32334	-32235
-32441	-35408	-28622
-32439	-34337	-30195
-32439	-32961	-31798
-32438	-35620	-28107
-32438	-32527	-32200
-32438	-29799	-33095
-32427	-34966	-29006
-32423	-34989	-29078
-32422	-35437	-28694
-32421	-31983	-32371
-32417	-34159	-30452
-32416	-34792	-29802
-32414	-33127	-31655
-32412	-34564	-30053
-32409	-32186	-32428
-32408	-34206	-30317
-32406	-34165	-30534
-32406	-32924	-31829
-32404	-32542	-32128
-32403	-35683	-27657
-32403	-34265	-30275
-32403	-33298	-31667
-32402	-35441	-28428
-32402	-30207	-32874
-32401	-34063	-30600
-32398	-33169	-31691
-32396	-31716	-32682
-32393	-32669	-32123
-32392	-33033	-31762
-32390	-33666	-31180
-32387	-33034	-31871
-32382	-31825	-32615
-32380	-35494	-28360
-32378	-35333	-28818
-32374	-34246	-30636
-32373	-35065	-29016
-32372	-31365	-32818
-32371	-34520	-30111
-32369	-32872	-32094
-32366	-32451	-32210
-32363	-35447	-28780
-32363	-34432	-30244
-32362	-32615	-32175
-32361	-31055	-32860
-32357	-35528	-29033
-32353	-29447	-33113
-32349	-34034	-30698
-32347	-30376	-32998
-32342	-32397	-32453
-32338	-35671	-28174
-32336	-33619	-31367
-32334	-31873	-32484
-32332	-31962	-32742
-32330	-35044	-29361
-32316	-31981	-32634
-32315	-34735	-29886
-32314	-35563	-28564
-32313	-34808	-29726
-32310	-34537	-30263
-32304	-30871	-32934
-32302	-34918	-29622
-32299	-35192	-29097
-32298	-34291	-30404
-32295	-35809	-27527
-32295	-31782	-32758
-32294	-35567	-28298
-32294	-32986	-31934
-32292	-32604	-32233
-32289	-33831	-31268
-32283	-34885	-30138
-32282	-33629	-31376
-32280	-32507	-32513
-32279	-35681	-28260
-32277	-33294	-31687
-32274	-33519	-31389
-32273	-35762	-28513
-32271	-30413	-33094
-32269	-33486	-31440
-32267	-35538	-28572
-32262	-34224	-30667
-32261	-32835	-32290
-32260	-34043	-30996
-32258	-34284	-30639
-32257	-34317	-30471
-32256	-34157	-30721
-32251	-34372	-30284
-32249	-35654	-28903
-32249	-35099	-29353
-32244	-30722	-33282
-32243	-35124	-29363
-32243	-31686	-32903
-32239	-35027	-29635
-32237	-33936	-31178
-32237	-32086	-32562
-32235	-31096	-33075
-32234	-34925	-29701
-32231	-31172	-33218
-32230	-35797	-28044
-32229	-34365	-30657
-32228	-34393	-30358
-32227	-36192	-26475
-32225	-34413	-30662
-32222	-35170	-29231
-32220	-31940	-32773
-32210	-33161	-31760
-32207	-35040	-29448
-32202	-35629	-28911
-32202	-35213	-29092
-32199	-35119	-29618
-32198	-34454	-30413
-32196	-32982	-32116
-32195	-33401	-31567
-32194	-34594	-30224
-32192	-36046	-27328
-32190	-32628	-32456
-32189	-32367	-32674
-32185	-34135	-30776
-32181	-35420	-29181
-32176	-34358	-30780
-32174	-29947	-33423
-32169	-34481	-30468
-32168	-33819	-31400
-32166	-32103	-32843
-32165	-35888	-28383
-32165	-34093	-30875
-32163	-33786	-31451
-32158	-35156	-29232
-32158	-33319	-31615
-32156	-33114	-31947
-32153	-33474	-31614
-32153	-32961	-32160
-32153	-31807	-32846
-32152	-34990	-29857
-32151	-34009	-31116
-32149	-33009	-32165
-32149	-32836	-32349
-32141	-35249	-29202
-32141	-33335	-31728
-32140	-35910	-27405
-32139	-33042	-32010
-32139	-31628	-33202
-32135	-32945	-32282
-32134	-35991	-27658
-32134	-35286	-29305
-32133	-33578	-31700
-32131	-35153	-29505
-32130	-34819	-30227
-32130	-33215	-32030
-32129	-31695	-32878
-32128	-34986	-30016
-32127	-34478	-30806
-32125	-33356	-31943
-32122	-34693	-30369
-32115	-31277	-33338
-32112	-32784	-32614
-32109	-34024	-30997
-32099	-35079	-29625
-32099	-31970	-32916
-32098	-35614	-28934
-32097	-34501	-30481
-32095	-36193	-27264
-32094	-35755	-28781
-32093	-35247	-29571
-32093	-34905	-30097
-32091	-30738	-33350
-32090	-35179	-29572
-32089	-35019	-29822
-32088	-35420	-29215
-32087	-34239	-30862
-32085	-33066	-32095
-32084	-33876	-31189
-32081	-36179	-27798
-32078	-34056	-31097
-32077	-36250	-26918
-32077	-32256	-32963
-32075	-34716	-30346
-32066	-33445	-31776
-32064	-35831	-28467
-32063	-33082	-32103
-32062	-35227	-29758
-32060	-34345	-30879
-32058	-33223	-32016
-32056	-36030	-27816
-32055	-35788	-28587
-32052	-33857	-31403
-32047	-34066	-30922
-32041	-33831	-31546
-32040	-35902	-28549
-32040	-35723	-28857
-32040	-33410	-31835
-32039	-34020	-31317
-32037	-32898	-32454
-32035	-32432	-32679
-32030	-35500	-29098
-32029	-35978	-28197
-32027	-34438	-30813
-32025	-35249	-29568
-32020	-33206	-32207
-32019	-34604	-30676
-32017	-33431	-31909
-32015	-34166	-31011
-32013	-31715	-33166
-32011	-33883	-31470
-32010	-34056	-31449
-32006	-30386	-33368
-32005	-34136	-31187
-32004	-30245	-33402
-32003	-31718	-33016
-32e3	-31315	-33253
-31998	-33810	-31590
-31991	-36018	-28333
-31990	-35740	-28804
-31990	-35263	-29495
-31986	-31598	-33423
-31986	-30519	-33461
-31984	-35821	-29057
-31983	-32317	-32828
-31980	-33848	-31698
-31977	-34642	-30456
-31975	-36209	-27524
-31975	-34250	-31063
-31974	-35509	-29243
-31973	-31850	-33038
-31972	-36264	-27296
-31967	-32338	-32791
-31966	-35259	-29654
-31966	-34718	-30547
-31963	-31852	-33293
-31960	-35340	-29907
-31960	-35049	-30042
-31956	-35957	-28337
-31954	-34645	-30890
-31953	-36267	-27617
-31953	-33073	-32280
-31952	-32615	-32865
-31951	-34919	-30365
-31951	-31042	-33581
-31945	-32851	-32523
-31942	-36304	-27950
-31941	-34366	-30933
-31940	-33868	-31604
-31935	-34784	-30452
-31932	-36028	-28419
-31932	-34903	-30366
-31932	-32279	-33194
-31931	-34146	-31187
-31926	-36109	-28672
-31926	-35554	-29122
-31917	-35688	-29130
-31917	-35375	-29438
-31916	-29744	-33602
-31914	-35423	-29376
-31913	-34904	-30687
-31913	-33715	-31771
-31911	-35380	-29470
-31911	-33731	-31920
-31910	-35178	-30162
-31910	-34956	-30298
-31910	-33352	-32101
-31899	-35492	-29320
-31899	-34127	-31401
-31896	-31719	-33366
-31892	-32921	-32685
-31891	-36441	-26964
-31889	-34161	-31068
-31889	-30732	-33756
-31887	-31585	-33498
-31886	-34420	-31015
-31886	-33821	-31791
-31886	-32940	-32356
-31884	-33247	-32248
-31883	-31661	-33641
-31882	-34144	-31268
-31873	-34731	-30747
-31868	-33367	-31982
-31867	-32769	-32757
-31865	-32387	-33056
-31860	-35300	-29914
-31858	-33173	-32339
-31856	-36414	-27553
-31856	-33042	-32368
-31855	-31927	-33259
-31852	-35466	-29777
-31852	-33936	-31517
-31846	-34771	-30760
-31846	-34256	-31106
-31844	-34444	-30927
-31833	-31210	-33746
-31832	-33994	-31474
-31831	-33142	-32431
-31828	-35667	-29501
-31826	-33291	-32118
-31824	-35029	-30236
-31821	-33968	-31617
-31819	-31891	-33387
-31818	-33305	-32170
-31814	-36392	-27769
-31810	-35138	-30169
-31804	-31972	-33212
-31803	-35828	-28742
-31803	-34264	-31065
-31803	-32999	-32503
-31800	-33343	-32278
-31798	-35189	-30363
-31798	-33493	-32002
-31795	-33769	-31923
-31790	-36199	-28486
-31789	-34669	-31029
-31787	-32320	-33133
-31783	-30931	-33782
-31779	-31007	-33925
-31778	-33947	-31661
-31776	-32111	-33217
-31775	-35890	-29011
-31774	-34431	-31216
-31773	-33537	-32070
-31772	-34226	-31406
-31764	-35958	-29128
-31764	-33009	-32504
-31763	-32395	-32911
-31761	-33841	-31738
-31760	-35805	-29157
-31760	-35259	-29982
-31754	-35024	-30606
-31754	-33795	-31990
-31753	-32365	-33087
-31752	-35426	-29784
-31751	-32256	-33201
-31748	-35040	-30376
-31747	-36418	-27154
-31743	-31989	-33364
-31740	-35477	-29978
-31737	-34537	-31084
-31736	-36430	-27813
-31736	-36273	-28100
-31735	-35730	-29532
-31735	-33364	-32317
-31733	-34399	-31267
-31733	-33384	-32160
-31732	-34053	-31466
-31730	-34241	-31287
-31730	-33194	-32323
-31724	-34094	-31429
-31723	-33138	-32633
-31717	-36495	-27566
-31717	-36178	-28626
-31716	-35556	-29591
-31713	-35234	-29990
-31706	-33404	-32143
-31706	-33231	-32327
-31704	-31531	-33831
-31701	-34211	-31540
-31697	-32441	-33076
-31696	-36808	-26914
-31694	-33886	-31678
-31693	-35041	-30758
-31692	-35629	-29817
-31687	-36389	-27884
-31686	-31043	-33847
-31685	-32437	-33241
-31683	-33780	-32124
-31680	-36192	-28608
-31676	-36005	-28877
-31676	-31797	-33449
-31674	-33212	-32541
-31673	-35768	-29379
-31673	-35233	-30012
-31672	-32138	-33379
-31670	-35277	-30182
-31668	-36535	-27129
-31667	-35314	-30265
-31663	-35211	-30367
-31661	-36662	-27767
-31661	-31852	-33406
-31659	-34226	-31421
-31658	-32614	-32937
-31656	-33246	-32495
-31656	-32649	-32969
-31655	-36064	-28827
-31653	-34868	-30818
-31651	-32637	-33011
-31647	-33901	-31807
-31646	-32786	-32698
-31645	-33424	-32269
-31640	-34821	-30966
-31640	-33829	-31870
-31638	-36012	-29021
-31637	-34441	-31286
-31636	-36046	-28947
-31632	-34073	-31588
-31632	-32780	-32870
-31629	-35882	-29344
-31628	-36710	-27704
-31628	-36399	-27970
-31624	-34571	-31221
-31622	-36480	-28223
-31622	-34001	-31870
-31621	-32667	-32987
-31617	-32822	-32830
-31615	-33264	-32503
-31614	-31652	-33774
-31613	-31178	-33889
-31612	-36235	-28623
-31611	-33279	-32502
-31610	-35866	-29345
-31609	-31996	-33384
-31606	-33428	-32189
-31599	-35441	-30113
-31598	-34258	-31407
-31597	-36555	-27965
-31595	-36651	-28109
-31593	-33032	-32650
-31592	-36317	-28354
-31592	-36239	-28357
-31592	-32879	-32715
-31591	-35608	-29915
-31588	-34186	-31689
-31584	-35755	-29687
-31578	-35232	-30383
-31578	-33291	-32342
-31578	-32246	-33260
-31578	-31773	-33457
-31577	-33464	-32321
-31575	-33906	-31994
-31575	-33621	-32209
-31573	-31860	-33667
-31572	-35147	-30521
-31569	-34806	-31100
-31569	-33376	-32454
-31568	-36896	-26733
-31565	-35129	-30577
-31564	-32264	-33249
-31561	-35982	-29129
-31559	-35440	-30135
-31557	-36916	-26284
-31554	-36142	-28732
-31553	-36788	-27637
-31553	-33032	-32801
-31552	-36280	-28427
-31551	-34352	-31291
-31547	-36326	-28962
-31547	-35771	-29412
-31546	-36096	-29091
-31546	-31134	-33969
-31545	-32206	-33355
-31535	-36845	-27291
-31535	-34608	-31237
-31533	-32502	-33158
-31530	-35013	-30838
-31524	-36219	-29144
-31524	-33244	-32529
-31522	-36862	-27516
-31521	-34190	-31807
-31516	-34534	-31417
-31515	-30557	-33996
-31512	-35415	-30143
-31506	-32307	-33431
-31505	-32884	-32935
-31502	-35992	-29215
-31502	-33757	-32131
-31501	-35484	-30005
-31497	-34263	-31582
-31496	-36073	-29468
-31494	-32707	-33121
-31487	-35593	-29938
-31484	-31499	-33974
-31482	-34066	-31919
-31481	-36118	-29429
-31480	-34312	-31559
-31477	-32519	-33159
-31476	-35196	-30516
-31476	-33296	-32680
-31473	-36902	-27079
-31473	-35683	-30067
-31472	-35766	-29888
-31471	-35383	-30194
-31468	-34126	-31898
-31466	-34491	-31459
-31465	-32919	-32849
-31463	-36560	-28442
-31463	-30385	-34025
-31462	-33534	-32501
-31456	-33004	-32961
-31454	-33349	-32612
-31449	-33316	-32663
-31447	-36332	-28644
-31443	-34216	-31769
-31441	-33642	-32226
-31439	-34338	-31626
-31436	-34612	-31101
-31434	-35269	-30563
-31432	-36303	-29214
-31431	-36025	-29685
-31431	-35479	-30375
-31428	-35491	-30286
-31426	-34655	-31360
-31425	-33561	-32340
-31424	-33164	-32735
-31422	-35139	-30708
-31421	-33359	-32538
-31418	-33544	-32540
-31415	-33874	-32004
-31413	-34316	-31677
-31411	-32772	-32984
-31409	-33207	-32705
-31408	-36393	-28682
-31408	-33681	-32269
-31407	-35079	-30738
-31404	-34708	-31292
-31402	-34138	-31941
-31401	-37043	-26370
-31395	-36850	-27740
-31394	-36950	-27335
-31394	-31620	-33917
-31391	-33060	-32868
-31389	-36620	-28259
-31387	-34405	-31601
-31387	-32317	-33278
-31385	-34914	-31157
-31384	-33891	-32089
-31380	-32303	-33451
-31379	-32481	-33208
-31378	-36718	-28299
-31370	-35496	-30527
-31369	-36411	-28519
-31368	-34323	-31760
-31368	-33595	-32366
-31368	-33422	-32550
-31367	-35770	-30002
-31364	-35138	-30768
-31362	-32892	-33010
-31362	-32337	-33405
-31358	-35973	-30011
-31355	-30975	-34068
-31353	-31828	-33810
-31351	-37059	-26929
-31346	-36214	-29219
-31346	-35064	-31007
-31344	-36857	-27591
-31344	-33891	-32240
-31343	-34929	-31038
-31336	-32944	-33170
-31334	-33622	-32320
-31334	-31863	-33539
-31333	-33104	-32738
-31333	-32010	-33591
-31330	-35323	-30587
-31327	-32537	-33175
-31325	-34590	-31470
-31324	-32040	-33538
-31323	-34376	-31629
-31320	-35617	-30156
-31319	-36420	-28463
-31317	-35276	-30735
-31316	-36913	-27782
-31316	-34191	-31815
-31314	-37009	-27926
-31313	-32470	-33301
-31313	-32170	-33524
-31309	-36058	-29617
-31304	-33945	-31956
-31304	-33652	-32296
-31303	-36113	-29504
-31303	-35363	-30600
-31303	-32040	-33567
-31295	-33397	-32729
-31294	-34264	-31811
-31289	-31309	-34026
-31288	-36412	-28863
-31288	-33734	-32271
-31284	-36133	-29359
-31283	-32454	-33380
-31282	-34569	-31514
-31282	-33690	-32343
-31281	-35621	-30076
-31276	-31092	-34043
-31275	-34713	-31176
-31275	-33897	-32010
-31274	-36207	-29491
-31267	-36131	-29664
-31266	-36751	-28037
-31264	-36370	-28872
-31261	-36255	-29500
-31260	-34586	-31675
-31260	-31131	-34087
-31258	-35122	-30774
-31258	-34606	-31518
-31256	-36508	-29054
-31254	-33919	-32090
-31254	-33018	-32880
-31249	-35602	-30290
-31249	-31174	-34094
-31247	-36568	-28369
-31246	-31637	-33829
-31244	-34869	-31173
-31243	-33096	-32871
-31240	-34175	-32102
-31240	-33197	-32780
-31240	-32235	-33584
-31237	-36403	-29114
-31237	-35416	-30629
-31236	-34017	-32110
-31236	-31333	-33995
-31235	-32405	-33381
-31234	-36565	-28443
-31234	-36447	-29284
-31232	-31409	-34138
-31230	-36700	-28478
-31229	-34818	-31246
-31228	-33095	-32874
-31228	-29769	-34200
-31216	-34621	-31399
-31215	-32619	-33335
-31213	-33044	-32947
-31211	-35616	-30446
-31210	-34004	-32136
-31209	-33470	-32667
-31208	-37039	-27652
-31208	-35628	-30357
-31206	-37088	-27061
-31206	-34733	-31443
-31205	-31692	-34022
-31202	-37120	-27905
-31202	-33819	-32247
-31200	-34854	-31378
-31197	-36e3	-29869
-31194	-35129	-30924
-31193	-33900	-32155
-31192	-35641	-30309
-31192	-33956	-32157
-31191	-36124	-29705
-31190	-34991	-31107
-31182	-32986	-32995
-31182	-32387	-33590
-31181	-33025	-33161
-31180	-31237	-34167
-31178	-32047	-33642
-31175	-35418	-30553
-31172	-33582	-32369
-31171	-35403	-30806
-31171	-33162	-32890
-31170	-34646	-31627
-31169	-34197	-32021
-31168	-33674	-32480
-31166	-36803	-28138
-31165	-35051	-31228
-31163	-33059	-33115
-31162	-33243	-32798
-31161	-34012	-32132
-31160	-32440	-33522
-31159	-34521	-31688
-31159	-34454	-31805
-31153	-32256	-33592
-31150	-36138	-29836
-31142	-33713	-32349
-31139	-31445	-34060
-31136	-34662	-31575
-31134	-33859	-32299
-31134	-32584	-33369
-31132	-36801	-28235
-31132	-34674	-31494
-31132	-34224	-31860
-31132	-33920	-32176
-31131	-33804	-32381
-31131	-32652	-33250
-31130	-34317	-32121
-31130	-32255	-33645
-31128	-37153	-27094
-31128	-36529	-28543
-31126	-35201	-31078
-31124	-33787	-32581
-31124	-31880	-33694
-31123	-35066	-31109
-31122	-35701	-30295
-31120	-37401	-26187
-31119	-34640	-31676
-31118	-32617	-33336
-31114	-32892	-33234
-31114	-32293	-33702
-31113	-33241	-32809
-31113	-31978	-33734
-31110	-31791	-33890
-31104	-35270	-30879
-31103	-33833	-32449
-31103	-32571	-33548
-31101	-35281	-30974
-31101	-34529	-31849
-31100	-35754	-30227
-31099	-35594	-30477
-31098	-34859	-31313
-31098	-33286	-32938
-31097	-35413	-30806
-31097	-33312	-32940
-31095	-34751	-31434
-31087	-33953	-32183
-31084	-35767	-30179
-31084	-32973	-33257
-31083	-35704	-30265
-31077	-36331	-29828
-31076	-34619	-31720
-31075	-33365	-32872
-31074	-35828	-30355
-31074	-33414	-32670
-31073	-34549	-31782
-31071	-33398	-32928
-31070	-32745	-33566
-31063	-36644	-28697
-31063	-35529	-30676
-31063	-30513	-34293
-31060	-36861	-28159
-31058	-35931	-30041
-31057	-33654	-32654
-31051	-33037	-33146
-31050	-36641	-28771
-31050	-36098	-29843
-31046	-36833	-28401
-31045	-33877	-32319
-31044	-34948	-31287
-31042	-34734	-31446
-31042	-32851	-33282
-31042	-32156	-33704
-31041	-36347	-29527
-31039	-33167	-32979
-31035	-30791	-34344
-31034	-37169	-27602
-31034	-33516	-32684
-31034	-32185	-33738
-31032	-37142	-27663
-31029	-31223	-34202
-31027	-36972	-28326
-31027	-35991	-30025
-31024	-36662	-28534
-31023	-33930	-32251
-31022	-35721	-30417
-31020	-32203	-33727
-31019	-33954	-32313
-31017	-35941	-30105
-31016	-36032	-29975
-31015	-37415	-26565
-31012	-31377	-34281
-31009	-36402	-29361
-31006	-32419	-33572
-31005	-33964	-32205
-31003	-36491	-29176
-31002	-31917	-33760
-31001	-34927	-31331
-31001	-32520	-33741
-30997	-36502	-29134
-30993	-36565	-29308
-30992	-35514	-30810
-30991	-34898	-31386
-30984	-37407	-26965
-30984	-36783	-28414
-30984	-35949	-30298
-30983	-37182	-27226
-30983	-33109	-33300
-30982	-37063	-28147
-30982	-33956	-32318
-30978	-34382	-32038
-30975	-36866	-28871
-30975	-33210	-33119
-30973	-35289	-30931
-30969	-37260	-27941
-30968	-34791	-31568
-30966	-33881	-32498
-30965	-33907	-32500
-30965	-31960	-33913
-30964	-35229	-31145
-30962	-35329	-30933
-30961	-33162	-33232
-30959	-34533	-31919
-30951	-35540	-30877
-30951	-33299	-32961
-30949	-35781	-30520
-30944	-33282	-33161
-30943	-34680	-31630
-30942	-35964	-30179
-30937	-35041	-31444
-30931	-32977	-33355
-30928	-35975	-30034
-30926	-37071	-28029
-30926	-34081	-32180
-30925	-35381	-30883
-30925	-34718	-31738
-30923	-37347	-27116
-30922	-33511	-32689
-30919	-36621	-28887
-30919	-33339	-33046
-30917	-32798	-33489
-30914	-36567	-29018
-30914	-30044	-34369
-30913	-36435	-29346
-30913	-31520	-34144
-30911	-35999	-30126
-30908	-37024	-28809
-30908	-32181	-33758
-30907	-33572	-32697
-30906	-35097	-31419
-30905	-36690	-29054
-30905	-36437	-29341
-30905	-33751	-32673
-30905	-32818	-33361
-30905	-30297	-34413
-30904	-33924	-32652
-30901	-36223	-29976
-30900	-32320	-33998
-30898	-35559	-30679
-30896	-34930	-31466
-30889	-36698	-29299
-30882	-36427	-29746
-30880	-37248	-27968
-30878	-34812	-31622
-30877	-35309	-31147
-30877	-33440	-32980
-30875	-34136	-32380
-30875	-33832	-32696
-30875	-33235	-33170
-30873	-34578	-32053
-30871	-32532	-33726
-30869	-31641	-34274
-30865	-34679	-31872
-30864	-34010	-32470
-30860	-32962	-33489
-30859	-35579	-30978
-30857	-36112	-30194
-30856	-37495	-26784
-30855	-30894	-34419
-30853	-36315	-29928
-30852	-34142	-32140
-30851	-37460	-27696
-30851	-33704	-32860
-30851	-33366	-33071
-30842	-35506	-30997
-30839	-34964	-31492
-30837	-33138	-33380
-30836	-33408	-33031
-30834	-36005	-30376
-30833	-37350	-27755
-30832	-34832	-31609
-30831	-33174	-33217
-30830	-34026	-32418
-30830	-33865	-32703
-30828	-36580	-29326
-30828	-32582	-33585
-30823	-35628	-30696
-30817	-34844	-31608
-30815	-35209	-31169
-30815	-30759	-34487
-30813	-34141	-32164
-30811	-33216	-33183
-30810	-35176	-31220
-30809	-31191	-34345
-30803	-36125	-29996
-30801	-35264	-31151
-30799	-32843	-33516
-30796	-34050	-32522
-30796	-33192	-33235
-30792	-33379	-33180
-30792	-32446	-33868
-30788	-33962	-32655
-30788	-31142	-34366
-30787	-37052	-28250
-30787	-36467	-29427
-30787	-32617	-33832
-30787	-31693	-34019
-30784	-33480	-32999
-30781	-37244	-28300
-30778	-35736	-30743
-30777	-36209	-29996
-30775	-35432	-31025
-30775	-35373	-31070
-30775	-35314	-31082
-30771	-31277	-34415
-30770	-35903	-30545
-30769	-36549	-29408
-30767	-34262	-32250
-30766	-34069	-32558
-30765	-34419	-32138
-30764	-36027	-30381
-30764	-35208	-31528
-30764	-34796	-31627
-30763	-33810	-32727
-30763	-32658	-33596
-30760	-37551	-26465
-30760	-36705	-29344
-30759	-36280	-29935
-30758	-34350	-32181
-30752	-34021	-32671
-30747	-36439	-29553
-30747	-35217	-31338
-30744	-34122	-32490
-30743	-35354	-31284
-30743	-33830	-32730
-30742	-35466	-31004
-30738	-32136	-34135
-30736	-36894	-29020
-30728	-33557	-33049
-30728	-32676	-33614
-30726	-34592	-31999
-30720	-35811	-30767
-30720	-32725	-33694
-30720	-30915	-34506
-30713	-37208	-28318
-30711	-35603	-30816
-30706	-36093	-30195
-30703	-36307	-30115
-30702	-34299	-32304
-30702	-31576	-34307
-30701	-34649	-31884
-30699	-33769	-32777
-30697	-34804	-31727
-30693	-34609	-31950
-30688	-36504	-29531
-30688	-31792	-34152
-30687	-34856	-31593
-30685	-35876	-30699
-30684	-33505	-33050
-30684	-31789	-34303
-30678	-32975	-33510
-30673	-36674	-29550
-30673	-33380	-33111
-30671	-36361	-29808
-30668	-36440	-29981
-30668	-36139	-30337
-30666	-34094	-32609
-30664	-34821	-31678
-30662	-36564	-29817
-30660	-33041	-33428
-30655	-34837	-31807
-30652	-33665	-32888
-30650	-36805	-29025
-30649	-35997	-30382
-30648	-34892	-31809
-30645	-31144	-34454
-30644	-36886	-29278
-30644	-34147	-32541
-30643	-34651	-32146
-30643	-31997	-34196
-30642	-37529	-27650
-30642	-32770	-33541
-30642	-32171	-34009
-30639	-36537	-29861
-30639	-33385	-33193
-30639	-31576	-34312
-30638	-33617	-33001
-30634	-35914	-30393
-30634	-34664	-32118
-30633	-35014	-31698
-30631	-32449	-33855
-30630	-36573	-29835
-30628	-33793	-32906
-30627	-34267	-32470
-30626	-32655	-33741
-30620	-33683	-32919
-30614	-34863	-31874
-30612	-37533	-26644
-30611	-32842	-33583
-30608	-33457	-33235
-30607	-36586	-29569
-30606	-32594	-33839
-30603	-37616	-27101
-30602	-34324	-32355
-30601	-36785	-29563
-30594	-35506	-31221
-30593	-35272	-31327
-30592	-34936	-31870
-30588	-34704	-31880
-30587	-34909	-31961
-30586	-31508	-34359
-30583	-35548	-30984
-30583	-33305	-33307
-30581	-32923	-33606
-30578	-36798	-29297
-30577	-35917	-30896
-30574	-34689	-32018
-30572	-33559	-33119
-30571	-37620	-27372
-30571	-30446	-34582
-30570	-32190	-34155
-30567	-36826	-29362
-30567	-32695	-33915
-30566	-37378	-28020
-30566	-37083	-28773
-30563	-31793	-34326
-30562	-34359	-32183
-30560	-34425	-32289
-30559	-32839	-33682
-30559	-31869	-34469
-30558	-35627	-30904
-30558	-35322	-31309
-30558	-35121	-31689
-30557	-30972	-34576
-30552	-33690	-32939
-30547	-37801	-25691
-30547	-36938	-29143
-30544	-35995	-30524
-30544	-35176	-31671
-30543	-33947	-32798
-30541	-33565	-33097
-30539	-31343	-34480
-30538	-37038	-29090
-30538	-32907	-33643
-30535	-37499	-27983
-30535	-34777	-32016
-30534	-34689	-32169
-30533	-33077	-33440
-30531	-37624	-27178
-30530	-32081	-34197
-30529	-35534	-31037
-30529	-32995	-33574
-30529	-32398	-34048
-30527	-33337	-33406
-30526	-33767	-32933
-30526	-33013	-33700
-30520	-36121	-30516
-30520	-34123	-32689
-30519	-29741	-34779
-30515	-36207	-30252
-30515	-35388	-31399
-30510	-35784	-30969
-30506	-37711	-27711
-30504	-37277	-28272
-30502	-36192	-30455
-30501	-36591	-29675
-30499	-36220	-30204
-30498	-33549	-33134
-30496	-34957	-31726
-30494	-34201	-32492
-30489	-33040	-33539
-30486	-36230	-30266
-30483	-35566	-31345
-30478	-36638	-29752
-30475	-34604	-32188
-30475	-34332	-32387
-30473	-34505	-32291
-30472	-33160	-33468
-30466	-36313	-30138
-30462	-35712	-31101
-30459	-32821	-33785
-30458	-33112	-33581
-30453	-35988	-30589
-30452	-36889	-29164
-30452	-30063	-34613
-30451	-31995	-34339
-30444	-34717	-32019
-30440	-34187	-32545
-30440	-34154	-32679
-30438	-31122	-34494
-30436	-36324	-30227
-30433	-33894	-32800
-30432	-34531	-32358
-30432	-33802	-32959
-30431	-37141	-28726
-30430	-35961	-30633
-30430	-34973	-32031
-30430	-34244	-32632
-30429	-34762	-32148
-30427	-36214	-30558
-30427	-33434	-33242
-30426	-37171	-28718
-30422	-35267	-31492
-30422	-35074	-31850
-30421	-37743	-26524
-30421	-35738	-31168
-30421	-34577	-32259
-30420	-36870	-29378
-30419	-33582	-33016
-30416	-35974	-30956
-30415	-37802	-26480
-30410	-31114	-34532
-30406	-34372	-32364
-30401	-34473	-32406
-30395	-37251	-28394
-30394	-35094	-31714
-30389	-35227	-31587
-30388	-37119	-28910
-30387	-36798	-29798
-30387	-36186	-30684
-30384	-37176	-28726
-30383	-35254	-31560
-30382	-36884	-29534
-30382	-36439	-30238
-30381	-36922	-29634
-30379	-33582	-33167
-30378	-35107	-31889
-30376	-36267	-30331
-30373	-37855	-26293
-30372	-37132	-28862
-30372	-33185	-33519
-30369	-35404	-31368
-30368	-34032	-32705
-30367	-37235	-28503
-30365	-36935	-29586
-30364	-32496	-33929
-30364	-32428	-34051
-30362	-34629	-32221
-30361	-33960	-32819
-30358	-37777	-26926
-30358	-33743	-33010
-30358	-32031	-34261
-30355	-35248	-31776
-30354	-37232	-28577
-30352	-31580	-34501
-30351	-34810	-32061
-30350	-33238	-33451
-30350	-32268	-34238
-30349	-35319	-31617
-30342	-35652	-31310
-30340	-33755	-33028
-30337	-32585	-33972
-30334	-37425	-28608
-30334	-35365	-31406
-30334	-30830	-34593
-30332	-33827	-33010
-30332	-32857	-33797
-30331	-30981	-34629
-30328	-37844	-26641
-30327	-33815	-33052
-30326	-36944	-29386
-30326	-36499	-29945
-30324	-37895	-25856
-30324	-34797	-32156
-30324	-34657	-32228
-30324	-33928	-32829
-30321	-36532	-29911
-30321	-34602	-32310
-30320	-33257	-33487
-30318	-32875	-33786
-30316	-35007	-31911
-30316	-33840	-32962
-30316	-31020	-34673
-30314	-35337	-31635
-30314	-34585	-32510
-30313	-35864	-31038
-30311	-34974	-31962
-30310	-32049	-34340
-30308	-33415	-33265
-30306	-31470	-34524
-30304	-33091	-33631
-30303	-33465	-33369
-30302	-31546	-34667
-30300	-35749	-31262
-30300	-34397	-32519
-30297	-37780	-27665
-30297	-37156	-29114
-30296	-32793	-33865
-30293	-34e3	-32871
-30290	-33842	-32891
-30289	-34115	-32711
-30285	-35549	-31363
-30284	-29469	-34789
-30280	-34914	-32085
-30280	-33899	-32978
-30278	-33517	-33277
-30272	-34729	-32196
-30271	-35961	-30990
-30268	-34057	-32756
-30267	-29496	-35006
-30265	-33635	-33095
-30264	-33733	-33122
-30264	-30848	-34702
-30263	-36654	-29985
-30261	-35492	-31458
-30258	-37198	-28766
-30257	-36575	-30051
-30257	-34664	-32229
-30255	-34300	-32530
-30253	-36372	-30326
-30250	-37659	-28088
-30250	-33680	-33224
-30247	-34452	-32583
-30247	-32645	-33924
-30241	-34072	-32839
-30240	-33780	-33079
-30235	-34742	-32185
-30232	-37549	-28147
-30229	-36142	-30786
-30229	-32599	-33947
-30227	-35814	-31322
-30227	-29569	-34901
-30226	-33214	-33599
-30224	-34093	-32808
-30223	-37212	-28693
-30222	-37077	-29377
-30221	-36550	-30272
-30218	-36578	-30021
-30216	-34129	-32724
-30212	-35232	-31785
-30210	-34322	-32715
-30209	-29940	-34805
-30207	-33571	-33367
-30206	-32853	-33817
-30205	-31161	-34705
-30203	-33490	-33420
-30203	-33468	-33469
-30203	-32014	-34447
-30199	-33634	-33252
-30195	-32728	-33975
-30194	-35359	-31531
-30194	-35326	-31665
-30194	-34669	-32213
-30194	-34145	-32732
-30193	-37289	-29105
-30193	-36805	-29797
-30193	-34663	-32248
-30189	-35840	-31186
-30189	-35517	-31455
-30188	-33852	-33047
-30188	-32919	-33735
-30187	-37300	-29063
-30187	-35377	-31769
-30185	-36972	-29599
-30180	-38149	-25727
-30175	-30340	-34799
-30172	-34025	-32848
-30171	-37313	-29015
-30167	-34213	-32858
-30166	-32940	-33703
-30165	-34008	-33048
-30164	-33963	-33058
-30162	-34933	-32035
-30162	-33494	-33536
-30161	-34629	-32308
-30161	-33305	-33604
-30160	-36251	-30419
-30159	-34687	-32231
-30158	-35589	-31497
-30155	-34705	-32429
-30155	-34363	-32597
-30154	-36417	-30345
-30151	-36279	-30540
-30149	-35331	-31848
-30149	-34602	-32449
-30148	-35894	-31041
-30148	-34494	-32538
-30146	-36097	-30803
-30146	-30660	-34719
-30144	-37329	-28668
-30144	-34292	-32736
-30141	-36085	-30845
-30141	-35432	-31667
-30141	-34097	-32890
-30139	-35187	-31905
-30138	-36596	-30182
-30134	-37837	-27390
-30134	-34080	-33090
-30134	-32821	-33932
-30132	-36762	-30108
-30125	-37494	-28562
-30121	-33174	-33675
-30119	-30402	-34879
-30115	-35516	-31667
-30115	-34787	-32268
-30111	-33094	-33823
-30107	-33596	-33418
-30107	-32105	-34249
-30105	-30928	-34873
-30104	-36375	-30381
-30103	-37534	-28543
-30103	-31781	-34615
-30101	-36797	-30055
-30100	-37373	-28678
-30100	-32589	-34036
-30099	-36348	-30472
-30099	-35529	-31619
-30099	-31360	-34731
-30095	-37191	-29125
-30094	-34722	-32581
-30094	-32915	-33922
-30093	-32405	-34106
-30091	-35052	-32045
-30090	-33118	-33927
-30084	-34136	-32909
-30082	-36327	-30549
-30082	-33219	-33746
-30080	-32285	-34122
-30078	-34735	-32533
-30073	-34802	-32149
-30072	-35054	-31978
-30070	-36560	-30200
-30067	-34238	-32909
-30062	-34740	-32292
-30055	-32735	-34074
-30054	-37921	-26948
-30053	-36190	-30845
-30051	-35418	-31810
-30050	-33760	-33418
-30047	-35945	-31090
-30047	-35309	-31902
-30046	-35385	-31861
-30042	-37390	-28658
-30041	-37728	-28042
-30041	-36045	-30852
-30038	-31096	-34738
-30035	-35759	-31429
-30032	-34558	-32618
-30027	-36928	-29701
-30027	-33936	-33309
-30027	-32782	-33995
-30023	-36994	-29550
-30023	-34740	-32337
-30022	-35630	-31538
-30020	-34824	-32347
-30019	-36107	-31079
-30018	-34905	-32108
-30018	-34330	-32927
-30017	-37316	-28790
-30016	-37215	-29128
-30015	-36194	-30622
-30014	-37752	-27944
-30009	-37483	-28592
-30008	-36415	-30525
-30007	-35782	-31465
-30004	-35794	-31376
-30003	-35798	-31422
-30003	-32410	-34158
-30002	-31560	-34629
-30001	-36518	-30415
-30001	-35112	-31997
-30001	-34014	-33112
-3e4	-32248	-34366
-29996	-36238	-30554
-29996	-33450	-33685
-29990	-36319	-30807
-29986	-35157	-32126
-29986	-33990	-33164
-29983	-38095	-26656
-29983	-31657	-34673
-29982	-34145	-33007
-29978	-35994	-31193
-29977	-37948	-27331
-29977	-37265	-29356
-29977	-35834	-31389
-29974	-34278	-32928
-29973	-34827	-32200
-29972	-36730	-30143
-29972	-30143	-34992
-29970	-37819	-27764
-29967	-32472	-34134
-29966	-37025	-29754
-29966	-34810	-32400
-29963	-37622	-28488
-29960	-34409	-32665
-29960	-32352	-34241
-29959	-32298	-34351
-29958	-36502	-30452
-29958	-34868	-32384
-29956	-34867	-32487
-29954	-35594	-31556
-29949	-35184	-31965
-29941	-33273	-33747
-29941	-32669	-34255
-29940	-35649	-31538
-29937	-37237	-29482
-29937	-34057	-33252
-29936	-35665	-31495
-29934	-35573	-31597
-29934	-34920	-32419
-29933	-32770	-34074
-29928	-34390	-32879
-29928	-32934	-34064
-29925	-37906	-27344
-29923	-36186	-30880
-29923	-35787	-31576
-29918	-34566	-32784
-29918	-34355	-32978
-29915	-33359	-33735
-29910	-33523	-33623
-29910	-31990	-34531
-29909	-36800	-29941
-29907	-37175	-29484
-29906	-32286	-34402
-29902	-33953	-33262
-29901	-33615	-33461
-29901	-33311	-33746
-29898	-34230	-33113
-29898	-30906	-34913
-29896	-35920	-31246
-29896	-35040	-32207
-29891	-37473	-28691
-29890	-35236	-31927
-29889	-34778	-32512
-29889	-32944	-33947
-29889	-30337	-34917
-29881	-36508	-30702
-29880	-31123	-34793
-29879	-36039	-31212
-29878	-37842	-27758
-29877	-36781	-30155
-29876	-37320	-28886
-29875	-36674	-30628
-29873	-34078	-33185
-29870	-34966	-32298
-29866	-30342	-35018
-29865	-36890	-29911
-29864	-35457	-31675
-29855	-31544	-34677
-29854	-37997	-27066
-29854	-35950	-31359
-29853	-32232	-34414
-29852	-36708	-30296
-29850	-35198	-32167
-29849	-33612	-33560
-29847	-37800	-27790
-29846	-37031	-29599
-29845	-37030	-29687
-29845	-34479	-32845
-29844	-36709	-30575
-29844	-35614	-31617
-29841	-30478	-34944
-29840	-33192	-33773
-29839	-36795	-30311
-29839	-35602	-31659
-29837	-37197	-29489
-29837	-36212	-30810
-29837	-32015	-34539
-29833	-35449	-32075
-29832	-32969	-33938
-29828	-37442	-28935
-29828	-35004	-32225
-29823	-37694	-28219
-29823	-34820	-32531
-29823	-33850	-33318
-29818	-35887	-31436
-29818	-34574	-32736
-29816	-37497	-28943
-29814	-36375	-30775
-29813	-37336	-29078
-29812	-32440	-34307
-29812	-32216	-34453
-29807	-35562	-31882
-29804	-34932	-32404
-29802	-31632	-34686
-29799	-38280	-25695
-29798	-37788	-28189
-29795	-32698	-34335
-29795	-31849	-34614
-29790	-36821	-30072
-29789	-35020	-32301
-29788	-33549	-33592
-29786	-37338	-29035
-29786	-31029	-34934
-29784	-34974	-32370
-29781	-34709	-32591
-29774	-36242	-30893
-29770	-35347	-32108
-29769	-38e3	-27917
-29769	-34510	-32798
-29766	-36303	-30907
-29764	-38105	-26885
-29762	-34113	-33150
-29759	-35050	-32277
-29759	-34462	-32902
-29757	-33493	-33844
-29756	-34628	-32616
-29755	-37029	-29791
-29754	-36117	-31246
-29753	-37431	-28969
-29751	-35721	-31643
-29751	-30890	-34961
-29748	-33885	-33459
-29747	-37036	-29552
-29745	-31237	-34827
-29743	-31925	-34564
-29741	-36927	-29958
-29738	-34929	-32421
-29736	-35955	-31406
-29731	-30121	-35037
-29731	-29604	-35059
-29730	-34960	-32423
-29727	-37715	-28344
-29727	-36773	-30342
-29727	-31393	-34791
-29724	-33629	-33513
-29720	-37177	-29876
-29720	-36565	-30762
-29720	-35746	-31909
-29719	-33793	-33503
-29717	-36186	-30925
-29717	-34207	-33120
-29717	-34135	-33335
-29715	-36818	-30316
-29713	-35074	-32405
-29710	-31098	-34854
-29709	-36342	-30926
-29709	-32771	-34273
-29705	-32819	-34278
-29701	-37330	-29338
-29701	-35315	-32236
-29701	-31411	-34700
-29696	-36192	-31206
-29696	-35282	-32287
-29696	-33773	-33578
-29695	-34820	-32564
-29695	-33327	-33878
-29692	-34570	-32764
-29691	-31195	-34898
-29688	-30748	-34990
-29686	-31601	-34732
-29684	-34271	-33004
-29684	-32950	-33945
-29680	-36858	-30137
-29679	-36988	-30154
-29679	-34435	-32994
-29675	-37514	-28687
-29672	-35527	-31964
-29669	-34746	-32655
-29668	-36205	-30927
-29667	-33004	-33998
-29666	-37612	-28720
-29666	-31354	-34802
-29664	-32042	-34539
-29663	-37003	-30088
-29662	-33958	-33397
-29661	-37430	-29167
-29659	-36007	-31355
-29656	-34415	-33069
-29655	-36023	-31312
-29653	-38178	-27219
-29651	-34733	-32697
-29650	-38017	-27354
-29650	-37200	-29882
-29649	-29672	-35118
-29648	-35898	-31465
-29646	-36243	-31116
-29644	-37211	-29840
-29641	-30583	-35111
-29639	-37514	-29040
-29634	-35918	-31502
-29633	-31299	-34932
-29627	-35057	-32462
-29623	-34444	-32955
-29622	-34600	-32888
-29619	-37714	-28507
-29617	-34588	-32930
-29614	-31692	-34732
-29614	-28793	-35218
-29611	-35807	-31698
-29611	-35375	-32188
-29608	-33044	-34172
-29604	-36340	-31068
-29604	-34794	-32596
-29601	-37872	-28245
-29601	-37240	-29445
-29600	-32218	-34726
-29598	-38002	-27434
-29598	-34188	-33143
-29597	-31101	-35039
-29597	-29500	-35147
-29596	-34025	-33346
-29591	-38372	-26718
-29586	-38477	-25686
-29585	-36344	-30781
-29584	-34900	-32547
-29580	-34615	-32769
-29579	-36025	-31516
-29568	-33686	-33663
-29567	-37642	-28596
-29567	-33362	-33957
-29565	-31724	-34734
-29562	-37881	-28045
-29562	-30700	-35086
-29560	-37445	-29320
-29560	-36193	-31400
-29560	-35165	-32324
-29560	-32373	-34455
-29558	-34830	-32634
-29556	-34289	-33077
-29554	-33226	-33980
-29554	-31395	-34748
-29546	-34937	-32633
-29545	-35804	-31715
-29539	-35723	-31916
-29539	-34540	-32985
-29539	-33811	-33586
-29534	-36642	-30722
-29533	-38093	-27773
-29533	-36733	-30592
-29531	-36405	-31128
-29530	-34553	-32957
-29530	-29785	-35212
-29529	-33892	-33419
-29526	-35920	-31699
-29526	-31423	-34942
-29524	-35010	-32629
-29522	-36219	-31264
-29522	-30200	-35142
-29517	-37524	-28825
-29514	-35595	-32085
-29514	-33868	-33471
-29513	-33509	-33725
-29511	-37940	-27921
-29511	-35989	-31534
-29503	-37476	-29524
-29499	-34899	-32677
-29495	-35029	-32505
-29494	-30567	-35159
-29494	-30324	-35224
-29493	-36431	-30992
-29493	-36060	-31473
-29493	-34970	-32746
-29493	-34263	-33298
-29491	-35968	-31575
-29490	-35195	-32448
-29487	-37881	-28158
-29487	-36448	-30831
-29486	-33591	-33794
-29485	-37366	-29583
-29485	-35217	-32367
-29485	-34474	-33150
-29479	-31471	-34751
-29473	-36838	-30374
-29472	-37857	-28641
-29471	-38287	-27272
-29471	-37663	-28721
-29470	-36685	-30862
-29468	-37714	-28895
-29465	-34685	-32949
-29464	-36272	-31201
-29464	-33078	-33985
-29460	-36950	-30164
-29459	-35787	-31772
-29458	-36730	-30836
-29457	-36323	-31213
-29456	-37578	-29311
-29453	-35391	-32089
-29453	-30775	-35052
-29452	-35495	-32107
-29451	-31463	-34789
-29449	-35844	-31859
-29447	-35462	-32158
-29445	-31491	-34873
-29439	-36104	-31726
-29435	-37072	-30115
-29434	-37176	-30133
-29432	-34766	-32750
-29431	-34870	-32768
-29426	-34837	-32819
-29424	-33177	-34095
-29417	-37889	-27970
-29416	-33520	-33926
-29415	-35640	-32104
-29405	-32777	-34308
-29402	-34520	-33063
-29397	-38126	-27596
-29397	-34369	-33296
-29390	-38009	-27790
-29385	-33526	-33904
-29383	-32280	-34467
-29380	-35688	-31980
-29378	-35805	-31873
-29375	-34561	-32957
-29374	-36839	-30180
-29373	-36919	-30370
-29369	-32571	-34464
-29368	-33866	-33502
-29367	-37917	-28194
-29367	-37796	-28712
-29365	-31946	-34736
-29364	-32311	-34582
-29363	-32878	-34242
-29362	-33718	-33598
-29361	-35327	-32382
-29358	-34221	-33396
-29357	-35011	-32787
-29357	-28968	-35275
-29355	-38465	-26574
-29355	-33313	-33986
-29354	-35341	-32251
-29350	-35051	-32614
-29348	-36152	-31491
-29346	-35415	-32279
-29345	-32584	-34364
-29341	-30837	-35157
-29337	-33142	-34122
-29337	-32804	-34333
-29336	-31768	-34797
-29334	-35090	-32665
-29334	-34486	-33173
-29331	-32485	-34600
-29328	-32779	-34357
-29325	-33394	-34009
-29324	-33806	-33638
-29323	-36698	-30885
-29323	-35758	-32043
-29315	-34524	-33085
-29313	-34049	-33624
-29312	-38102	-27763
-29311	-36373	-31271
-29309	-36775	-30449
-29303	-34073	-33423
-29302	-36746	-30556
-29299	-31629	-34817
-29297	-35951	-31851
-29297	-35557	-32128
-29297	-29706	-35430
-29295	-34847	-32824
-29295	-31803	-34738
-29284	-38170	-27717
-29284	-34115	-33486
-29283	-33203	-34035
-29282	-36396	-31285
-29280	-37605	-28996
-29277	-38041	-28150
-29274	-34222	-33485
-29272	-37772	-28798
-29268	-36163	-31579
-29267	-34687	-32827
-29267	-33563	-33856
-29267	-33071	-34254
-29264	-35463	-32194
-29263	-37426	-29634
-29263	-35737	-32123
-29259	-36927	-30278
-29258	-35534	-32263
-29257	-31885	-34772
-29256	-36565	-30958
-29253	-36608	-31013
-29251	-36666	-31e3
-29248	-37055	-30183
-29246	-38384	-26862
-29245	-33670	-33824
-29244	-36240	-31344
-29244	-33817	-33726
-29240	-37554	-29562
-29239	-35333	-32433
-29239	-35136	-32456
-29236	-33077	-34232
-29235	-37019	-30349
-29232	-34787	-32956
-29231	-30325	-35260
-29230	-36189	-31443
-29230	-35818	-31924
-29229	-35922	-31942
-29225	-33204	-34227
-29223	-30650	-35172
-29220	-37671	-29167
-29217	-34453	-33191
-29216	-38256	-27396
-29212	-37662	-29272
-29212	-36418	-31290
-29212	-34621	-33115
-29210	-35545	-32161
-29208	-35128	-32856
-29207	-38531	-25789
-29205	-34312	-33315
-29204	-32958	-34461
-29199	-35209	-32583
-29192	-38017	-28317
-29191	-34084	-33624
-29187	-37029	-30387
-29185	-34641	-32993
-29184	-37285	-29929
-29183	-36630	-31018
-29183	-29813	-35345
-29181	-34644	-33184
-29179	-37410	-29677
-29178	-36759	-30688
-29178	-31795	-34852
-29177	-37088	-30653
-29177	-33684	-33799
-29175	-30678	-35165
-29173	-32455	-34602
-29168	-36202	-31676
-29166	-35820	-31975
-29166	-35216	-32483
-29165	-36357	-31319
-29165	-34654	-33029
-29161	-38219	-27452
-29158	-37865	-28666
-29158	-37241	-30115
-29154	-37336	-29809
-29154	-31183	-34994
-29150	-32320	-34699
-29145	-35195	-32636
-29144	-31342	-34944
-29142	-33855	-33669
-29140	-33285	-34060
-29137	-32003	-34745
-29136	-30033	-35316
-29135	-33391	-34069
-29134	-30886	-35058
-29132	-36218	-31375
-29132	-35401	-32302
-29128	-37179	-30117
-29126	-31602	-34879
-29125	-33773	-33813
-29123	-33568	-34003
-29122	-37754	-29067
-29122	-35399	-32379
-29118	-37611	-29321
-29117	-35446	-32431
-29116	-36789	-30800
-29110	-38089	-27996
-29109	-31243	-35059
-29104	-36432	-31422
-29102	-38500	-25937
-29100	-32304	-34745
-29096	-38171	-27950
-29096	-35738	-32281
-29095	-34566	-33189
-29094	-34932	-32862
-29092	-38296	-27145
-29088	-33246	-34109
-29087	-32669	-34498
-29085	-33937	-33645
-29084	-31701	-34993
-29083	-34210	-33494
-29081	-38303	-27010
-29079	-34703	-32992
-29075	-34122	-33627
-29071	-36063	-31743
-29071	-33267	-34145
-29068	-38110	-28104
-29068	-36448	-31121
-29067	-36006	-32020
-29067	-34418	-33292
-29062	-37926	-28363
-29061	-37266	-29955
-29059	-34679	-33184
-29055	-36312	-31449
-29052	-34282	-33536
-29052	-33886	-33668
-29048	-36131	-31722
-29043	-31909	-34886
-29033	-37759	-29017
-29031	-37091	-30212
-29031	-36634	-31143
-29029	-36032	-31884
-29027	-35506	-32383
-29027	-34799	-32935
-29025	-34402	-33356
-29022	-36738	-30849
-29022	-34751	-33108
-29022	-30948	-35163
-29019	-37792	-28822
-29007	-37374	-30011
-29007	-31937	-34771
-29004	-38330	-27393
-29004	-37647	-29418
-29e3	-35873	-32093
-28999	-36895	-30657
-28999	-34324	-33404
-28999	-32970	-34270
-28998	-34013	-33741
-28997	-38201	-27826
-28994	-30410	-35243
-28990	-38004	-28550
-28989	-31867	-34957
-28988	-38037	-28605
-28986	-36859	-30823
-28986	-35250	-32446
-28985	-33496	-34264
-28985	-32647	-34543
-28983	-37466	-30082
-28983	-32015	-34830
-28978	-36453	-31159
-28976	-38474	-26447
-28976	-37755	-29128
-28964	-37619	-29544
-28963	-36598	-31161
-28962	-36173	-31752
-28960	-37714	-29238
-28960	-35373	-32456
-28960	-35204	-32709
-28959	-34915	-33041
-28959	-32518	-34660
-28957	-33762	-33882
-28953	-36217	-31480
-28949	-36176	-31741
-28947	-36723	-30874
-28939	-34579	-33370
-28939	-31255	-35170
-28936	-37965	-28694
-28935	-37125	-30403
-28935	-32035	-34756
-28932	-37822	-28948
-28929	-37901	-28926
-28928	-35382	-32655
-28928	-32749	-34717
-28924	-36087	-31888
-28923	-32320	-34767
-28922	-37322	-30197
-28920	-38435	-27127
-28920	-36388	-31469
-28914	-34427	-33442
-28912	-30625	-35265
-28909	-36532	-31322
-28907	-30691	-35275
-28904	-37163	-30217
-28902	-36115	-31770
-28899	-35594	-32383
-28899	-33826	-33771
-28895	-33617	-34207
-28894	-37684	-29483
-28891	-35547	-32424
-28890	-33961	-33817
-28887	-35501	-32600
-28885	-38358	-27378
-28884	-36715	-31136
-28881	-38379	-27128
-28876	-37174	-30523
-28874	-38182	-27852
-28874	-35069	-32933
-28872	-34687	-33232
-28868	-37757	-29041
-28868	-35626	-32302
-28867	-36629	-31274
-28862	-34364	-33480
-28859	-35518	-32546
-28859	-35157	-32830
-28858	-38237	-27455
-28856	-36758	-30929
-28855	-37824	-28997
-28849	-32171	-34770
-28844	-37565	-29603
-28840	-38629	-25952
-28840	-38119	-28327
-28839	-38137	-28446
-28839	-36402	-31558
-28838	-35442	-32607
-28838	-31569	-35007
-28837	-37469	-29641
-28836	-33652	-33893
-28831	-36407	-31487
-28831	-31381	-35040
-28823	-32097	-34861
-28812	-38376	-27351
-28810	-35299	-32679
-28807	-38481	-26319
-28802	-34829	-33191
-28800	-38350	-27681
-28800	-34023	-33772
-28797	-37893	-29301
-28797	-36910	-30871
-28794	-34133	-33547
-28792	-36070	-31900
-28792	-32372	-34744
-28788	-33077	-34440
-28787	-36806	-30938
-28787	-31899	-34968
-28783	-36943	-30676
-28779	-36973	-30740
-28779	-36740	-30951
-28779	-36479	-31455
-28776	-33049	-34460
-28775	-37740	-29449
-28774	-37003	-30732
-28771	-35276	-32814
-28771	-35001	-33069
-28769	-38536	-26680
-28767	-35940	-32139
-28767	-35743	-32162
-28766	-38449	-27694
-28763	-34212	-33767
-28762	-38306	-27948
-28760	-34665	-33263
-28752	-31498	-35015
-28750	-33171	-34384
-28747	-37559	-29938
-28742	-35664	-32493
-28741	-35109	-32925
-28737	-35631	-32544
-28733	-37140	-30617
-28733	-33890	-33845
-28732	-37985	-28982
-28727	-34347	-33517
-28727	-32884	-34474
-28726	-31692	-35028
-28720	-37337	-30411
-28719	-36231	-31910
-28718	-30201	-35499
-28717	-37610	-29818
-28714	-34679	-33372
-28710	-33173	-34330
-28706	-37370	-30216
-28702	-30974	-35208
-28700	-36356	-31612
-28699	-35931	-32203
-28698	-37988	-28976
-28694	-36842	-31007
-28693	-37994	-28782
-28689	-37718	-29528
-28685	-37753	-29437
-28685	-31900	-34921
-28681	-36531	-31569
-28680	-38178	-28176
-28678	-35306	-32864
-28677	-37582	-29944
-28671	-36605	-31325
-28670	-30734	-35222
-28666	-37896	-29102
-28659	-34314	-33555
-28658	-34937	-33187
-28656	-37142	-30666
-28654	-33084	-34460
-28649	-38451	-27234
-28649	-38061	-28602
-28647	-38542	-27052
-28646	-36290	-31773
-28642	-38221	-28502
-28634	-36019	-32037
-28632	-38711	-25846
-28632	-36742	-31029
-28632	-33830	-33883
-28631	-31323	-35169
-28627	-32600	-34788
-28622	-34552	-33397
-28621	-36473	-31587
-28621	-34228	-33691
-28621	-33952	-33950
-28618	-38754	-26780
-28614	-33975	-34024
-28613	-38859	-25748
-28611	-33734	-34026
-28609	-35704	-32485
-28609	-31329	-35078
-28603	-38230	-28302
-28603	-36870	-31121
-28601	-36542	-31657
-28600	-32775	-34536
-28599	-36670	-31449
-28598	-34547	-33464
-28597	-34775	-33379
-28597	-34697	-33381
-28594	-33468	-34278
-28586	-36987	-31091
-28581	-37643	-29641
-28581	-31246	-35205
-28580	-34160	-33843
-28578	-35876	-32363
-28577	-32004	-34940
-28575	-38037	-28711
-28573	-31962	-35026
-28563	-36568	-31521
-28560	-38279	-28003
-28560	-31645	-35072
-28557	-30528	-35385
-28553	-38082	-28727
-28553	-33676	-34171
-28549	-31244	-35206
-28547	-38089	-28529
-28539	-35340	-32884
-28538	-31359	-35091
-28534	-36409	-31730
-28530	-37858	-29586
-28529	-33361	-34279
-28526	-38399	-27804
-28526	-37715	-29840
-28526	-34620	-33447
-28520	-35352	-32808
-28519	-36854	-31164
-28519	-35551	-32683
-28516	-34390	-33589
-28516	-32163	-35e3
-28514	-38263	-28220
-28513	-38484	-27057
-28500	-37220	-30436
-28500	-35099	-33019
-28498	-37399	-30412
-28497	-37067	-30924
-28495	-36742	-31196
-28495	-34418	-33485
-28492	-36936	-31140
-28492	-32850	-34502
-28491	-32948	-34529
-28486	-38609	-27370
-28485	-36266	-31779
-28482	-34570	-33584
-28481	-31762	-35047
-28479	-38545	-27602
-28477	-37192	-30544
-28473	-34207	-33819
-28473	-31350	-35224
-28470	-34386	-33660
-28468	-34601	-33521
-28463	-31450	-35129
-28462	-38081	-28832
-28462	-37520	-30095
-28462	-37454	-30177
-28461	-37558	-30195
-28460	-36187	-32110
-28456	-35989	-32361
-28455	-37952	-29265
-28452	-38145	-28658
-28452	-37166	-30568
-28452	-34248	-33662
-28448	-34755	-33403
-28444	-38271	-28032
-28439	-34392	-33638
-28439	-30732	-35309
-28436	-37807	-29635
-28434	-33711	-34104
-28434	-30987	-35318
-28434	-30705	-35375
-28433	-37666	-29905
-28433	-37297	-30670
-28432	-31558	-35117
-28430	-37363	-30430
-28429	-35505	-32689
-28429	-35427	-32691
-28426	-31421	-35196
-28426	-30224	-35419
-28422	-36274	-31873
-28422	-35030	-33043
-28421	-36037	-32237
-28421	-34271	-33731
-28418	-36289	-32020
-28412	-35087	-33130
-28407	-31803	-35034
-28406	-37957	-29182
-28406	-36482	-31671
-28400	-37414	-30310
-28400	-37301	-30432
-28400	-37081	-30844
-28397	-37456	-30364
-28397	-35664	-32681
-28397	-32332	-34877
-28395	-35690	-32508
-28393	-36054	-32183
-28391	-34008	-33856
-28388	-35352	-32907
-28387	-35035	-33137
-28385	-35688	-32585
-28385	-34603	-33458
-28382	-34789	-33342
-28380	-32912	-34607
-28376	-37697	-30109
-28375	-36654	-31549
-28370	-35102	-33011
-28367	-37507	-30244
-28367	-34915	-33358
-28366	-33743	-34266
-28365	-38789	-26143
-28364	-36318	-31743
-28361	-35472	-32727
-28360	-36317	-31971
-28359	-38460	-28156
-28350	-37080	-30947
-28347	-38178	-28679
-28344	-29048	-35737
-28342	-37909	-29327
-28340	-34310	-33767
-28338	-34981	-33220
-28336	-35365	-32828
-28332	-36921	-31259
-28331	-33226	-34379
-28330	-33545	-34373
-28327	-37737	-29672
-28324	-33758	-34147
-28323	-36745	-31542
-28321	-34566	-33635
-28320	-38634	-26817
-28318	-33259	-34534
-28317	-36603	-31857
-28317	-33769	-34027
-28315	-34571	-33742
-28314	-33913	-34065
-28313	-33826	-34095
-28310	-36778	-31347
-28305	-38332	-28174
-28305	-35537	-32706
-28298	-38239	-28471
-28298	-34683	-33460
-28290	-37808	-29696
-28282	-38629	-27658
-28282	-37044	-30965
-28280	-35682	-32690
-28280	-35485	-32713
-28279	-34011	-33914
-28278	-31570	-35154
-28277	-33467	-34427
-28270	-38347	-28181
-28270	-37990	-29005
-28269	-38221	-28575
-28267	-31786	-35161
-28266	-38643	-26833
-28262	-38154	-28846
-28262	-32943	-34585
-28262	-31357	-35211
-28258	-33824	-34195
-28256	-36612	-31615
-28254	-32073	-35032
-28253	-36767	-31547
-28250	-32417	-34795
-28244	-37012	-30993
-28244	-35817	-32440
-28244	-32491	-34808
-28243	-38638	-27458
-28240	-37660	-30121
-28239	-38763	-26653
-28236	-34720	-33527
-28234	-38868	-25621
-28234	-34338	-33826
-28232	-35973	-32461
-28228	-37378	-30644
-28228	-35550	-32745
-28220	-36082	-32217
-28214	-38789	-26531
-28213	-34063	-33858
-28210	-36139	-32304
-28209	-32524	-34818
-28206	-38029	-29209
-28206	-37792	-29739
-28205	-37141	-30750
-28204	-37470	-30715
-28197	-31030	-35265
-28193	-36202	-32037
-28184	-33576	-34269
-28183	-31474	-35186
-28183	-29375	-35623
-28181	-38832	-26957
-28181	-37718	-29871
-28173	-35648	-32781
-28168	-36154	-32185
-28165	-33908	-34105
-28161	-35757	-32537
-28156	-37346	-30759
-28153	-35296	-32945
-28150	-37905	-29559
-28149	-35432	-32923
-28146	-36369	-32050
-28145	-37993	-29383
-28145	-34062	-33987
-28143	-37326	-30830
-28143	-36993	-31364
-28143	-36240	-32122
-28139	-30595	-35446
-28134	-37003	-31033
-28132	-36657	-31558
-28131	-36814	-31484
-28131	-32590	-34801
-28129	-38882	-25999
-28124	-37334	-30843
-28124	-35380	-32930
-28123	-32125	-35009
-28122	-34948	-33251
-28121	-38526	-27661
-28115	-32430	-34959
-28112	-36412	-32e3
-28099	-36729	-31642
-28097	-32775	-34620
-28094	-36696	-31693
-28090	-38005	-29344
-28089	-38308	-28425
-28087	-36838	-31398
-28083	-38078	-28944
-28083	-32632	-34812
-28079	-34664	-33598
-28069	-36679	-31710
-28067	-38338	-28355
-28066	-35068	-33136
-28060	-38141	-29079
-28060	-36280	-32055
-28059	-35244	-33111
-28058	-37473	-30274
-28056	-33880	-34116
-28045	-34443	-33797
-28045	-32726	-34756
-28041	-38151	-28991
-28041	-37117	-30903
-28039	-34362	-33998
-28038	-31838	-35045
-28037	-33617	-34351
-28034	-37756	-30073
-28033	-35094	-33359
-28032	-35253	-32955
-28023	-35694	-32767
-28022	-36780	-31511
-28022	-32439	-34846
-28017	-36860	-31403
-28016	-32249	-35019
-28015	-38224	-28549
-28012	-33878	-34326
-28011	-34628	-33616
-28011	-31776	-35243
-28006	-38102	-29223
-28e3	-36977	-31373
-28e3	-36645	-31742
-28e3	-31646	-35267
-27996	-37744	-30082
-27992	-35111	-33184
-27990	-38507	-27857
-27989	-38381	-28251
-27987	-38586	-27835
-27987	-35592	-32839
-27984	-34865	-33400
-27983	-38310	-28581
-27982	-38317	-28483
-27980	-33187	-34632
-27979	-36228	-32339
-27978	-38882	-26387
-27976	-33318	-34498
-27966	-34961	-33432
-27964	-34634	-33599
-27962	-37507	-30465
-27959	-31905	-35064
-27959	-31854	-35160
-27958	-33578	-34433
-27955	-38495	-27907
-27955	-37713	-30185
-27955	-37310	-31189
-27955	-35764	-32717
-27949	-37704	-30259
-27949	-34483	-33941
-27947	-36770	-31531
-27944	-38360	-28809
-27936	-37314	-30902
-27928	-35261	-33091
-27927	-37551	-30407
-27926	-38189	-28885
-27926	-35976	-32445
-27925	-37961	-29526
-27922	-38207	-28957
-27922	-33999	-34269
-27922	-32155	-35160
-27919	-37992	-29609
-27916	-37797	-30193
-27916	-35230	-33214
-27915	-29670	-35513
-27911	-37097	-31198
-27906	-37350	-30752
-27905	-36005	-32514
-27900	-35364	-33030
-27899	-30863	-35337
-27897	-37602	-30287
-27895	-38139	-29103
-27895	-36008	-32364
-27894	-33059	-34649
-27889	-33023	-34650
-27886	-35539	-32892
-27882	-38513	-27880
-27882	-34814	-33462
-27880	-36751	-31815
-27874	-35245	-33095
-27870	-38487	-28210
-27870	-38065	-29235
-27865	-32881	-34710
-27863	-36822	-31498
-27862	-38232	-29037
-27859	-30026	-35510
-27858	-36789	-31549
-27856	-34760	-33469
-27855	-31200	-35444
-27854	-32924	-34717
-27852	-35460	-32960
-27848	-33231	-34543
-27847	-36299	-32135
-27847	-34274	-34014
-27844	-31424	-35272
-27841	-37930	-29673
-27839	-38673	-27209
-27839	-37856	-29737
-27838	-35872	-32587
-27834	-36305	-32055
-27820	-37089	-31208
-27818	-35503	-32910
-27814	-32281	-35030
-27806	-37355	-30802
-27806	-36861	-31517
-27804	-34037	-34118
-27803	-31028	-35473
-27802	-38122	-29511
-27801	-37385	-30794
-27800	-36935	-31530
-27793	-32680	-34897
-27783	-35046	-33553
-27780	-38703	-27294
-27778	-38645	-27332
-27777	-33553	-34446
-27775	-36805	-31769
-27769	-36046	-32555
-27765	-37898	-29746
-27763	-38900	-26513
-27762	-31236	-35366
-27760	-37522	-30679
-27756	-38673	-27885
-27754	-37916	-29749
-27754	-34696	-33713
-27754	-31952	-35187
-27752	-37053	-31226
-27747	-37719	-30473
-27747	-37154	-31268
-27747	-31326	-35314
-27746	-38410	-28339
-27746	-36613	-31972
-27741	-38842	-26679
-27741	-35061	-33434
-27740	-34726	-33566
-27737	-36735	-31824
-27735	-36277	-32166
-27734	-39112	-26241
-27726	-35414	-32972
-27714	-38875	-27078
-27708	-36913	-31631
-27708	-36326	-32289
-27707	-38746	-27511
-27705	-35688	-32926
-27700	-38549	-28235
-27700	-37781	-30203
-27698	-36987	-31387
-27693	-33989	-34332
-27688	-38891	-27309
-27685	-35319	-33249
-27683	-38996	-26277
-27680	-35866	-32636
-27675	-37470	-30865
-27673	-37170	-31201
-27668	-34841	-33758
-27668	-31443	-35289
-27657	-33429	-34504
-27656	-37068	-31381
-27651	-35641	-33113
-27650	-31298	-35471
-27648	-36855	-31649
-27648	-34334	-34012
-27646	-38216	-29047
-27644	-36556	-32035
-27642	-38367	-28633
-27641	-34357	-34086
-27640	-37514	-30807
-27631	-37161	-31313
-27626	-36356	-32097
-27622	-37090	-31645
-27613	-32814	-34906
-27610	-34126	-34114
-27607	-34542	-33905
-27605	-38774	-27438
-27605	-34030	-34151
-27604	-32386	-35002
-27600	-36050	-32351
-27598	-38046	-29577
-27596	-37820	-30026
-27585	-36615	-31894
-27583	-38274	-29143
-27578	-33546	-34479
-27577	-37830	-29938
-27577	-34587	-33832
-27576	-37880	-29799
-27572	-33022	-34799
-27571	-36090	-32391
-27571	-36063	-32506
-27569	-37751	-30232
-27567	-37204	-31453
-27565	-38369	-28682
-27563	-37913	-29960
-27559	-30647	-35519
-27557	-36230	-32404
-27556	-38746	-27899
-27555	-35772	-32746
-27549	-38790	-27344
-27546	-37521	-30694
-27544	-37923	-29872
-27539	-34448	-34017
-27538	-37324	-31125
-27536	-35436	-33318
-27530	-39036	-26307
-27530	-29455	-35566
-27529	-38932	-27039
-27523	-38164	-29617
-27522	-38282	-29187
-27522	-31386	-35290
-27519	-37318	-31202
-27514	-37974	-29752
-27509	-34952	-33646
-27503	-37434	-31199
-27500	-31732	-35286
-27493	-38372	-28362
-27483	-36371	-32423
-27482	-36234	-32480
-27481	-30047	-35682
-27479	-37548	-30630
-27479	-33131	-34641
-27475	-35137	-33465
-27469	-33621	-34445
-27468	-32368	-35083
-27453	-31803	-35258
-27451	-36656	-31893
-27449	-37599	-30510
-27445	-36671	-32082
-27436	-37438	-30873
-27436	-35807	-32679
-27424	-36839	-31749
-27424	-36046	-32743
-27420	-37941	-29879
-27409	-35171	-33404
-27405	-37643	-30520
-27404	-37607	-30663
-27400	-38594	-28236
-27399	-38263	-29213
-27396	-38843	-27392
-27395	-31421	-35395
-27387	-38127	-29629
-27387	-36699	-32033
-27375	-37845	-30152
-27375	-34881	-33720
-27368	-37728	-30346
-27367	-34692	-33829
-27366	-38376	-28723
-27359	-38179	-29447
-27352	-38766	-28187
-27352	-37535	-30752
-27351	-30126	-35538
-27350	-35647	-32945
-27347	-37897	-29970
-27336	-30165	-35582
-27335	-36121	-32516
-27332	-33172	-34723
-27323	-36929	-31779
-27320	-37828	-30176
-27320	-33250	-34588
-27318	-38206	-29253
-27317	-38416	-28286
-27311	-38009	-29977
-27311	-35111	-33466
-27310	-34262	-34110
-27309	-38900	-27182
-27307	-35867	-32775
-27307	-33433	-34698
-27295	-35785	-32802
-27292	-38352	-28832
-27290	-37793	-30338
-27290	-36481	-32214
-27281	-37058	-31739
-27280	-37149	-31609
-27277	-35154	-33416
-27271	-32873	-34870
-27269	-37796	-30233
-27259	-36355	-32523
-27250	-36436	-32250
-27243	-35476	-33280
-27238	-39010	-26728
-27221	-37795	-30294
-27217	-33554	-34641
-27210	-38518	-28392
-27207	-37219	-31213
-27203	-38321	-29116
-27200	-36030	-32843
-27199	-39019	-26528
-27196	-38860	-27723
-27194	-36479	-32321
-27192	-37511	-31030
-27191	-38663	-28190
-27188	-37213	-31326
-27187	-37515	-30817
-27183	-37315	-31233
-27176	-38499	-28540
-27174	-36143	-32650
-27170	-37683	-30492
-27166	-36745	-31939
-27155	-37684	-30607
-27151	-35762	-32992
-27151	-34865	-33820
-27148	-38179	-29591
-27148	-37555	-31040
-27147	-38900	-27286
-27143	-38211	-29590
-27131	-30263	-35609
-27125	-37803	-30196
-27121	-39122	-26592
-27117	-28749	-35753
-27113	-32900	-34925
-27108	-38546	-28319
-27107	-37920	-30078
-27104	-36600	-32264
-27102	-34021	-34204
-27099	-38469	-28547
-27099	-33592	-34490
-27095	-37269	-31366
-27093	-37778	-30560
-27087	-35095	-33566
-27086	-35626	-33173
-27082	-37466	-31160
-27076	-39191	-25927
-27072	-39162	-26155
-27072	-33108	-34818
-27069	-38283	-29197
-27068	-32687	-34934
-27067	-38057	-29646
-27053	-38548	-28275
-27049	-37162	-31573
-27041	-37813	-30397
-27040	-36830	-32010
-27035	-37183	-31547
-27032	-38155	-29654
-27032	-33110	-34764
-27027	-37027	-31804
-27021	-29751	-35712
-27020	-37873	-30177
-27019	-35493	-33246
-27019	-35460	-33380
-27014	-35974	-32901
-26973	-38088	-29706
-26972	-38423	-28606
-26963	-34396	-34130
-26956	-37761	-30583
-26951	-37608	-30673
-26944	-37479	-31106
-26943	-38967	-26905
-26943	-33889	-34384
-26936	-33912	-34458
-26934	-32694	-34954
-26927	-35746	-33092
-26924	-36095	-32844
-26920	-37073	-31684
-26912	-38399	-28805
-26902	-34097	-34277
-26899	-38868	-27362
-26897	-38541	-28646
-26875	-37844	-30283
-26872	-37317	-31242
-26872	-34142	-34204
-26870	-38274	-29210
-26869	-36657	-32153
-26868	-37715	-30716
-26863	-38371	-29266
-26863	-38077	-29934
-26860	-37882	-30518
-26860	-36325	-32590
-26855	-38538	-29068
-26852	-38391	-29092
-26851	-36190	-32690
-26850	-38840	-27823
-26850	-38546	-28491
-26844	-38617	-28229
-26832	-33258	-34742
-26831	-37107	-31613
-26830	-38972	-26875
-26811	-38979	-27208
-26811	-37922	-30081
-26804	-39249	-26770
-26804	-38625	-28219
-26804	-34507	-34018
-26770	-34692	-33837
-26755	-37343	-31223
-26754	-29471	-35726
-26740	-38126	-29669
-26733	-37836	-30577
-26712	-37563	-31053
-26709	-34972	-33571
-26700	-38758	-28210
-26699	-38632	-28604
-26699	-32422	-34964
-26695	-36085	-32907
-26685	-37791	-30633
-26679	-38271	-29421
-26664	-37639	-30782
-26663	-37935	-30151
-26662	-37412	-31514
-26662	-34247	-34201
-26659	-38001	-3e4
-26656	-38930	-27305
-26656	-37806	-30584
-26656	-37185	-31660
-26651	-38462	-29134
-26629	-36924	-31857
-26619	-39028	-27038
-26619	-38927	-27873
-26619	-37792	-30660
-26619	-36862	-31971
-26611	-37959	-30462
-26608	-29045	-35899
-26602	-38241	-29428
-26600	-39173	-26836
-26582	-39337	-25027
-26573	-38433	-29198
-26562	-37999	-30025
-26541	-35190	-33458
-26532	-37964	-30187
-26524	-38785	-27895
-26516	-38952	-27697
-26508	-37487	-31119
-26491	-38827	-28164
-26489	-38268	-29670
-26488	-38008	-30197
-26486	-37605	-30954
-26482	-36907	-32094
-26470	-35208	-33500
-26469	-37503	-31134
-26458	-38059	-30077
-26440	-38558	-28626
-26415	-37716	-30726
-26407	-37883	-30528
-26402	-38640	-28243
-26402	-38539	-29078
-26402	-36148	-32694
-26382	-37572	-31190
-26381	-35181	-33545
-26353	-38318	-29372
-26340	-37689	-30732
-26332	-36605	-32308
-26331	-38119	-30138
-26326	-37154	-31677
-26321	-37121	-31728
-26314	-35048	-33618
-26309	-35529	-33273
-26307	-39021	-27651
-26287	-38751	-28230
-26283	-37421	-31387
-26282	-38159	-29701
-26265	-36472	-32381
-26253	-37623	-31019
-26247	-35498	-33290
-26239	-38401	-29443
-26222	-35301	-33464
-26219	-35650	-33216
-26208	-38168	-29873
-26203	-38530	-29091
-26201	-37971	-30597
-26201	-36702	-32127
-26193	-39261	-26535
-26193	-38480	-29171
-26191	-39259	-27121
-26190	-38285	-29755
-26175	-38680	-28376
-26154	-38570	-28654
-26152	-36100	-32888
-26142	-39299	-26684
-26127	-38043	-30204
-26123	-38579	-28745
-26122	-38699	-28754
-26120	-37846	-30928
-26116	-38729	-28249
-26116	-38450	-29178
-26103	-38945	-27717
-26094	-37493	-31492
-26088	-37599	-31104
-26088	-36330	-32634
-26066	-38281	-29772
-26055	-38595	-28930
-26027	-37360	-31565
-26023	-38548	-28951
-26004	-38024	-30230
-25997	-37895	-30663
-25989	-38404	-29237
-25986	-38209	-29821
-25957	-36912	-31885
-25952	-38048	-30541
-25941	-38362	-29699
-25939	-38773	-28232
-25916	-37757	-31029
-25914	-36988	-32072
-25911	-38795	-28246
-25907	-38798	-28203
-25903	-38962	-28048
-25900	-39109	-27404
-25893	-38912	-28128
-25867	-38527	-29122
-25777	-36462	-32466
-25748	-38596	-29158
-25748	-37972	-30607
-25743	-38708	-28627
-25741	-37855	-30801
-25737	-38286	-29765
-25712	-37681	-31095
-25694	-39031	-28002
-25683	-38721	-28609
-25672	-38208	-30217
-25661	-38522	-29375
-25652	-39474	-25556
-25645	-39071	-27565
-25587	-38687	-28798
-25580	-38490	-29522
-25538	-38277	-29778
-25516	-39405	-25959
-25468	-38132	-30283
-25450	-38249	-30165
-25420	-38308	-29756
-25403	-38881	-28285
-25396	-38684	-29009
-25131	-37856	-30678
-25029	-38778	-28689
-25009	-39320	-26166
