-42054	-38054	-36174
-42045	-38131	-35274
-42035	-38778	-35749
-41821	-39143	-36516
-41739	-38300	-36810
-41728	-39130	-36640
-41704	-38880	-36773
-41645	-39157	-35304
-41616	-39721	-36013
-41605	-38170	-36947
-41499	-37876	-36990
-41457	-39864	-35148
-41456	-39249	-37073
-41443	-39447	-36313
-41423	-39307	-36386
-41420	-39663	-36346
-41370	-39910	-36761
-41363	-39236	-37197
-41360	-39311	-37102
-41345	-40362	-36264
-41342	-39924	-36611
-41339	-38986	-37330
-41327	-39595	-36845
-41324	-40037	-36492
-41298	-40217	-36927
-41298	-39503	-37038
-41282	-40404	-36587
-41277	-39892	-37155
-41256	-38608	-38099
-41235	-39885	-37359
-41175	-39341	-37435
-41163	-38595	-38223
-41153	-39042	-37653
-41070	-39661	-37499
-41050	-39207	-37576
-41042	-40503	-35901
-41017	-40407	-36465
-41005	-40016	-37318
-41004	-40562	-35590
-40989	-40203	-36978
-40984	-40336	-36907
-40984	-39691	-37546
-40972	-40870	-36166
-40957	-37561	-38479
-40955	-39006	-37854
-40950	-39504	-38001
-40935	-39947	-37426
-40933	-39609	-37595
-40932	-40026	-36996
-40924	-40371	-37296
-40881	-40628	-36797
-40881	-37632	-38427
-40879	-39082	-38176
-40873	-39644	-37984
-40873	-37571	-38695
-40871	-40247	-37681
-40865	-39964	-37683
-40864	-40381	-37084
-40859	-38049	-38357
-40857	-40674	-36550
-40855	-40434	-37341
-40834	-40443	-37099
-40828	-38335	-38463
-40802	-37857	-38601
-40797	-39382	-38255
-40793	-38058	-38610
-40787	-39924	-37871
-40785	-39514	-38082
-40776	-39057	-38483
-40754	-40999	-36088
-40735	-40514	-37242
-40717	-39869	-38170
-40699	-41210	-35544
-40697	-40573	-36931
-40696	-39544	-38398
-40681	-36709	-38910
-40676	-40307	-37403
-40674	-40802	-36486
-40669	-41011	-35803
-40651	-40930	-36423
-40639	-39990	-37938
-40638	-40759	-36646
-40636	-41252	-35867
-40629	-40823	-36580
-40628	-40378	-37530
-40619	-40442	-37464
-40618	-40859	-36865
-40611	-37973	-38662
-40608	-39173	-38421
-40603	-40629	-37124
-40603	-40298	-37557
-40598	-40267	-37591
-40598	-40117	-37692
-40597	-36719	-39126
-40591	-40954	-37307
-40587	-40419	-37729
-40586	-41296	-36312
-40570	-40053	-37983
-40565	-40291	-37758
-40559	-40477	-37853
-40558	-41012	-36620
-40524	-39183	-38637
-40523	-40595	-37506
-40493	-40193	-37966
-40493	-39959	-38025
-40478	-40977	-36798
-40474	-4e4	-38019
-40471	-40347	-37951
-40442	-41095	-36451
-40442	-40492	-37777
-40441	-38797	-38723
-40436	-39053	-38735
-40430	-38770	-38737
-40429	-41027	-37412
-40429	-39219	-38676
-40425	-39588	-38310
-40421	-39893	-38117
-40407	-40899	-37441
-40405	-40063	-38064
-40401	-38081	-38811
-40400	-38534	-38984
-40396	-41351	-35181
-40396	-39606	-38465
-40394	-40253	-37993
-40392	-40071	-38105
-40389	-41105	-36645
-40388	-41522	-36046
-40382	-39609	-38410
-40379	-38023	-39024
-40370	-41672	-35146
-40362	-39414	-38546
-40361	-39284	-38638
-40359	-38959	-38777
-40341	-40815	-37500
-40341	-40615	-37554
-40341	-39089	-38774
-40340	-39652	-38509
-40330	-39513	-38644
-40328	-39969	-38106
-40318	-39917	-38199
-40316	-40093	-38380
-40313	-41636	-35690
-40313	-38507	-38994
-40310	-41294	-36916
-40304	-40448	-38160
-40298	-40519	-37648
-40287	-40553	-37754
-40285	-39554	-38529
-40284	-41100	-37460
-40282	-40690	-37671
-40264	-38995	-38816
-40250	-38027	-39264
-40248	-39488	-38724
-40247	-40671	-37747
-40243	-39831	-38532
-40237	-38954	-38854
-40232	-39288	-38878
-40227	-40588	-38143
-40222	-39506	-38760
-40215	-41569	-36421
-40211	-37200	-39296
-40209	-38650	-39045
-40199	-39834	-38416
-40185	-41520	-36522
-40177	-41737	-35795
-40175	-41139	-37406
-40171	-39530	-38607
-40159	-41326	-37066
-40158	-40701	-38063
-40157	-41118	-37464
-40157	-40111	-38419
-40139	-40458	-38241
-40138	-41335	-36824
-40129	-40846	-37889
-40127	-37210	-39512
-40120	-38691	-39111
-40114	-41336	-36562
-40110	-40933	-37766
-40108	-39691	-38599
-40099	-41329	-36979
-40080	-40251	-38402
-40079	-41746	-35397
-40070	-40571	-38161
-40062	-40364	-38283
-40057	-40529	-38327
-40051	-41007	-37552
-40044	-41130	-37450
-40041	-40716	-37987
-40039	-41406	-36967
-40030	-40129	-38423
-40029	-38994	-38947
-40021	-40761	-37895
-40010	-41777	-35327
-40007	-40091	-38431
-40005	-41778	-35703
-40002	-39966	-38505
-40001	-41465	-36656
-39999	-40719	-38102
-39997	-40945	-37752
-39990	-40039	-38550
-39983	-41671	-35860
-39981	-41241	-37097
-39981	-41066	-37924
-39981	-40832	-37983
-39980	-41199	-37128
-39978	-41793	-35462
-39972	-41836	-35016
-39966	-38514	-39217
-39962	-40117	-38580
-39954	-41336	-37539
-39950	-40062	-38626
-39946	-40146	-38482
-39943	-39759	-38666
-39927	-40231	-38499
-39925	-39821	-38710
-39922	-40859	-38085
-39919	-39538	-38712
-39908	-40339	-38629
-39906	-41793	-35772
-39904	-40972	-37966
-39899	-41137	-38010
-39897	-40727	-38221
-39894	-41479	-37015
-39892	-39596	-38835
-39888	-41906	-35653
-39888	-41544	-36728
-39883	-41324	-37670
-39878	-40127	-38796
-39872	-40737	-38106
-39871	-40696	-38254
-39871	-38550	-39256
-39867	-40549	-38293
-39863	-40411	-38548
-39857	-40176	-38798
-39856	-39058	-38982
-39849	-40850	-38239
-39847	-41591	-36141
-39844	-40465	-38531
-39832	-41825	-36078
-39830	-37667	-39583
-39828	-39117	-39332
-39817	-41385	-37057
-39808	-39273	-39025
-39806	-41230	-37712
-39796	-41943	-35731
-39794	-41572	-36145
-39794	-39455	-39067
-39790	-39997	-38894
-39788	-41599	-37175
-39784	-39714	-38896
-39783	-40566	-38352
-39779	-40421	-38764
-39745	-40759	-38499
-39740	-41654	-36303
-39731	-39790	-39055
-39713	-39903	-38936
-39712	-38015	-39534
-39711	-41365	-37578
-39710	-39465	-39283
-39709	-41157	-37976
-39699	-40784	-38481
-39694	-40596	-38668
-39689	-40872	-38185
-39682	-40889	-38075
-39671	-41767	-36223
-39664	-42142	-36196
-39651	-41368	-37491
-39650	-41785	-36892
-39645	-41507	-37279
-39632	-40605	-38577
-39631	-41188	-37886
-39625	-41174	-38035
-39621	-41027	-38074
-39620	-40985	-38105
-39613	-41979	-36365
-39611	-40654	-38579
-39611	-39870	-38956
-39608	-41340	-37885
-39598	-42306	-35296
-39598	-40943	-38312
-39595	-41586	-37363
-39591	-41445	-37479
-39585	-36318	-39744
-39582	-39595	-39113
-39580	-41356	-37622
-39575	-41632	-37139
-39568	-38069	-39550
-39565	-39784	-39233
-39563	-42023	-36810
-39552	-40447	-38740
-39552	-40073	-38966
-39548	-41080	-38077
-39537	-40962	-38123
-39536	-41204	-38351
-39534	-40794	-38562
-39531	-41480	-37868
-39531	-40122	-38968
-39521	-40849	-38354
-39520	-41700	-37007
-39520	-41500	-37696
-39516	-41504	-37582
-39501	-36328	-39960
-39500	-40851	-38482
-39493	-41703	-37225
-39486	-40194	-38887
-39476	-40024	-38988
-39466	-41730	-37026
-39465	-39557	-39266
-39464	-39943	-39064
-39453	-42177	-36259
-39448	-41074	-38449
-39443	-41350	-37966
-39433	-41738	-37614
-39431	-42049	-36288
-39428	-39424	-39313
-39425	-42353	-35671
-39422	-36738	-39614
-39418	-38500	-39439
-39410	-40499	-38739
-39407	-41512	-37682
-39402	-40204	-39103
-39396	-40210	-38826
-39390	-40304	-38875
-39389	-40867	-38610
-39387	-42521	-35045
-39387	-39849	-39106
-39379	-41968	-36944
-39371	-40980	-38491
-39368	-40542	-38838
-39367	-37753	-39726
-39361	-41421	-38052
-39336	-42358	-35214
-39333	-41772	-37090
-39332	-37238	-39736
-39322	-38562	-39468
-39320	-39458	-39376
-39314	-38635	-39563
-39313	-40444	-38858
-39311	-38104	-39594
-39305	-39200	-39423
-39290	-42363	-36188
-39286	-42402	-35659
-39286	-40214	-38951
-39286	-39796	-39111
-39273	-37752	-39890
-39269	-42122	-36393
-39269	-40947	-38511
-39259	-41417	-38169
-39259	-38695	-39641
-39242	-42392	-36008
-39240	-40212	-38968
-39237	-39540	-39374
-39234	-39653	-39295
-39219	-41740	-37250
-39218	-38091	-39718
-39217	-41532	-37648
-39204	-36785	-40031
-39199	-40420	-38936
-39182	-41019	-38521
-39175	-41588	-37979
-39171	-40679	-38759
-39161	-41068	-38523
-39151	-41981	-37407
-39151	-39055	-39433
-39148	-41357	-38256
-39144	-38997	-39474
-39142	-39974	-39107
-39130	-41770	-37566
-39126	-39857	-39108
-39123	-42157	-36819
-39123	-40634	-38821
-39122	-40560	-38919
-39112	-39056	-39595
-39094	-40889	-38619
-39093	-42489	-35063
-39090	-39110	-39484
-39086	-37133	-39982
-39085	-41250	-38475
-39084	-42553	-34997
-39078	-40209	-39048
-39074	-39936	-39157
-39058	-41453	-38004
-39042	-41640	-37664
-39042	-40692	-38672
-39041	-39466	-39481
-39034	-41786	-37643
-39014	-40357	-39008
-39013	-42742	-35037
-39013	-41287	-38442
-39012	-40156	-39249
-39005	-42216	-36771
-39004	-42633	-36172
-39002	-40415	-39078
-38998	-42383	-36425
-38998	-41488	-38393
-38997	-42800	-34825
-38994	-39404	-39546
-38992	-39632	-39357
-38990	-42068	-36880
-38978	-40535	-38931
-38976	-42809	-35584
-38974	-41036	-38811
-38968	-40753	-38813
-38957	-41926	-37626
-38945	-39528	-39510
-38942	-39640	-39357
-38934	-42204	-36902
-38926	-39671	-39308
-38925	-41157	-38540
-38920	-40486	-39164
-38894	-37274	-39976
-38890	-42052	-37631
-38879	-40287	-39194
-38869	-41796	-37724
-38865	-36502	-40228
-38861	-38585	-39746
-38852	-38008	-39813
-38850	-39582	-39542
-38844	-39603	-39402
-38821	-42161	-36905
-38820	-42578	-36306
-38819	-40592	-38871
-38812	-41597	-37903
-38794	-42431	-36520
-38792	-41702	-37766
-38786	-38770	-39732
-38768	-38018	-40029
-38767	-40248	-39232
-38765	-38647	-39775
-38735	-39787	-39369
-38729	-41128	-38794
-38723	-42419	-36651
-38722	-41536	-38019
-38677	-40577	-38929
-38673	-42571	-36763
-38672	-41545	-38268
-38668	-39118	-39683
-38667	-40155	-39318
-38661	-38176	-40025
-38659	-36856	-40049
-38658	-38562	-39794
-38658	-38194	-39809
-38656	-41732	-37928
-38649	-40596	-39183
-38647	-36870	-40338
-38645	-38320	-40087
-38636	-39201	-39621
-38615	-39604	-39453
-38607	-42287	-36876
-38604	-39260	-39742
-38587	-42909	-35520
-38571	-42380	-36928
-38570	-40413	-39195
-38568	-41602	-38026
-38557	-42331	-37321
-38552	-41431	-38501
-38549	-42839	-36338
-38543	-38634	-39904
-38539	-39917	-39330
-38538	-40159	-39558
-38535	-39679	-39570
-38518	-39549	-39572
-38504	-40497	-39293
-38500	-42334	-36968
-38486	-39608	-39693
-38475	-41571	-38484
-38469	-41614	-38038
-38455	-40618	-39022
-38446	-40866	-38832
-38436	-38740	-39749
-38425	-40608	-39237
-38422	-39611	-39601
-38413	-40773	-38877
-38404	-42876	-35874
-38398	-40168	-39320
-38387	-42912	-35442
-38376	-42923	-34359
-38374	-39049	-39747
-38367	-42135	-37722
-38363	-37753	-40169
-38361	-42765	-36657
-38360	-42595	-36677
-38353	-40624	-38887
-38327	-39665	-39633
-38302	-39284	-39913
-38291	-40843	-38913
-38284	-43017	-34088
-38284	-42671	-36699
-38272	-41950	-37963
-38260	-38222	-40176
-38259	-40589	-39276
-38257	-41209	-38552
-38251	-42977	-34875
-38241	-39700	-39676
-38227	-40991	-38873
-38223	-43018	-34453
-38202	-43027	-35212
-38199	-42397	-36865
-38192	-36976	-40337
-38184	-41820	-38061
-38184	-36956	-40481
-38152	-40661	-39238
-38149	-39555	-39694
-38131	-43216	-35252
-38128	-37307	-40349
-38122	-38403	-40178
-38116	-42857	-36640
-38115	-42687	-36660
-38113	-38504	-40066
-38107	-41726	-38103
-38082	-40892	-38983
-38082	-39757	-39616
-38076	-37898	-40396
-38072	-43221	-34592
-38072	-42905	-35758
-38035	-37294	-40473
-38033	-35974	-40497
-38022	-41394	-38660
-37923	-40949	-38923
-37905	-43072	-36389
-37904	-41080	-38800
-37868	-38596	-40049
-37858	-39769	-39670
-37844	-38190	-40180
-37837	-40984	-38966
-37822	-40174	-39355
-37817	-41318	-38718
-37806	-38905	-40047
-37803	-38350	-40189
-37756	-42179	-37483
-37755	-40195	-39476
-37748	-38252	-40209
-37720	-39831	-39597
-37675	-35963	-40599
-37658	-40140	-39595
-37645	-41691	-38193
-37639	-43239	-34894
-37594	-38941	-40077
-37534	-40482	-39308
-37530	-37969	-40308
-37523	-38673	-40142
-37519	-38259	-40270
-37506	-41509	-38518
-37498	-43266	-34661
-37490	-41696	-38178
-37475	-42361	-36964
-37467	-40256	-39656
-37462	-37002	-40555
-37440	-38790	-40123
-37435	-42533	-36871
-37421	-42824	-37069
-37410	-41641	-38251
-37408	-40213	-39671
-37359	-43337	-34208
-37353	-43340	-33525
-37349	-39033	-40060
-37298	-43439	-34220
-37294	-41401	-38809
-37292	-43442	-33537
-37244	-41879	-38473
-37186	-41965	-38047
-37091	-37757	-40467
-37080	-43024	-36395
-37072	-39235	-39967
-37054	-36030	-40812
-37044	-43535	-34412
-37012	-36764	-40649
-37007	-43479	-34647
-36993	-41974	-37773
-36972	-37313	-40514
-36943	-37904	-40331
-36874	-43275	-34773
-36845	-43552	-33751
-36841	-39374	-40104
-36839	-43555	-33068
-36829	-43119	-35695
-36787	-41442	-38671
-36585	-43616	-33246
-36425	-37536	-40590
-36418	-43582	-34505
-36412	-43585	-33822
-36383	-35457	-40902
-36180	-37628	-40573
-36170	-38801	-40194
-36118	-37937	-40571
-35925	-36923	-40675
-35896	-36475	-40744
-35880	-37452	-40713
-35812	-36485	-40960
-35733	-43715	-31831
-35365	-43871	-31618
-35069	-43782	-31819
-34713	-43623	-32533
