-38357	-29398	-23372
-38328	-29905	-26215
-38273	-30046	-24773
-38216	-30478	-25891
-38140	-30324	-26772
-38103	-29985	-26821
-38081	-29997	-27025
-38072	-30840	-26258
-38069	-30480	-26881
-38054	-30207	-26966
-38037	-30846	-25309
-38028	-30897	-26448
-38005	-29853	-27036
-37997	-30489	-26588
-37912	-31298	-28531
-37858	-31330	-25971
-37837	-30947	-28861
-37726	-31411	-27419
-37676	-31774	-27097
-37667	-31825	-28236
-37622	-32130	-26507
-37613	-32181	-27646
-37592	-31474	-28566
-37571	-31826	-28080
-37538	-31830	-27976
-37490	-31880	-28650
-37452	-32162	-27727
-37444	-31895	-27885
-37413	-32472	-27982
-37405	-32214	-28606
-37375	-31993	-29118
-37370	-31536	-29186
-37345	-32149	-28822
-37303	-32097	-28894
-37300	-31642	-29448
-37274	-32707	-27717
-37245	-32407	-28355
-37235	-30814	-29881
-37231	-31646	-29155
-37212	-32182	-29088
-37208	-32695	-28421
-37160	-32741	-28311
-37137	-31831	-29418
-37135	-32239	-28774
-37107	-32734	-28903
-37089	-31296	-29730
-37080	-32069	-29206
-37063	-32156	-29378
-37051	-32163	-29169
-37032	-32383	-29233
-37013	-30678	-30137
-37012	-32049	-29666
-36989	-32483	-29237
-36953	-31377	-29949
-36937	-31698	-29996
-36931	-30788	-30505
-36890	-32766	-28479
-36867	-32878	-27743
-36862	-31912	-30128
-36858	-32379	-29817
-36852	-33289	-27836
-36849	-32934	-28911
-36846	-32386	-29608
-36818	-32683	-29083
-36789	-32843	-29081
-36787	-30853	-30335
-36782	-31916	-29922
-36776	-32244	-29879
-36774	-32583	-29241
-36773	-32133	-29927
-36737	-30919	-30596
-36732	-32945	-28372
-36717	-32454	-29591
-36715	-31562	-30252
-36714	-32492	-29411
-36707	-33558	-28008
-36707	-31328	-30300
-36704	-32597	-29191
-36701	-31893	-30209
-36697	-32360	-29898
-36697	-32312	-29992
-36695	-33084	-28940
-36695	-32680	-29147
-36695	-31840	-30391
-36693	-31052	-30536
-36688	-32915	-28992
-36688	-32467	-29883
-36674	-33211	-28084
-36671	-33025	-28977
-36665	-33506	-28080
-36663	-32683	-29417
-36659	-31073	-31230
-36655	-32261	-30064
-36653	-31789	-30463
-36633	-31672	-30620
-36621	-32886	-29496
-36619	-32931	-29147
-36611	-32960	-29193
-36605	-33441	-28296
-36596	-33365	-28718
-36594	-32653	-29913
-36589	-32346	-29993
-36586	-32350	-30171
-36585	-32119	-30335
-36575	-31277	-30654
-36574	-33591	-28274
-36574	-32357	-29962
-36573	-32985	-29281
-36550	-32927	-29342
-36545	-32908	-29535
-36541	-33482	-28436
-36521	-33584	-28866
-36520	-31941	-30474
-36514	-32657	-29707
-36513	-32920	-29497
-36510	-31768	-30665
-36506	-32235	-30354
-36497	-33648	-27960
-36494	-33248	-29006
-36492	-31770	-30544
-36485	-32817	-29705
-36477	-31237	-30958
-36476	-31280	-30867
-36471	-32868	-29569
-36465	-33261	-29298
-36456	-33816	-28392
-36456	-30955	-31477
-36450	-31671	-30710
-36410	-32466	-30035
-36403	-33444	-29058
-36402	-31801	-30666
-36397	-31938	-30538
-36391	-32654	-29771
-36383	-32232	-30418
-36377	-32382	-30131
-36376	-31996	-30670
-36372	-32618	-29984
-36367	-32677	-29897
-36364	-31639	-30796
-36363	-33144	-29586
-36359	-32390	-30166
-36356	-31879	-30827
-36351	-33151	-29377
-36324	-32798	-29786
-36322	-32624	-30267
-36322	-31587	-30868
-36310	-32849	-29650
-36310	-32802	-29744
-36301	-31645	-31e3
-36291	-31099	-31088
-36285	-31155	-31323
-36276	-32332	-30413
-36274	-32034	-30583
-36273	-31162	-31114
-36270	-32501	-30272
-36268	-32750	-29816
-36250	-31469	-31051
-36248	-31912	-30828
-36234	-30819	-31733
-36224	-31547	-31172
-36222	-30826	-31524
-36213	-32788	-30059
-36212	-33882	-28213
-36208	-32021	-30652
-36202	-32835	-29745
-36199	-31683	-30913
-36197	-32900	-29912
-36195	-32150	-30602
-36193	-33586	-28483
-36185	-33163	-29329
-36179	-33644	-28432
-36172	-33757	-28563
-36168	-33448	-29186
-36160	-33026	-29833
-36154	-33176	-29546
-36153	-32790	-30085
-36145	-33194	-29358
-36143	-32056	-30772
-36138	-32437	-30389
-36138	-31879	-30923
-36136	-33184	-29581
-36133	-32673	-30242
-36127	-33739	-28675
-36124	-32173	-30803
-36124	-31136	-31404
-36120	-33464	-28882
-36119	-32724	-30106
-36117	-33112	-29596
-36112	-32270	-30766
-36101	-32005	-30844
-36099	-33418	-29682
-36098	-29872	-31830
-36092	-31677	-30960
-36078	-33750	-29050
-36067	-32630	-30276
-36066	-33757	-28841
-36048	-32305	-30414
-36045	-31794	-31075
-36040	-32397	-30693
-36028	-32404	-30484
-36025	-32706	-30243
-36024	-32871	-30173
-36021	-31429	-31419
-36019	-33422	-29476
-36017	-31896	-31108
-36008	-34011	-28190
-36006	-33692	-29057
-36006	-32775	-30368
-36005	-31903	-30899
-35995	-33057	-29820
-35991	-33882	-28669
-35990	-33114	-29899
-35990	-31560	-31248
-35982	-32933	-30116
-35975	-33116	-29686
-35955	-32436	-30479
-35949	-33830	-28741
-35948	-33946	-28406
-35947	-31754	-31379
-35941	-32470	-30612
-35940	-31986	-30925
-35935	-31761	-31170
-35931	-32228	-30859
-35929	-32477	-30403
-35921	-33495	-29404
-35909	-33502	-29195
-35901	-32967	-30218
-35891	-32993	-30009
-35890	-33450	-29642
-35889	-33765	-28957
-35889	-33064	-30181
-35885	-30873	-31693
-35883	-31202	-31875
-35875	-33632	-29297
-35872	-34145	-27736
-35872	-31403	-31709
-35868	-33731	-29187
-35856	-31877	-31189
-35837	-32279	-30940
-35833	-32746	-30629
-35832	-31972	-31020
-35827	-32037	-31187
-35823	-33713	-29299
-35821	-32753	-30420
-35816	-33304	-29723
-35815	-33567	-29513
-35813	-32088	-31051
-35801	-32185	-31014
-35798	-34139	-28452
-35781	-33097	-30182
-35749	-33673	-29333
-35747	-33078	-30380
-35740	-30512	-31944
-35729	-32312	-30941
-35724	-32548	-30794
-35718	-33264	-30027
-35713	-32786	-30421
-35709	-32288	-30954
-35706	-33271	-29818
-35704	-33985	-28814
-35667	-32928	-30437
-35665	-33613	-29434
-35653	-33496	-29553
-35649	-32197	-31124
-35649	-31073	-31922
-35643	-32644	-30692
-35638	-31274	-31756
-35637	-33360	-29925
-35630	-32385	-30860
-35615	-33857	-29120
-35615	-32143	-31196
-35593	-33431	-29769
-35578	-32979	-30429
-35575	-33557	-29648
-35564	-31951	-31234
-35561	-33373	-29925
-35556	-30796	-31976
-35554	-32636	-30860
-35526	-32194	-31188
-35522	-32661	-30877
-35519	-31958	-31440
-35510	-32668	-30668
-35507	-32786	-30717
-35504	-31698	-31600
-35496	-29916	-32147
-35484	-33135	-30074
-35479	-32285	-31190
-35463	-30340	-31984
-35455	-31406	-31936
-35452	-32519	-31148
-35449	-34061	-28506
-35446	-33235	-30381
-35444	-31607	-31770
-35440	-32526	-30939
-35436	-32993	-30628
-35434	-33242	-30172
-35421	-31340	-31957
-35417	-33962	-28896
-35413	-32935	-30639
-35409	-30348	-32049
-35382	-34358	-27425
-35377	-32168	-31478
-35375	-33908	-29097
-35372	-33439	-29895
-35361	-32642	-30958
-35359	-34216	-28245
-35353	-34449	-27641
-35347	-34223	-28036
-35345	-30565	-32102
-35284	-33580	-30132
-35255	-34102	-28894
-35254	-30650	-32296
-35237	-33267	-30341
-35226	-33837	-29352
-35225	-32559	-31143
-35218	-32390	-31195
-35214	-33844	-29143
-35212	-33106	-30428
-35210	-32299	-31303
-35199	-33048	-30529
-35187	-31211	-32004
-35179	-32806	-30686
-35150	-32208	-31473
-35149	-34197	-28382
-35143	-32039	-31525
-35113	-33380	-30280
-35079	-34605	-27647
-35078	-32412	-31195
-35039	-32828	-30686
-35027	-34312	-27966
-35017	-34398	-27970
-35008	-34470	-27918
-34967	-34196	-28681
-34954	-34069	-28966
-34930	-34365	-28411
-34920	-31434	-31984
-34918	-34372	-28202
-34908	-31441	-31775
-34907	-31876	-31769
-34893	-33623	-29493
-34874	-30693	-32010
-34869	-32444	-31155
-34858	-34285	-28866
-34852	-34072	-29116
-34834	-34799	-27429
-34830	-32860	-30646
-34810	-34412	-28083
-34810	-30785	-32468
-34768	-34521	-27895
-34763	-33944	-29422
-34759	-31415	-32065
-34740	-34645	-27791
-34739	-34458	-27985
-34715	-34043	-29207
-34711	-33651	-29741
-34692	-34661	-27487
-34660	-34683	-27744
-34655	-33978	-29423
-34625	-33666	-29659
-34607	-30825	-32193
-34594	-34314	-28740
-34585	-34386	-28688
-34541	-34625	-27890
-34540	-32367	-31438
-34536	-34568	-28089
-34523	-34715	-27677
-34523	-33995	-29399
-34501	-32783	-30929
-34445	-34068	-29375
-34430	-30828	-32182
-34403	-34189	-29196
-34400	-34498	-28129
-34386	-33966	-29490
-34328	-30711	-32470
-34315	-34479	-28281
-34306	-34408	-28527
-34303	-34762	-27465
-34291	-34762	-27871
-34269	-34577	-28257
-34238	-31571	-31822
-34225	-34484	-28337
-34196	-34421	-28427
-34174	-30861	-32499
-34149	-34624	-27929
-34117	-34646	-28186
-34114	-34992	-27026
-34078	-34452	-28713
-34066	-34459	-28504
-34005	-34816	-27107
-33987	-31552	-31854
-33983	-34111	-29269
-33980	-34678	-28119
-33958	-34499	-28385
-33924	-34799	-27443
-33871	-34684	-27944
-33831	-31053	-32226
-33789	-31001	-32298
-33774	-34845	-27364
-33772	-34546	-28373
-33760	-34725	-27907
-33717	-30550	-32559
-33693	-35199	-26372
-33693	-32153	-31557
-33654	-34967	-27520
-33642	-34974	-27311
-33611	-31072	-32582
-33583	-34547	-28343
-33574	-34570	-28263
-33573	-34478	-28592
-33560	-34600	-28192
-33558	-34929	-27579
-33541	-34859	-27878
-33535	-33286	-30424
-33529	-34866	-27669
-33482	-30055	-32637
-33475	-34581	-28344
-33447	-34705	-28240
-33435	-34712	-28031
-33418	-35030	-26398
-33367	-34804	-28035
-33353	-35052	-26710
-33351	-31628	-31885
-33346	-30090	-32594
-33343	-34883	-27768
-33338	-34741	-28125
-33244	-34587	-28487
-33232	-30192	-32618
-33231	-31115	-32296
-33203	-35009	-27179
-33167	-35094	-27642
-33150	-35162	-26814
-33129	-30998	-32584
-33111	-34930	-27962
-33109	-29655	-32646
-33099	-34937	-27753
-33090	-35009	-27701
-33003	-30177	-32669
-32971	-34715	-28387
-32953	-34948	-28189
-32908	-34812	-28209
-32860	-35284	-26327
-32800	-34846	-28210
-32769	-35120	-26968
-32686	-35289	-25816
-32643	-35316	-25903
-32597	-34728	-28457
-32471	-30396	-32808
-32397	-35018	-28064
-32357	-30498	-32832
-32309	-35095	-27462
-32297	-35102	-27253
-32177	-34749	-28249
-32138	-35417	-26266
-32090	-35208	-26749
-32084	-28886	-32920
-31970	-28988	-32944
-31766	-35058	-27904
-31754	-35065	-27695
-31698	-35309	-26590
-31669	-35219	-27324
-31655	-35336	-26677
-31616	-35104	-27825
-31604	-35111	-27616
-31595	-35380	-26708
-31413	-34986	-28072
-31324	-29132	-32938
-31169	-35155	-27679
-31155	-35272	-27032
-31104	-29602	-32957
-30620	-35598	-24524
-30436	-35611	-25432
-30393	-35638	-25519
-29893	-35574	-25874
-29884	-27211	-33244
