-19388	-14048	-15433
-19335	-14851	-15125
-19215	-15993	-14444
-19182	-14937	-15453
-19161	-15017	-15629
-19130	-15368	-14752
-19060	-15831	-16636
-18907	-15987	-15598
-18862	-15538	-16654
-18819	-16381	-17090
-18666	-16467	-17418
-18445	-15703	-17625
-18412	-17049	-15531
-18343	-16780	-16486
-18322	-16962	-15670
-18287	-16549	-17171
-18272	-16963	-17194
-18190	-15388	-17701
-18169	-17048	-15998
-18164	-17342	-15697
-18148	-17128	-16174
-18134	-16635	-17499
-18129	-16141	-17741
-18108	-16608	-17574
-18101	-15323	-17827
-18075	-17297	-17362
-18057	-16201	-17787
-18056	-17119	-17405
-18027	-16312	-18117
-17990	-17508	-16201
-17988	-17750	-16893
-17936	-16630	-17949
-17920	-17104	-17722
-17900	-16732	-18029
-17890	-15254	-18174
-17877	-17696	-17032
-17847	-16431	-18270
-17809	-17050	-17861
-17775	-17222	-17650
-17775	-16491	-18316
-17766	-15900	-18425
-17722	-17542	-17447
-17713	-16234	-18413
-17701	-17281	-17550
-17694	-15960	-18471
-17684	-16039	-18433
-17681	-17793	-17138
-17678	-16811	-17895
-17675	-16453	-18645
-17673	-17855	-17156
-17673	-16638	-18490
-17654	-16896	-18276
-17650	-17602	-17493
-17639	-16810	-18279
-17620	-17068	-18065
-17608	-17120	-17686
-17584	-17175	-17697
-17582	-16956	-18322
-17571	-17381	-17774
-17570	-17739	-17277
-17550	-16745	-18405
-17548	-17128	-18111
-17544	-17579	-17774
-17514	-17045	-18346
-17459	-17063	-18237
-17456	-17918	-16974
-17415	-17585	-17692
-17395	-17193	-17901
-17390	-17132	-17931
-17389	-17425	-18189
-17366	-17898	-17401
-17355	-17597	-17978
-17346	-16289	-18944
-17327	-16547	-18730
-17322	-17763	-17419
-17311	-18008	-16567
-17290	-17632	-17459
-17287	-16951	-18807
-17275	-18144	-17132
-17254	-17117	-18248
-17250	-17823	-17465
-17239	-18483	-16083
-17218	-17692	-17505
-17198	-16886	-18933
-17197	-18254	-16552
-17162	-15705	-18991
-17150	-18114	-17605
-17150	-17046	-18334
-17122	-17064	-18357
-17107	-18167	-16691
-17082	-17468	-18434
-17062	-17076	-18643
-17048	-17640	-18223
-17036	-18462	-16795
-17026	-15245	-19247
-17015	-17806	-17664
-17012	-17747	-17855
-16943	-17866	-17710
-16916	-16969	-18848
-16882	-17141	-18637
-16823	-17765	-18059
-16755	-17119	-18888
-16746	-16605	-18959
-16723	-16352	-19296
-16712	-16651	-19053
-16712	-15970	-19452
-16679	-17877	-17639
-16657	-17266	-18473
-16607	-17937	-17685
-16598	-16081	-19371
-16596	-18334	-16802
-16589	-16620	-19302
-16587	-17546	-18492
-16578	-16238	-19458
-16573	-18496	-16609
-16571	-17635	-18545
-16551	-17243	-18754
-16537	-18217	-17704
-16519	-16900	-19321
-16501	-18556	-16655
-16472	-17842	-17815
-16436	-18591	-16136
-16405	-17701	-18197
-16350	-17719	-18088
-16350	-17309	-18718
-16346	-17760	-18381
-16312	-17904	-17835
-16294	-17025	-19157
-16269	-15576	-19605
-16244	-17286	-18999
-16240	-18222	-16949
-16212	-16519	-19407
-16201	-16137	-19563
-16089	-17542	-18784
-16085	-17936	-17730
-16055	-17714	-18573
-16008	-16678	-19531
-15996	-17871	-17856
-15987	-17068	-19402
-15955	-16301	-19810
-15918	-17809	-18100
-15904	-18043	-17746
-15763	-18675	-16042
-15744	-18513	-16834
-15727	-17986	-17767
-15712	-17441	-18889
-15669	-18026	-17945
-15630	-18282	-16872
-15597	-18086	-17991
-15581	-18595	-16581
-15558	-18342	-16918
-15500	-18382	-17096
-15469	-18490	-17115
-15462	-18745	-16413
-15444	-18151	-17781
-15428	-18442	-17142
-15372	-18211	-17827
-15154	-16354	-19619
-15126	-17428	-18921
-14953	-15528	-20092
-14533	-18746	-15156
-14104	-17157	-19180
