-34093	-25937	-24295
-33967	-25702	-24883
-33904	-26883	-25308
-33869	-27061	-26074
-33815	-26519	-26411
-33768	-26902	-26209
-33721	-27783	-27027
-33557	-28017	-25635
-33513	-28523	-25847
-33504	-28356	-27240
-33498	-27958	-27341
-33440	-28751	-26874
-33433	-28369	-27394
-33423	-27685	-27551
-33383	-27966	-27414
-33350	-28562	-27503
-33306	-28949	-27313
-33251	-29081	-27920
-33232	-29349	-27293
-33177	-29481	-27900
-33133	-29499	-27694
-33052	-28464	-28027
-33017	-29707	-26633
-33013	-28614	-28199
-32979	-29707	-27422
-32978	-29539	-27497
-32978	-28864	-28007
-32944	-28972	-28371
-32935	-29725	-27216
-32895	-29401	-27989
-32882	-29528	-27646
-32880	-29857	-27823
-32879	-29383	-28424
-32870	-30136	-27269
-32863	-29239	-28631
-32835	-29401	-28218
-32807	-30177	-27635
-32799	-29645	-27874
-32797	-30456	-27081
-32751	-29328	-28806
-32741	-29607	-28252
-32684	-29431	-28442
-32642	-30126	-28669
-32533	-30188	-27965
-32524	-30544	-28443
-32464	-30074	-29085
-32463	-30721	-27663
-32407	-30657	-29092
-32306	-30714	-28040
-32305	-30794	-28208
-32282	-30944	-28611
-32255	-30758	-28779
-32232	-31114	-28020
-32211	-30063	-29198
-32165	-31217	-27656
-32135	-31198	-27788
-32128	-31150	-28874
-32114	-31261	-28395
-32093	-30850	-28988
-32084	-31242	-28527
-32031	-31167	-28943
-32029	-31181	-28873
-32016	-31470	-28863
-31987	-31653	-28490
-31978	-31604	-28616
-31973	-28980	-29403
-31957	-31634	-28622
-31956	-29806	-29203
-31955	-31581	-28853
-31952	-29937	-29682
-31922	-30746	-28998
-31904	-31559	-29038
-31888	-31684	-28489
-31887	-30348	-29735
-31872	-30994	-29183
-31863	-31165	-29180
-31817	-30638	-29372
-31802	-31276	-29170
-31775	-32077	-28366
-31769	-31135	-29525
-31766	-30616	-29557
-31751	-31254	-29355
-31743	-32005	-28729
-31701	-31027	-29610
-31698	-29118	-30059
-31682	-29258	-29880
-31681	-29944	-29859
-31656	-31605	-28751
-31633	-31566	-29215
-31631	-31760	-28918
-31631	-30192	-30044
-31597	-30674	-29733
-31583	-31814	-29400
-31580	-32236	-27980
-31560	-31886	-29027
-31495	-30623	-29734
-31492	-30653	-29909
-31491	-30296	-30107
-31480	-31261	-29532
-31474	-32065	-28675
-31464	-31875	-29176
-31457	-30353	-30023
-31449	-30839	-29628
-31431	-32252	-28394
-31429	-32199	-28625
-31407	-31225	-29543
-31399	-32180	-28757
-31384	-31250	-29681
-31377	-31410	-29524
-31362	-31575	-29431
-31335	-32287	-28032
-31326	-32537	-27391
-31326	-30932	-29695
-31311	-31570	-29493
-31293	-29158	-30253
-31285	-32089	-28834
-31285	-29892	-30231
-31281	-31399	-29673
-31276	-31894	-28942
-31270	-32698	-28085
-31268	-32099	-28803
-31264	-32854	-27346
-31262	-30451	-29993
-31247	-32223	-28587
-31224	-32200	-28824
-31224	-31105	-29841
-31213	-31734	-29429
-31209	-31270	-29748
-31197	-29147	-30402
-31196	-30300	-30033
-31189	-29881	-30380
-31180	-32263	-28608
-31173	-32178	-29009
-31171	-32125	-29240
-31145	-30268	-30190
-31136	-30360	-30012
-31133	-32345	-28300
-31128	-31094	-29990
-31116	-29174	-30462
-31105	-32378	-28690
-31103	-31779	-29408
-31095	-32813	-27835
-31095	-32718	-28152
-31088	-31538	-29570
-31083	-32798	-28123
-31082	-31653	-29475
-31051	-30612	-30245
-31039	-31685	-29451
-31030	-29982	-30386
-31023	-31949	-29623
-31012	-32624	-28700
-31e3	-32021	-29250
-31e3	-31041	-30114
-30985	-31679	-29912
-30953	-31114	-30057
-30947	-32151	-29083
-30922	-32698	-28301
-30908	-32818	-28190
-30904	-32010	-29399
-30902	-32185	-29186
-30897	-30488	-30246
-30882	-32452	-29239
-30879	-32874	-27819
-30852	-32433	-29371
-30847	-30736	-30431
-30829	-32505	-28998
-30814	-31575	-29922
-30771	-33018	-27621
-30763	-32513	-29015
-30759	-31219	-30111
-30747	-32718	-28368
-30737	-29863	-30629
-30733	-32494	-29147
-30729	-32147	-29556
-30710	-32833	-28308
-30698	-32818	-28596
-30692	-32974	-27857
-30653	-31869	-29652
-30653	-31844	-29729
-30648	-31854	-29708
-30641	-32006	-29901
-30628	-30986	-30196
-30580	-32189	-29464
-30575	-31362	-29933
-30555	-31306	-30008
-30554	-30617	-30674
-30550	-32018	-29644
-30542	-33081	-27778
-30537	-32718	-28774
-30531	-32874	-28035
-30518	-31222	-30046
-30510	-31773	-29986
-30506	-29099	-30700
-30500	-31539	-30046
-30470	-32821	-28410
-30447	-33155	-27631
-30439	-32692	-29080
-30437	-32093	-29798
-30423	-29827	-30753
-30417	-33112	-28513
-30372	-32398	-29379
-30363	-33263	-27364
-30362	-32833	-28524
-30351	-32272	-29446
-30350	-32818	-28812
-30308	-32611	-29126
-30239	-30779	-30359
-30221	-33336	-28140
-30217	-29423	-30877
-30167	-31130	-30382
-30091	-32692	-29296
-30065	-33293	-28456
-30059	-30785	-30642
-30034	-30177	-30922
-29917	-31653	-30046
-29894	-33377	-27662
-29878	-33393	-28494
-29836	-29014	-30927
-29760	-31256	-30296
-29755	-29041	-30987
-29671	-33034	-28636
-29551	-33434	-28016
-29539	-30345	-30890
-29484	-30348	-30702
-29425	-33490	-27164
-29344	-28265	-31029
-29260	-29209	-30955
-29201	-33497	-27355
-29138	-30359	-30924
-29109	-32839	-28689
-29023	-33612	-27060
-28988	-30369	-30850
-28985	-27761	-31117
-28966	-29216	-31186
-28881	-33685	-27836
-28684	-33726	-27120
-28652	-30436	-30812
-28647	-28105	-31196
-28643	-30527	-30892
-28638	-27409	-31242
-28504	-29401	-31305
-28464	-29486	-31164
-28276	-33745	-26866
-27617	-29492	-31227
-27608	-29583	-31307
-27606	-33965	-26285
-27575	-33975	-25751
-27523	-28544	-31319
-27514	-28635	-31399
-27351	-33982	-25942
-27285	-28402	-31578
-27204	-28209	-31613
-27155	-33843	-26347
-26832	-28496	-31617
-26823	-28587	-31697
-26661	-28760	-31580
-26214	-27443	-31707
-25936	-28678	-31619
