-31251	-27660	-24612
-31220	-27784	-25029
-31085	-28064	-24302
-31054	-28188	-24719
-30955	-27449	-25351
-30868	-28042	-24724
-30866	-28166	-25630
-30861	-27594	-26173
-30855	-28351	-25277
-30752	-28733	-25436
-30743	-28210	-25623
-30742	-27995	-26101
-30685	-28425	-25444
-30683	-29010	-24560
-30667	-28388	-25860
-30615	-29137	-25615
-30569	-29577	-24366
-30564	-28632	-26045
-30501	-28733	-25878
-30491	-28966	-26086
-30489	-29424	-25165
-30482	-29013	-26377
-30471	-27480	-26579
-30445	-26573	-26895
-30437	-28050	-26630
-30398	-29115	-26037
-30381	-29476	-24975
-30366	-27389	-26678
-30358	-28842	-26848
-30345	-29697	-24620
-30345	-29195	-25445
-30342	-29533	-24859
-30327	-29716	-24923
-30303	-28944	-26997
-30299	-29857	-25307
-30297	-30058	-24474
-30284	-27770	-27010
-30274	-29364	-25425
-30274	-28156	-27056
-30236	-28996	-26495
-30231	-28496	-27e3
-30220	-29526	-26091
-30215	-29959	-24967
-30208	-29558	-25856
-30135	-28516	-27045
-30113	-29377	-27139
-30091	-30504	-24844
-30057	-29902	-25565
-30014	-29972	-26461
-30006	-27522	-27791
-29960	-28476	-27224
-29957	-30529	-25841
-29945	-28126	-27275
-29920	-30153	-26077
-29908	-30185	-25842
-29906	-30024	-26271
-29892	-28859	-27253
-29855	-30093	-26339
-29843	-30125	-26104
-29832	-27660	-27473
-29806	-29105	-27463
-29805	-28328	-27616
-29804	-30628	-25287
-29804	-29880	-26488
-29796	-30074	-26789
-29749	-29662	-26843
-29739	-30631	-26169
-29718	-30259	-26468
-29708	-29756	-27207
-29706	-30291	-26233
-29688	-30126	-26599
-29686	-30883	-24912
-29675	-30335	-26714
-29663	-30367	-26479
-29661	-30816	-25848
-29658	-28391	-27648
-29657	-27620	-27652
-29624	-29858	-26867
-29619	-30915	-24908
-29618	-30892	-26094
-29616	-29538	-27605
-29614	-27804	-27749
-29606	-30651	-26257
-29578	-30935	-24722
-29567	-30387	-26524
-29553	-30321	-26810
-29542	-30383	-26525
-29541	-30353	-26575
-29540	-30075	-26815
-29530	-30415	-26290
-29528	-30692	-26610
-29525	-30054	-27013
-29523	-28180	-27800
-29515	-31036	-24555
-29500	-30361	-26796
-29496	-31316	-25054
-29496	-30878	-26190
-29495	-29789	-27339
-29484	-27046	-27926
-29473	-29414	-27636
-29457	-30437	-27042
-29448	-28287	-27741
-29445	-30469	-26807
-29443	-30918	-26176
-29439	-27764	-27928
-29439	-27722	-27980
-29418	-30886	-26454
-29411	-28613	-27650
-29406	-30960	-26167
-29406	-30918	-26219
-29400	-30994	-26422
-29399	-31007	-25355
-29377	-29434	-27681
-29363	-30994	-26465
-29361	-31443	-25834
-29352	-30816	-26667
-29349	-30489	-26852
-29337	-29277	-28023
-29335	-30423	-27138
-29324	-30485	-26853
-29323	-30455	-26903
-29319	-29913	-27396
-29316	-30165	-27591
-29310	-30794	-26938
-29278	-30980	-26518
-29267	-31014	-26510
-29260	-29447	-27768
-29242	-29773	-27612
-29241	-30980	-26561
-29228	-31319	-26596
-29227	-30475	-26948
-29211	-29917	-27673
-29202	-29394	-27860
-29201	-30438	-27068
-29195	-30416	-27325
-29183	-30448	-27090
-29174	-30449	-27031
-29163	-28186	-28153
-29162	-27415	-28157
-29154	-30474	-27053
-29152	-30282	-27622
-29145	-31e3	-26606
-29142	-27613	-28220
-29138	-30973	-26705
-29134	-30918	-26995
-29134	-29777	-27889
-29129	-30442	-27331
-29129	-30346	-27538
-29120	-27743	-28430
-29101	-31096	-26829
-29100	-27893	-28673
-29087	-30468	-27135
-29067	-31323	-26420
-29062	-30709	-27015
-29047	-30034	-27704
-29027	-31534	-25145
-29024	-31727	-25118
-29012	-29763	-27985
-29008	-29519	-28163
-29007	-30695	-27228
-29005	-30506	-27303
-29002	-30123	-27771
-29001	-27967	-28346
-28984	-30818	-27156
-28972	-31319	-26622
-28965	-30559	-27362
-28915	-31450	-25184
-28912	-29368	-28594
-28911	-30544	-27659
-28906	-31783	-25330
-28906	-29972	-28202
-28902	-31343	-26814
-28894	-30004	-27967
-28890	-31419	-25999
-28874	-30988	-26918
-28872	-31526	-25430
-28868	-28600	-28617
-28849	-31425	-26748
-28844	-30907	-27136
-28844	-30811	-27343
-28841	-31062	-27291
-28839	-30335	-27679
-28796	-30191	-27785
-28754	-31421	-26950
-28751	-30716	-27400
-28750	-31512	-25526
-28750	-31491	-26847
-28749	-27545	-28680
-28747	-30661	-27690
-28742	-30089	-28233
-28730	-31676	-25458
-28730	-30121	-27998
-28722	-30797	-27439
-28717	-30321	-27775
-28700	-30211	-27830
-28692	-28724	-28674
-28680	-31066	-27115
-28675	-30452	-27710
-28671	-29801	-28245
-28660	-31145	-26956
-28656	-31132	-27194
-28654	-31340	-27278
-28654	-30901	-27321
-28653	-27565	-28725
-28651	-30518	-27789
-28638	-27981	-28719
-28634	-28061	-28748
-28628	-31477	-26943
-28625	-27538	-28935
-28623	-31623	-26495
-28621	-30437	-28007
-28620	-28916	-28834
-28614	-30954	-27380
-28606	-30624	-27927
-28598	-31660	-25559
-28587	-31762	-25832
-28585	-31062	-27317
-28576	-31813	-25437
-28567	-32104	-25635
-28560	-30939	-27677
-28555	-30367	-28220
-28532	-31326	-27374
-28521	-29415	-28363
-28513	-31834	-25861
-28510	-30644	-27972
-28507	-29747	-28662
-28502	-29157	-28816
-28499	-30423	-28103
-28496	-29761	-28424
-28492	-30940	-27476
-28490	-31457	-27309
-28485	-30885	-27852
-28480	-31710	-26056
-28473	-30055	-28386
-28462	-31168	-27443
-28462	-30272	-28277
-28459	-28021	-28927
-28457	-30554	-28038
-28443	-31689	-26199
-28439	-30980	-27462
-28438	-30925	-27773
-28435	-27907	-29060
-28434	-32022	-26345
-28434	-31980	-26397
-28433	-30716	-27910
-28433	-30353	-28316
-28428	-30144	-28453
-28412	-29603	-28829
-28411	-29767	-28707
-28405	-31725	-26823
-28399	-29799	-28472
-28396	-31056	-27708
-28393	-31136	-27622
-28391	-30484	-28251
-28372	-31477	-26969
-28368	-31443	-27405
-28367	-31164	-27645
-28367	-28535	-29109
-28363	-31234	-27542
-28363	-30871	-27948
-28351	-30041	-28482
-28348	-29868	-28540
-28335	-30604	-28151
-28311	-30702	-28006
-28310	-31834	-26417
-28306	-30130	-28549
-28281	-28422	-29304
-28280	-30648	-28145
-28274	-31042	-27804
-28269	-30470	-28347
-28267	-31083	-27973
-28267	-30987	-28180
-28264	-30261	-28484
-28263	-29716	-28923
-28241	-32530	-25431
-28241	-32488	-25483
-28241	-31220	-27638
-28236	-29727	-28886
-28234	-31457	-27335
-28216	-32124	-26673
-28211	-30034	-28669
-28173	-30682	-28372
-28168	-30110	-28915
-28156	-30142	-28680
-28154	-31579	-27297
-28153	-31432	-27526
-28145	-31069	-28069
-28145	-30973	-28276
-28142	-30247	-28580
-28131	-31179	-27710
-28119	-31988	-26799
-28115	-28853	-29016
-28112	-31443	-27431
-28083	-29781	-28952
-28076	-31581	-26963
-28067	-32144	-26317
-28054	-31498	-27625
-28051	-30668	-28468
-28048	-29781	-29080
-28047	-31765	-27040
-28046	-30096	-29011
-28035	-31797	-26805
-28035	-31199	-27755
-28034	-30128	-28776
-28032	-30645	-28609
-28023	-32632	-25759
-28016	-31601	-27611
-28016	-31559	-27663
-28009	-31165	-27806
-27992	-32638	-25139
-27991	-31813	-26919
-27990	-32322	-26420
-27990	-32280	-26472
-27984	-28313	-29368
-27978	-30181	-28728
-27973	-29889	-29194
-27964	-31742	-27107
-27960	-32124	-26699
-27960	-32082	-26751
-27951	-30192	-28691
-27939	-31817	-26850
-27934	-32528	-25830
-27926	-28884	-29355
-27913	-31185	-27851
-27910	-30631	-28705
-27906	-31812	-26977
-27899	-32819	-24281
-27894	-31545	-27759
-27890	-31615	-27656
-27885	-31043	-28199
-27880	-32533	-25786
-27866	-32134	-26492
-27863	-32232	-26847
-27862	-28299	-29464
-27860	-31159	-27934
-27857	-30776	-28402
-27856	-30167	-28824
-27847	-32409	-25981
-27846	-32662	-25458
-27829	-31867	-27368
-27829	-30178	-28787
-27817	-31899	-27133
-27811	-29925	-29054
-27810	-32657	-25580
-27796	-31214	-28055
-27794	-31464	-28087
-27789	-30892	-28630
-27774	-30286	-28798
-27772	-32424	-26748
-27767	-28693	-29456
-27766	-31175	-28221
-27762	-32878	-25406
-27761	-30561	-28816
-27758	-29899	-29137
-27743	-30987	-28240
-27733	-32010	-27254
-27733	-30206	-28920
-27725	-29049	-29316
-27709	-31732	-27601
-27700	-32441	-26315
-27700	-31063	-28486
-27695	-30491	-29029
-27691	-28713	-29398
-27685	-32953	-25216
-27677	-32533	-26342
-27674	-29202	-29262
-27670	-31528	-28059
-27667	-31241	-28320
-27667	-31145	-28527
-27663	-29874	-29270
-27658	-32020	-27011
-27636	-29885	-29233
-27614	-32051	-27147
-27603	-32999	-25284
-27590	-32662	-25484
-27580	-31600	-27979
-27574	-32146	-27154
-27574	-32104	-27206
-27573	-31868	-27394
-27573	-30840	-28719
-27571	-30994	-28958
-27568	-30268	-29262
-27559	-29745	-29449
-27554	-32657	-25606
-27546	-31879	-27357
-27546	-31022	-28594
-27543	-28662	-29614
-27541	-32724	-25496
-27540	-28297	-29681
-27538	-31464	-28113
-27525	-32665	-25941
-27520	-31834	-27432
-27517	-31915	-27273
-27514	-32544	-26055
-27513	-32697	-25706
-27491	-32858	-25630
-27491	-32636	-26082
-27477	-32010	-27280
-27477	-31235	-28505
-27460	-30320	-29072
-27453	-31732	-27627
-27453	-31690	-27679
-27435	-32879	-25820
-27421	-32533	-26368
-27421	-32491	-26420
-27418	-28283	-29777
-27414	-31528	-28085
-27406	-32635	-26140
-27403	-29182	-29486
-27392	-32236	-26846
-27391	-31677	-27811
-27384	-31253	-28309
-27381	-32420	-26817
-27381	-31084	-28936
-27380	-32573	-26468
-27378	-30339	-29075
-27364	-28421	-29738
-27358	-32512	-26844
-27356	-32248	-27482
-27351	-30350	-29038
-27346	-32702	-26140
-27336	-32759	-25934
-27336	-30823	-29001
-27332	-33061	-25390
-27331	-32441	-27032
-27326	-29042	-29702
-27324	-32641	-26516
-27320	-31566	-28441
-27312	-30269	-29288
-27301	-33227	-25755
-27294	-32287	-27250
-27285	-30280	-29251
-27282	-32020	-27581
-27260	-30587	-29034
-27259	-32112	-27608
-27255	-32125	-27656
-27242	-28407	-29834
-27233	-32833	-26417
-27227	-31794	-27842
-27226	-32543	-26669
-27220	-30645	-29139
-27219	-32300	-27378
-27203	-32635	-26696
-27193	-29090	-29513
-27190	-26992	-29899
-27179	-31186	-28514
-27170	-32351	-27222
-27164	-31166	-28712
-27161	-30783	-29180
-27146	-30913	-28979
-27136	-32480	-26894
-27102	-32512	-26870
-27100	-32248	-27508
-27100	-32206	-27560
-27097	-28961	-29858
-27083	-31596	-27988
-27083	-31206	-28559
-27077	-32879	-25828
-27076	-32431	-27526
-27068	-32641	-26542
-27068	-26978	-29995
-27057	-33230	-25271
-27056	-30199	-29407
-27046	-31936	-27786
-27037	-32227	-27984
-27036	-33265	-24986
-27020	-31783	-28085
-27017	-32738	-26436
-27010	-33143	-25782
-27004	-32847	-26274
-27003	-32356	-27656
-26994	-33331	-25104
-26987	-32533	-26790
-26977	-32833	-26443
-26977	-32791	-26495
-26973	-27372	-29987
-26971	-30873	-29158
-26963	-31999	-28083
-26946	-31180	-28941
-26929	-29976	-29640
-26924	-31803	-28130
-26914	-32812	-26919
-26910	-31355	-28663
-26907	-32522	-27171
-26905	-30783	-29206
-26884	-32614	-27198
-26877	-33386	-24864
-26867	-33044	-25809
-26862	-28790	-29901
-26858	-33261	-25171
-26845	-30326	-29331
-26844	-32735	-27070
-26843	-31845	-28313
-26843	-30641	-29262
-26823	-31562	-28450
-26821	-32879	-25854
-26820	-32431	-27552
-26820	-32389	-27604
-26802	-31885	-28413
-26793	-33102	-25878
-26789	-31533	-28591
-26784	-33107	-26106
-26782	-32843	-26744
-26781	-32227	-28010
-26770	-33194	-25905
-26765	-33245	-25210
-26759	-32935	-26771
-26750	-33236	-25778
-26742	-30792	-29314
-26723	-30312	-29427
-26717	-31099	-29097
-26703	-33310	-25710
-26699	-33382	-25049
-26696	-29273	-29893
-26683	-31228	-28769
-26673	-29977	-29666
-26658	-32812	-26945
-26657	-33251	-25956
-26650	-33423	-24862
-26643	-32006	-28291
-26630	-31669	-28491
-26607	-28218	-29907
-26605	-33396	-25228
-26603	-32981	-26182
-26589	-31272	-28756
-26546	-32759	-26949
-26546	-31885	-28439
-26533	-33478	-24622
-26533	-31533	-28617
-26531	-31865	-28637
-26514	-33152	-25983
-26502	-33604	-24843
-26486	-29181	-29920
-26485	-32389	-27658
-26473	-33374	-25317
-26463	-32822	-27246
-26461	-30425	-29355
-26460	-30419	-29521
-26450	-31905	-28484
-26449	-32909	-27045
-26440	-32914	-27273
-26436	-31683	-28713
-26429	-32951	-26918
-26406	-33043	-26945
-26387	-32006	-28317
-26384	-33363	-25525
-26377	-31321	-28850
-26372	-30707	-29445
-26371	-32016	-28232
-26361	-33641	-24508
-26354	-33188	-26217
-26347	-29045	-29971
-26335	-33441	-25105
-26330	-30119	-29813
-26319	-33204	-26232
-26307	-30888	-29319
-26299	-32098	-28049
-26296	-33296	-26259
-26295	-33370	-25502
-26275	-31865	-28663
-26272	-33462	-25529
-26252	-33504	-25402
-26237	-32277	-27855
-26225	-33484	-25403
-26225	-29292	-29942
-26214	-32369	-27882
-26180	-32498	-27554
-26118	-33104	-26422
-26113	-33343	-25749
-26082	-31417	-28992
-26074	-30120	-29839
-26058	-33654	-24219
-26043	-32098	-28075
-26040	-31694	-28706
-26035	-33746	-24246
-26033	-29638	-29878
-26017	-33400	-25712
-26016	-33462	-25555
-26016	-33420	-25607
-25995	-27915	-30322
-25974	-33276	-26392
-25951	-33177	-26669
-25943	-33647	-24302
-25941	-30190	-29564
-25938	-33598	-25270
-25934	-32552	-27926
-25929	-31015	-29176
-25929	-30973	-29228
-25927	-33635	-24915
-25904	-33727	-24942
-25900	-32681	-27598
-25896	-33006	-27066
-25894	-31241	-28995
-25891	-33549	-25705
-25888	-32627	-27661
-25877	-32144	-28013
-25862	-33135	-26738
-25845	-30039	-29995
-25832	-30219	-29677
-25821	-33472	-25856
-25798	-33564	-25883
-25797	-31391	-29091
-25795	-32744	-27297
-25765	-33254	-26544
-25765	-33212	-26596
-25759	-30173	-29680
-25738	-33192	-26597
-25710	-33837	-23615
-25710	-31961	-28485
-25695	-33177	-26695
-25695	-33135	-26747
-25684	-29600	-30198
-25673	-31016	-29202
-25630	-30104	-30152
-25626	-33051	-26943
-25612	-33653	-25158
-25612	-30250	-29525
-25582	-32240	-28155
-25570	-33264	-26845
-25526	-32295	-28098
-25519	-33668	-25336
-25517	-31513	-28814
-25503	-33794	-24024
-25445	-31079	-29320
-25437	-33829	-24201
-25410	-30135	-3e4
-25399	-33339	-26343
-25394	-32064	-28158
-25379	-30676	-29635
-25376	-33569	-25363
-25355	-33784	-24793
-25318	-33845	-23768
-25305	-33106	-26864
-25303	-33359	-26388
-25302	-33331	-26653
-25297	-32214	-28254
-25293	-33632	-25660
-25289	-32382	-27950
-25280	-28799	-30370
-25268	-33460	-26325
-25261	-31513	-28840
-25240	-33745	-24812
-25164	-33941	-23770
-25159	-30707	-29483
-25119	-33700	-24998
-25109	-33796	-24869
-25098	-31658	-28900
-25086	-33888	-24896
-25069	-33022	-27069
-25063	-33688	-25611
-25013	-33235	-26971
-25005	-34062	-23648
-24949	-33439	-26827
-24914	-31992	-28513
-24900	-29302	-30325
-24896	-33552	-25979
-24893	-33921	-23994
-24868	-33492	-25987
-24819	-27401	-30433
-24801	-34025	-23941
-24765	-33603	-26036
-24761	-32336	-28003
-24698	-34133	-23215
-24649	-31210	-29255
-24575	-27762	-30503
-24549	-32761	-27588
-24517	-33672	-26274
-24444	-32496	-27967
-24443	-33077	-27480
-24424	-33972	-25043
-24405	-33531	-26620
-24244	-33996	-24067
-24242	-27886	-30404
-24195	-34117	-23596
-24173	-33764	-26032
-24149	-32033	-28418
-23960	-33643	-26400
-23851	-33808	-25798
-23848	-33502	-26746
-23844	-31793	-28956
-23745	-34108	-24158
-23712	-34296	-24056
-23660	-32127	-28569
-23616	-33735	-26158
-23494	-33900	-25147
-23408	-34028	-24708
-23391	-34011	-25196
-23368	-34103	-25223
-23294	-33779	-25924
-22862	-34012	-25371
-22750	-33871	-25717
-22540	-34457	-22693
