-30427	-22738	-26674
-30419	-22036	-27440
-30405	-22558	-27784
-30378	-22743	-26700
-30346	-23418	-27429
-30342	-22866	-27509
-30324	-22827	-28635
-30312	-23071	-27497
-30296	-22960	-27959
-30282	-23567	-27412
-30264	-23831	-27233
-30252	-23098	-27607
-30247	-23657	-28704
-30234	-23742	-27824
-30226	-24168	-27109
-30225	-24021	-28963
-30219	-22894	-28991
-30205	-24397	-27481
-30156	-24402	-27507
-30147	-24238	-28777
-30142	-23724	-29060
-30101	-24485	-28442
-30090	-24730	-28304
-30079	-23816	-29276
-30078	-23873	-29043
-30051	-24027	-28972
-30044	-22971	-29286
-30040	-24129	-29085
-30030	-24757	-28414
-30026	-24879	-28287
-30022	-24773	-28542
-29996	-24552	-28798
-29993	-22422	-29564
-29981	-25157	-27750
-29980	-24299	-28944
-29974	-25070	-27757
-29967	-23453	-29341
-29947	-24973	-27914
-29946	-24094	-29328
-29914	-25097	-27867
-29909	-23764	-29454
-29880	-25131	-28325
-29876	-25504	-27221
-29872	-24649	-28595
-29869	-25137	-28113
-29865	-24206	-29380
-29863	-23797	-29425
-29845	-24086	-29516
-29843	-25061	-28875
-29828	-25322	-27795
-29822	-25508	-27679
-29821	-25099	-28715
-29818	-22499	-29859
-29816	-23833	-29706
-29813	-24245	-29089
-29809	-25164	-28223
-29778	-25576	-28026
-29771	-24641	-29245
-29760	-23291	-29823
-29755	-24349	-29536
-29750	-23835	-29819
-29749	-23875	-29711
-29736	-24952	-29183
-29728	-25118	-28556
-29723	-25389	-28151
-29720	-24425	-29552
-29720	-23622	-29901
-29716	-25646	-28190
-29707	-24790	-29228
-29701	-24798	-29357
-29686	-25396	-28352
-29678	-23593	-30084
-29672	-24052	-29633
-29671	-25467	-28334
-29658	-23696	-29848
-29649	-25717	-27426
-29648	-24240	-29844
-29641	-23910	-30001
-29636	-25350	-28586
-29625	-24436	-29558
-29622	-24273	-30042
-29618	-25655	-28565
-29613	-24316	-29860
-29603	-26139	-27831
-29589	-25382	-28674
-29586	-24749	-29367
-29578	-24979	-29064
-29576	-25377	-28696
-29572	-25499	-28569
-29568	-25393	-28824
-29560	-26032	-27919
-29558	-25682	-28675
-29558	-23613	-30098
-29553	-24343	-29970
-29551	-25203	-29054
-29545	-25805	-28387
-29542	-25172	-29080
-29532	-25874	-28201
-29528	-24521	-29594
-29526	-24919	-29226
-29520	-25503	-29055
-29518	-24935	-29354
-29515	-24164	-30350
-29514	-23681	-30445
-29513	-24421	-29637
-29512	-25526	-28679
-29503	-24710	-29488
-29495	-24726	-29616
-29492	-25237	-29439
-29485	-24839	-29619
-29474	-24402	-29935
-29472	-25901	-28311
-29470	-25045	-29585
-29468	-26023	-28184
-29450	-24513	-29853
-29449	-24570	-29620
-29448	-25660	-29152
-29434	-23400	-30469
-29430	-25685	-28412
-29426	-25751	-28607
-29424	-23944	-30465
-29418	-26390	-27702
-29418	-23470	-30640
-29414	-26284	-27957
-29413	-25394	-29363
-29411	-24826	-29662
-29402	-24714	-29799
-29399	-24743	-29877
-29389	-25681	-29157
-29389	-24020	-30481
-29369	-26071	-28194
-29368	-26128	-27961
-29367	-25954	-28284
-29363	-24936	-29893
-29362	-24453	-29988
-29358	-26417	-27812
-29350	-26433	-27940
-29341	-23647	-30562
-29340	-24784	-29963
-29339	-23758	-30740
-29337	-24857	-29981
-29329	-24047	-30591
-29320	-25316	-29423
-29319	-25987	-28948
-29318	-25399	-29530
-29305	-26220	-28177
-29305	-24120	-30527
-29301	-24969	-29818
-29296	-24455	-30101
-29291	-23868	-30971
-29290	-25714	-29057
-29282	-25572	-29465
-29279	-25999	-28433
-29276	-26464	-28259
-29272	-26358	-28514
-29269	-24558	-29986
-29268	-24941	-30060
-29266	-25045	-29834
-29266	-24242	-30183
-29265	-25412	-29725
-29232	-24604	-30084
-29220	-26502	-27900
-29216	-25647	-29274
-29210	-24504	-30543
-29207	-26571	-27714
-29203	-26566	-28475
-29201	-25699	-29303
-29195	-26301	-28636
-29194	-24860	-30126
-29187	-24530	-30283
-29186	-25046	-29837
-29177	-24819	-30134
-29169	-26355	-28567
-29168	-24893	-30324
-29165	-26249	-28822
-29162	-26879	-27254
-29159	-25314	-29813
-29159	-24936	-30142
-29157	-26122	-29016
-29156	-26698	-27967
-29145	-26943	-27829
-29143	-26593	-28585
-29139	-24640	-30514
-29132	-23248	-31208
-29122	-23792	-31204
-29115	-26616	-28340
-29109	-25538	-29582
-29107	-25664	-29546
-29105	-26414	-28965
-29099	-24963	-30252
-29097	-25823	-29336
-29096	-26457	-28783
-29092	-25135	-29962
-29088	-25603	-29575
-29073	-25677	-29511
-29068	-24338	-30806
-29061	-24784	-30632
-29058	-25276	-30086
-29053	-24588	-30712
-29051	-26967	-27066
-29051	-26765	-28323
-29047	-23900	-30919
-29041	-25967	-29199
-29038	-26834	-28137
-29020	-25022	-30217
-29018	-26521	-28593
-29014	-26643	-28466
-29002	-26422	-29026
-29001	-24943	-30625
-28998	-26305	-29273
-28980	-26500	-28693
-28978	-26861	-28247
-28977	-25388	-30138
-28970	-26894	-28239
-28970	-24564	-30747
-28962	-26647	-28952
-28959	-23214	-31325
-28951	-27161	-27772
-28948	-25847	-29803
-28945	-25363	-30159
-28941	-25953	-29443
-28937	-25917	-29596
-28937	-24043	-31075
-28936	-26568	-29040
-28935	-24640	-30763
-28932	-25989	-29304
-28931	-24523	-31010
-28918	-24646	-30722
-28914	-25495	-30013
-28912	-26189	-29482
-28908	-25060	-30482
-28901	-25786	-29872
-28888	-24750	-30749
-28886	-26110	-29570
-28885	-26820	-28385
-28883	-25353	-30381
-28883	-24064	-31087
-28878	-26945	-28394
-28876	-24779	-30881
-28873	-25527	-29957
-28866	-27016	-28194
-28859	-27237	-26896
-28853	-26526	-29107
-28851	-26735	-28764
-28844	-25858	-29696
-28840	-23390	-31387
-28837	-24488	-31253
-28836	-26334	-29339
-28830	-23934	-31383
-28823	-26758	-28519
-28822	-27084	-28541
-28820	-25898	-29924
-28818	-26978	-28796
-28814	-26665	-29314
-28813	-25554	-30067
-28792	-26233	-29532
-28786	-26241	-29342
-28780	-23417	-31497
-28774	-26009	-29894
-28772	-25441	-30193
-28770	-23961	-31493
-28766	-25418	-30265
-28762	-25730	-30044
-28761	-24730	-30891
-28760	-26020	-29598
-28758	-27194	-27888
-28758	-24489	-31127
-28756	-25221	-30606
-28756	-24600	-31305
-28743	-24723	-31017
-28741	-27196	-28593
-28739	-25572	-30308
-28738	-26351	-29573
-28737	-27105	-28634
-28733	-25012	-30868
-28732	-25666	-30119
-28724	-25551	-30424
-28721	-25067	-30780
-28715	-26975	-28849
-28712	-24142	-31334
-28711	-26884	-28890
-28711	-26869	-29104
-28705	-25934	-30095
-28700	-26270	-29765
-28691	-25094	-30946
-28688	-26089	-29832
-28683	-24750	-31127
-28667	-23356	-31504
-28664	-27218	-27125
-28658	-25697	-30438
-28655	-27197	-28206
-28653	-27261	-28244
-28649	-27050	-28658
-28646	-25695	-30542
-28635	-25238	-30809
-28615	-25422	-30624
-28614	-24958	-31088
-28612	-26038	-29960
-28611	-27265	-28553
-28610	-26037	-30221
-28609	-25311	-30686
-28605	-26163	-29969
-28600	-26080	-30084
-28591	-25495	-30560
-28583	-24566	-31422
-28569	-26275	-29806
-28559	-27285	-27481
-28558	-27366	-27739
-28555	-25705	-30499
-28555	-25475	-30657
-28553	-27542	-26725
-28551	-27524	-27186
-28549	-27551	-27948
-28547	-23327	-31619
-28540	-23988	-31433
-28536	-24213	-31485
-28531	-26096	-30186
-28526	-27120	-28975
-28526	-24757	-31481
-28520	-25551	-30673
-28519	-25817	-30336
-28517	-26900	-29214
-28516	-25434	-30920
-28515	-26298	-29579
-28515	-25700	-30583
-28505	-23834	-31607
-28503	-23122	-31744
-28498	-25001	-30998
-28495	-25732	-30609
-28494	-26383	-29521
-28493	-25971	-30392
-28493	-23666	-31740
-28491	-26679	-29470
-28487	-26573	-29725
-28483	-26260	-30243
-28481	-25638	-30716
-28476	-26662	-29505
-28476	-24240	-31595
-28470	-27107	-29199
-28460	-25578	-30783
-28443	-26336	-29928
-28441	-24924	-31205
-28437	-26115	-30255
-28435	-24635	-31555
-28433	-24133	-31683
-28431	-26706	-29580
-28430	-26240	-30264
-28424	-27407	-28356
-28424	-25987	-30494
-28423	-24677	-31679
-28422	-27447	-27955
-28422	-25399	-31163
-28421	-25665	-30826
-28420	-27474	-28717
-28420	-26649	-29729
-28413	-26341	-29812
-28412	-25708	-30644
-28410	-26791	-29522
-28409	-27482	-28458
-28408	-27539	-28225
-28408	-25167	-31237
-28406	-27216	-28796
-28397	-26340	-30181
-28386	-25741	-30842
-28374	-25529	-31024
-28364	-26014	-30604
-28362	-27284	-29143
-28360	-27628	-27939
-28360	-26441	-29950
-28356	-27623	-28700
-28351	-26849	-29256
-28350	-26818	-29632
-28345	-27631	-28441
-28344	-26866	-29331
-28343	-25400	-31037
-28341	-25511	-31215
-28333	-26394	-29951
-28314	-26539	-29842
-28314	-26184	-30476
-28314	-25556	-31134
-28313	-27365	-29025
-28312	-26826	-29673
-28310	-25753	-30638
-28309	-27154	-29439
-28308	-26337	-30538
-28301	-26475	-30335
-28296	-24e3	-31751
-28295	-27330	-29125
-28294	-26559	-29757
-28291	-27239	-29166
-28286	-24544	-31747
-28282	-23768	-31825
-28281	-26490	-29976
-28281	-25035	-31462
-28280	-26860	-29482
-28279	-25632	-31150
-28276	-26005	-30856
-28270	-26574	-29799
-28259	-27666	-27365
-28259	-26696	-29969
-28251	-27531	-28793
-28249	-27716	-27751
-28249	-27514	-29008
-28249	-26064	-30789
-28246	-26811	-29820
-28240	-26347	-30535
-28231	-25259	-31231
-28223	-24207	-31773
-28220	-26149	-30719
-28213	-23976	-31786
-28212	-27646	-28301
-28203	-25644	-30946
-28197	-27720	-28237
-28195	-26715	-29904
-28185	-26518	-30245
-28184	-27130	-29474
-28183	-27589	-28817
-28181	-26108	-30982
-28180	-26234	-30701
-28168	-25477	-31332
-28166	-24391	-31916
-28146	-26577	-30119
-28140	-27198	-29821
-28139	-26702	-30128
-28135	-26742	-30014
-28134	-27231	-29734
-28133	-27869	-28220
-28131	-27627	-28614
-28129	-26435	-30347
-28129	-25807	-31005
-28127	-25655	-31157
-28118	-23932	-31993
-28116	-25309	-31416
-28115	-26323	-30570
-28112	-22907	-32046
-28085	-26858	-30060
-28084	-26413	-30541
-28080	-25519	-31355
-28077	-26868	-29896
-28077	-26593	-30221
-28075	-27703	-28361
-28069	-26462	-30457
-28068	-27643	-29006
-28058	-25865	-31116
-28057	-27986	-27581
-28056	-25336	-31526
-28051	-24441	-32101
-28047	-27733	-28288
-28043	-28149	-27231
-28035	-26400	-30590
-28032	-28157	-26972
-28031	-26879	-30072
-28031	-26283	-30837
-28025	-26885	-30170
-28020	-25546	-31465
-28020	-24534	-31868
-28018	-25044	-31593
-28017	-26799	-30402
-28008	-26074	-31099
-28008	-25588	-31589
-28004	-27792	-28989
-28004	-26970	-30112
-27994	-27347	-29470
-27988	-26094	-31014
-27981	-26421	-30602
-27975	-26427	-30700
-27965	-27245	-29739
-27962	-25929	-31111
-27961	-24444	-31971
-27960	-26479	-30729
-27958	-26481	-30487
-27956	-25938	-31322
-27956	-24935	-31686
-27954	-26512	-30642
-27950	-26993	-29885
-27944	-26997	-30222
-27937	-27827	-28557
-27937	-25008	-31608
-27932	-26119	-31129
-27931	-27796	-29078
-27929	-26611	-30583
-27928	-26291	-30898
-27926	-26325	-30795
-27922	-26154	-31037
-27919	-27315	-29647
-27918	-26776	-30478
-27910	-27535	-29187
-27909	-24799	-31884
-27908	-26068	-31183
-27906	-26818	-30602
-27894	-26539	-30752
-27884	-27888	-28810
-27883	-27435	-29282
-27876	-25096	-31682
-27868	-26318	-31008
-27863	-27893	-28405
-27862	-27950	-28172
-27860	-27215	-29758
-27856	-26956	-30367
-27856	-26360	-31132
-27850	-26962	-30465
-27849	-24826	-31994
-27846	-27365	-29832
-27843	-27693	-29598
-27835	-25797	-31336
-27833	-26151	-31394
-27820	-25083	-31906
-27816	-26698	-30656
-27814	-27399	-29641
-27813	-26171	-31309
-27810	-26499	-30849
-27808	-25118	-31683
-27806	-24719	-32082
-27804	-27084	-29834
-27803	-26826	-30663
-27799	-28042	-28388
-27794	-28168	-27821
-27793	-27235	-30128
-27791	-28147	-27947
-27783	-26558	-30782
-27781	-27439	-29843
-27780	-27496	-29610
-27770	-27697	-29687
-27770	-24929	-32021
-27754	-27981	-28485
-27747	-25087	-31995
-27745	-27007	-30504
-27743	-26853	-30773
-27742	-25578	-31710
-27738	-27782	-29110
-27733	-27027	-30349
-27726	-27206	-30304
-27712	-25260	-31850
-27708	-25823	-31750
-27707	-27500	-29699
-27691	-28318	-27520
-27691	-27705	-29112
-27690	-28130	-28468
-27684	-26889	-30564
-27683	-26569	-30879
-27677	-27014	-30573
-27673	-27387	-29918
-27672	-27870	-29047
-27671	-28243	-27768
-27669	-24586	-32150
-27664	-26516	-30984
-27656	-26012	-31418
-27651	-28131	-28184
-27647	-26406	-31017
-27642	-26860	-30747
-27640	-26137	-31426
-27639	-23775	-32174
-27636	-25352	-32011
-27635	-26576	-31144
-27630	-27813	-29423
-27619	-27397	-30219
-27614	-26058	-31514
-27613	-26344	-31150
-27612	-27903	-29748
-27612	-27496	-29919
-27611	-27234	-30348
-27611	-26893	-30653
-27608	-27405	-29960
-27608	-25064	-32089
-27606	-24249	-32176
-27605	-25445	-31778
-27603	-27001	-30616
-27592	-26402	-31277
-27587	-28280	-28167
-27583	-28081	-28541
-27577	-26780	-30872
-27576	-23918	-32221
-27571	-28414	-27341
-27565	-27418	-30231
-27564	-28096	-28688
-27559	-27424	-30329
-27558	-27104	-30644
-27554	-26085	-31624
-27554	-25073	-32027
-27550	-26839	-30805
-27546	-27493	-30143
-27543	-28109	-28770
-27543	-22827	-32480
-27542	-28166	-28537
-27542	-26613	-31258
-27540	-24577	-32463
-27535	-26751	-31055
-27515	-26960	-30761
-27512	-27288	-30527
-27506	-26235	-31458
-27504	-26784	-30961
-27503	-27584	-29999
-27493	-26236	-31329
-27489	-28036	-28833
-27486	-28568	-26919
-27485	-26293	-31585
-27482	-27642	-30126
-27479	-28258	-28753
-27468	-26986	-30696
-27465	-27987	-29223
-27463	-25561	-31758
-27462	-26830	-31057
-27452	-27315	-30637
-27452	-26002	-31683
-27447	-28162	-28757
-27443	-25338	-32043
-27441	-26716	-31298
-27439	-28316	-28236
-27435	-28057	-28845
-27435	-26861	-30778
-27433	-28142	-28930
-27429	-27701	-30081
-27419	-28285	-28863
-27419	-27024	-30735
-27412	-26297	-31674
-27412	-25431	-31810
-27403	-25588	-31868
-27402	-26857	-31167
-27394	-24726	-32112
-27392	-27031	-30743
-27391	-25630	-31992
-27390	-25237	-32195
-27381	-28116	-29066
-27379	-27319	-30726
-27377	-28656	-26999
-27369	-26336	-31495
-27368	-26720	-31387
-27366	-28155	-29159
-27360	-26828	-31350
-27353	-27387	-30340
-27347	-24563	-32495
-27344	-27038	-31008
-27339	-28242	-28990
-27338	-28299	-28757
-27337	-25876	-31769
-27335	-24598	-32272
-27331	-28347	-28549
-27329	-26861	-31256
-27327	-28171	-29065
-27323	-26019	-31702
-27322	-28016	-29177
-27320	-27696	-30212
-27312	-28176	-29171
-27304	-27888	-29832
-27299	-27408	-30352
-27296	-26340	-31584
-27293	-27414	-30450
-27292	-27094	-30765
-27281	-27498	-30677
-27277	-27044	-30918
-27274	-28041	-29361
-27273	-23368	-32513
-27271	-27500	-30313
-27270	-27238	-30742
-27267	-28496	-28532
-27267	-27566	-30508
-27263	-28346	-28826
-27261	-26513	-31439
-27251	-27020	-31160
-27247	-27700	-30301
-27246	-25799	-32009
-27234	-25834	-31786
-27219	-26283	-31706
-27217	-27108	-31038
-27214	-28366	-28828
-27205	-27405	-30702
-27203	-25125	-32309
-27200	-27965	-29737
-27195	-26429	-31441
-27195	-26347	-31635
-27195	-25997	-31713
-27194	-27570	-30597
-27191	-28278	-29059
-27185	-27137	-30821
-27183	-25259	-32102
-27177	-28200	-29366
-27175	-26706	-31419
-27173	-25803	-32098
-27170	-25846	-32004
-27168	-26294	-31813
-27166	-28784	-27284
-27162	-27588	-30393
-27159	-27289	-30879
-27155	-28008	-29487
-27155	-26724	-31432
-27151	-27426	-30714
-27144	-27112	-31127
-27139	-25984	-31937
-27137	-28205	-29122
-27136	-27048	-31204
-27136	-26847	-31288
-27130	-26855	-31290
-27130	-25129	-32398
-27128	-27258	-30933
-27127	-28427	-29042
-27127	-28012	-29994
-27126	-28597	-27948
-27125	-28654	-27715
-27125	-25620	-32113
-27121	-26759	-31538
-27106	-28527	-28884
-27102	-28247	-29435
-27098	-27296	-31010
-27090	-27232	-31087
-27088	-27924	-30339
-27083	-28262	-29582
-27080	-27592	-30453
-27077	-27182	-31251
-27074	-25116	-32622
-27068	-27650	-30609
-27067	-26429	-31790
-27062	-28746	-27931
-27053	-27272	-31206
-27046	-25583	-32143
-27040	-26774	-31617
-27039	-26054	-31821
-27039	-25289	-32477
-27038	-27323	-31120
-27031	-26161	-31881
-27030	-28650	-27935
-27028	-23148	-32653
-27027	-26724	-31781
-27026	-28768	-27521
-27025	-28825	-27288
-27020	-28016	-29674
-27018	-28545	-28023
-27018	-27666	-30430
-27013	-25709	-32131
-27006	-28033	-29660
-27005	-26802	-31448
-27004	-28791	-27580
-27001	-27556	-30629
-26997	-26100	-31917
-26988	-25487	-32181
-26980	-27487	-30810
-26980	-26801	-31727
-26980	-25789	-32130
-26970	-28296	-29077
-26970	-26975	-31303
-26969	-28284	-29170
-26966	-28764	-27865
-26966	-28328	-29651
-26966	-25293	-32566
-26965	-28385	-29418
-26962	-28917	-27504
-26961	-28503	-29004
-26957	-28654	-28024
-26956	-26292	-31837
-26946	-26836	-31833
-26944	-28099	-29719
-26937	-26127	-32027
-26934	-28689	-27978
-26923	-27539	-30654
-26923	-27025	-31291
-26917	-27964	-30630
-26910	-28461	-29506
-26906	-27704	-30695
-26905	-27519	-30843
-26902	-28442	-29581
-26897	-26979	-31392
-26897	-26263	-31870
-26893	-28768	-27954
-26885	-27133	-31271
-26882	-28118	-30133
-26871	-26415	-31928
-26870	-27038	-31325
-26870	-24244	-32646
-26863	-27052	-31401
-26857	-27600	-30792
-26853	-27574	-30991
-26849	-28312	-29877
-26845	-27510	-31068
-26837	-27720	-30797
-26828	-25741	-32228
-26823	-28543	-28601
-26816	-28149	-29894
-26814	-28953	-27573
-26812	-27137	-31360
-26807	-23559	-32658
-26805	-28612	-28747
-26798	-28250	-30072
-26798	-26419	-32017
-26797	-24248	-32735
-26796	-27607	-30923
-26795	-27052	-31598
-26787	-27262	-31327
-26779	-28097	-30151
-26774	-28766	-28237
-26773	-28823	-28004
-26772	-27514	-31157
-26760	-28635	-28817
-26755	-28892	-28150
-26755	-25745	-32317
-26742	-28032	-30272
-26740	-28627	-29426
-26735	-28538	-29801
-26728	-27761	-30742
-26722	-27056	-31687
-26720	-28693	-28300
-26716	-26863	-31773
-26710	-28915	-28220
-26707	-25994	-32243
-26706	-28716	-28594
-26699	-25732	-32541
-26696	-28749	-28747
-26692	-28696	-28767
-26678	-28146	-30202
-26678	-27303	-31272
-26670	-27239	-31349
-26664	-27237	-31528
-26654	-28027	-30281
-26646	-28727	-29486
-26646	-28050	-30206
-26634	-27980	-30347
-26631	-27681	-30833
-26625	-28016	-30498
-26624	-27783	-30688
-26623	-28327	-30367
-26623	-26369	-32211
-26605	-26405	-32049
-26604	-24234	-32767
-26601	-28745	-28967
-26597	-27243	-31438
-26588	-26542	-32066
-26583	-29080	-27132
-26579	-27500	-31189
-26574	-27954	-30693
-26569	-26615	-31988
-26565	-26700	-32040
-26562	-23687	-32812
-26559	-27302	-31373
-26557	-29089	-26717
-26552	-28772	-28348
-26551	-27885	-30904
-26549	-28816	-28829
-26548	-28873	-28596
-26547	-26504	-32084
-26544	-28991	-28182
-26540	-28030	-30464
-26534	-28078	-30439
-26529	-27042	-31719
-26525	-27664	-31160
-26522	-26026	-32340
-26521	-27599	-31224
-26518	-27907	-30806
-26515	-26546	-32155
-26507	-26881	-31881
-26500	-27163	-31529
-26500	-25832	-32725
-26493	-28066	-30745
-26486	-29020	-27522
-26485	-28930	-28759
-26471	-27223	-31560
-26471	-27141	-31754
-26467	-27845	-31001
-26462	-29138	-26473
-26461	-28998	-27698
-26457	-29116	-27284
-26457	-28956	-28686
-26456	-29173	-27051
-26453	-28781	-29036
-26447	-29161	-27348
-26444	-27150	-31753
-26443	-29011	-27642
-26443	-27608	-31275
-26440	-24398	-32935
-26432	-28800	-29055
-26431	-27518	-31551
-26424	-27701	-31011
-26408	-28804	-29106
-26404	-28133	-30730
-26402	-28157	-30377
-26399	-28031	-30988
-26397	-29112	-27628
-26393	-29265	-27267
-26392	-26909	-31787
-26390	-28201	-30561
-26383	-29275	-27278
-26360	-27707	-31118
-26359	-28155	-30734
-26354	-28412	-29831
-26341	-28570	-29602
-26340	-29052	-27656
-26332	-26610	-32162
-26331	-24439	-32880
-26330	-29145	-27574
-26323	-29115	-28604
-26322	-26532	-32187
-26316	-27734	-31085
-26315	-26076	-32249
-26306	-27705	-31302
-26296	-28593	-29672
-26296	-27856	-31101
-26296	-24960	-32749
-26292	-27922	-31296
-26289	-29204	-27772
-26289	-25936	-32462
-26288	-29271	-27498
-26284	-29379	-27125
-26278	-28662	-29818
-26277	-28719	-29585
-26270	-28340	-29896
-26267	-27444	-31552
-26266	-27276	-31615
-26256	-27247	-31832
-26251	-28471	-30398
-26244	-26515	-32212
-26242	-28880	-29068
-26240	-24551	-32776
-26225	-29318	-27702
-26224	-27008	-32019
-26223	-29006	-28981
-26223	-24964	-32838
-26209	-27625	-31393
-26202	-26576	-32237
-26197	-27067	-31952
-26187	-28753	-29450
-26187	-28081	-30759
-26184	-25941	-32346
-26183	-28819	-29645
-26168	-28207	-30672
-26160	-29128	-28098
-26159	-27167	-31923
-26122	-26062	-32281
-26108	-27941	-31090
-26104	-28064	-30905
-26100	-29398	-26919
-26096	-27851	-31366
-26095	-29330	-27637
-26094	-26299	-32608
-26063	-24870	-32871
-26062	-28268	-30510
-26060	-26934	-32020
-26059	-29429	-27717
-26054	-27606	-31435
-26046	-27393	-31896
-26043	-28394	-30423
-26036	-29269	-28214
-26032	-29093	-28730
-26030	-24950	-32870
-26018	-29050	-28761
-26013	-28547	-29952
-25978	-26878	-32135
-25973	-28689	-29739
-25954	-28527	-30053
-25952	-26657	-32391
-25950	-27949	-31165
-25946	-28314	-30514
-25924	-29058	-28780
-25923	-29207	-28588
-25920	-29211	-28419
-25919	-29360	-28227
-25911	-29147	-28688
-25889	-26320	-32417
-25876	-28663	-29922
-25861	-29150	-28996
-25860	-29207	-28763
-25860	-28627	-30113
-25855	-28106	-30992
-25852	-28414	-30574
-25849	-26615	-32408
-25848	-25580	-32757
-25842	-28604	-30218
-25841	-28753	-30026
-25831	-27126	-31961
-25827	-27192	-32156
-25827	-26672	-32202
-25821	-29471	-27284
-25819	-23010	-33070
-25806	-29494	-28159
-25805	-27648	-31522
-25802	-27956	-31104
-25797	-24860	-32992
-25792	-28146	-30748
-25788	-28891	-29614
-25767	-25184	-32766
-25757	-25155	-32983
-25744	-28137	-30945
-25734	-29596	-26386
-25719	-29619	-27261
-25680	-28304	-30605
-25677	-28143	-30855
-25660	-29599	-27362
-25655	-25566	-32789
-25643	-27211	-31950
-25619	-28324	-30696
-25615	-25861	-32780
-25601	-29538	-27939
-25598	-23656	-32995
-25596	-29035	-29130
-25589	-28477	-30225
-25557	-26042	-32621
-25552	-25176	-32792
-25544	-23610	-33064
-25543	-29557	-27810
-25538	-28958	-29464
-25537	-29015	-29231
-25529	-28894	-29733
-25511	-23736	-33052
-25509	-29646	-26977
-25500	-27491	-31638
-25483	-29302	-28627
-25475	-29089	-29088
-25475	-28502	-30458
-25470	-27981	-31337
-25468	-25193	-32879
-25438	-23740	-33141
-25432	-29716	-26002
-25428	-24251	-33105
-25424	-29241	-29204
-25417	-28683	-30299
-25401	-29703	-27068
-25400	-29760	-26835
-25382	-25771	-32902
-25375	-27678	-31389
-25354	-28977	-29258
-25337	-29852	-27051
-25299	-29321	-28421
-25245	-23726	-33173
-25209	-26328	-32663
-25209	-24284	-33126
-25204	-29122	-29432
-25197	-29691	-27521
-25188	-23826	-33208
-25161	-29304	-28855
-25106	-25938	-32666
-25096	-26554	-32636
-25040	-29358	-28813
-24963	-29366	-28359
-24941	-29514	-28206
-24858	-29972	-26414
-24830	-24637	-33083
-24681	-29675	-27679
-24665	-29550	-28337
-24584	-29647	-27840
-24583	-29704	-27607
-24542	-29457	-28382
-24349	-29857	-27085
-24244	-29985	-26500
-23928	-29470	-28468
-23438	-30022	-25989
