-709	169	5	121
-708.0360824742268	-355.07731958762884	-144.56701030927837	-117.9896907216495
-702.6932194340629	-222.0957821676455	-212.16828617191672	70.75985050720769
-699.5	-225.21428571428572	-209.28571428571428	71.78571428571428
-672	-243	121	-186
-664.304641237283	28.91744170781317	108.03317305963996	-146.62734656979475
-647.7098703888335	243.70638085742772	312.3730059820539	-220.7845214356929
-644	246	312	-218
-637.3539296794208	-534.806359875905	135.01318510858326	286.33040330920375
-636	-536	134	287
-631	-391	169	-146
-613	-67	-198	59
-611	-431	-262	-98.5
-610	-98	48	-188
-593.0271192765202	-311.0633716798848	-350.95137610849304	26.906881410475847
-591.9356587089521	78.95846151151211	-384.3658918259265	88.67232424823469
-583.7650103519669	-542.8053830227743	-149.8871635610766	-139.02173913043478
-582	-540	-150	-139
-579	-101	-82	-288
-579	-40	-27	-315
-572.0714953118433	-518.2156004327368	-95.88852499770884	-181.33018928544718
-564	-131	460	-420
-560.105527638191	-336.07035175879395	-111.40954773869348	-316.3492462311558
-559.982477067994	-238.96330879025956	-200.3064456418905	-108.31475463781828
-555.0157480314961	-441.59842519685037	-322.86614173228344	-129.0708661417323
-555	-439	-324	-127
-554	-122	249	-549
-552.8160617486409	16.378066078251102	210.86425744281001	-554.7759873046346
-552.375	-439	-320.9375	-130.5
-552.1428571428571	-356.42857142857144	-223.14285714285714	-202.85714285714286
-551.9488411531938	-345.27133973996604	187.73572639909554	-253.39711701526286
-550.2333333333333	-354.2333333333333	-223.06666666666666	-203.06666666666666
-550	83	-10	-491
-546	-89	176	-372
-536.7227180915254	-551.9847730518911	169.72699977441633	-204.1635534885396
-536.2985972238929	-551.6429130678146	169.56399206468205	-204.7641132665062
-532.9827124612926	-263.96817755382693	132.87697664722842	-362.389971766697
-531.4594429592553	-52.548633941944914	-129.70720664353564	-309.4217014580134
-530.6449665690701	-376.76897437539435	99.79465357074244	-185.2936210909328
-528.2360546587626	-252.1080405035778	140.29383323629307	-364.5617802110185
-527.9928920479787	-369.80008884940025	100.00222123500666	-185.9715681919147
-527	-265	142	-352
-527	79	-156	-471
-526.8264705882352	-371.8941176470588	101.69117647058823	-185.7235294117647
-525.0518525144568	-369.4701722883171	-174.34894430474526	-257.8183774204865
-521	-245	121	-373
-520.5570327690895	-491.20343198654405	-306.62395471734123	-77.88962650156867
-517	-115	109	-357
-516.2985504805692	11.390461253152566	-524.1033092017295	8.271153112591385
-515	190	-352	-51
-511	90	150	-517
-505.3909171061111	-61.419939518505174	-269.3351122901057	-281.3041055938322
-505	-565	-130	223
-500.5	-63.35714285714286	-258.1428571428571	-283.35714285714283
-498	-431	63	-496
-497.70989581621586	-473.53123870246816	-69.8698852992408	-301.26328589739376
-496	-360	-329	235
-495.5130495873783	-292.46375396346355	-144.7628669115955	-286.8000958080559
-493	-545	148	111
-491.64391405313415	-286.58470402320535	-148.34125986100284	-408.8071414199844
-491.2646696283476	-218.22781632211547	-496.4312465725168	20.802798335689594
-490.2941176470588	-218.94117647058823	-489.61764705882354	22.264705882352942
-489	152	431	-599
-488	-287	-144	-408
-488	-283	-258	-223
-487.9130434782609	-288.5652173913044	-147.26086956521738	-407.82608695652175
-485	-549	158	120
-481	-63	-30	-531
-480	71	192	-695
-477.0550201942602	-349.8074229446323	-173.44993831745313	-339.06269624453705
-472	94	-557	260
-469	-199	-532	-258
-468.89815817984834	-413.7540628385699	-365.8564463705309	-281.5195016251354
-468	-559	-4	101
-467.48196248196246	-201.3809523809524	-531.5844155844156	-259.83549783549785
-466.6879365832933	-407.49198518648484	-360.7522830048799	-281.5675879530962
-465	-490	-307	74
-463	-621	-202	-50
-462.86960249658944	-290.9080510842738	-335.0719088564357	-398.89720313948203
-459	-412	36	-303
-459	-99	-186	-426
-458.7576179839751	-184.58982766040288	149.38974159306542	-580.2234267095637
-458.5739619709679	-63.46687829368669	74.42715779894972	-511.50930041059246
-458.5	-185.5	154	-579.5
-458	101	135	-544
-457.65517241379314	-183.77586206896552	-540.3793103448276	-149.56896551724137
-457	-183	-540	-150
-448.3666666666667	-193.63333333333333	-41.33333333333334	-612.4333333333334
-441.44444444444446	-226.06998556998556	-369.72799422799426	63.98845598845597
-439.3333333333333	-225.66666666666666	-370.3333333333333	65.11111111111109
-439	109	-577	265
-435.7355482696122	-234.65962640066238	-540.7944021455273	-61.10025409303988
-434.63564760793463	-228.61464410735124	-542.5385064177362	-62.20215869311552
-433.5591541287613	-346.6776154653604	-205.1890089223233	-410.2234954513646
-433	-119	-575	317
-429	-350	-379	144
-428	-342	-192	-412
-423	-547	-42	-176
-418	-85	83	-645
-416	-738	154	57
-412	-345	229	-657
-409.6426735218509	-143.69408740359899	-401.84061696658097	-341.6323907455013
-409	-143	-402	-341
-403.18976135488833	-80.42205542725173	-569.5406081601232	237.34526558891454
-402	-249	-553	156
-401.53521877758203	-115.45451077129457	-77.29004469544711	-466.17449630112753
-400.87011400651465	69.14291530944627	-101.29438110749186	-438.66530944625407
-399.6348947123296	-189.08926612045224	-535.2753966894189	-134.07197337981347
-399.1864558365828	-576.1548909479006	-353.8958966837191	12.381151695107254
-399	-75	-572	243
-398.55167154632176	-449.8171527306677	-255.36438688797955	-312.855682155077
-398	-134	393	-698
-397.8666666666667	-572.7333333333333	-355	11.6
-397.5810810810811	-572.2972972972973	-356.56756756756755	13.067567567567568
-397	-264	-373	-37
-395.83396833298235	-115.80581136362184	-52.074495988972075	-500.8353595884947
-395.82077922077923	-448.56103896103895	-327.36883116883115	-103.69350649350649
-395	-507	-268	-331
-394.4932259902873	-391.6644514807325	-432.21691075033993	29.008217254099
-393.4	-448.8	-323.6	-104.8
-392.44110805667157	-222.66800592091352	-28.307887502643254	-451.85684076971876
-391	142	-561	237
-389.16434301659274	-421.54854252827744	-276.61712093278186	-450.8307588818576
-389	-696	142	-16
-387.88	-420.1333333333333	-276.3466666666667	-452.05333333333334
-386	-646	-182	312
-386	-645	-182.03333333333333	313.83333333333337
-381.3420114207466	-356.4425563073236	-450.3585482053452	109.79432909057195
-379.9742735386832	-244.34852132441867	190.5354192677687	-555.2194167446319
-379	-17	243	-713
-378	-638	127	273
-377.4914818204563	-537.1899941655803	-107.30462475494458	-488.9408243732152
-376.8902195608782	-506.62075848303397	-167.22954091816368	-416.6706586826347
-376.65646048948724	-278.93488449832626	-403.2997844717545	-80.73310116209136
-376.6388101983003	-506.8583569405099	-167.24787535410763	-416.6671388101983
-375.6	-536.4	-107.8	-485.73333333333335
-372.0087077423543	-205.1795682524739	-400.6364640315608	-206.7918449767791
-371.43351829693233	-345.21828553646014	-334.4375682108059	-286.3698658356453
-371	-738	88	252
-371	-737	87.96666666666667	253.83333333333334
-370.6004962779156	-344.48883374689825	-333.6004962779156	-286.5558312655087
-369.8707696955443	-262.2186510184289	-189.2138701347752	-511.5846788529881
-369.7037069961724	-262.46418649819856	-189.00794897457038	-511.7152857080771
-367	-438.7105263157895	-298.6578947368421	-221.36842105263153
-365.5990575351823	-256.61612970365195	-409.1342558743949	-411.0995191614945
-365.2248517763226	-261.77701309801523	-439.6966742281467	-88.8337223936619
-364	-121	203	-706
-363.71377223384025	-574.6371623139418	33.12671208963479	-390.67480860073965
-363.3133640552996	-258.94470046082955	-187.04147465437788	-512.9447004608295
-363	-257	-407	-409
-362.2678689908921	-466.30454189034316	-564.7507388865432	-113.39694794619699
-362	-135	-68	-606
-361.66666666666663	-542.3333333333334	-62	-227
-361	-548	-145	-346
-361	-509	-235	-101
-361	-478	-332	-121
-360.5	-466.5	-563	-110.625
-359.78843606121507	-368.12657573344643	-445.9837004251746	-187.96994975347835
-352.03410915389617	-575.8155855627745	34.62237229028676	-379.9538838024319
-352	-630	-96	88
-352	-288	453	-663
-349	-9	234	-712
-345.93685507739434	-552.0325463701818	-62.32794738847868	-239.32815472740043
-342.35856845285537	-261.13204900834614	88.58077171671809	-523.382166938339
-342	-91	-612	164
-341.03950134975594	-578.9409205704613	-65.47600111687123	-187.55160691324463
-339.69184205624884	-593.7122369156267	-260.70273794002605	-32.32603836841122
-339	-263	99	-508
-337.5342465753425	-263.2602739726027	100.23287671232876	-518.5890410958905
-333.8291077305415	-394.83712440567945	-534.0304664871417	-134.50156104079352
-333.6470588235294	-590.8235294117648	-257.6470588235294	-35.05882352941177
-333.63548724567113	-395.6797876396914	-534.172958280781	-130.409683317201
-332.9518994260727	-364.1311833834381	-334.0174911177918	-368.01147854605085
-331.9786055590817	-197.87883070069338	-383.01808917044895	-438.7904925571536
-331.29248197734296	-391.91040164778576	-532.4582904222451	-135.20597322348095
-330.68297872340423	-394.6436170212766	-528.0489361702128	-136.67021276595744
-330.3440622876692	-391.4134902312941	-416.6604177676411	-245.4868359882545
-330.3394894079305	-395.942422596415	-407.89733840304183	-245.8549701249321
-329.6	-198.4	-383	-436.8
-323.7817657680489	-404.7535717679856	-444.7872461748028	-228.6020527766338
-317	-173	134	-663
-316	-243	89	-723
-315.7639028307569	-224.1698918700981	-593.9962916935594	-0.37623465034901926
-315.7382753403934	-221.5673222390318	-595.0196671709531	0.957639939485631
-315.50000000000006	-578.4473684210526	-20.315789473684205	-190.3421052631579
-315	-342	-44	-688
-309.2490000004473	-84.78635985848362	-508.26312401560097	-270.8107539428522
-309.24634146341464	-101.14512195121952	-561.6202090592335	-117.80365853658537
-308	-47	-609	90
-307.2637350461124	-423.92543234156733	-204.9476500049779	-377.8887985464658
-307.1262616135285	-396.67923267161285	-402.3548559588263	-230.72094111356193
-306.2349529578554	-297.54298234308544	-486.6696739270525	-221.16484083000387
-305.81395485165905	-500.6557240399528	-310.94011502980027	-286.8794017617899
-305.6847536354903	-385.438456109354	-143.94551469551962	-494.66847271406033
-305	-419	-283	-447
-304.92698116484434	-327.21046054580347	-378.91756887954045	-262.48561683615395
-303.8858131487889	-383.79238754325263	-140.46020761245674	-495.93771626297575
-303.1082006505735	-417.75719054956346	-289.87378017462765	-462.65695086457794
-303	-384	-139	-495
-303	-80	-509	-267
-302.80194805194805	-421.55519480519484	-287.0454545454545	-459.43181818181813
-302.70606335387635	-511.3626868346663	-341.2058166957392	-272.4710567083028
-302.66350710900474	-417.99052132701416	-289.6255924170616	-462.5734597156398
-301.3230769230769	-509.9384615384615	-340.86153846153843	-273.1692307692308
-297.81762596765975	-378.63732780307873	-63.27904057767027	-545.050006538697
-296.5790172642762	-607.7343957503319	-406.8061088977424	-222.18857901726426
-294	-376	-59	-548
-293.93333333333334	-644.8	-339.2	-237.33333333333337
-293.8	-376.15	-59.150000000000006	-548.4
-293.7646671061305	-532.7275324104593	-422.4994506701824	-387.13205888815645
-293.6872863297051	-383.33118146831447	-25.925933953563998	-533.9447213561797
-293.1272264631043	-381.529262086514	-21.956743002544528	-534.0534351145038
-292	-201	-169	-516
-287.3204168771319	-471.36009591631534	12.043117248523771	-508.2611402591509
-285	-670	97	-59
-282.5474888369506	-300.50606832326423	-501.6172076682826	-197.40472132082903
-282.47407112269934	-337.0715359715408	-607.7930377375492	-0.3964564964692272
-282	-154	-64	-547
-282	181	-84	-549
-280.2058823529412	-735.3823529411765	-71.32352941176471	-295.5
-279.3281613653995	-412.1869666408069	-445.06516679596587	-348.68347556245146
-278	-464	11	-506
-275.22669633081165	-244.52976535705088	-470.537435856202	-236.15169746933788
-274.12926563549894	-439.1187104097489	-606.2655226402417	-268.11414517675763
-271.92587312900923	-436.6386315039202	-605.2088382038489	-269.35495367070564
-270.1538461538462	-439.7692307692308	-599.3846153846154	-266.7692307692308
-268.56393846153844	-314.0301538461539	-575.5447384615384	-382.6694153846154
-267.36842105263156	-311.3157894736842	-575.2105263157895	-384.7894736842105
-267.1192660550459	-316.27828746177374	-574.2599388379206	-377.7645259938838
-267.09507513478377	-380.03115321378044	-302.00881352043746	-483.2855026192024
-266.23778501628664	-379.19048329479244	73.8556497666824	-537.3034233726478
-266	-463	27	-515
-263	-188	-136	-547
-261.6363636363636	-379.5454545454545	79.9090909090909	-538.7272727272727
-259.15922705171994	-578.9177303218434	-188.10011740474874	-363.50720994994526
-257.35737704918034	-524.4475409836066	-435.3049180327869	-264.51967213114756
-256.08699554111246	-525.5182323155985	-441.3489022823458	-265.67405154171706
-256.0825802430664	-525.2122156435026	-441.5082580243066	-265.8223745715176
-246	-315	-174	-584
-245	97	-641	-48
-244.43859649122808	96.91228070175438	-636.561403508772	-50.84210526315789
-241.100310819961	-373.38146011959634	-445.95919774186444	-395.18442392253155
-237.52712415021884	-433.11003892127525	-179.17054299503536	-493.28323686623185
-237.0801393728223	282.5331010452961	29.895470383275256	-696.2926829268292
-231.7573027883775	-461.3252309910529	-443.7886765335844	-234.7228463762934
-231.25576234481272	-596.6845811275988	-495.37500899777865	-173.8449664613034
-230.02188747808083	-501.50117254346856	119.35085458348298	-493.95981661842694
-228.34930674448248	-451.16649537108276	-292.69517817894973	-398.2843300682856
-227.616127203463	-458.26604216449346	-289.51238849121614	-389.7949474665805
-227	-452	-30	-523
-226.52542372881356	-449.1148168398032	-292.25041006014214	-398.7780207763805
-220.29912842970265	-664.4818545421765	-154.60085686225204	36.29647623701778
-219	-48	-635	136
-218	-428	-160	-496
-216	-661	-155	40
-213.5328907034982	-433.0187331033314	-194.63329509988327	-468.6413748510026
-213.36178458676727	-433.0390921261954	-194.40091223426685	-469.02880256417234
-211.6540346815973	-55.69173540465349	-609.2351152915583	-21.63494376616768
-208.81265902515173	-433.15031912652006	-181.19008929198543	-458.1473442374836
-208	-438	-183	-456
-208	-382	-35	-556
-202.36048261469617	-759.9783550085692	-46.17509451491571	62.1853226617209
-202	-175	-673	99
-199.11223742061554	-568.4460185637517	-429.7728382999511	-273.2490229604299
-194.2416787319737	-143.41088182477017	-317.78260485211683	-453.0146773921815
-190	-196	-679	222
-187	-415	-167	-583
-186.1759530791789	-415.791788856305	-168.9824046920821	-584.0527859237536
-185	-79	320	-744
-182	-465	36	-545
-180	-200	-54	-622
-175.28571428571428	-323.80357142857144	-613.1428571428571	9.428571428571416
-175.24194831013918	-324.1306825712392	-613.3037773359841	9.678131212723656
-173.94115117429047	-450.1147605080423	-426.6111259431318	-274.7889451128594
-173.22323939701144	-246.46020377145032	-545.8085897106935	-386.73615580423314
-172.22841549398117	-382.3922231453622	-327.9195156452422	-425.8030080600431
-171	-320	-614	12
-170.50306666954083	-497.79571701405087	-283.65517350679	-403.4251130791453
-170.5030666695408	-497.79571701405087	-283.65517350679	-403.4251130791454
-168	-514	-129	-510
-166.75075653370013	-382.48720770288855	-327.0365887207703	-425.69188445667123
-164	-706	-153	157
-159.64705882352942	-135.8235294117647	-607.6470588235294	-114.05882352941177
-147.25139113897302	-613.7075438472916	-426.16996548566595	-155.322110304994
-146	-219	-662	89
-145.38888888888889	-612.5	-424.8888888888889	-155.5
-142	-454	-569	47
-140.252539503386	-741.1021444695259	-440.6574492099323	-80.1594243792325
-139.5	-740.625	-439.875	-80.625
-138	-739	-437	-81
-135.87927163881267	-1.2172611623846379	-666.0326764779247	93.26091294587178
-134	3	-667	90
-133.86157981452578	-323.5168452166355	-533.8238371334919	-300.8897789021426
-133.35039553280598	-492.9953466728711	-183.06747324336902	-579.4067007910656
-127.1756623096955	-548.8992763421475	-201.31241861979169	-360.8864307892629
-121.48481308411215	-205.267523364486	-632.6378504672897	55.780373831775705
-119.28571428571428	-206	-625.2857142857143	55.85714285714283
-118.8271507498027	-485.55801104972375	-433.10812943962117	-447.80110497237564
-118.14285714285714	-486.42857142857144	-431.42857142857144	-445.2857142857143
-117.75	-489.25	-427.75	-441.75
-117.35294117647058	-487.3529411764706	-430.3529411764706	-444.5882352941176
-117	-206	-629	58
-105	-538	-265	-281
-97.94623015964768	-569.2205039681359	-510.0102625242313	-163.7557723754012
-94.42512015989594	-562.1351184149997	-513.3780238257641	-163.99685918687837
-88.02117156601645	-237.04797993566328	-637.6032029962296	39.58507631074559
-87	-136	-656	71
-83	-12	-627	-46
-81.61764705882352	-132.62156862745098	-660.4960784313726	77.24117647058823
-77.3282069253683	-369.0990782478429	-519.8050495150547	-309.1825308036978
-72.9	-551.4	-280.8	-565.6
-67.99710670639547	-370.63656777648225	-505.39491298527446	-309.8974824027292
-67.4074074074074	-143.11111111111111	-662.9259259259259	-84.88888888888889
-67	-252	271	-713
-66	-139	-665	-83
-55.7266553925497	-161.50346252009876	-669.8023383100262	41.05777111220763
-54	-160	-671	40
-47.97673065735893	-261.37987201861546	-602.9499709133216	-295.47469458987786
-47	-263	-600	-293
-46.56	-262.72	-600.44	-293.32
-39.605504587155956	-504.3761467889908	-533.6697247706422	-451.4862385321101
-32	-155	-661	12
-10	-183	-654	-93
2	39	-659	-92
13.473174597986663	-172.09573146816578	-622.9965600078441	-126.56513923388678
14.266670102839415	-172.465695162779	-622.9382441248272	-127.04124909203118
15	-294	-650	-7
16.97393538913362	-291.7107195301028	-651.2694566813509	-7.067547723935377
36	-297	-659	-161
46.6225093976779	-530.0016539747222	-308.5494662417498	-562.0960785582017
48.874015748031496	-530.6377952755906	-305.48818897637796	-561.724409448819
64	-48	-674	-45
97.16306682048098	-326.67453190167714	-358.1653740349632	-568.1466855976572
100	-327	-356	-567
101.56809943034696	-327.6918694976696	-356.1786639047126	-567.7151734852407
104	-259	-639	-168
223	-338	-651	-117
