-751	-13	-14	-37
-749.7722319859403	-13.308260105448156	-14.539543057996482	-37.723374340949036
-747.1495327102804	37.36448598130842	-665.5514018691589	156.17757009345792
-746.6289852412525	37.517081321945795	-665.8460530514044	156.17757009345792
-746.525250649833	37.51708132194578	-665.8954697363536	156.1500185666543
-744.96	38.696470588235286	-664.5654901960784	155
-744.352036199095	38.49079939668175	-664	155.50829562594268
-743.0833333333333	56.75000000000006	-92.91666666666667	-127.08333333333334
-743	-73	-282	-264
-740	-338	-96	178
-738	-146	-136	51
-737	-137	-75	-218
-731	-126	-117	-314
-724	-191	8	-74
-718	-495	14	154
-718	-347	-226	-281
-712	-351	-246	-101
-712	-298.6971586727547	-256.5014715103403	6.017564408016568
-708.1049292982689	-390.6143782212237	253.89612792388	-79.06303687062243
-704.0088122605364	-464.513282247765	-232.79489144316727	92.56143039591316
-704	-341	-100	-326
-700	-517	17	51
-699	-161	-272	-13
-698	-564	96	-134
-698	-230	-474	-246
-697.7777777777778	-516.7222222222222	14.222222222222229	51.27777777777777
-695.9823493573531	-562.0045162532332	92.99676498347203	-129.03864685345084
-695.707845087841	-421.85030868387855	-161.20447684192078	-389.8673856536668
-695	-237	-200	-336
-694.4181655147516	-424.7874862439808	-165.0157167977734	-392.03882108732233
-694	-373	-243	-204
-693.3675746177103	-566.6760282335878	90.99683144197877	-134.38770965198245
-690.2107615682963	-420.5634107680386	-166.74011702416738	-389.3510148877194
-689.966175270387	-421.30192395980066	-166.7245145256075	-389.2656301705222
-689.4311145357606	-422.0933725072183	-166.80756161311075	-388.85694724934996
-688	-173	-151	-472
-687	-235	-62	-405
-685.3772591591547	-173.7973105424952	-153.56201642484814	-470.2226636173277
-685	-273	-297	-97
-679	-241	-324	24
-675	-420	152	-394
-674	-273	-311	114
-674	-171	-529	-459
-673.8784229648095	-169.9058066832859	-529.7294622111427	-459.6078851759523
-673.6523426670364	-170.1527585250901	-529.903520931522	-459
-673.6119753492956	-170.80179695054787	-529.7294622111427	-458.570899771581
-673.5	-171	-529.4333333333334	-458.6444444444445
-673.4959349593496	-171.52845528455282	-529.8373983739838	-459.2032520325203
-673.4318111425453	-171.3992004705753	-529.7294622111427	-459.49818801714184
-673.2720673635308	-171	-529.8658536585366	-459.39663182346106
-668.8230095590873	-406.8772973178833	-529	-335.6324131033059
-668.2861867084732	-406.6456899296965	-528.169095852828	-337.2940744188325
-666.8908537682889	-405.44708296252156	-529.1023355648204	-328.5539552782717
-666.4582236974347	-403.81909684544326	-530.301368800816	-331.5970662778733
-666	-475	10	-335
-665.4065277795993	-403.1756240706467	-529.0103134090266	-333.105645844788
-664.4793912167125	-265.04740105563434	-543.4413678834361	-264.4675196009771
-664.4386332720612	-403.3599849298404	-529.0653724517429	-333.44188034195076
-664.0536517191612	-402.54477509994746	-530.0155452639219	-333.50409987477855
-663.8613022518057	-404.57596127673276	-528.1737297093013	-336.0734256957017
-663.7746639689799	-403.0906230016407	-529.713451325543	-334.2599368054141
-663.3882035738889	-165.1435264889637	-711.5280156858612	-146.37278987536172
-663.3877551020407	-165.30612244897958	-711.4897959183673	-146.26530612244898
-663.2111195158343	-403.04820114995687	-529.7374632436854	-332.68893195569945
-663.1729029028622	-403.6098541927931	-529.6084872266983	-333.7065685788253
-663.1566585075835	-404.19590342020456	-529.4647850363904	-334.560970584503
-663.1494974042583	-405.7023296671012	-531.8485913407012	-333.74810382323386
-663	-204	-100	-432
-662.9626104585243	-403.8590749900403	-529.9374805838108	-334.4830840819792
-662.7957040306583	-402.7334891694876	-530.4115311123239	-333.8536921053502
-662.6970516267679	-402.48457577068314	-530.501286335468	-333.77769951963694
-662.3540065121181	-402.58851381040336	-531.2152238030142	-333.86531816871184
-662.1534446174936	-162.27728180423466	-711.5760059082006	-142.75882319425045
-661.0842947286172	-405.824716963681	-529.7294622111427	-333.25667090734777
-660.982952281008	-405.88492409762773	-529.7294622111427	-332.63055067265856
-660	-496	-199	-112
-659.727153232111	-165.30612244897958	-704.8085805061883	-147.18239013965234
-659.4263387211446	-165.55021785087342	-705.7756851685243	-146.37278987536172
-658.6376160559862	-162.95581635365397	-711.6595612105393	-145.44529828630846
-657.4345793307838	-259.7041601917742	-544.1838168089496	-261.5970283875867
-656	-326	-95	-422
-652	-469	136	-380
-652	-406	-238	-368
-650.8513650151668	-407.1617795753286	-238	-368.2305358948433
-650.697141507736	-624.6144752731011	-193.9702342142146	-95.45164064124991
-650.6899693475577	-624.650497082298	-194.02401107976524	-95.3690595170988
-650.6899693475577	-424.1543041122501	-231.49703288605852	-217.8511316252991
-649.4880983520795	-407.4951608684279	-238.00000000000003	-366.393277530735
-647.8995581739507	-619.5526131825477	-185.96280998531603	-95.45164064124992
-647.2860456126788	-346.0335330498647	-572.8520487050638	143.37968689601854
-647	-290	-281	-385
-644.9983854230807	-620.2471639533507	-189.07839318620893	-95.45164064124994
-644.7920221350869	-624.1027209800095	-187.4588009343031	-95.45164064124994
-644	-429	-229	-219
-643.7453562191395	-478.5762990830002	-454.405831177992	-352.06607100869974
-642.537828551603	-478.85001669455306	-447.634243792704	-346.8427536312985
-642.3462713256089	-236.68951555515008	-502.8700319313931	-372.2507617918073
-641.1928487909224	-624.7069996659602	-193.9702342142146	-95.36905951709878
-640	-506.29526453245825	-270.8629970445125	-463.13058628642784
-639.9429090645895	-502.7953683737113	-272.97652702079023	-461.28825197609996
-639.8260380802616	-625.6206001037908	-191.71140812256988	-95.45164064124991
-639.6598481043864	-505.19185412243803	-269.92232909562847	-465.28028290236875
-639.3112674475171	-507.6216367922763	-273.3495116566254	-465.28028290236875
-639.0616069056041	-208.6214526876775	-586.3916021574321	210.26918864997205
-638.8440807769887	-478.7580438489629	-447.89679794506924	-349.61637496720726
-638.2711376909989	-478.77389436040426	-443.4516531345829	-347
-637.8318884564779	-480.02560172480446	-448.78685760987935	-346.2801271053634
-637.1248425482166	-479.1748245376026	-446.5101737608919	-347.10870435682284
-637.1018343723023	-501.57021451685364	-275.33625782141064	-459.554868306844
-637.0841109792386	-501.13628247827023	-275.02945570336277	-460.22008241939426
-637	-528.4285714285713	-486	-168.28571428571428
-636.970398970399	-528.4410124410124	-486	-168.26383526383526
-636.9701834862385	-528.4564220183486	-486	-168.27293577981652
-636.9050847457627	-527.0474576271187	-486	-168.45423728813557
-636.7962237762238	-528.792027972028	-484.79412587412594	-168.19538461538463
-636.7892307692308	-528.6723076923076	-485.6953846153847	-168.19538461538463
-636.6832173572709	-479.61242080874615	-447.52420902678995	-346.65770611511203
-636.4973389294721	-482.13518524191704	-447.64104331997453	-346.92288615740006
-636.3159263279798	-500.4088474267925	-273.64718926291556	-460.3200569721946
-636.2968449157727	-501.31925292012227	-276.4839697869829	-461.5200037170282
-636.0748559206951	-479.9656660253594	-449	-339.9786062054179
-635.9033585134724	-480.2095811738833	-448.6552724729926	-344.6008546733169
-635.7717647058823	-363.0167226890756	-197.58235294117645	-492.04890756302524
-635.6737506896206	-479.1866593713984	-451.17167701027637	-345.56570109998995
-635	-247	-592	7
-634.8550355511129	-501.8675034785405	-274.2759277086159	-461.3348317161349
-634.6386371968613	-504.6492165398096	-274.90615795723306	-463.4546853056367
-634	-167	-57	-605
-631	-403	-193	-503
-630.493126829449	-229.66611088468142	-682.1977595810639	-60.46526362592168
-629.6802852847605	-473.02905149809465	-631.936090619865	-33.924916966751596
-629.6802852847603	-473.02905149809465	-631.936090619865	-33.92491696675174
-623	-328	-641	36
-609	-511	-535	104
-606	-250	-569	-85
-601.173835125448	-572.0651135005974	-372.9575866188769	-161.33811230585422
-600	-571	-375	-163
-600	-526	-149	-338
-599.2563270603504	-577.669478693489	-376.6640709495998	-164.15293099718792
-598	-291	-489	-562
-597.3963106592981	-571.047260900366	-373.2802686130356	-165.76251851848002
-596.4127526153466	-142.99999999999997	-295.7168208773762	-587.5252231435195
-594.9561774109991	-342.20287601415953	-522.971070345331	-383.2815369992553
-594	-528	181	-255
-594	-143	-293	-592
-592	-375	-559	-65
-590.6884426448073	-531.55018206013	175.47412652862934	-259.3331319933835
-586	-399	-185	-594
-583.8518518518518	-328.8703703703704	-610.5370370370371	-161.44444444444446
-583	-329	-611	-163
-582.0646437159853	-189.55583154031135	-626.6896753575497	-96.91018541956714
-582	-609	132	-226
-580	-556	-404	-156
-579.9491474271917	-561.0119209295307	-410.20612645239174	-162.07922136713444
-577.1574284092148	-426.27349791499444	-625.0904705036736	-175.030563301105
-574.2064714946071	-163.17257318952235	150.22187981510015	-666.8012326656394
-571.4142923148006	-246.67318650854764	-43.215308794085956	-726.9216848914215
-569	-281	-634	-102
-568	-548	-583	159
-567.7863864164611	-239	-44.71444189899142	-720.8122039867636
-567.5249566119683	-547.4127230006892	-585.4447552976314	158.64984670498745
-565.5212765957447	-435.8244680851064	-426.6648936170213	-550.7606382978724
-565.4243527716301	-434.3079031344897	-424.1254310566678	-551.6296129497143
-564.5168564920274	-435.1564920273348	-424.1052391799544	-552.5455580865604
-564.5062558881452	-435.5255474733532	-425.56654381941223	-552.5455580865605
-563.7124515064327	-435.5179761009876	-425.0355288282917	-552.5889646353371
-563.0305927342256	-435.5179519864032	-426.3069895899724	-552.6517951986403
-561.5495978552278	-433.17515638963357	-426.64521894548704	-550.9687220732797
-560.9492075297532	-249.16469637968046	-34.908592124957316	-717.5525281590999
-560	-193	-606	-362
-555.0210526315789	-526.1736842105263	-8.084210526315783	-462.5105263157895
-546	-176	-695	-38
-544.842370607028	-587.1576042263302	-102.07662232071709	-214.42901898715962
-542	-585	-104	-213
-541	-513	-599	96
-540.7562361856646	-518.5323650142091	116.91064098515946	-507.113988001263
-538	-370	-444	-371
-531.1440528588952	-379	-0.49006834135632005	-640.7928215806129
-530.2067589308726	-378.90482454918225	2.413017227027577	-647.2686442909626
-530.1553315642252	-385.792762001824	-0.45967385408358297	-653.2270084084537
-529.9387096774194	-570.0483870967743	-13.877419354838707	-296.7161290322581
-527.2360145534967	-587	46.6501985795035	-370.1482341881558
-525.2118985203629	-528.9530186864976	-354.3146504919327	-367.02455093542176
-523.9967491652721	-593.264802908136	48.31471042749277	-372.46591627899534
-523	-594	52	-371
-522.735511810958	-589	46.445851439178895	-372.7489229648072
-522.4492808928314	-270.9018523500009	-245.49463562942992	-575.1730173724281
-521.1340609383095	-452.6333338904582	-210.95736323979207	-629.0008691146729
-520.1885770076286	-451.40497157135417	-212.97495399540122	-628.4759897247131
-519.3657494543079	-264.92184202539244	-245.78663998966968	-572.918368347192
-518.4440176149964	-481.4517859215343	-310.38966522504717	-372.0140146664466
-516	-538	-94	-237
-515	-67	-306	-563
-514.7769430331856	-590.3570965301049	-106.95676143119663	-157.13679602205167
-514.7085514834206	-596.8964601527034	51.999999999999986	-376.7018390240672
-514.7085514834206	-590.6055846422339	-109.81588132635254	-160.52094240837698
-512	-478	-1	-551
-511.98129191669614	-590.8305683021532	-104.81574302859161	-158.20684786445463
-511.12292757620844	-448.60073180841766	-214.66033992664194	-623.3042882008676
-506.54632490608685	-474.6417760642123	104.63654804553084	-697.4519509878688
-504.9170296013921	-512.9890566379337	-380.86082417195564	-359.4478631275083
-500.19106698717474	-498.1476639600784	-120.94845136280199	-494.559078235666
-497	-455	-525	-224
-495	-185	-377	-614
-493.622894867563	-185.44474177576234	-378.62954476260677	-614.7301184162034
-492.87558369922743	-552.3525271440184	-233.47661856710815	-384.2698123099361
-489.17725708829414	-568.828614596943	-165.44478798067314	-459.57081460190494
-489	-527	-17	-537
-488.9911601327621	-568.5489201466667	-165.44478798067314	-461.66405704294914
-488.2829564751094	-577.6869544493104	-169.41007537164478	-465.4390323829952
-486.3650857176524	-29.034243745461197	132.07893231473554	-731.7903174896766
-486.2	-551.4	-224.8	-387.6
-484.2980672427823	-409.50700658167483	-506.0662051673589	-313.21076530050425
-481.9462335404529	-356.5246522847517	-139.26268750155285	-658.9472780679149
-481.90607314752697	-395	-249.11874200840128	-630.5495502497703
-481.64232209737827	-357.24531835205994	-141.6441947565543	-661.1947565543071
-481.0149029968575	-480.55609248490714	23.968225720478937	-543.1602991748407
-481	-395	-248	-635
-480.35437717316137	-500.0325218652941	88.10448913629216	-616.3195769275335
-480.2703342423872	-499.4364743189305	90.16703702216492	-617.0461864692791
-480.05487884573955	-506.03729436085126	84.16886302487899	-623.6827808185103
-475.79066265060237	-279.49246987951807	248.50301204819277	-728.4126506024097
-471.3519087514393	-367.3085809525627	-575.743385688022	-184.28303975266704
-470	-420	-541	-287
-462.45938214478355	-483.28632088553275	-424.511301723592	-328.28665608301543
-458	-148	-182	-642
-458	-147.34092989200073	-185.00997620355116	-638.4667764964305
-455.3167539267016	-311.5976439790576	8.267801047120415	-684.0403141361256
-455.1232233639805	-145.42779881016767	-182.00000000000003	-638.702022714981
-452.0563515988416	-311.78180589759666	12.01993954037404	-683.890567608463
-450	-436	-565	-37
-449	-347	-580	-324
-448.4012187138037	-312.4839099561867	12.474996222994406	-684.3182253109735
-446.59149277688607	-502.9250936329588	-124.03611556982342	-488.15195291599787
-444	-387	-204	-676
-443	3	-93	-711
-433.9879725085911	-581.2646048109966	-171.96907216494844	-455.1134020618556
-432.9756097560976	-583.2743902439024	-171.7621951219512	-456.4146341463414
-432.6507659992376	-252.34280064870592	-559.6878638578955	-422.5791387839604
-432	-495	100	-708
-430.79541022948854	-580.8887055647217	-170.43377831108444	-457.70421478926056
-430	-655	-228	202
-430	-494	-179	-498
-429.95582926456996	-654.4306586680524	-228.89337781962303	202.07273439764293
-429.49800668750277	-579.94283074634	-172.82364238437373	-460.1591900601228
-428	-453	-163	-568
-425.4995507601842	-147.68543621283985	-694.2590322650104	-244.17158611995785
-424.30061751947164	-249.1982331331413	-556.7709222224051	-423.3854967560767
-424	-511	-488	-53
-424	-222	-666	-209
-423.40700740596503	-145.82794374998173	-694.5743723524429	-241.28137510019505
-422	-507	86	-612
-420.1098269481678	-254.3518482146141	-559.1274847615151	-422.97415390896134
-419	-558	137	-492
-413.1940264751419	-534.8058469763637	-145.30976716277704	-666.587660064404
-413.18089449601416	-534.8293619914778	-145.3056402035121	-666.5814397013698
-411.65517241379314	-419.1034482758621	-458.55172413793105	-463.0344827586207
-411	-504	-203	-586
-410	-219	-702	29
-409.8629797280464	-417.55547048923813	-459.6498601600746	-459.11315181837256
-409	-532	-529	-57
-408.38835583160363	-332.90724623882846	220.43335537172823	-765.410602474071
-408	-481	-634	8
-406	-392.3	-520.5333333333333	-480.4
-405.9	-392.575	-520.275	-480.525
-405.80952380952385	-392.42857142857144	-520.1904761904761	-480.83333333333337
-404	-448	-349	-452
-403	-340	-647	76
-400	-619	-117	-99
-399	-496	-382	-271
-399	-380	-6	-712
-398.89895943211616	-382.8947126903599	-663.336203727704	147.2838183029528
-398.11337150555744	-406.79254723047245	-633.3535686946936	-145
-398	-410	-635	-145
-398	-406.59079921329203	-632.5545684802731	-146.63746162488124
-397.6223776223776	-408.46853146853147	-639.090909090909	-147.8951048951049
-395.10059749832476	-384.4748436452982	-700.2729387915338	-165.6091267826805
-395.0873173565509	-385.1818044106509	-702.2346483906787	-167.4462684481833
-394.5188679245283	-412.7877358490566	-635	-146.2169811320755
-391.746108366512	-559.7146061587407	-411.05228752927826	-447.2205343023873
-391.70983970612997	-558.9225180945862	-411.7337807653764	-447.3615830840716
-390	-419	26	-677
-385	-259	-604	-184
-382.37931034482756	-436.67816091954023	-399.1609195402299	-529.9195402298851
-382	-467	-556	-39
-379.1099854530946	-280.8469384283386	180.31136773355007	-767.8985671234051
-378.8976377751998	-437.26772704104513	-395.96341659191125	-524.6024829740044
-378.8298899265137	-436.7524416055886	-397.269314546123	-525.3416237207351
-378.03632148377125	-606.7527047913446	-592.4860896445132	172.5003863987635
-376	-550	-96	-583
-375	-574	-32	-660
-371.78892792089516	-483.1883424408014	-312.27122040072857	-463.6290528233152
-370.153139031449	-303.60602460334513	-7.9999999999999964	-737.3666249267837
-370	-464	-481	-191
-369.65723013261777	-306.5824089092071	-5.213559826528012	-743.7147695714447
-368.31458729589633	-271.8865901313887	185.52030341466244	-768.296933526319
-368.12916294979595	-302.7796179756168	-8	-735.8359620879075
-367.8616633310678	-487.7841318374286	-448.4639199908122	-298.7883755476438
-366.8519377563641	-528.9990284641583	14.181952258160798	-676
-366	-304	-8	-745
-365.66954477267404	-529.8504569029305	14.424872095060618	-676
-364.59624893435637	-302.37578857630007	-12.510826939471428	-747.7106564364876
-363	-581	-347	22
-362	-391	-551	-196
-362	-335	136	-742
-359	-631	-101	-222
-354	-569	-303	-170
-351	-590	-512	126
-347	-603	-399	-221
-347	-26	254	-774
-345	-403	226	-761
-344	-582.1638695025746	-645.7753545893145	148.86842299434085
-344	-581.0275476600165	-643.3102649385302	148.232965320276
-344	-581	-650	144
-343.7979023117514	-582.2642475584444	-650.2670128112536	144
-342.85922812247327	-583.9392119737217	-648.8095522361019	144
-341	-281	-92	-728
-340.72636199909954	-444.04806393516435	-662.1866276452049	207.88462404322377
-340.5770465681584	-579.0343784093566	-647.3483456238581	142.66270549948507
-340	-433	25	-687
-339	-440	-663	212
-338.28374575128703	-585.7462771890116	-647.115781054429	144
-338	-154	-143	-702
-332.29532852702266	-301.635988377241	-600.7641929079732	-375.71831446693295
-332.17561016216723	-173.41476527903637	-66.00102280026397	-756.5077560275212
-331.811855419169	-178.69782976773124	-69.0514786028254	-762.3606043119682
-330	-299	-598	-376
-328	-467	-27	-672
-327.53144051662696	-491.87676111559983	36.99999999999999	-744.0454430854686
-327	-491	37	-749
-327	-317	-577	-528
-324	-171	-670	-314
-321.6559288818711	-488.6407466565705	34.955590187668285	-749
-320.30949722993853	-168.62341785678268	-673.7770078361737	-312.1010257236093
-315.6754870508766	-626.1100091987057	-76.7855923554636	-275.6997972623554
-311	-312	-14	-740
-310.6983836535529	-462.97057029582186	-649.2670021347972	-139.08279963403476
-310	-269	-143	-685
-308	-554	71	-735
-307.87598000916023	-555.1318667995797	67.5389780962901	-739.0174381011396
-305.94233510292116	-246.2565364486685	89.57798288501981	-759.3258085510356
-305.094593396294	-462.3650639335425	-645.8851201682813	-139.5331979338314
-305	-614	-300	-210
-304	-475	-333	-528
-302.1822576081855	-244.08470004817838	106.26312672972418	-761
-299	-419	-324	-659
-297	-543	-505	-12
-293	-607.2850756898458	-476.39282954252724	105.03653417786735
-293	-606	-479	105
-288.2142857142857	-560.4910714285714	-247.4375	-334.05357142857144
-287	-391	-215	-739
-287	44	-706	-158
-285.63773344439437	-55	-326.9975105333509	-713.631035795945
-282	-540	-618	114
-282	-55.37804143728049	-326.9385231021094	-715.6183022445214
-282	-55	-322	-720
-280.6112592384694	-558.8319300215173	-275.0238329123398	-643.2994199644494
-280.0547291749437	-57.829776188584304	-323.50021189246456	-724.7453105548934
-279.6699402125775	-299.44434233835256	-240.17783436669617	-715.4902568644818
-279.6303875015345	-557.68014816544	-275.1958499588646	-641.805989308053
-275	-545	-487	-76
-273	-619	-181	-378
-273	-598	-289	-363
-271.0339410493958	-618.2987635176755	-180.10650944313772	-379.3868163650917
-269.8	-600.28	-285	-359.79999999999995
-266	-515	-582	17
-266	-112	-579	-415
-264.6422980433988	-254.5689131529823	-343.62834701275096	-568.0117707191324
-261.95793825834784	-461.60080633234526	-64.44919527517537	-739.6871160436989
-261	-590	-468	-48
-243	-514	-5	-706
-239	-196	-227	-724
-238.8572320819863	-395.21206923093837	-554.7163202920542	-286.9757515779288
-234.24322975428532	-402.25256018679613	-224.39586855384155	-734.7968053461364
-233.96233839235526	-566.4204609331085	-233.1602023608769	-453.4991568296796
-233.35417039648394	-559.6873717956294	-234.4795953771075	-448.6818704283045
-232.85443249027043	-391.8297665788818	-225.44398621885932	-736
-229.0714337800814	-397.2566592626631	-499.43408218328204	-463.09597116489783
-228.7194707596778	-397.255933135605	-499.77703129899305	-463.10764201230575
-227	-578.5	-162.5	-500.5
-226.45270555806079	-396.1558466110432	-500.55007322727033	-458.1262433067295
-224	-257	-171	-740
-213	-567	-547	-48
-211.62911978183922	-544.2035134353437	-464.57911771592273	-185.47688239425952
-211	-194	-609	-413
-207	-543	-461	-186
-200	-559	-140	-514
-186.57923889332622	-478.95281976600086	-597.8511286451824	-9.074800181672742
-184	-385	-607	-292
-183	-251	-270	-666
-182	-587	-59	-489
-182	-275	-206	-743
-181.2004086282806	-590.6055846422339	-63.864737164374816	-482.4764739719684
-178.15404877705805	-590.6055846422339	-56.31966537436345	-492.41740923721704
-168.8593244987711	-583.8747528790033	-97.1512465754967	-720
-167.1977870756649	-584.3802043262863	-98.18335299954487	-719.8148027980133
-165	-589	-95	-720
-162	-599	-157	-562
-158.2539511494253	-474.527658045977	-238.83045977011494	-706.0754310344828
-157	-469.7310524097232	-236.4292538991148	-706.9717788393987
-156.99999999999997	-470.48325601581473	-235.5571661838593	-706.2292566291956
-156	-473	-530	-198
-150	-592	60	-657
-148.76382938466998	-542.6164049697588	-691.7313177357892	292.8028809064152
-148.76382938466998	-537.1089819024073	-699.7546022192164	294.71941488543234
-148.07591320897382	-537.4180176555894	-699.5242538704787	293.8546867692751
-147	-541	-694	294
-146.42508084800573	-544.895436579231	-698.5436579231045	289.30542579949696
-145	-555	-334	-450
-134.9577824519231	-574.4610877403846	-319.7477463942308	-262.5519831730769
-123	-477	-307	-506
-115.8903260785377	-336.980326853071	-567.8691813182558	-440.19332352257766
-114.25696594427245	-339.55727554179566	-569.6346749226007	-442.1021671826626
-107.64629716538471	-99.87659001726759	-748.7165000123715	-253.01903682606041
-103	-418	-570	-178
-85	-102	-193	-746
-84.23287671232876	-353.7808219178082	-622.054794520548	-432.6027397260274
-80	-190	-341	-739
-66	-322	-362	-617
-64.77199499577495	-618.8506743632233	-273.5308977974825	-19.65014321301976
-56	-441	-545	-338
-54.47617911397441	-700.713274477054	-184.2617513719876	62.61218484053131
-36	-628	67	-419
-23.461904761904762	-359.2809523809524	-663.6857142857143	-278.3619047619047
-22	-358	-662	-279
-21.848321803740717	-588.7779912887522	-355.95849346656416	-356.8346784524725
-18	-656	-188	-320
-4	-559	-253	-493
2	-517	-443	-229
18	-591	-428	58
21	-549	-466	-182
41	142	-641	-447
65.96892159986292	-125.51088734615415	-705.9479420733747	-549.8267073977195
69.25089754285943	-126.54628618268794	-699.3617213486551	-551.4783184733794
69.25089754285945	-125.86856758000322	-699.8190594355149	-550.5580150786736
69.25089754285945	-124.00000000000001	-698.4919847558622	-551.700701688336
69.39968781999193	-125.86856758000323	-699.7344517804388	-549.7622020476481
69.83348736068234	-125.51649354332906	-703.9360818608704	-547.5692317834307
103	-623	-360	-305
106.33898305084747	-627.7457627118644	-221.15254237288136	-227.59322033898303
108.71238570241064	-627.8403990024938	-218.3881961762261	-226.38487115544473
113	-727	95	290
132.63981825857942	-609.2856255402988	-268.7466677388874	-306.4571339538811
162.33150711056072	-644.0696970135887	-335.33662801785425	-32.048993947996706
169.66666666666666	-206.07142857142856	-515.0714285714286	-598.7380952380953
169.8235294117647	-205.8235294117647	-515.2941176470588	-598.6470588235294
171	-207.1818181818182	-515.6818181818182	-595.9090909090909
171	-207	-515	-596
193.2705120883305	-676.5878001686111	-407.9847978026162	66.07682684724375
195.38590791979388	-676.1010417833538	-408.57062843060373	66.55404951271423
264	-678	-357	82
278	-581	-422	-91
287	-657	-235	46
380	-685	-127	-154
412	-709	-115	161
424.5726353169052	-500.02449424297856	-620.8175777466911	-103.34655116754547
