-633	54	-170	31	-120
-625.6535648994516	-163.9665854153971	-392.4529758277473	-27.90706886045092	22.17733089579525
-603	-176	-341	44	188
-591	-155	-129	-224	-33
-589.921568627451	-155	-130.66666666666669	-224.19607843137254	-35.54901960784315
-588.0847457627119	-364.81214689265533	-82.7923728813559	119.46045197740114	-59.77966101694915
-585	-197	-170	-219	90
-580.3924654047299	-145.51126949599666	-342.8299625121489	241.22881473596522	-49.488313972323795
-575	-108	-554	304	190
-574	-227	-288	321	75
-574	-219	-270	-22	297
-572.4	-281.5333333333333	-88.26666666666665	-4.400000000000006	38.599999999999994
-569.3136690647482	-122.43021582733813	-132.9093525179856	-27.619424460431645	-276.5690647482014
-569	14	-255	321	-189
-567	51	54	38	-294
-565.2078346028292	-87.346339188559	-344.69578734649457	28.852634851546725	-38.58262086118452
-565	-123	-126	-21	-268
-563	-141	-374	101	-81
-562.8548484862724	-198.87819226666792	-63.66043445369067	-298.8600712342413	68.06141603898146
-562	-206	-76	53	-146
-561	-202	-476	267	-40
-561	-185	56	-1	-524
-560.9829351535836	-239.54266211604096	-102.62116040955632	-288.45051194539246	194.34129692832767
-560.6794871794872	-184.82051282051282	53.30769230769229	-3.923076923076934	-527.2820512820513
-559.9970345154328	-200.63194651599431	-482.56396848514623	256.0293740897367	-51.58686764112373
-559	-165	-167	-16	-145
-558	-202	-483	257	-50
-556	-240	-99	-285	199
-555.6538806975526	-39.71671282089664	-136.178691714692	-149.0051829952848	-176.17504303570092
-555.6195302919482	-39.977147764447295	-135.29164255901375	-149.30771008227532	-176.53430746445713
-550.3685700802265	-104.22400503382099	-386.4371558911436	-189.68758848513448	77.05191127890515
-550	-40	-132	-144	-170
-549	-100	-385	-182	77
-548	-410	89	200	-580
-547.3714285714286	-410	88.02857142857142	199.8857142857143	-581.4857142857143
-544	-82	-173	-139	-47
-538	-232	-51	259	-343
-538	-175	-127	149	-250
-531	-307	-140	62	-103
-529.4532710280374	-306.88317757009344	-144.11915887850466	58.19158878504675	-108.74766355140187
-527	-195	-214	66	-102
-522	-241	145	-143	-85
-521	-20	-480	126	114
-515	-69	-289	306	-107
-514.967213114754	-211.63934426229508	-42.42622950819673	-203.18032786885246	-201.59016393442622
-510.7547970585327	1.377347787394143	-272.079201557125	-146.15788138371784	-112.41234276524989
-510	-75	89	-340	-109
-509	1	-268	-142	-107
-508.3783783783784	-161.94594594594597	-215.83783783783784	256.5810810810811	-348.2027027027027
-508	-222	-46	-15	123
-508	-192	-276	-114	-85
-507.71739130434787	-195.69565217391306	-279.0869565217392	-121.93478260869566	-87.58695652173915
-507.7173913043478	-195.6956521739131	-279.08695652173907	-121.93478260869566	-87.58695652173901
-503.6068965517241	-41.12413793103448	-308.9448275862069	-137.82068965517243	15.041379310344809
-503	-41	-309	-137	16
-501.09090909090907	-201.73015873015873	-256.4343434343434	264.6277056277056	-221.39826839826839
-501	-163	-211	269	-337
-499	-127	-427	326	-100
-499	-46	-548	145	238
-498	-246	-161	343	-215
-498	-238	-143	0	7
-498	-163	-218	259	-347
-498	-158	-30	68	-302
-498	-157	-264	-181	345
-497	-243	-63	146	-167
-497	-134	-263	151	-187
-496	-209	148	60	-320
-496	-19	-399	276	-116
-495	-205	-252	274	-214
-493	-284	216	-209	24
-493	-88	-589	150	361
-492	-280	-184	5	130
-492	-199	-305	-176	468
-491	-509	169	206	-189
-490.5249018907143	-179.78506771753706	-49.14760816610223	-3.004911201670751	-445.4422573168053
-490.03585657370513	-77.22709163346615	-224.51792828685262	138	-247.37450199203187
-487.90798045602605	-151.33631921824104	-258.69401465798046	54.75590390879478	-202.5905944625407
-487.2413793103448	-141.95258620689654	-475.6163793103448	100.12931034482756	-0.23922413793104624
-486	-80	-217	146	-239
-485	126	-587	133	238
-484	-43	92	-137	-344
-483	-434	181	261	-376
-483	-184	-40	6	-435
-482.25925925925924	-117.92592592592592	159.90740740740742	-407.1111111111111	-1.4444444444444429
-482	-430	-219	475	-270
-482	-349	-340	294	68
-482	-268	-44	-27	-182
-482	-172	-234	459	-316
-481	-253	-303	389	58
-481	-157	-62	18	-202
-481	-118	160	-406	0
-481	64	-405	153	-18
-480	-281	-126	-16	-47
-480	-184	-47	-4	-445
-478	-37	-234	-139	-85
-477.8004393707583	-38.90541759836805	-239.2229806598407	-151.42201169040055	-97.72423600486447
-477	-83	-628	497	-58
-475	-486	-90	45	156
-475	-199	-103	23	-79
-473.62921348314603	-100.41573033707866	-51.820224719101134	-121.80898876404494	-343.9887640449438
-473	-289	-207	195	151
-473	147	-375	-135	17
-472	-39	-228	-137	-81
-471.5722089450324	142.64236940935473	-371.36719016729256	-138.09303516558552	11.000682826903386
-471	-268	125	64	-400
-471	45	47	-22	-396
-470.61538461538464	-34.653846153846146	-48.03846153846155	-339.65384615384613	-45.96153846153845
-470	-409	-7	207	-491
-469	-310	241	-3	-173
-469	-232	-91	121	-163
-469	-34	-47	-338	-46
-468.0016005121639	-408.29769526248396	-19.267605633802816	197.5508962868118	-506.5092829705506
-468	-373	-223	264	-254
-468	-351	175	138	-278
-468	-343	193	-205	-56
-468	-268	118	54	-410
-468	-101	-46	-117	-337
-468	-20	-167	-298	1
-467	-411	-78	100	-31
-467	-409	-14	197	-501
-467	-347	-225	352	-172
-467	-266	-346	171	166
-467	-161	-299	-155	-90
-467	105	-416	-130	140
-466	-407	-478	314	75
-465.455180253329	-161.60993829165312	-305.9446248782072	-165.54530691783046	-99.82331925949984
-465	-310	84	69	-277
-464.94444444444446	-373	-227.72222222222223	263.4444444444444	-261.22222222222223
-464.79999999999995	-407.6	-483.5	307.3	67.9
-464	-370	-169	31	-30
-464	-161	-306	-165	-100
-463	-439	-242	665	-249
-462.8273480662984	-371.8853591160221	-169.0276243093923	26.84944751381215	-34.81767955801104
-462	-415	-264	269	-131
-462	-385	152	-200	67
-462	-142	-35	-127	-404
-461	-526	20	-57	-24
-461	-198	10	73	-276
-460.08333333333337	-526	18.583333333333314	-57.166666666666686	-26.16666666666667
-460	-174	-223	156	-161
-460	-106	-251	-70	-167
-460	-40	-170	-158	-258
-459.369741697417	-173.6929889298893	-232.75940959409593	143.94538745387453	-174.12324723247232
-459	-304	-242	67	-18
-458.4566516179226	-324.9163775705704	-23.07318222057296	74.66345637062358	-402.85737857450465
-458.05	47.30000000000001	-391.8	26.900000000000006	-164.75
-457.31274620146314	-252.2507034327518	-162.06612267867195	-122.46553179516037	175.7001969611705
-456.4	-102.4	13.399999999999977	-139.2	-515.2
-456.3095238095238	-446.28571428571433	-48.72619047619048	220.66666666666669	-372.38095238095235
-456	-102	12	-138	-514
-456	47	-388	29	-162
-456	154	-299	-204	-112
-455	-326	-13	84	-393
-455	-245	-134	-97	-55
-454	-386	-266	46	-146
-454	13	-400	-30	132
-452.78987898789876	-15.739273927392745	-206.2398239823982	48.14191419141912	-418.03960396039605
-451	-291	-196	-108	306
-450.59154929577466	-367.81010199125785	-2.550558523555118	72.10403108305002	-460.460514813016
-450.4047619047619	-386	-272.73809523809524	40.61904761904762	-155.95238095238093
-450.0526315789474	-288.0526315789474	-171.31578947368422	-95.1578947368421	64.84210526315792
-450.00898203592817	-467.811377245509	31.176646706586794	206.22754491017963	-128.52694610778448
-450	-468	33	208	-126
-450	112	-340	-199	11
-449	-368	-54	89	-270
-449	-287	-175	-92	68
-445	-39	-353	148	-176
-444.5445544554455	-461.7920792079208	-8.811881188118804	375.2970297029703	-473.5940594059406
-444	-232	-361	176	-154
-443	-469	402	65	-315
-443	-328	-253	311	-248
-443	-2	-44	-135	-281
-443	64	-518	268	120
-442.7368421052632	-232.31578947368422	-367.4210526315789	165.6315789473684	-164.3684210526316
-442	-39	-360	138	-186
-442	34	-188	-298	-89
-441	-232	-368	166	-164
-440	-77	24	-404	63
-439	-336	-39	266	-454
-438.5119667013528	-7.370447450572314	-231.48283038501563	-293.96253902185225	32.433922996878266
-437	-274	-185	191	-180
-436	-8	-229	-293	34
-435	131	-589	149	332
-434	-578	19	113	-6
-432	-74	-7	-333	-20
-431.9048441334181	82.33981641370536	-308.34217940561666	-2.826410978823958	-108.3630827956012
-431	-303	346	-132	-339
-430.384305139433	-230.30462088038718	-12.981793039870936	57.379839824844424	-348.07994353537686
-430	-444	214	11	-430
-429.3929203539823	-249.36814159292035	-193.02654867256638	-91.79469026548672	-254.787610619469
-429.3929203539823	-249.36814159292032	-193.0265486725664	-91.79469026548679	-254.78761061946906
-429	-420	-19	94	-315
-428.7697763229678	-502.63775231860336	28.165848336061103	167.2711402073104	-192.0845608292417
-427.4735390539626	-60.55336420877347	-186.59801217671856	-121.24202529010772	-281.85518030910134
-427.0769230769231	20.230769230769226	-302.6923076923077	-296.7692307692308	64.69230769230768
-427	-112	-58	-230	-161
-427	21	-303	-296	64
-426	-503	31	168	-193
-426	-253	-190	-87	-252
-425.51428571428573	-444	205.88571428571427	5.4571428571428555	-442.0571428571429
-425	-241	-384	366	-133
-425	43	-347	5	22
-423	-462	-60	99	-192
-423	201	-538	192	178
-421.57725105458104	-339.65994710075313	-34.3393733784162	-32.57224983169567	-224.10540011043787
-421	-426	-276	156	45
-421	-344	16	-198	130
-420	-355	-170	534	-330
-420	-274	-291	353	8
-419	-299	26	-132	-76
-419	-85	-427	289	-102
-419	-26	-423	-129	91
-417	-430	-102	265	14
-417	-197	-147	308	-271
-416.6092715231788	-477.1788079470199	-159.68432671081678	109.54746136865344	-309.47240618101546
-416	-218	-178	-154	178
-415.3453731922702	-74.79409640024893	-322.3971052310352	132.79386527497903	-167.77753142203076
-415	-361	208	-112	-332
-414.63103448275865	-41.52241379310345	-16.627586206896552	-143.86810344827586	-272.3508620689655
-414	-512	473	-1	-206
-414	-285	-149	86	-330
-414	-204	-270	-95	8
-413.5831600831601	-204.46361746361745	-272.93555093555096	-99.23908523908524	4.6226611226611
-413	-508	73	213	-100
-413	-478	-157	114	-308
-413	-427	-48	32	238
-413	-341	-15	-127	47
-412.8380281690141	-21.75774647887324	-119.40492957746478	109.88028169014085	-336.7267605633803
-412.1126685592619	-285.0163236337828	-157.81635911994323	78.43293115684881	-340.8385379701916
-412	-235	230	-244	-32
-410	-591	123	287	22
-410	-510	2	106	360
-409	-402	219	-122	-399
-409	-115	58	-401	85
-409	107	-460	155	-52
-409	188	-581	-26	286
-408	-379	-66	-24	-94
-408	-84	65	132	-590
-408	-79	-313	153	-150
-408	2	-434	-28	188
-408	60	-615	146	252
-408	65	-335	299	-238
-407.90348324881535	65.9078892676033	-504.30443095851695	151.28215146728738	62.48998254218971
-407	-485	279	-57	-325
-406	-42	-4	-130	-255
-406	101	-551	356	-1
-405.31696905016014	-38.593383137673364	-486.7107790821772	-31.085378868729933	300.0618996798292
-405	-79	-320	143	-160
-404	-332	-429	373	15
-404	-267	-140	-20	-93
-404	-50	-365	35	0
-403.5536524323479	24.779915532613813	-232.68348193336465	-299.14676208352887	-221.2203973095573
-403	-451	-163	390	-100
-403	-443	-145	47	122
-403	-117	64	-399	89
-403	-42	-11	-140	-265
-403	24	-227	-294	-215
-403	65	-501	160	71
-403	146	-622	-21	409
-402.02467964763434	-486.73802685778026	273.54188074724	-66.41640098718591	-334.29391615946037
-402	-40	-475	-23	311
-402	-1	33	-494	-28
-401	-509	131	192	-277
-401	-487	285	-55	-321
-400	-443	-152	37	112
-399	-451	69	2	-84
-399	-265	23	69	-315
-399	-218	24	45	-369
-398	-489	214	-162	139
-398	-487	278	-65	-331
-398	-447	377	246	-688
-398	-344	-54	-91	336
-398	-265	19	67	-319
-398	-126	70	-399	89
-397.69787985865725	-329.0700824499411	205.72438162544168	82.09334511189633	-579.3247938751472
-397	-485	-186	52	245
-397	-18	-268	-289	-92
-396	-340	91	-200	29
-395	-294	-172	276	-309
-394.1333333333333	-17.72323232323231	-273.25050505050507	-301.6181818181818	77.76565656565657
-394	-517	50	403	-79
-394	-369	-155	295	-399
-394	-43	54	-151	-432
-394	181	-293	378	-257
-393.85867267275563	-402.3512733000788	270.41791601608384	-182.433239833635	-229.9471197026433
-393	-267	29	71	-311
-392	-466	78	80	-69
-392	7	-473	319	-231
-391.70782212558885	-98.07816948801575	-155.29305792824974	-124.16503597867163	-264.07043019102343
-391	-444	-87	26	-55
-391	-23	-67	-297	179
-391	86	-289	-108	-150
-390	-382	50	-195	152
-390	-342	97	-198	33
-390	-267	22	61	-321
-390	-262	210	-130	-276
-390	-122	-296	137	-204
-390	-100	-142	-110	-248
-390	-19	-263	-291	90
-390	39	-444	-117	154
-390	151	-75	-197	-286
-389.6789772727273	-387.4725378787879	-50.987689393939405	41.48579545454544	-333.31534090909093
-389	-346	-321	359	-83
-389	-265	-442	178	255
-389	-16	133	5	-563
-389	7	-480	309	-241
-388	-389	-42	53	-320
-387.97052631578947	-37.05543859649123	-132.36280701754387	147.66105263157897	-355.1950877192982
-387	-100	-149	-120	-258
-387	-37	-308	20	-119
-387	-34	-422	11	63
-387	76	-7	-466	58
-386	-443	57	246	-425
-386	-426	125	69	-179
-386	-412	261	165	-445
-386	-404	279	-178	-223
-386	-329	204	81	-577
-386	-71	-194	-228	-98
-386	-35	-514	324	-108
-386	72	-425	91	-58
-385	-534	-148	186	-26
-385	-464	26	-216	24
-385	-389	-49	43	-330
-384.6615384615385	-442.75384615384615	51.41538461538462	238.83076923076925	-432.4153846153846
-384.2037037037037	-264.4814814814815	15.037037037037038	-190.3148148148148	-224.6851851851852
-384	-338	217	91	-567
-384	-264	15	-190	-225
-384	-54	-398	171	-49
-383	-435	113	52	-108
-383	-398	-36	53	-320
-383	-323	-115	89	-308
-383	-242	-236	-92	30
-383	117	-156	-315	172
-382.1084249084249	32.938461538461524	26.59560439560439	-295.26593406593406	-270.89230769230767
-382	-464	19	-226	14
-382	-424	118	85	-343
-382	-401	-140	-86	153
-382	-323	-119	87	-312
-382	-75	69	-532	120
-381	-268	87	50	-488
-381	-44	-260	579	-313
-380.51838235294116	-273.26838235294116	90.47058823529412	42.904411764705856	-496.76102941176475
-380	-445	290	-188	-290
-380	-117	-398	341	-102
-380	144	-276	157	-252
-379.8056709057877	-322.1590319231767	-125.99403062548663	76.1969893589411	-322.18605631975083
-379.5938217704472	-101.13876297734845	-91.63532425379594	-138.3469658505652	-435.4726456164358
-379.53347502656743	-444.9383634431456	288.2507970244421	-190.19766206163655	-292.3124335812965
-379.0613953488371	-308.1423255813953	-51.43627906976745	-77.75674418604663	-230.3706976744187
-379	-42	-129	155	-350
-379	40	48	-274	-334
-378.3421052631579	-17.15789473684211	-304.5	51.52631578947367	-328.7368421052632
-378	-477	102	95	-47
-378	-343	155	-219	-144
-377.5716527196653	-330.0418410041841	265.96940376569034	67.03294979079496	-747.0457635983264
-377	-325	-109	91	-304
-377	-244	-230	-90	34
-377	-192	-330	72	242
-376	-295	-173	155	-230
-376	-36	-182	-295	332
-376	31	36	-291	-263
-375.98124176158444	-368.3829722513266	-159.29076959475447	90.0662453104404	-195.69319295636598
-375.64179104477614	-44.86567164179104	102.52238805970148	-561.4626865671642	80.98507462686567
-375.2469881186474	-285.51250450051236	-279.7293876533636	-95.51571717395518	144.9930484393608
-375	-310	-69	-86	16
-375	234	-81	-320	-188
-374.7904860333592	-319.0653690465938	64.07179973014095	-118.21198288978843	-278.19415496799013
-374	-325	-116	81	-314
-374	-320	72	-110	-269
-374	-237	130	25	-352
-374	-14	-302	56	-329
-373.7759317467445	-298.17287831163	-167.08486753480017	-36.36102379883252	-164.34575662326
-373.67857142857144	-513.3469387755102	59.806122448979586	-86.65306122448979	-251.28061224489795
-373	-243	51	257	-648
-372	-385	114	-214	-21
-372	-310	-76	-96	6
-372	-225	34	-62	-280
-371.97222222222223	-298.67857142857144	95.54563492063492	-335.48809523809524	57.980158730158706
-371.0470588235294	-265.04117647058825	-101.24705882352939	345.0323529411765	-415.5735294117647
-371.0470588235294	-265.0411764705882	-101.24705882352941	345.03235294117644	-415.57352941176475
-371	-320	-54	65	-483
-371	-286	-271	-85	157
-370.57142857142856	-320	-55	63.571428571428584	-484.42857142857144
-370	-355	-344	549	-62
-370	-319	-69	-83	11
-369	-602	111	174	198
-369	-300	102	-331	64
-369	-58	-137	-243	-217
-369	28	-586	198	252
-369	289	-464	14	102
-368	-301	-430	217	130
-368	-287	216	-42	-536
-368	96	-472	42	124
-368	103	-317	12	4
-367.5037878787879	-291.2777777777777	219.63762626262627	-45.68686868686868	-541.2058080808081
-367	45	-391	290	-170
-366	-267	-96	356	-406
-366	-185	81	-73	-390
-366	-184	-38	491	-489
-365.94991922455574	-311.80129240710824	-253.7318255250404	-24.767366720516975	-51.96284329563812
-365.5392803500294	-534.6729140817171	-42.64487690197873	110.52062517686497	-45.89007161670912
-365	-460	-104	384	-384
-365	-311	-253	-23	-52
-365	-245	-172	-111	-143
-364	-67	-202	176	-408
-364	45	-398	280	-180
-363	-424	-320	441	-147
-363	-342	61	-326	187
-363	-194	69	-90	-319
-363	-177	42	-384	-238
-363	-19	-388	-6	-5
-363	247	-505	19	225
-362	-535	-36	115	-40
-362	-125	-343	-123	482
-362	54	-513	47	247
-362	189	-579	297	51
-361.9541957026713	-201.4769163763067	72.80306329849022	-100.59462108013939	-332.6501524390244
-361.27091633466136	-281.70916334661354	-107.9362549800797	-48.5219123505976	-275.195219123506
-361.16666666666663	-257	250.5	-71.77777777777777	-575.6111111111111
-361	84	-553	114	291
-360	-506	255	175	-367
-360	54	-223	-452	82
-359	-273	-281	198	-91
-358	-316	-2	-108	-328
-357.15458937198065	-575.0923242082662	-83.52764358561461	109.37037037037038	73.46215780998392
-357	-466	-361	446	-24
-357	-303	-190	-89	399
-356	-577	-77	120	83
-356	-283	-104	-42	-273
-355	-344	319	137	-585
-355	42	-174	-24	-291
-354	-311	96	-354	148
-353	-302	250	-125	-250
-352	-376	-173	286	-160
-352	-33	-106	-293	53
-351.08907741251323	-287.8960763520679	69.79639448568399	82.13361611876988	-514.3764581124072
-351.0890774125131	-287.8960763520679	69.79639448568395	82.13361611876988	-514.3764581124072
-351	-20	8	-4	-547
-351	268	-293	-249	4
-350	-377	318	-394	94
-350	-325	-145	-37	-150
-350	-244	-355	195	-61
-350	-104	-131	-391	261
-349	-147	207	-50	-413
-349	-111	-154	-223	-72
-348	-340	199	-22	-391
-348	-288	75	93	-504
-348	-222	-399	496	-103
-348	-205	133	228	-587
-348	-141	-520	315	235
-347	-481	67	121	-482
-347	-171	-190	-251	26
-346.3863636363636	-479.030303030303	58.939393939393945	108.95454545454544	-493.0227272727273
-346	-48	-320	-93	57
-346	135	-566	205	192
-345	-363	143	-176	-160
-345	-288	68	83	-514
-344	-556	135	-148	-138
-344	-481	60	111	-492
-344	0	-523	118	313
-343.7142857142857	-554.7142857142858	133.14285714285714	-152	-141.42857142857144
-343	-297	81	93	-504
-343	-23	-421	130	-54
-342.6253401209576	-338.3174771033466	-135.03208812075695	-34.79154300093785	-143.31988930871984
-341	13	-637	187	183
-339	-496	4	138	-126
-339	-76	-142	-290	358
-338	-425	110	516	-501
-338	-219	244	-248	-152
-338	251	-430	17	124
-337	-360	112	-105	-243
-337	-279	-9	-286	95
-337	251	-434	15	120
-336	-618	240	413	-234
-336	-120	-308	47	14
-335	-535	-72	-13	114
-335	-387	-64	223	-392
-334.9630166581386	-379.3287850361021	-170.47629200068224	-28.23833077491615	-20.486497242594766
-334.06896551724134	-398.85057471264366	56.47126436781606	-11.689655172413808	-393.6896551724138
-334.0172413793103	4.043103448275879	-255.7931034482759	318.07327586206895	-415.3060344827586
-334	-62	47	-213	-267
-334	275	-217	-318	-125
-333	-205	69	-30	-406
-332	-265	-184	-68	-159
-332	122	-609	-13	300
-332	249	-424	19	128
-331.1825244007702	129.36411924838987	-500.58867273089436	-9.061682491202447	110.19374543523008
-330	-343	315	-193	-145
-330	-83	-31	139	-501
-329	-398	54	-12	-394
-329	-231	-422	686	-82
-328	-69	-149	-356	-41
-328	-47	-247	196	-264
-327	-246	80	-40	-473
-327	-83	-38	129	-511
-327	127	-495	1	119
-326.1852631578947	104.05473684210526	-10.193684210526328	-413.38526315789477	-295.1431578947369
-326	-426	168	495	-678
-326	-301	-109	-89	302
-326	-220	302	-269	-329
-326	-59	-348	-1	21
-326	0	-143	-324	-119
-326	4	-249	326	-405
-325	-495	117	188	-323
-325	-361	170	-126	-420
-325	-143	-174	493	-426
-325	-47	-254	186	-274
-324	-345	321	-191	-141
-324	-337	-63	-43	-305
-324	-336	-182	521	-404
-324	228	-497	-31	220
-323	-229	290	-286	-258
-322.92857142857144	-337	-65.5	-46.57142857142857	-308.57142857142856
-322	-578	167	262	-201
-322	-570	185	-81	21
-322	-111	-279	62	-167
-322	104	-9	-410	-291
-321.1166163141994	-342.45861027190335	-161.28519637462236	-97.28580060422962	410.1250755287009
-321	-345	314	-201	-151
-321	151	-443	181	-55
-320	-446	281	253	-599
-320	-343	-150	-84	425
-320	151	-447	179	-59
-320	248	-366	-2	-49
-319.3076923076923	-519.7692307692307	342.0769230769231	-21.84615384615384	-262.0769230769231
-319	-354	327	-191	-141
-319	-38	-114	-384	-80
-318.20738207186866	-189.47734795376232	-373.8970742167829	-60.79511879098558	70.74066561426736
-318	-215	115	-68	-512
-318	101	-474	58	218
-317.27731080876583	-328.19640670784554	105.64705396816663	79.00954726169678	-496.69172249659516
-317	-543	195	231	-211
-317	-521	349	-16	-255
-317	-446	274	243	-609
-317	-308	2	340	-557
-317	-119	-91	136	-487
-316	-444	-190	360	-33
-316	-318	117	-238	-212
-316	186	-184	18	-305
-316	335	-584	185	47
-315.2267206477733	-354.2186234817814	61.89068825910932	-136.22064777327935	-350.2388663967611
-315	-294	-116	-155	-97
-315	-260	309	-316	-47
-315	256	-348	-50	-1
-314	-401	177	-173	-138
-314	-320	56	-354	200
-314	-308	-5	330	-567
-314	-302	-51	-110	125
-314	-77	-520	48	198
-314	-60	-290	-22	-156
-314	101	-438	-276	202
-314	206	-407	3	74
-313.25068799999997	-250.407104	-16.850751999999986	-99.696128	-152.520128
-313	-284	-315	200	-35
-313	-221	-216	527	-461
-313	-114	-127	294	-411
-312.8	-365	273.8	123	-508.26666666666665
-312.52762224580414	-403.20019757602836	168.91280823256724	-185.23201045826468	-148.9340755815577
-312	-164	-186	347	-336
-311	-387	-185	173	16
-311	-356	66	-135	-353
-311	-350	-39	345	-434
-311	-202	-302	74	242
-310.71784232365144	-340.1244813278008	-160.97925311203318	-159.26141078838174	24.49377593360998
-310.45441595441594	-69.46723646723646	-75.6780626780627	-215.96296296296296	-164.1082621082621
-310.18466898954705	-350.14401858304296	-47.818815331010455	335.1591173054588	-446.6341463414634
-310	-284	-322	190	-45
-310	134	-419	-68	-10
-310	293	-625	190	170
-309	-262	315	-314	-43
-309	-253	-188	398	-306
-309	-3	-102	-451	350
-309	51	237	-400	-39
-308.6923076923077	-446.0769230769231	338	230.46153846153845	-777.0769230769231
-308	-447	339	232	-776
-308	-425	29	76	-90
-308	-350	-46	335	-444
-308	-344	-92	-105	248
-308	-322	62	-352	204
-308	-140	-503	207	186
-307	-326	-356	205	88
-307	-263	-257	532	-338
-307	-70	-73	-211	-158
-307	-54	-60	-271	-140
-306	-337	121	98	-478
-306	-263	-81	-183	-136
-305	-340	17	-41	-5
-305	-259	-104	-222	333
-305	-227	-473	589	-101
-305	-17	-343	-134	52
-304	-423	22	92	-254
-304	-271	321	-314	-43
-303.18380062305295	-162.62616822429908	-19.647975077881625	-204.85358255451715	-227.05919003115267
-303	-331	68	-352	204
-303	-303	326	-324	-110
-303	-163	-17	-204	-224
-301.26045135035145	-380.0570970526576	-36.67542237020595	-45.52830188679246	105.01393513380195
-301.1036570743405	-304.99729216626696	-153.11161071143084	-81.11102118305355	-149.32663868904876
-301	-423	15	82	-264
-301	-285	-257	179	-212
-301	-179	60	-353	-6
-301	41	-48	-267	-245
-301	114	-520	227	-1
-300.41279565043095	-402.9843739560366	230.5020837509187	-198.8553212901717	-320.9744208091133
-300.18808946375646	-327.8288870924279	161.00242522231207	66.01293451899755	-668.5200754513608
-300	-386	376	-250	12
-300	-10	9	-22	-509
-299.5	-49	-99.5	-209.75	-233
-299	-432	28	92	-254
-299	-404	286	120	-568
-299	-382	-24	-36	118
-299	-329	173	77	-655
-299	-181	-90	-194	21
-299	-51	-91	-200	-223
-298	-285	-264	169	-222
-298	-138	-222	404	-363
-297	-198	-475	366	-116
-297	-178	108	-246	-89
-297	235	-177	-313	-99
-296	-538	188	122	-214
-296	-404	241	-192	-311
-296	-371	100	-218	-67
-296	-329	166	67	-665
-296	-164	-12	-206	-42
-296	-98	-349	-215	100
-296	14	-308	-162	13
-295	-564	-2	48	124
-295	-422	157	27	-331
-295	-327	-298	184	-89
-295	-305	-144	-63	-133
-295	-242	-45	264	-559
-295	-135	44	31	-509
-294	-293	-338	390	-14
-294	-272	361	-352	-149
-294	113	-425	222	-176
-293.3362445414847	-241.18153462258266	-56.65127885215222	254.38677479725516	-573.2894572676232
-293	-621	238	196	-92
-293	-223	-131	-189	144
-293	-206	-261	321	-322
-293	270	-248	-377	61
-292.3375	-27.852777777777774	-323.0013888888889	-331.0875	-60.3875
-292.0047303689688	-241.63481551561023	-317.27530747398293	59.59981078524126	-12.161778618732257
-292	-305	-151	-73	-143
-292	-242	-310	67	-4
-292	-242	-52	254	-569
-292	-236	452	-179	-351
-291.35483870967744	-284.3741935483871	105.54838709677419	-47.28387096774193	-462.53548387096777
-291	-355	411	-278	-27
-291	-293	-345	380	-24
-291	-145	252	-178	-356
-291	30	-500	55	138
-290	-406	-40	29	-185
-290	-373	321	92	-607
-290	-351	11	-64	79
-290	-314	-138	-63	-133
-290	-286	120	-35	-447
-290	-270	-110	-245	417
-288.1166666666667	-247.28095238095239	163.58690476190475	-56.096428571428575	-567.0964285714285
-288	-220	320	-447	-12
-288	-184	-15	-66	-301
-288	-183	-134	498	-400
-288	-169	-217	-159	128
-288	-98	-79	-295	-31
-287	-361	188	-304	-103
-287	-286	113	-45	-457
-287	-33	-500	225	85
-287	309	-499	-140	273
-286	-284	-351	72	119
-286	-35	78	-520	-58
-285	-393	0	-21	140
-285	128	-327	463	-425
-285	331	-543	161	231
-284	-97	-233	121	-205
-284	78	-478	23	198
-284	301	-213	-405	22
-283	-306	-86	-84	-310
-283	-211	-275	39	-43
-283	78	-482	21	194
-283	115	-66	-407	-76
-282.8775942397289	-306.1024989411266	-93.59042778483695	-94.84752223634052	-321.4133841592545
-282	-148	-248	586	-424
-282	-114	287	-206	-395
-282	38	-521	29	333
-282	199	209	-292	-391
-281.2701959007696	-203.29503087649098	107.3295407901098	-166.32226026251857	-357.6726316621616
-281	-494	-40	423	-318
-281	-255	155	-63	-486
-281	-174	34	-244	-148
-281	145	-145	-408	-228
-280	-448	-98	12	88
-280	-101	-138	215	-342
-279.26663804207817	-322.5345641906398	-50.57793044224988	-96.93087161872047	-91.03005581794763
-279	-435	-41	-16	263
-279	-219	-304	103	-214
-279	-186	-84	-119	-253
-279	262	-619	27	300
-278	-315	-80	-84	-310
-278	-255	148	-73	-496
-278	76	-472	25	202
-277	-343	223	144	-496
-277	-253	-316	44	80
-276.17556580971217	-263.12744451768845	-148.17842232476377	-205.1052515930565	-110.63678312458799
-276	-213	-372	188	130
-275	-329	105	-351	-36
-275	-323	-46	-94	-87
-274.52	128.7	-398.08000000000004	199.10999999999999	-252.21000000000004
-274	-343	216	134	-506
-274	-258	-467	426	29
-274	-221	-152	-252	133
-274	41	-173	18	-340
-274	124	-115	153	-423
-274	273	-515	320	-71
-274	380	-426	87	-21
-273	-412	165	-286	38
-273	-394	58	-42	-37
-273	-152	-181	46	-318
-273	-46	-543	7	193
-273	-19	-88	3	-458
-273	9	-329	-208	40
-273	47	-598	185	178
-273	220	-660	32	423
-272	-381	172	247	-637
-272	-376	-206	268	-197
-272	-295	-327	87	141
-272	-160	-393	337	-55
-272	-98	-175	100	-382
-271	-294	-330	-123	9
-271	114	-8	-428	-253
-271	314	-538	207	-146
-270.8888888888889	-255.7777777777778	210.05555555555554	-85.44444444444446	-665.0555555555554
-270	-152	-188	36	-328
-270	-94	-20	-266	-114
-270	128	-391	205	-244
-270	211	-333	340	-327
-270	235	-302	-28	-194
-269	-256	213	-84	-663
-269	42	-310	0	-172
-268.9078947368421	-234.8421052631579	-106.25	-228.02631578947367	-140.76315789473682
-268	-294	-46	434	-541
-268	-160	7	120	-638
-268	62	-517	-41	361
-267	-436	17	-37	86
-267	-414	171	-284	42
-267	-411	-224	105	259
-267	-232	-394	275	24
-267	-156	-373	745	-142
-267	-105	148	-407	-97
-266	-418	-247	273	-74
-266	-298	140	-379	-75
-266	-172	149	-186	-388
-266	447	-497	-32	191
-265	-232	-104	-224	-141
-265	-152	-329	86	-69
-265	-88	424	-71	-703
-264	-351	5	-154	171
-264	-132	-536	271	233
-264	74	-480	232	25
-263.0769230769231	-514.2307692307693	125.15384615384615	153.6538461538462	-420.6153846153846
-263	-515	131	160	-416
-263	-406	-165	314	-280
-263	312	-423	-138	-6
-262.6010859150431	-201.67951311260165	-32.64878100713297	-39.255438447070475	-332.2189218921892
-262	-40	-228	-34	-188
-262	20	-558	-36	484
-262	126	-276	-140	-104
-261	-535	277	716	-635
-261	-109	-241	-76	-120
-261	241	-448	-236	202
-260.8686679174484	-189.56660412757975	-492.16885553470917	221.32270168855536	256.4465290806754
-260	-271	-510	208	137
-260	-244	-55	204	-514
-260	-3	81	-317	-293
-260	165	-126	-130	-265
-259	-216	131	-390	82
-258.4415023296132	-394.2614313576769	-46.44656788384441	-11.538668869866711	-311.16049951240655
-258	-393	-36	-149	294
-258	-174	-577	276	356
-258	-111	25	-227	-309
-258	64	-94	-120	-360
-257	-271	-517	198	127
-257	-97	-358	406	-300
-257	-78	149	-586	51
-257	4	-347	-158	-113
-257	270	-464	-133	117
-256	-290	-366	434	-278
-256	359	-255	-176	-119
-255	404	-503	0	223
-254	-397	-35	5	-295
-254	-316	-156	-176	43
-254	-146	32	-82	-333
-253	-385	-229	458	-176
-253	-13	61	-248	-323
-252	-417	111	561	-514
-252	-204	-34	-33	-327
-252	-153	-16	-222	-186
-251.81369583602805	-189.85884284363962	-218.6345007711059	582.5940898462762	-405.9346052435202
-251	-397	-42	-5	-305
-251	-334	-201	135	-166
-251	-181	-229	64	-163
-251	-139	-399	411	-177
-250	-226	-458	234	3
-250	-62	-101	-525	3
-250	41	-346	-304	263
-250	61	-523	14	133
-250	124	-424	341	-293
-250	269	-459	-135	299
-250	327	-640	39	363
-249.29043951064793	106.30156114841208	-116.7293734810726	-415.06940725789843	-216.24216336450138
-249	-362	-1	-177	255
-249	-297	108	-148	-271
-249	-68	-28	-339	-101
-248.1593927893738	-61.51423149905124	-58.246679316888034	-302.87381404174573	-291.6764705882353
-248	-219	206	-262	-240
-247.4853242758267	-257.44027172519867	151.49910279415533	-166.64784670597282	-389.18040246090743
-247	-427	-270	463	-53
-247	-179	184	-445	51
-247	-173	-158	-177	-167
-246	-190	-389	142	55
-246	91	-578	362	65
-245	-399	-544	477	300
-245	-394	269	411	-619
-245	-264	-81	-318	242
-245	-161	-61	81	-416
-244.18416722530318	-123.36949235175818	240.5585349503321	-209.49606923030044	-529.9035894935706
-244.00942684766216	-117.25942684766214	-195.46719457013575	140.20965309200608	-406.5799396681749
-244	-362	-23	-62	135
-244	-221	-314	43	-169
-244	20	-178	-478	52
-244	105	-105	-403	-202
-243.2607594936709	199.95949367088608	-267.79746835443035	-32.70126582278482	-177.28860759493668
-243	-205	31	-44	-494
-243	-151	-207	-198	130
-243	-124	248	-202	-521
-243	-122	89	91	-577
-243	182	-394	11	-35
-242	-503	346	-169	-230
-242	-398	23	-16	-472
-242	-303	-166	107	-205
-242	-292	-339	-55	39
-242	-280	-10	-188	412
-242	-265	116	-59	-612
-241	-529	181	227	-257
-241	-73	151	-204	-332
-240.0169491525424	-264.07760927743084	106.35950044603032	-69.74308652988404	-624.520963425513
-240	-650	211	156	2
-240	-414	46	1	-53
-240	-266	143	-176	-310
-240	-229	-100	-2	-375
-240	-207	298	-128	-399
-239	-265	109	-69	-622
-239	-263	354	-247	-192
-239	-118	-187	143	-398
-239	-35	-129	278	-481
-239	-11	-98	-90	-348
-239	96	-99	-403	-202
-239	120	-212	31	-291
-238	-311	-195	171	-376
-238	-214	37	-44	-494
-238	187	-280	25	-216
-237.11954765751213	-212.75390414647282	94.43511039310717	-277.297253634895	-180.32525578890682
-237	-266	136	-186	-320
-237	1	-133	23	-314
-237	200	-550	162	182
-236.18421052631578	-311.3157894736842	-200.5	163.05263157894734	-383.47368421052636
-235	-423	46	4	-58
-235	-230	-214	360	-322
-235	-171	-210	-58	-129
-235	112	-499	-25	250
-235	187	-287	15	-226
-234.50618374558303	-356.0989399293286	-36.6731448763251	-135.9505300353357	-270.49734982332154
-234	-438	282	298	-612
-234	-282	-182	-92	-24
-234	-214	102	-271	-173
-234	-162	-22	-156	-286
-234	1	-140	13	-324
-234	274	-498	212	-120
-234	381	-409	-21	-70
-234	462	-530	-202	268
-233	-378	-332	209	79
-233	-126	-242	-323	333
-233	55	-426	47	9
-233	88	-351	210	-218
-233	195	-262	-23	-168
-233	276	-383	-204	170
-232.5642933049947	-285.0180658873539	-31.590860786397442	-101.7566418703507	-349.7757704569607
-232.5642933049947	-285.0180658873538	-31.590860786397457	-101.7566418703507	-349.7757704569607
-232	-411	15	72	-136
-232	-363	35	-83	-42
-232	-145	108	-239	-251
-232	-138	-434	75	31
-232	-59	-276	377	-239
-232	-57	-555	-106	369
-232	104	-47	-424	-379
-232	172	-76	325	-533
-232	199	-236	-301	-112
-231	-286	-24	-96	-342
-231	-252	-284	405	-217
-231	-206	-531	220	200
-231	-120	-72	-202	-258
-230	-145	188	-402	-71
-229	-182	-337	-80	413
-229	110	-493	-23	254
-229	252	-469	342	-264
-228.85466060409226	-183.60831438778825	104.67050990581359	-191.6849626502111	-521.9632997726535
-228.45005257623552	-30.28601472134595	-103.89484752891693	-330.6876971608833	-241.8906414300736
-227	-420	-373	214	202
-226.375	-241.5	-143.54166666666666	-220.83333333333331	-267.5833333333333
-226	-531	-89	-112	309
-226	-422	-236	-8	435
-226	-242	-143	-220	-267
-225	-328	-65	-91	-219
-225	-260	271	-330	-135
-225	-247	-186	-272	119
-225	-183	137	-299	-212
-225	-131	13	-184	-325
-224	-410	-341	376	-17
-224	-329	-462	195	321
-224	-121	-352	45	-74
-223	-320	-18	-195	166
-223	-276	-277	147	-67
-223	-209	-2	92	-543
-223	-198	-417	-43	147
-222.40761011889174	-365.28314041795426	233.36971665008122	109.32435971298378	-596.8204577593882
-221	-105	-30	-591	112
-221	87	-293	189	-395
-221	248	-441	-65	-37
-221	250	-354	-3	-124
-220	-351	-209	-122	277
-220	-170	-393	248	-47
-220	-137	-318	411	-274
-220	-30	-229	178	-224
-220	342	-419	-296	291
-219	-472	-254	172	-151
-219	-372	51	-132	-22
-219	-363	-401	276	-25
-219	-282	-522	95	313
-219	-262	277	-328	-131
-218.07692307692307	-471.2307692307692	-258.33333333333337	165.71794871794873	-156.8974358974359
-218	-146	246	-423	-248
-218	-67	-558	368	249
-217	-563	-98	55	213
-217	-484	235	-255	135
-217	-161	-125	-348	192
-217	105	-230	-118	-297
-217	281	-422	143	-249
-216	-471	349	34	-465
-216	-413	-27	-102	21
-216	-304	419	-315	-87
-216	-217	218	-442	73
-216	-88	-238	-90	-275
-216	43	-128	-110	-283
-215	-497	184	430	-492
-215	-208	-16	-304	192
-214.81806451612903	-191.00817204301075	253.29333333333335	-477.1716129032258	32.96387096774194
-214	-467	340	-12	-405
-214	-447	-67	298	-431
-214	-289	17	-223	127
-214	-271	283	-328	-131
-214	-82	-239	-307	-227
-214	307	-530	169	122
-213	-163	-55	-218	-312
-213	317	-425	-122	88
-212	-572	252	161	-148
-212	130	-346	77	-187
-212	237	-257	-156	-137
-211	-526	194	-250	258
-211	-369	20	-61	-105
-211	-255	-65	-121	-288
-210.43926380368097	-10.116564417177926	-359.20613496932515	-484.7361963190184	112.55582822085893
-210	-423	-384	158	91
-210	-306	425	-313	-83
-210	-219	224	-440	77
-210	-97	-175	-288	58
-210	-78	-67	-335	-227
-210	-44	-462	93	157
-210	162	-406	54	-51
-209	-390	111	144	-573
-209	-219	-281	-64	-51
-209	53	-104	-445	-134
-208	-467	46	56	-352
-208	-330	3	-390	56
-208	260	-240	-136	-224
-207	-205	-47	-233	109
-207	-186	253	-470	34
-207	74	-93	-138	-322
-206	-431	-170	113	-115
-206	-245	71	-39	-468
-205.6909307875895	-156.87589498806682	-165.39618138424822	137.7076372315036	-389.239061256961
-205	-388	-360	251	-7
-205	-228	230	-440	77
-204	-467	29	34	-202
-204	-346	385	-238	-166
-204	-305	250	381	-691
-203	-373	-35	-175	311
-203	-320	-148	-89	-2
-203	-245	64	-49	-478
-203	-164	-57	-230	-140
-203	-72	-69	-410	-110
-203	-69	206	-395	-162
-203	-39	196	-198	-376
-203	161	-311	49	-226
-202	-372	-38	-385	179
-202	-320	-152	-91	-6
-202	-216	19	-157	-318
-202	-180	-301	395	-328
-202	-158	-147	148	-372
-202	-83	112	-200	-458
-201.97430830039528	-371.1857707509881	-44.21541501976287	-386.09486166007906	171.58893280632412
-201.489437656411	-322.49457950411136	-153.20729322201424	-98.67075876427415	-10.847647788690054
-201	-303	-351	-168	215
-201	-254	77	-39	-468
-201	-113	184	-209	-316
-201	-74	128	263	-687
-200	-218	32	568	-595
-199.875	-302.5	-355.04166666666663	-173.83333333333334	209.41666666666663
-199	-158	-154	138	-382
-199	-95	-313	278	-243
-198.0049504950495	-234.67326732673268	-327.9455445544554	-283.21782178217825	54.05940594059405
-198	-428	-133	-142	259
-198	-220	282	-461	-100
-197	-486	-204	239	8
-197	-121	-103	-332	78
-197	-63	-373	255	-107
-197	201	-533	54	133
-197	282	-654	-127	471
-196.29686098654707	-310.7291479820628	-208.56681614349776	-109.83228699551569	-288.6188340807175
-196	-256	-381	283	-85
-196	-197	265	-468	38
-196	-172	-71	-244	-190
-196	96	-507	-129	373
-196	125	-211	160	-334
-195.57454545454544	-187.14848484848486	76.64121212121212	215.36454545454546	-581.2827272727272
-195	-313	-203	-101	-281
-195	296	-254	-385	-10
-194	-380	76	254	-548
-194	-307	105	21	-475
-194	-202	11	-161	-270
-194	456	-502	71	34
-193	-384	40	-67	-254
-193	-193	361	-305	-231
-193	-173	-34	-269	-110
-193	125	-218	150	-344
-192	-180	329	-435	-190
-192	-114	249	-220	-483
-192	319	-340	114	-188
-191.61214953271028	-157.7644859813084	-99.76448598130841	121.24766355140184	-559.1495327102804
-191	-380	69	244	-558
-191	-349	-218	-54	307
-191	-321	197	-292	-281
-191	-155	149	-398	-197
-191	-151	-67	53	-388
-191	-100	-134	413	-474
-191	89	132	-249	-408
-190	-298	-422	288	38
-190	-297	-36	-209	-166
-190	-293	-142	441	-452
-190	-214	-112	-239	-67
-190	-159	-89	127	-549
-190	-64	-278	250	-282
-189.78260869565216	69.76521739130436	-197.9391304347826	-129.27391304347825	-284.6391304347826
-189	-267	-205	-180	584
-189	-189	317	-489	-139
-188	-171	53	-179	-299
-188	-100	-141	403	-484
-188	-90	-68	-360	39
-187	-293	-149	431	-462
-186.40845070422534	-290.7887323943662	276.29577464788736	-45.95774647887323	-596.8028169014085
-186	-102	-186	-235	-66
-186	1	-431	-14	194
-186	246	-451	-125	8
-185	-323	-84	-108	-175
-185	-290	277	-45	-597
-185	-203	76	-172	-437
-185	-171	46	-189	-309
-185	200	-475	33	-44
-184	-339	-77	-204	-43
-184	14	-328	31	-142
-184	279	-500	228	-26
-183	-129	-474	72	317
-182.5416285452882	-172.67429094236047	-524.3293687099725	68.39432753888383	434.48581884720954
-182	-442	110	314	-555
-182	-412	91	-127	4
-181.33333333333334	-135	-27.666666666666657	-175.66666666666666	-454.3333333333333
-181	-385	98	-88	-431
-181	-116	-142	15	-341
-181	251	-337	-111	-173
-180.85718502774824	-174.86302987365687	105.59381272877553	-207.82548116660763	-479.42519778013934
-180	-455	495	600	-711
-180	-366	99	-167	1
-180	-146	264	-601	69
-180	65	-190	-113	-271
-180	101	-546	218	-46
-180	211	-371	326	-415
-179	-517	178	45	-211
-179	-507	-33	-24	-90
-179	-398	-180	80	36
-179	-290	-258	31	3
-179	-181	-405	135	129
-179	-13	-396	548	-294
-177.77777777777777	-135	-27.22222222222223	-172.55555555555554	-454.77777777777777
-177	-421	91	-124	-1
-177	-252	-394	258	102
-176	-574	-110	-58	389
-176	-253	-16	-280	30
-175	-389	456	-304	-57
-175	-299	-22	-219	1
-175	-77	-393	252	-129
-175	209	-520	170	122
-174	-304	-65	-271	387
-174	102	-569	100	281
-174	308	-513	61	73
-174	389	-634	-120	411
-173.71764705882353	-289.91633986928105	196.9895424836601	-90.15424836601306	-524.2575163398692
-173	-381	126	-155	-35
-173	-224	-398	187	138
-173	203	-487	-122	313
-171.32339658076344	-257.3686038365802	46.94364370779985	-166.12065701807992	-308.68495029139524
-171	-454	-201	442	-227
-171	-290	156	-317	-227
-171	-245	-202	286	-314
-171	254	-424	214	-207
-171	302	-604	262	124
-170.82	93.28	-239.88	-446.06	-74.06
-170	-438	-210	314	-292
-170	-279	202	-425	-250
-169.7843137254902	-279	201.66666666666669	-425.0392156862745	-250.50980392156862
-169	-418	-417	499	10
-169	-251	-137	308	-421
-168	-529	-133	173	117
-168	-401	99	31	-397
-168	-373	206	-243	-105
-168	-298	-41	791	-532
-168	-196	214	-466	-92
-168	60	-610	105	404
-168	94	-240	-443	-71
-167.29999999999998	-98.6	-248.4333333333334	-415.66666666666674	-49.46666666666672
-167	-345	290	386	-665
-167	-245	-230	13	-73
-167	-215	-353	365	-184
-167	-99	-248	-415	-49
-166	-249	82	-320	41
-166	-148	332	-232	-425
-166	165	254	-318	-421
-166	198	-171	-1	-342
-165	-361	382	-305	-50
-165	-208	79	-270	-178
-165	-121	-7	98	-488
-164.51328374070138	-363.61530286928803	261.99362380446337	-364.1232731137088	-179.5982996811902
-164	-502	250	-162	-141
-164	-345	283	376	-675
-164	-307	116	93	-556
-164	151	-350	53	-352
-163	-478	17	-79	-26
-163	-258	72	573	-569
-163	-223	400	-501	-81
-163	121	56	-563	58
-162	-571	-174	178	240
-162	-364	268	-358	-172
-162	-198	220	-464	-88
-162	307	-455	40	-104
-161	-34	-225	285	-392
-161	121	-308	38	-202
-160	-70	-183	-32	-301
-160	-22	-419	738	-273
-159	107	-185	-246	-240
-158	-299	180	-20	-546
-158	-34	-399	25	-64
-158	47	-520	-156	274
-158	121	-315	28	-212
-157	-520	-24	-74	97
-157	-357	79	-283	63
-157	-207	226	-464	-88
-157	-145	-115	-301	43
-157	-70	-190	-42	-311
-157	-64	-236	-482	381
-157	208	-526	225	-106
-156.04954954954954	-325.79179179179175	-218.68418418418418	-216.16216216216216	-108.31531531531532
-156	-213	6	-264	-84
-156	-207	150	-440	-129
-156	81	-398	-163	183
-155.8550724637681	-205.45893719806762	192.76328502415458	-217.6038647342995	-422.8502415458937
-155.8151995720375	-346.5142797977532	9.802067335070504	-305.29651935322437	-229.2895822188476
-155	-431	-460	281	118
-155	-348	18	-297	-220
-155	-34	-406	15	-74
-155	80	37	-454	-283
-154	-311	-84	573	-424
-154	-63	6	363	-590
-153.65805214723926	-180.14194785276072	2.0383435582822074	-191.04611451942742	-438.0926252556238
-153	-266	-31	23	-412
-153	-232	-124	-31	-296
-152.07457627118646	-548.935593220339	31.908474576271182	-94.5627118644068	13.02711864406777
-151	-140	-101	408	-458
-151	274	-92	-500	-137
-150	-550	38	-90	19
-150	-441	-109	14	145
-150	-360	-230	-167	483
-150	-207	260	-142	-487
-150	-206	194	-212	-418
-150	-40	146	-318	-334
-150	24	-212	550	-494
-150	107	116	-298	-414
-150	261	-518	-173	151
-149	-266	-59	-250	-171
-149	-181	14	-175	-425
-149	-100	-107	-356	-87
-149	75	-371	-175	53
-148	-570	509	-174	83
-148	-328	-224	34	25
-148	90	-273	-307	-120
-147.9182452642074	-296.1924227318046	-158.70887337986042	157.78963110667993	-368.8604187437687
-147.56190476190477	-348.46507936507936	-101.64444444444445	246.68333333333334	-312.01190476190476
-147	-588	419	196	-497
-147	-566	109	40	189
-147	-485	-12	-141	527
-146.65577119509706	-588.2328907048009	416.8192032686415	192.69560776302353	-500.7124616956078
-146	-181	7	-185	-435
-146	123	-16	-566	-75
-145.4921523697948	-138.87922746929002	-47.985751942525376	389.408214599521	-636.2521751115552
-145	-49	152	-318	-334
-144	-370	-82	-100	-13
-144	-289	-203	-281	325
-144	-247	205	-222	-485
-144	-214	64	-285	-261
-144	-109	-101	-356	-87
-144	-81	157	-328	-401
-144	-79	-2	-35	-457
-144	-47	-442	-193	44
-144	219	-559	-168	274
-142	-330	-218	36	29
-142	-221	-365	140	155
-142	-145	70	-253	-339
-142	-141	-36	397	-625
-142	-5	-552	209	297
-141	-529	-169	45	271
-141	-322	273	-491	-141
-140	-426	-177	143	67
-140	-105	-252	454	-388
-139	-416	277	-309	4
-139	-112	-154	-120	-179
-139	90	-558	105	130
-139	189	-268	24	-291
-138	-470	253	41	-376
-138	-442	-51	-7	-32
-138	-412	-123	-95	110
-138	-331	-244	-276	448
-138	-41	204	-339	-511
-138	53	-165	351	-479
-137	-316	19	118	-505
-137	-182	72	-196	-602
-137	154	19	-594	-114
-136.27819296808315	-181.13036432485546	64.00178566973258	-207.42895209452263	-613.6719187910517
-136	-404	453	-371	59
-136	-263	-406	145	278
-136	-47	-593	214	420
-135.30257338158424	-101.8484117410535	11.276638520305596	-369.2376357056695	-135.6254523522316
-135	-545	321	-228	-32
-135	-183	99	-313	-300
-135	-61	-137	69	-409
-135	-50	192	-356	-440
-134	-468	-218	148	190
-134	-398	144	-351	168
-134	-391	87	-151	-161
-134	-182	65	-206	-612
-134	-169	-284	320	-291
-134	229	-639	104	377
-133	-479	259	41	-376
-133	-102	17	-365	-131
-132	-235	-410	74	314
-132	240	-347	-436	53
-131.2933333333333	-313.4844444444444	13.388148148148105	-104.23259259259268	-466.40148148148154
-131	-304	308	-43	-534
-131	-272	-409	8	-12
-131	26	-355	256	-313
-131	54	-200	-438	-45
-130.6718665949435	236.6750941366326	-347.2883270575578	-435.7208176438946	52.12533620225929
-130	-190	-9	15	-404
-130	-175	153	-237	-364
-130	-125	-104	-24	-356
-130	3	-143	-193	-309
-129	-550	-54	30	-10
-129	-316	21	-94	-455
-129	-235	-100	-275	-117
-128.1764705882353	-225.76470588235293	-53.29411764705884	-384.7647058823529	-138.41176470588238
-128.1764705882353	-225.7647058823529	-53.29411764705884	-384.7647058823529	-138.4117647058824
-128	-400	150	-349	172
-128	-272	-416	-2	-22
-128	-224	-54	-383	-140
-128	39	-359	-136	-72
-127	-250	221	-506	-20
-126	-564	253	206	-161
-126	-471	311	20	-553
-126	-391	89	-363	-111
-126	-337	-121	81	-235
-126	-235	-107	-285	-127
-126	-221	212	523	-685
-126	-140	46	-425	-92
-126	-118	-295	236	-280
-126	-36	-235	225	-347
-125	-424	175	183	-507
-125	-184	159	-237	-364
-125	-94	450	-329	-259
-124	-325	27	-94	-455
-124	-300	188	-202	-340
-124	-71	52	-393	-170
-122	-447	-6	-120	-31
-122	-233	13	-5	-407
-122	-197	-343	326	-182
-121	-363	-169	182	-244
-120	33	186	-479	-342
-119	-447	-13	-130	-41
-119	-27	-67	-517	-95
-119	148	-331	-336	45
-118	-171	-167	-237	-101
-118	-113	11	-388	-47
-117	-428	258	-92	-345
-116	-306	9	28	-386
-115.8450704225352	-214.40845070422534	-214.52112676056333	-246.64788732394368	7.352112676056336
-115.67883190299054	246.9902170410943	-274.72238657332827	-510.5704138718842	-81.84678246097067
-115.51067961165047	134.13980582524272	-361.30679611650487	-282.46990291262136	-125.01747572815533
-115	-383	-56	-60	-165
-115	-330	-343	321	-66
-115	-166	14	-438	-66
-115	140	-360	-272	-126
-114.37500000000001	-355.6190476190476	48.08333333333332	-187.85714285714286	-337.30357142857144
-114	-233	15	-217	-357
-114	-210	33	613	-608
-114	-152	-106	-398	-19
-114	0.9242424242424221	2.3787878787878824	-327.6136363636364	-283.49242424242425
-113.14511041009463	92.81388012618297	-196.61514195583595	-576.2933753943217	-12.602523659306001
-113	-16	-172	555	-468
-113	90	36	-242	-319
-113	106	-372	-331	168
-112.34818759769058	-192.87906804924697	-11.131129308067678	-301.0693960115432	-265.708259930924
-112	-486	-42	66	-149
-112	-243	-136	-144	-120
-111	-522	252	211	-358
-110	-16	-179	545	-478
-110	96	-195	-571	-14
-109	-217	182	-325	-242
-108.66301798279906	-307.6286161063331	61.49413604378421	2.976544175136837	-566.1086786551994
-108	-358	50	-182	-333
-108	199	-449	-38	33
-108	607	-611	94	252
-107.60643593694445	-437.8093516652839	5.388704515823164	311.82233021216075	-477.50776342301765
-106	-577	97	-73	365
-106	-299	-219	-120	144
-104	-441	14	321	-466
-104	-8	16	-316	-271
-104	54	-325	-153	-140
-104	135	-446	-334	198
-103.66999583853517	144.37203495630462	-24.202247191011224	-594.2996254681648	-245.73782771535582
-103	-384	2	-81	-342
-103	-381	-94	-213	163
-103	-201	8	-288	-249
-102	-454	399	607	-622
-102	-365	3	-160	90
-102	-345	252	-215	-247
-102	-180	291	-449	-278
-102	-92	-446	-157	257
-101	-516	82	52	-122
-101	127	-160	-599	-53
-100	-518	-58	223	-255
-100	-119	-339	-130	112
-100	266	-520	-157	245
-99	-518	-68	211	-95
-99	-30	147	-336	-296
-99	547	-464	144	-89
-98.59678085018572	545.10647957078	-468.9042509286009	135.45109368551383	-93.99133305819232
-98	-282	291	229	-799
-98	-23	-391	327	-167
-98	144	-20	-590	-240
-97	-423	-135	-208	286
-97	-403	-48	-57	-51
-97	-209	-244	325	-265
-97	-161	-440	-19	300
-97	-129	-162	-370	-70
-97	0	68	-337	-448
-97	36	-597	113	295
-96	-127	-368	-66	-59
-96	88	-566	-167	225
-95	-363	317	-369	122
-94	-564	291	2	-78
-93	-137	238	-561	-70
-93	353	-717	241	357
-92	-218	-244	328	-270
-92	41	-483	127	114
-92	392	-243	-268	-170
-91.34002844327753	239.28907121759104	-467.6297779236407	-27.518674105677746	141.01288699267036
-91	-171	-203	-365	53
-91	40	-48	-164	-352
-91	206	-96	-270	-268
-91	239	-465	-25	144
-90	-455	457	586	-799
-90	-406	-144	357	-406
-90	-366	61	-181	-87
-90	178	-278	-301	-65
-89	-517	140	31	-299
-89	-164	125	74	-678
-89	-134	17	-235	-301
-88.61446643542132	-101.21067129157315	-127.20975311160987	-404.78300346867985	-117.49479698020812
-88.58027407593664	-315.3403947699271	52.668845863716356	-319.1522190093035	-306.22564118682425
-88.5441600368961	-152.5166609016488	2.933644644298404	-429.17583304508247	-220.76565202352128
-88	-327	9	-207	-279
-87	-488	-137	481	-161
-87	-316	55	-315	-302
-87	127	-266	23	-256
-86	-509	-168	19	288
-86	-415	-280	95	232
-86	-372	100	-115	-174
-86	-368	239	773	-703
-86	-209	85	-504	43
-86	-164	118	64	-688
-86	-99	-349	-112	-7
-86	-42	-250	-322	-49
-86	-17	-178	276	-464
-85	-450	-9	511	-445
-85	-210	-186	304	-442
-85	-77	-93	261	-582
-84	-106	273	-589	-109
-84	50	-358	-17	-189
-83	-336	15	-207	-279
-82	-140	-168	-393	14
-82	-77	-100	251	-592
-81	-539	103	-52	-193
-81	-363	-197	245	-198
-81	-337	291	431	-678
-80.36379310344827	280.3094827586207	-121.83448275862068	-418.2538793103448	-109.85732758620689
-79	-406	68	-228	195
-79	74	50	-477	-279
-78	-370	-303	326	-40
-78	-337	284	421	-688
-78	-289	-424	145	298
-78	-206	54	-433	-40
-78	-119	42	-449	-257
-78	-20	-269	433	-336
-78	67	-395	-430	127
-77	-359	66	177	-545
-77	-250	73	618	-582
-77	19	-386	194	-136
-76	-167	-239	192	-234
-76	-148	294	-246	-513
-75	-59	-496	291	-65
-74	-250	66	608	-592
-74	-98	-233	224	-312
-73	-244	3	-330	-181
-73	-111	-242	-396	44
-73	195	-546	-160	165
-72	-412	-344	331	83
-72	20	505	-233	-553
-71	-504	115	-119	237
-71	-121	373	-90	-644
-71	-37	33	-460	-100
-70	-37	-258	-301	231
-69	-90	245	572	-697
-68	-671	319	170	-155
-68	-223	7	-33	-379
-68	-196	441	-359	-300
-68	200	-432	-146	-16
-68	281	-553	-327	322
-67	-105	241	-358	-305
-67	14	-285	-148	-114
-67	95	-406	-329	224
-67	153	-587	-155	288
-67	158	-307	-2	-202
-66	-371	-245	305	-217
-65	-158	-362	-229	71
-65	194	-523	55	35
-64.38120052733984	-348.5907939554936	-124.41888708183271	-265.4580307837783	148.15014410234684
-64	-401	351	-366	144
-64	-180	309	-627	39
-64	14	-292	-158	-124
-63.05882352941177	-158	-365	-229.3529411764706	66.41176470588238
-63	-318	55	-106	-387
-63	-209	15	-397	249
-62	-350	-117	-254	158
-62	-284	-463	492	-121
-62	-177	-374	259	-71
-62	117	-199	-595	-179
-62	367	-588	219	114
-61	-409	132	-247	22
-61	-65	288	-369	-415
-60.901408450704224	116.83098591549296	-203.42253521126761	-601.9577464788733	-185.95774647887325
-60	-391	-132	63	-138
-60	-282	-279	167	-12
-60	-206	156	-226	-506
-60	-201	-400	-14	326
-60	-40	108	-332	-422
-60	-3	-367	563	-296
-59	-350	-124	-264	148
-59	-91	165	-87	-686
-58	-403	357	-364	148
-58	-74	276	-386	-344
-57.60898364727801	-160.02133788725592	97.26419650865935	-345.6387911405506	-307.35118677982473
-57	-415	171	-181	-65
-57	-328	-298	193	-9
-57	-172	-111	265	-391
-57	-164	59	-566	-9
-57	-40	101	-342	-432
-56.46666666666667	-341.2	-273.20000000000005	33.29999999999998	87.06666666666666
-56	-289	120	277	-639
-56	-119	-62	-39	-410
-56	-96	-403	71	-159
-56	-38	367	-213	-546
-56	-12	27	-272	-360
-56	47	-110	-145	-326
-55	-247	119	-501	65
-55	-149	344	-655	0
-55	-49	114	-332	-422
-55	174	-375	-423	67
-54	-504	317	80	-310
-54	-253	-96	334	-402
-54	-211	-252	53	-170
-54	-130	-373	-128	168
-53	-412	363	-364	148
-52.971014492753625	-228.39935587761676	-89.4219001610306	-12.444444444444438	-330.02415458937196
-52	-408	-18	-106	170
-52	-244	-320	-207	211
-52	-202	-98	464	-543
-52	-202	8	-463	-150
-52	-38	-609	170	418
-52	-22	235	-481	-207
-51	-283	-57	-274	-36
-51	-163	103	-338	-298
-51	-84	256	-317	-374
-51	38	-104	-145	-326
-51	100	-445	18	-195
-50	-399	-79	-120	-113
-50	70	-39	-598	215
-50	330	-174	-133	-288
-49	-249	125	-499	69
-49	-57	-138	281	-438
-48	-341	161	67	-586
-48	-283	-221	146	-189
-48	-253	-293	58	-47
-48	-202	-342	-35	149
-48	-172	-414	-123	291
-48	-133	94	-594	-48
-48	100	-452	8	-205
-47	13	-375	-129	-42
-46	-64	-440	-217	179
-46	-57	-145	271	-448
-46	56	-280	-281	-83
-45	-601	-59	87	126
-45	-523	249	514	-439
-45	-350	85	-55	-389
-45	-269	-36	-236	-51
-45	-3	-431	305	-115
-44	-305	-292	229	-219
-44	-258	131	-499	69
-44	-233	-180	-118	-155
-44	-196	-439	333	-93
-43	-335	114	-387	191
-43	-49	-193	-109	-298
-42	-132	138	-366	-337
-42	-51	17	-547	1
-42	34	90	-472	-253
-41.1769014084507	-153.62647887323942	-209.1442253521127	-402.6501408450704	57.35830985915493
-41	-377	494	-229	-160
-41	-308	-112	-387	189
-41	118	365	-357	-568
-40	-359	91	-55	-389
-40	-175	115	-251	-452
-39	-469	-287	-6	155
-39	-360	-434	98	281
-39	-349	-127	-70	-107
-39	-263	-576	371	362
-38	-125	-412	219	-251
-38	108	-107	-303.33333333333337	-310.3333333333333
-37	-361	362	-497	179
-37	-250	183	-520	-108
-37	-239	-37	-345	160
-37	87	-245	-309	-122
-36	-232	-81	-210	-268
-36	-88	-103	-64	-356
-36	19	-14	-297	-306
-35	-125	-419	209	-261
-34	-52	-319	-7	-119
-34	104	-105	-300	-309
-33	-521	156	218	-269
-33	-387	209	-96	-366
-33	-166	-361	-89	43
-33	-88	-368	-261	199
-32.06999999999999	-219.3	261.28	-237.5	-404.97
-32	-167	-453	224	-128
-31.827722772277227	-133.35247524752475	195.74851485148514	-388.780198019802	-515.819801980198
-31	-241	-75	-210	-268
-31	-197	-47	-392	282
-31	-132	62	-363	-244
-30	-596	224	-51	75
-30	-560	158	-31	-125
-30	-300	-257	-84	135
-30	-274	-160	92	-354
-30	33	148	-493	-430
-29	-8	-204	-392	-140
-29	47	-235	140	-421
-28	-330	397	-525	140
-28	-207	130	-632	100
-28	-146	-243	168	-399
-28	-85	-269	-480	81
-28	382	-436	-287	138
-27	-331	-448	-11	246
-27	189	-444	-259	160
-26.65584415584415	-228.83116883116884	-27.798701298701303	-236.25324675324674	-450.4285714285714
-26	138	-363	-11	-134
-25	-605	224	-48	70
-25	-357	-498	334	132
-25	-92	109	-374	-354
-24	-464	-4	-144	104
-24	-233	-23	-231	-445
-24	-152	-144	-412	-107
-24	-138	-212	-108	-178
-23	-190	-78	-131	-287
-22.056531927357938	13.485061511423543	-105.7709431751611	110.07674282366725	-451.28851786760396
-22	-168	-121	-395	312
-22	-101	97	-391	-283
-21.64948453608247	-119.7319587628866	-74.72164948453607	-102.61855670103094	-368.4020618556701
-21	-442	-8	-186	-4
-21	-121	-72	-99	-365
-21	102	-20	-420	-208
-20.708587708587714	-166.61920589698366	283.02650024872247	-306.02812825035045	-352.094107538552
-20	-590	216	-49	82
-20	-395	-121	-218	371
-20	-146	-241	-44	-349
-19	-552	13	272	-179
-19	-402	-144	-50	38
-19	-217	144	-339	-330
-19	-176	165	-660	61
-17	-498	-103	57	76
-17	-146	-248	-54	-359
-17	-110	103	-391	-283
-16.8610662358643	-115.88960689283792	-195.40656973613355	-531.870759289176	106.57619816908993
-16	-552	6	262	-189
-16	-167	287	-308	-348
-16	-49	56	-486	-146
-15.22333848531683	-431.60407006697585	-165.1474755280783	99.89644513137559	-73.85394126738797
-15	-310	-236	-279	25
-15	-232	70	-417	141
-15	-190	-76	-343	-237
-15	-109	-197	-524	101
-15	-25	-511	140	128
-15	160	-223	-149	-240
-14.928079571537864	160.31828615149198	-224.11859219586842	-150.60367253251724	-241.45983167559297
-14.917291220556748	-190.53459067698898	-85.10745758524132	-355.26643057156974	-248.9814281008071
-14.784729220813674	-314.55709966583566	-232.59945366785126	-284.13552219805865	17.93030286956983
-14	-159	-43	-159	-326
-14	135	-146	-325	-255
-13	-222	-264	-60	6
-13	-87	-330	190	-190
-12	171	-362	-268	-18
-11	60	-78	-594	89
-11	282	-449	-123	-41
-10.930555555555543	-151.10416666666666	-40.52777777777777	-377.3125	-279.15277777777777
-10	-139	240	6	-691
-9	-554	229	-184	106
-9	-307	-302	169	-174
-9	135	-454	-188	226
-9	178	-379	2	-23
-8	-257	-282	-223	462
-8	67	-216	418	-458
-7	-434	-160	107	-68
-7	-270	7	-114	-279
-7	-193	-39	-218	-334
-6	-78	-162	-552	62
-4.23811357074112	-141.44427333974977	93.56804619826758	-366.4218479307026	-470.78508180943214
-4.23811357074112	-141.44427333974974	93.56804619826755	-366.4218479307026	-470.78508180943214
-4	-397	139	-188	-13
-4	-361	73	-168	-213
-4	-1	231	-505	-372
-3	-142	99	-362	-463
-1.7965816902517986	-245.13247919346793	-101.69453122948883	-341.98960329754	-109.66615033211689
-1	-480	-136	526	-174
-1	-143	126	-479	-161
-1	-117	-568	-120	340
0	-400	-3	-319	27
1	-406	145	-188	-13
1	-358	-30	184	-456
1	-161	-138	-222	-103
2	-435	-95	96	-235
2	-360	-139	-183	69
4	-358	-37	174	-466
4	-287	-239	499	-295
4	-236	-70	-491	241
4	-44	-333	289	-266
5	-435	-102	86	-245
5	-271	-248	371	-360
6	-487	428	329	-563
8	-207	-86	-388	156
8.546153846153857	91.44615384615383	-115.16153846153847	-631.7615384615385	-89.76153846153846
9	-138	-399	-171	192
9	-54	477	-495	-120
9	134	-460	-133	-2
9	215	-581	-314	336
9	342	-396	-282	164
10	-333	-174	-146	114
10	-315	-83	72	-248
10	-252	-87	-323	-92
10	-132	-462	18	293
10.686274509803923	-207	-91.33333333333331	-393.2156862745098	148.19607843137257
11	-265	283	-262	-340
11	-155	-360	30	-74
12	-534	-184	338	201
12	-526	-166	-5	423
12	-284	-405	83	142
13	-274	296	-252	-330
15	-208	-81	-390	338
16	-368	-510	221	308
16	80	-67	-317	-310
17	-244	-35	-344	-269
17	-138	-397	-383	242
17	-111	58	-387	-409
18	-568	-207	0	546
19	-75	-158	-330	-172
20	-111	51	-397	-419
20	6	-137	124	-572
20	36	-245	-185	-195
21	341	-338	-303	-13
22	-203	-109	-310	19
22	-120	64	-387	-409
22	-10	-548	-113	280
22	140	-176	257	-466
24	-432	-307	372	-135
24	-323	152	-232	-323
24	-215	30	39	-521
25	-509	-372	284	86
25	-8	-80	-484	-83
25	428	-556	-116	83
25	535	-467	-349	133
25.27413793103448	-128.7853448275862	-196.4896551724138	211.28491379310344	-440.28405172413795
25.413287807654	-200.66951202162468	-96.45041968985632	-466.1596955470195	-72.44864134300755
26	-201	-88	-456	-61
26	209	-484	-281	212
26	349	-320	-351	35
27	-472	-63	1	-19
27	-215	23	29	-531
27	16	-492	-253	234
27	63	-313	296	-326
28	-491	43	196	-202
28	-191	-287	-101	1
28	-132	-82	-424	-139
29.270907852154636	-174.16709248850282	-125.58090614886731	-423.1920456481008	-20.961590870379837
30	-267	94	-159	-424
30	-101	46	-265	-340
30	-12	482	-628	-89
31	-210	-82	-456	-61
31	-191	-294	-111	-9
32	-28	52	-510	-311
33	129	121	-429	-357
34	-7	63	-203	-499
34	23	-45	-512	-122
35	-170	-53	-484	-100
35	-48	-289	-102	-209
36	-247	45	-342	31
36	-166	-76	-523	369
36	-125	-354	-190	12
38	-48	-296	-112	-219
40	-192	-229	-122	-176
40	-31	-377	-376	182
42	-409	-156	-273	416
42	-389	-69	-122	79
42	-88	-62	-495	57
43	-192	-236	-132	-186
44	-326	88	-347	52
44	2	-358	-168	-30
45	-135	-41	-551	330
45	80	-411	426	-286
46	-119	-171	-186	-112
47	-282	184	-482	10
47	9	232	-523	-334
48	-273	-256	99	-265
48	-192	-377	-82	73
49	-384	-56	-180	159
49	-350	-321	11	-44
49	-149	-282	-234	32
49	316	-464	-274	152
50	-236	53	-184	-370
50	123	-472	-246	174
50	466	-474	-145	144
50.624845233182	-152.02434997936444	-288.7738340899711	-247.26207181180354	24.45150639702848
51	-555	220	257	-203
51	-313	-12	-272	-149
52	-149	-289	-244	22
53	-119	-142	327	-533
54	-196	-207	239	-312
55	-313	-29	-294	1
55	245	-11	-457	-306
56	-564	220	260	-208
56	52	179	-635	-126
57	103	-116	-413	-119
58	-118	-247	-262	-7
58	-55	-148	65	-433
59.99999999999999	-19.470588235294116	-366.70588235294116	117.58823529411765	-199.8823529411765
60	-163	-381	378	-134
60	410	-573	76	247
61	-101	-107	-253	-194
63	-102	-439	-45	118
66	-230	-18	-395	-51
66	-213	-206	-345	-25
66	-82	157	-225	-508
67	366	-487	19	-35
67	473	-398	-214	15
68	-412	265	-320	286
68	-195	-276	-382	510
68	-167	139	-620	-78
68	187	-391	433	-346
68.71561338289962	-197.37546468401487	-279.4944237918216	-389.9814126394052	506.5111524163569
69	-583	152	264	-364
69	-157	225	-494	-164
69	-5	-147	-201	-346
69	-4	-266	363	-445
70	-342	-51	-313	190
71	-657	298	105	-25
71	-596	537	550	-520
71	-547	-64	321	-127
71	-507	141	-217	192
71	-17	-5	-507	-96
73	-369	159	-413	161
73	28	-154	-58	-335
73	155	-489	-342	397
74	-671	605	281	-176
74	-49	18	-500	-234
75	433	-558	-100	177
75	540	-469	-333	227
76	-26	1	-507	-96
77	-258	33	-455	207
78	405	-395	-439	30
79	53	-200	-335	-152
79	219	-248	-441	-68
80	-353	-91	-352	113
80	-141	-483	-27	499
80	70	-260	-336	-2
81	-612	108	76	371
81	-151	-27	-97	-478
81	-123	-268	-308	20
82	-98	-452	-70	305
82	6	-278	485	-376
83	-464	-148	-4	-57
83	-348	-205	-120	142
83	-18	53	-528	-273
83.27996575342465	-227.41267123287673	36.20804794520549	-377.04965753424653	-145.29109589041096
84	-4	-330	105	-264
86	-352	-47	-124	-176
86	-70	-456	-141	341
86	-1	193	-519	-460
86	276	-424	-269	178
87	-4	-337	95	-274
87	69	-165	-341	-177
88	-372	424	-208	-112
88	-364	442	-551	110
89	-284	-268	-14	-89
90	-241	-173	-166	-130
91	-189	42	-512	242
92	25	0	-640	-65
93	242	-404	-437	230
94	-587	-80	22	256
94	-135	142	-417	-313
94	5	-220	464	-553
95	-512	-165	269	62
95	-348	192	-490	62
95	42	140	-631	-252
96	-68	-33	-220	-380
97	-625	301	308	-260
97	-417	-232	-150	443
97	-210	210	-686	31
97	148	-101	-12	-392
98	-187	-37	-251	-269
98	-48	-256	-235	-1
98	275	-366	-290	1
100	-550	212	-283	301
100.39432009201099	-191.74953552154295	0.9075909050694406	-402.2995886047952	-313.8810271609307
101	-347	236	-262	-227
101	-266	115	-443	111
101	-145	122	-348	-343
102	-367	-336	148	266
102	362	-584	-103	97
102	469	-495	-336	147
104	-71	-462	-86	113
104	73	175	-659	-291
104.89690721649484	-114.90721649484536	-119.78350515463916	-577.7835051546392	30.443298969072174
105.75896388924335	-28.93709327548808	-52.30241163710603	-518.7402705116754	-238.18559397728723
106	-78	-182	-359	-93
107	-310	-42	-257	-145
107	-305	-97	-277	-187
107	-189	-154	-393	12
109	-396	-20	-418	222
109	-204	-283	362	-285
109	-52	136	-540	-215
109	292	-208	-602	-76
110	-193	4	-397	-306
110	-112	-117	-578	32
110	9	-400	-172	3
110.43137254901961	9	-400.66666666666663	-172.078431372549	1.9803921568627487
111	280	-400	-236	69
112	-542	295	185	-162
112	-412	51	-288	392
112	203	-465	-324	290
112	360	-593	-258	430
113	-602	42	147	85
113	-182	246	-389	-320
115	-36	-38	-503	-222
117	-351	36	-163	-95
117	-131	-72	-77	-334
120	-388	-165	-115	168
120	-131	-79	-87	-344
120	343	-326	-304	-88
121	-44	-290	110	-238
122	-484	-124	-8	206
122	-139	193	-501	-112
124	-391	263	-556	171
124	-44	-297	100	-248
124	-4	-200	-499	76
128	193	-243	-204	-197
128	410	-397	-423	124
129	-193	-38	-17	-341
129	29	-162	-352	-153
130	-253	-291	-55	-94
131	-330	-356	-143	127
131	-108	228	-529	-151
131	15	-39	-636	-191
132	232	-443	-433	104
133	-408	-1	59	-192
133	-253	-298	-65	-104
133	-231	-473	241	-62
133	-45	-232	89	-415
135	-318	-3	18	-317
136	-45	-239	79	-425
137	-374	57	-267	-166
137	149	-361	43	-269
137	383	-342	-291	23
137.91239105040887	-229.8640488813011	-122.3201545511726	-400.98697097672743	25.2610297421152
138	72	-215	-464	55
140	46	-4	-664	-230
142	-358	224	-375	-51
142	-339	91	-449	384
143	-442	-119	-141	237
143	90	-278	-487	184
146	-184	-263	61	-201
146	-15	261	-630	16
147	-58	-32	-238	-342
150	-41	108	-229	-529
150	-11	0	-538	-152
151	-204	-8	-510	-130
151	29	-250	-51	-246
151	97	-122	-366	-242
152	-584	130	-243	98
153	-617	216	303	-298
154	29	-257	-61	-256
154	46	-110	-42	-433
155	-148	-164	-403	511
155	339	-423	-426	44
156	-276	2	-115	-286
156	-230	-56	-409	-139
157	150	-593	-227	451
158	-36	-446	-229	353
160	-36	-185	-455	7
160	63	-563	155	164
161	-250	125	-396	-38
161	-169	4	-577	300
162	-499	50	148	-177
162	-418	-71	-33	161
163	-576	-15	60	44
166	-576	-22	50	34
167	-508	50	151	-182
170	-474	261	-274	191
171	-445	-44	-114	436
172	388	-235	-538	-3
173	119	-276	-211	-193
174	-152	-202	-288	-37
174	-67	-129	-213	-291
174	-31	-485	118	-66
174	14	-250	-394	47
176	-391	-289	23	510
177	-31	-492	108	-76
178	-385	45	-380	10
182	80	-317	-483	58
183	-394	51	-380	10
183	122	-363	114	-227
186	268	-124	-632	20
187	-51	40	-533	-126
188	-431	178	-266	102
188	37	-406	-390	345
189	137	-493	-311	304
190	19	-289	-47	-372
192	-155	-545	185	485
192	-60	46	-533	-126
193	19	-296	-57	-382
195	-110	-197	-421	-6
197	76	-465	125	-126
200	76	-472	115	-136
202	-542	257	171	-250
203	35	-120	-367	-207
204	6	-89	-374	-299
208	-9	45	-666	-95
214	-237	-70	-388	134
214	-232	93	-403	14
215	-244	-93	-220	-199
215	-42	-497	5	110
215	57	-207	-76	-311
216.32894736842104	-47.58552631578948	-499.24013157894734	-6.953947368421055	108.65789473684211
217	22	80	-694	-134
219	-241	99	-403	14
219	-193	-76	-31	-429
219	279	-331	-454	105
220	-270	-141	-119	-208
220	-195	-185	-398	96
221	-341	358	-418	-93
223	-270	-148	-129	-218
223	-106	-294	156	-333
224	-183	-359	68	-112
225	258	-163	-628	-106
226	-233	151	-424	-163
227	-183	-366	58	-122
227	27	-445	-386	219
229	-442	166	-379	278
229	-227	-194	-231	0
229	-164	-150	-426	57
232	-147	-10	-417	-130
234	-203	-556	6	335
234	84	-621	-214	465
235	-190	98	-536	45
240	-38	-155	-525	46
244	-9	-171	-422	-39
247	-142	273	-555	-181
250	53	-304	-198	-179
256	12	41	-690	-260
263	69	-135	-518	-14
266	100	-266	-494	332
268	-445	-39	-195	168
270	-5	-212	-87	-286
272	32	-161	-557	174
275	-509	-198	91	368
276	-129	-133	-167	-386
278	-2	91	-623	-101
279	-191	-435	191	-85
283	-169	94	-560	-120
284	-169	-197	-401	211
290	-493	174	-220	7
290	-190	-29	-575	0
290	235	-308	-339	-25
292	235	-527	119	94
293	-530	-27	-172	270
293	-421	-174	-68	396
304	3	-361	-416	315
304	30	94	-420	-336
307	-45	162	-689	8
309	-537	70	-127	6
312	-54	168	-689	8
317	-406	41	-301	398
317	-371	24	-445	140
320	-28	-44	-400	-329
320	8	-400	-69	-104
327	195	-268	-334	1
331	-504	162	-333	183
334	161	-248	-502	53
344	-587	94	-171	538
345	-198	-105	-452	27
345	212	-366	-204	41
348	237	-263	-467	32
354	-230	-114	-285	-69
360	-193	178	-590	-24
375	-188	-109	-418	-38
413	-180	-17	-582	148
418	156	-3	-669	-118
427	187	32	-697	-157
439	-382	-89	-255	358
499	52	-12	-490	-244
500	-25	-77	-578	-23
