-701.0447104196884	325.55964052287527	-9.092955710282851
-701.0447104196884	325.9899182069864	-10.395095614028236
-701.0447104196883	325.55964052287527	-9.092955710282915
-701.0447104196883	325.9899182069863	-10.395095614028314
-700.9398628800009	325.5596405228754	-9.831881397602665
-700.9398628800009	325.94665078214035	-10.465699345930368
-700.9398628800008	325.55964052287527	-9.831881397602679
-700.9398628800008	325.9466507821403	-10.465699345930439
-700.9398628799879	325.5596405228683	-9.831881397604043
-700.5679652305536	325.793179812332	-10.716133090154251
-700.5625	325.7909244761272	-10.719813345064736
-700.5625	326.76744951906767	-11.115561898834557
-700.5531933640425	325.78708390749716	-10.72608038034295
-700.5531933640425	326.206296020256	-11.115561898834542
-700.5531933640425	327.2363757913013	-11.30618771093237
-700.5436708860759	325.78315426736447	-10.732492762392155
-700.3952168375629	325.721891748413	-10.832460867244563
-700.3952168375629	326.67237108833905	-11.306187710932363
-700.2182453139806	325.6488609255697	-10.951632476254701
-700.2182453139806	326.30138809522407	-11.306187710932363
-700.2122069091444	325.6463690575848	-10.95569870343985
-700.2122069091444	325.8123061746386	-11.11556189883455
-700.2122069091444	326.02821342657916	-11.306187710932349
-700.2122069091444	326.0282134265792	-11.306187710932363
-700.2122069091442	325.64636905758476	-10.955698703439921
-700.2122069091442	326.0282134265791	-11.306187710932335
-700.1111838863008	325.60467989576347	-11.023727027633733
-700.1111838863008	325.88599207893935	-11.115561898834557
-700.1111838862996	325.604679895763	-11.023727027634493
-700.077327823388	325.55964052287555	-9.950900459406903
-700.077327823388	325.5907085173027	-11.046525506227269
-700.0732148149134	325.58901120246253	-11.049295182545066
-700.0732148149134	325.6577956892892	-11.115561898834557
-700.0548380708799	325.835444381728	-11.115561898834564
-700.019957524456	325.5670335211623	-11.085158336496939
-700.019957524456	325.59859225155054	-11.115561898834557
-700.0096812191748	325.5762490227712	-11.105042016810593
-700.0096812191748	325.57624902277126	-11.1050420168106
-700.0096812191714	325.56279279917754	-11.092078341538745
-700.0096812191712	325.5627927991775	-11.092078341538887
-700.0096812191712	325.57624902276336	-11.105042016806877
-700.0096812191712	325.5762490227635	-11.10504201680694
-700.0096812191712	325.57624902276353	-11.105042016806955
-700.0096812191711	325.5627927991774	-11.092078341538986
-700.0096812191711	325.576249022763	-11.105042016806678
-700.009681219171	325.5762490227629	-11.105042016806685
-700.0020424836947	325.55964052289005	-11.097222222198958
-700.0020424836652	325.5596405228683	-11.09722222220801
-700.0020424836652	325.5596405228779	-11.097222222218832
-700.002042483665	325.55964052286834	-11.097222222208181
-700.002042483665	325.55964052286845	-11.097222222208359
-700.002042483665	325.5596405228779	-11.09722222221891
-700.0020424836619	325.5596405228765	-11.097222222221049
-700.0020424836607	325.55964052287607	-11.097222222221816
-700.0020424836605	325.55964052287527	-11.097222222221248
-700.0020424836605	325.5596405228754	-11.097222222221433
-700.0020424836604	325.5596405228753	-11.09722222222127
-700.0020424836604	325.5596405228755	-11.097222222221632
-700.0020424836604	325.55964052287567	-11.09722222222237
-700.0020424836603	325.55964052287555	-11.097222222221774
-700.0020424836591	325.55964052287555	-11.097222222222761
-699.9917559606203	325.55964052290335	-11.105042016806856
-699.9917559605911	325.5596405228765	-11.105042016806934
-699.99175596059	325.55964052287555	-11.105042016806934
-699.9779176163743	325.5596405228765	-11.115561898834564
-699.9779176163732	325.55964052287555	-11.115561898834564
-699.8847455648947	325.5596405228683	-11.1050420168106
-699.8780584385186	325.5596405228754	-11.11556189883455
-699.8670230729349	326.6723710883391	-11.717730749656567
-699.8670230729348	326.67237108833905	-11.717730749656582
-699.8670230729347	326.672371088339	-11.717730749656582
-699.2854872677887	326.30138809522407	-11.717730749656582
-699.1565928799918	326.2191616435465	-11.717730749656582
-699.1565928799915	326.2191616435464	-11.717730749656582
-699.154644697735	326.21791882671835	-11.717730749656603
-699.0308828441673	326.1389666066424	-11.717730749656603
-699.0061272815232	326.30138809522407	-11.79995683406667
-699.006127281523	326.30138809522407	-11.799956834066748
-699.0061272815229	326.30138809522407	-11.799956834066762
-699.0061272815227	326.30138809522396	-11.799956834066776
-698.960148691364	326.21791882671835	-11.71773074965661
-698.8970102217423	326.2317783255776	-11.799956834066663
-698.8772328937265	326.2191616435466	-11.79995683406667
-698.8772328937263	326.1058379284078	-11.717730749656582
-698.8772328937263	326.2191616435465	-11.799956834066684
-698.8772328937259	326.2191616435464	-11.799956834066727
-698.8752847114694	326.21791882671835	-11.799956834066677
-698.8445922277822	326.097565202902	-11.717730749656596
-698.8445922277822	326.2317783255777	-11.815385408693992
-698.8445922277821	326.2317783255776	-11.815385408694006
-698.844592227782	326.22492135692937	-11.79995683406677
-698.844592227782	326.2317783255776	-11.81538540869402
-698.8445922277815	326.23177832557735	-11.815385408694063
-698.8248148997661	326.2132038007876	-11.799956834066677
-698.8248148997661	326.2191616435466	-11.81538540869402
-698.824814899766	326.2191616435465	-11.815385408694027
-698.8248148997657	326.2191616435464	-11.815385408694013
-698.822866717509	326.21791882671835	-11.815385408694027
-698.8153142051675	326.2191616435466	-11.818181818181515
-698.8153142051674	326.2085829798501	-11.799956834066677
-698.8153142051674	326.21791882671835	-11.815385408694034
-698.8153142051674	326.2191616435466	-11.818181818181536
-698.8153142051672	326.2191616435465	-11.818181818181543
-698.8153142051669	326.2191616435464	-11.818181818181564
-698.8153142051666	326.2191616435463	-11.818181818181593
-698.8153142051665	326.2191616435463	-11.818181818181621
-698.6721786217141	326.1389666066424	-11.799956834066684
-698.6721786217136	326.1389666066421	-11.799956834066727
-698.6639568430581	326.08310503802636	-11.799956834066705
-698.6457984858475	326.04718124130864	-11.717730749656589
-698.6457984858475	326.0715211567788	-11.799956834066684
-698.6365182807906	326.06560097401734	-11.799956834066677
-698.6343316588566	325.8859920789383	-11.717730749656589
-698.6115388491016	326.083105038029	-11.815385408694084
-698.6115388491015	326.08310503802886	-11.815385408694077
-698.6115388490978	326.08310503802636	-11.815385408694027
-698.6115388490977	326.08310503802636	-11.81538540869407
-698.602038154503	326.08310503802886	-11.818181818181536
-698.5672132982322	326.0715211567788	-11.799956834066691
-698.5150935437566	326.0715211567788	-11.815385408694027
-698.4995839392044	326.083105038029	-11.848337922740178
-698.4995839392043	326.0642960640509	-11.815385408694077
-698.4995839392043	326.08310503802886	-11.848337922740185
-698.4995839392038	326.0831050380287	-11.848337922740235
-698.4995839392037	326.08310503802863	-11.84833792274025
-698.4995839392004	326.06560097401734	-11.818181818181522
-698.4995839392004	326.08310503802636	-11.848337922740185
-698.4995839391984	326.08310503802636	-11.848337922740761
-698.4866220735815	326.0592967549502	-11.818181818181522
-698.3549716725929	325.88599207893935	-11.799956834066677
-698.3549716725913	325.88599207893833	-11.799956834066677
-698.3549716725912	325.8859920789383	-11.799956834066663
-698.3549716725909	325.8859920789383	-11.799956834066741
-698.3549716725865	325.8859920789354	-11.799956834066698
-698.3025536786324	325.88599207893935	-11.815385408694027
-698.3025536786308	325.8859920789383	-11.815385408694034
-698.3025536786308	325.88599207893833	-11.815385408694041
-698.2263547228249	325.88599207893833	-11.81538540869407
-698.1905987687335	325.88599207893833	-11.848337922740185
-698.1905987687331	325.88599207893935	-11.848337922740761
-698.1905987687288	325.88599207893554	-11.848337922740221
-698.1905987687287	325.8859920789354	-11.848337922740242
-698.1150367959913	325.8859920789355	-11.848337922740264
-698.0421675075535	325.8354443817323	-11.799956834066677
-698.0421675075535	325.85193011516174	-11.815385408694041
-698.0421675075535	325.88599207893833	-11.8920267901905
-698.0421675075534	325.8859920789383	-11.892026790190506
-698.042167507547	325.8859920789355	-11.892026790191117
-698.042167507547	325.88599207893554	-11.892026790191125
-698.0421675075468	325.835444381728	-11.799956834066677
-698.0421675075468	325.8859920789354	-11.892026790191146
-697.8535109874933	325.6302008162091	-11.815385408694958
-697.8059329055138	325.6041835745235	-11.81538540869495
-697.7767384728209	325.5596405228765	-11.799956834066663
-697.7418891471589	325.630200816209	-11.848337922747803
-697.694311065205	325.6041835745235	-11.848337922740235
-697.6845977049129	325.5596405228756	-11.717730749656596
-697.676458346513	325.6041835745235	-11.848337922740242
-697.5372106342419	325.6302008162091	-11.84833792274781
-697.5264442499762	325.55964052287555	-11.799956834066741
-697.5264442499608	325.55964052286834	-11.799956834086686
-697.4981672334056	325.5596405228756	-11.81538540869402
-697.4981672334047	325.55964052287527	-11.81538540869495
-697.4364182560688	325.55964052289096	-11.892026790190542
-697.3805685012684	325.6302008162091	-11.892026790191125
-697.379054566946	325.6041835745235	-11.892026790191139
-697.3764511839886	325.55964052286845	-11.848337922747803
-630	75	157
-629.8606446044977	76.73484092609613	156.40478330111233
-629.3307449703134	79.21045993520366	156.4047833011123
-629.3307449703134	79.21045993520374	156.40478330111213
-629	-278	165
-628.1489718600549	72.17859165872265	159.41274354923405
-628.1489718600542	72.17859165872149	159.41274354923576
-628.148971860054	72.17859165872105	159.41274354923644
-628.0924720720927	72.1084859541169	159.53391562184433
-628.0924720720927	72.10848595411692	159.53391562184424
-628.0924720720926	72.10848595411676	159.53391562184459
-628.0924720720925	72.10848595411673	159.53391562184459
-627	-278.2371888726208	165
-626.4642443391258	-283.4998420221169	159.41274354923644
-626.4642443391257	-283.49984202211704	159.41274354923647
-625.3771427820052	-284.1637183439013	159.5339156218459
-625.377142782005	-284.16371834390077	159.53391562184424
-625.3771427820047	-284.1637183439009	159.53391562184424
-625.3771427820045	-284.163718343901	159.5339156218443
-625.3771427820041	-284.1637183439013	159.53391562184436
-624.0485398298583	-284.9750758800985	162.37413248760612
-624.0485398298582	-284.9750758800984	159.68200626924502
-624.0485398298581	-284.97507588009853	159.68200626924505
-623.3804853473844	-284.1637183439007	159.4127435492364
-621.3949528584524	-284.16371834390145	159.41274354923402
-621.3934319739702	-284.1813011805334	159.4127435492354
-621.3934319739697	-284.1813011805335	159.41274354923576
-621.3934319739683	-284.18130118053364	159.41274354923684
-621.002375608125	-284.97507588009864	160.21276999514555
-619	34	69.74760656115474
-616.9999999999994	33.999999999998806	68.69253473172111
-612.8970588235292	38.67647058823559	58.83823529411799
-612.7487499999977	35.99371858951997	60.206059913406364
-612.7487499999977	35.993718589521194	60.206059913406136
-612.7487499999974	34.00979492673363	66.34228550568
-611.6313494180027	33.891408658190585	66.41427279732403
-611.6313494180022	33.664572951423935	62.75999999999978
-607.0000000000002	32.69357598017268	66.5310229230297
-607.0000000000002	33.664572951423565	64.3669501256726
-606.9999999999998	33.664572951423395	66.24482167733409
-602.3525523069551	33.915329082416605	62.75999999999932
-601.918075615232	33.66457295142362	62.90606669837308
-600.667260219175	163.19550217713237	-69.44321972220396
-600.6672602191742	29.99999999999943	66.04078930768668
-600.6672602191741	163.19550217713646	-69.44321972220649
-600.6672602191741	163.19550217713663	-69.44321972220658
-600.3016565367685	158.16455624894368	-69.44321972220646
-600.3016565367685	165.01127976822022	-70.53676878321266
-600.3016565367685	165.0112797682213	-70.53676878321315
-600.3016565367659	158.5354185379757	-70.536768783213
-600.3016565367659	158.53541853797864	-70.53676878322088
-600.3016565367658	165.01127976823386	-70.53676878322091
-600.3016565367658	165.0112797682341	-70.53676878322102
-600.3016565367657	156.23706352043865	-70.34348706947912
-600.3016565367657	158.53541853797924	-70.53676878322102
-600.3016565367657	158.5354185379797	-70.53676878322113
-600.3016565367657	165.01127976823443	-70.53676878322125
-600.3016565367657	165.0112797682345	-70.53676878322128
-600.3016565367656	156.23706352043854	-70.34348706947921
-600.3016565367654	158.5354185379802	-70.53676878322125
-600.3016565367654	165.0112797682364	-70.53676878322196
-600.3016565367652	156.2370635204383	-70.34348706947924
-600.3016565367649	156.23706352043814	-70.3434870694793
-600.0000000000011	165.6293682468588	-70.64413997858472
-600.0000000000011	165.62936824685883	-70.64413997858475
-600.000000000001	160.30206438551397	-70.53676878322193
-600.000000000001	165.0112797682341	-70.55399868133347
-600.000000000001	165.629368246859	-70.9390913329961
-600.0000000000002	158.33765606700138	-70.5367687832219
-600.0000000000002	160.28238360827987	-70.64413997858463
-600.0000000000002	165.6293682468589	-70.9390913329944
-599.9372694501926	158.38210844735858	-70.55399868133313
-599.9372694501925	158.55219803082568	-70.64413997858449
-599.9372694501923	160.2845649461631	-70.78350596994554
-599.9372694501922	158.55219803082613	-70.64413997858466
-599.9143677866452	158.22263018459168	-70.34348706947952
-599.6554788373925	29.99999999999895	65.28543097598622
-599.6554788373925	29.999999999999574	65.28543097598578
-599.6554788373924	29.999999999999375	65.28543097598593
-599.6554788373924	29.99999999999943	65.28543097598586
-599.6554788373924	29.99999999999949	65.28543097598585
-599.6554788373924	29.999999999999545	65.28543097598578
-599.6554788373924	29.999999999999716	65.28543097598563
-599.6554788373924	29.999999999999744	65.28543097598562
-599.6554788373924	29.999999999999858	65.2854309759856
-599.6554788373924	29.999999999999943	65.28543097598549
-599.6554788373924	29.99999999999997	65.28543097598548
-599.6554788373923	29.999999999999687	65.28543097598566
-598.0000000000011	121.6917973462	12.50904704463403
-598.0000000000005	121.69179734619985	12.509047044633064
-598.0000000000005	156.23706352043797	-66.29111658191414
-598.0000000000001	121.69179734620022	12.509047044632261
-598	121.69179734620022	12.50904704463207
-598	130.22448979591817	8.7244897959186
-597.9999999999999	156.2370635204378	-66.29111658191428
-597.9999999999998	121.69179734620013	12.509047044631814
-596.4657791418451	156.23706352043692	-66.77929287550131
-596.465779141845	156.23706352043666	-66.77929287550148
-594.2966499028493	127.11068185288781	4.141017307599064
-594.2966499028487	126.55821255651077	12.429724319515053
-594.2966499028487	127.03687400348278	4.9848037720431435
-593.5989048838646	127.05671265047178	4.3078653050606235
-593.1012876761121	121.69179734619985	10.624223576824036
-593.0020424836603	126.91728452227977	4.528943951471149
-592.457286619342	127.67806707114963	1.0698228152399238
-592.4572866193419	127.67806707114947	1.0698228152398315
-592.406363014315	121.69179734619851	9.195381254714846
-592.406363014314	121.69179734619985	9.195381254712167
-592.4063630143138	121.69179734620025	9.195381254711378
-592.1208452950557	123.00000000000013	7.914609250398691
-591.7471983386691	126.91728452227976	5.6971130079421854
-591.6018074025103	122.99999999999966	8.063204915969479
-590.8554859976464	122.99999999999999	5
-570.9346966827967	-173.3303309523407	148.10534770381784
-570.5889815577649	-172.61326783178984	146.8778454027007
-570.5889815577648	-172.6132678317898	146.87784540270067
-570.5889815577648	-172.61326783178973	146.87784540270053
-570.5889815577648	-172.61326783178967	146.87784540270044
-570.5889815577648	-172.61326783178964	146.8778454027004
-570.5889815577648	-172.61326783178959	146.87784540270027
-570.5889815577648	-172.61326783178953	146.8778454027002
-570.5889815577647	-173.6743392225065	150.10588846395075
-570.5889815577647	-172.61326783178944	146.87784540270005
-570.0896687280485	-174.0939643899319	148.31533548244235
-569.9455388181401	-171.31981460023167	144.6457126304142
-569.9455388181243	-171.31981460024363	144.6457126304142
-569.9455388181191	-171.31981460023158	144.64571263039596
-569.945538818115	-171.3198146002495	144.6457126304142
-569.9455388181044	-171.31981460024375	144.6457126303971
-569.945538818104	-171.31981460024363	144.64571263039662
-569.9455388181038	-171.3198146002437	144.6457126303965
-569.945538818101	-171.31981460024392	144.64571263039716
-569.945538818101	-171.31981460024386	144.6457126303971
-569.9455388181009	-171.3198146002439	144.6457126303971
-569.9455388181009	-171.31981460024383	144.64571263039699
-569.9455388181009	-171.31981460024355	144.64571263039628
-569.9455388181007	-171.31981460024375	144.64571263039664
-569.9455388181005	-171.31981460024372	144.6457126303965
-569.9455388181004	-171.3198146002437	144.6457126303964
-569.9455388181004	-171.31981460024363	144.6457126303963
-569.9455388181003	-171.31981460024357	144.64571263039616
-569.9455388181002	-171.31981460024355	144.64571263039596
-569.9455388180778	-171.31981460023238	144.64571263036132
-569.9455388180771	-171.3198146002321	144.64571263036026
-569.9455388180768	-171.31981460023204	144.64571263035978
-569.9455388180766	-171.31981460023175	144.6457126303592
-569.9455388180764	-171.31981460023175	144.64571263035918
-569.9455388180762	-171.3198146002317	144.6457126303589
-568.4508237000462	-175.3521552914893	148.4648410598419
-568.4508237000454	-175.3521552914899	148.464841059842
-568.4508237000452	-175.3521552914899	148.46484105984194
-568.4508237000441	-175.3521552914907	148.464841059842
-568.4508237000438	-175.35215529149093	148.464841059842
-568.450823700041	-175.35215529149298	148.46484105984212
-568.4508237000409	-175.35215529149303	148.46484105984212
-568.4078937836387	-175.35215529149292	148.42651346399506
-568.3858412705663	-175.3990136687968	148.4675906479687
-568.3858412705663	-175.39901366879675	148.46759064796868
-568.3858412705663	-175.39901366879667	148.46759064796862
-568.3858412705662	-175.39901366879678	148.46759064796868
-568.3858412705658	-175.39901366879707	148.4675906479687
-568.3858412705657	-175.39901366879715	148.4675906479687
-568.3612099644126	-170.6620911709879	142.9999999999999
-568.1791688222888	-175.3521552914893	148.222309062645
-568.1791688222879	-175.3521552914899	148.222309062645
-568.1791688222868	-175.3521552914907	148.22230906264505
-568.1791688222835	-175.35215529149295	148.222309062645
-568.11110663824	-175.39901366879678	148.22230906264508
-567.9414093302686	-175.35215529148942	148.0100386814606
-567.9414093302635	-175.35215529149292	148.0100386814606
-567.8733471462194	-175.39901366879715	148.01003868146063
-567.8410581886029	-175.3521552914928	147.9204457280452
-567.242379397833	-176.30601305763741	148.65974252418226
-566.769903640217	-175.35215529148934	146.9641247737794
-566.7699036402141	-175.35215529149067	146.96412477377942
-566.7546702067006	-176.14519250438863	148.01003868146068
-566.525727114962	-176.8781324551295	148.7865659616932
-566.4913587965	-176.9055694453163	148.79264800230692
-566.4913587964998	-176.90556944531647	148.79264800230692
-566.4913587964998	-176.90556944531528	148.79264800230527
-566.4913587964998	-176.90556944531514	148.79264800230484
-566.4913587964994	-176.90556944531536	148.79264800230524
-566.4913587964993	-176.9055694453154	148.79264800230493
-566.4913587964991	-176.90556944531545	148.79264800230501
-566.4913587964986	-176.90556944531585	148.79264800230513
-566.4913587964982	-176.9055694453163	148.7926480023052
-566.491358796498	-176.90556944531622	148.79264800230519
-566.4913587964979	-176.90556944531642	148.79264800230524
-566.4913587964978	-176.90556944531644	148.79264800230524
-566.4913587964909	-176.90556944532148	148.79264800230692
-566.4214440239059	-176.96138395749642	148.80502057405985
-566.3681648592676	-176.8781324551295	148.64617455364896
-566.3681648592672	-176.8781324551295	148.64617455364854
-566.3681648592664	-176.8781324551298	148.6461745536482
-566.3269706242363	-176.90556944531644	148.64617455364896
-566.3269706242359	-176.905569445316	148.64617455364794
-566.3269706242355	-176.90556944531647	148.6461745536482
-565.8924576646186	-176.87813245512953	148.222309062645
-565.8512634295889	-176.90556944531545	148.22230906264508
-565.8240958435474	-175.35215529148758	146.14062681594578
-565.8240958435451	-175.35215529148905	146.1406268159458
-565.8240958435447	-175.35215529148942	146.14062681594595
-565.8240958435446	-175.3521552914894	146.14062681594584
-565.8240958435445	-175.35215529148942	146.1406268159458
-565.8240958435441	-175.3521552914899	146.14062681594595
-565.824095843544	-175.35215529148994	146.14062681594595
-565.8240958435397	-175.3521552914928	146.14062681594595
-565.8240958435395	-175.35215529149295	146.14062681594595
-565.6851543393799	-177.54918032786884	148.93531917357225
-565.6623144164192	-175.35215529148758	145.99999999999974
-565.662314416419	-175.35215529148758	145.99999999999955
-565.6623144164182	-175.35215529148905	146.00000000000057
-565.6623144164172	-175.3521552914889	145.99999999999972
-565.6623144164166	-175.35215529148945	145.99999999999986
-565.6623144164164	-175.35215529148945	145.99999999999974
-565.6623144164163	-175.35215529148945	145.99999999999955
-565.6623144164159	-175.3521552914899	145.99999999999994
-565.6623144164157	-175.3521552914899	145.99999999999974
-565.6623144164155	-175.3521552914899	145.99999999999957
-565.6623144164122	-175.3521552914928	146.00000000000057
-565.6623144164114	-175.35215529149295	145.99999999999994
-565.6623144164104	-175.35215529149295	145.99999999999983
-565.6542251364144	-175.3990136687971	147.94881045160565
-565.6542251364143	-175.39901366879715	147.94881045160557
-565.6542251364142	-176.8781324551298	148.01003868146063
-565.6130309013832	-175.3990136687971	147.92044572804522
-565.6130309013831	-176.90556944531647	148.01003868146063
-565.4731880587608	-177.71839770658238	148.97283010179652
-565.4731880587606	-177.71839770658255	148.97283010179657
-565.4687631259104	-177.72193022852755	148.97361316662204
-565.1065802604758	-177.71839770658238	148.64617455364865
-564.9598958009783	-176.8781324551298	147.3913760923861
-564.8829505350836	-178.18959740062462	149.0772823633603
-564.8829505350826	-178.1895974006255	149.07728236336047
-564.882950535082	-178.18959740062581	149.07728236336064
-564.8829505350818	-178.1895974006261	149.07728236336067
-564.8829505350818	-178.18959740062596	149.0772823633606
-564.8829505350817	-178.18959740062635	149.07728236336092
-564.8829505350817	-178.1895974006261	149.07728236336064
-564.8829505350816	-178.1895974006263	149.07728236336067
-564.8829505350815	-178.18959740062633	149.0772823633607
-564.8829505350814	-178.18959740062635	149.0772823633607
-564.8829505350811	-178.18959740062655	149.07728236336075
-564.8829505350806	-178.18959740062706	149.07728236336084
-564.8829505350802	-178.1895974006273	149.0772823633609
-564.8829505350801	-178.18959740062735	149.0772823633609
-564.7962160000687	-178.18959740062635	148.99999999999994
-564.471196967829	-176.1451925043885	145.99999999999991
-564.4711969678289	-176.1451925043886	145.99999999999994
-564.0369870713478	-175.35215529148758	144.6457126303604
-564.036987071346	-175.35215529148894	144.6457126303606
-564.0369870713455	-175.35215529148962	144.64571263036117
-564.036987071345	-175.35215529148894	144.64571263036024
-564.0369870713441	-175.35215529148945	144.64571263035972
-564.0369870713438	-175.35215529148945	144.64571263035944
-564.0369870713433	-175.35215529148994	144.64571263035972
-564.0369870713431	-175.35215529148945	144.645712630359
-564	212	-149
-563.7982699376461	-176.1451925043885	145.41628618458574
-563.6983112021883	-177.71839770658164	147.3913760923861
-563.6983112021878	-177.71839770658195	147.3913760923861
-563.5321251816465	-176.87813245512976	146.140626815946
-563.5321251816445	-176.87813245513024	146.14062681594504
-563.4909156681249	-176.90556944531647	146.14062681594595
-563.3703437545186	-176.87813245512956	145.9999999999999
-563.3703437545183	-176.87813245512976	145.99999999999994
-563.3291342409975	-176.90556944531644	146.0000000000006
-563.3291342409967	-176.90556944531644	145.99999999999994
-563.3291342409963	-176.90556944531644	145.99999999999957
-562.8570603252174	-176.1451925043885	144.6457126303608
-562.69882137483	-176.87813245512962	145.41628618458574
-562.6988213748298	-176.87813245512976	145.41628618458574
-562.270072674945	-177.71839770658195	146.14062681594578
-562.0460768830762	-176.1451925043886	144.64571263036038
-561.6856456858308	-176.87813245512962	144.64571263036063
-561.6856456858307	-176.87813245512976	144.64571263036063
-561.6856456858286	-176.87813245512964	144.64571263035958
-560.9105486063793	-177.71839770658198	146.14062681594578
-560.4429355215776	-177.72193022852755	148.01003868146063
-560.4204204204204	209.0810810810811	-150.7057057057057
-560.4204204204204	209.08108108108112	-150.70570570570572
-560.3678827231149	-175.35215529148994	144.64571263035947
-560.3424587260191	-178.18959740062706	147.3913760923861
-558.1513566900348	-175.35215529148945	143
-555.970053848836	-177.71839770658195	146.14062681594547
-555.9700538488353	-177.71839770658238	146.14062681594578
-555.8111197627206	-178.1895974006248	146.1152545380449
-555.3322321599667	-178.18959740062584	145.41628618458574
-554.4402548090202	-176.87813245512953	144.64571263035907
-554.44025480902	-176.87813245512976	144.6457126303589
-549	-206	50
-548.6544003969997	-206.08172847517798	56.019105605710706
-548.285030402471	-202.65379789595625	49.99999999999923
-542.2690058479532	-92.20010337119788	1.0698228152398173
-542.2690058479532	67.32748538011697	-100.55555555555556
-542.2528715088004	66.47121906249127	-102.82513193418812
-541.9678997300293	65.25054798114438	-102.29788170377705
-541.8189009457644	63.77752502740963	-103.25054051007758
-541.5895697570083	62.94762219825438	-102.60194139559334
-541.4163027656477	-206.882096069869	50.240902474526905
-540.6246451383961	-87.00487934705467	-13
-538.8974250738709	-88.10540312368087	-86.98231321232586
-538.8970588235292	-89.32352941176441	-9.161764705882007
-536.4475658179981	-88.105403123681	-76.47155781158361
-526.3713014460511	-333.27052280311443	7.23248053392652
-526.0000000000036	-336.18121936274474	4.475949754911383
-524.0179784258887	-338.8601677986415	4.3603675589296955
-523.1704536392879	-339.80004243131384	8.554040052578486
-523.1704536392876	-339.80004243131384	6.953467525308838
-523.1704536392875	-339.8000424313145	8.554040052578685
-523.1704536392874	-339.8000424313145	6.953467525309065
-523.1704536392874	-339.80004243131384	6.953467525308824
-523.1704536392873	-339.80004243131486	8.5540400525787
-523.170453639287	-339.8000424313153	8.554040052578642
-523.170453639287	-339.800042431315	6.953467525309179
-523.170453639287	-339.80004243131486	6.953467525309122
-523.170453639287	-339.8000424313145	6.953467525308994
-523.1704536392868	-339.80004243131555	8.554040052578614
-523.1704536392867	-339.80004243131526	6.9534675253092075
-519.3928968486703	-339.80004243131447	6.1861673915351645
-519.0024433619551	-341.00000000000534	8.554040052589215
-519.002443361955	-341.00000000000534	8.554040052589187
-519.002443361955	-339.8000424313152	6.416156543448551
-519.0024433619548	-341.00000000000523	8.55404005258896
-519.0024433619537	-341.0000000000048	8.554040052588206
-519.0024433619515	-341.00000000000415	8.554040052586345
-519.0024433619495	-341.00000000000307	8.554040052584696
-519.0024433619421	-341	8.5540400525786
-519.0024433619421	-340.99999999999994	8.554040052578515
-519.0024433619421	-339.80004243131555	6.416156543446988
-519.002443361942	-340.9999999999999	8.554040052578443
-519.0024433619417	-340.9999999999998	8.554040052578245
-519.00244336194	-340.999999999999	8.554040052576667
-516.1420388246531	-339.8000424313143	6.186167391535079
-516.1420388246531	-339.8000424313139	6.186167391534795
-516.1420388246527	-339.8000424313143	6.186167391534923
-516.1420388246526	-339.8000424313143	6.18616739153488
-516.1420388246524	-339.8000424313144	6.186167391534838
-511.4019062748211	-215.8149324860998	-124.37648927720431
-509.8571428571428	-4.357142857142776	-233.42857142857153
-507.00000000000733	-0.41361256544163894	-236.93455497381734
-507.00000000000614	-0.4136125654426053	-236.9345549738181
-507.00000000000585	-0.41361256544283265	-236.93455497381822
-507.00000000000585	-0.4136125654426621	-236.93455497381825
-507.0000000000056	-0.41361256544180947	-236.93455497381845
-507.0000000000055	-0.4136125654428042	-236.93455497381848
-507.0000000000054	-29.98443299540557	-166.30729599467503
-507.00000000000523	-29.984432995405484	-166.3072959946752
-507.00000000000523	-0.4136125654429179	-236.93455497381865
-507.000000000004	-29.98443299540466	-166.3072959946768
-507.000000000004	-0.4136125654436853	-236.93455497381942
-507.00000000000136	-29.98443299540284	-166.30729599468003
-507.00000000000136	-0.41361256544468006	-236.9345549738211
-507	-211	-125
-507	1	-237
-506.7450980392157	-38.70588235294119	-168.16339869281046
-504.16015698000365	-212.87827820345103	-124.99999999999997
-490	90	-294
-489.6860403397028	-453.41666666666674	207.69506369426753
-489.02925531914894	88.21010638297871	-293.8404255319149
-480.1666666666667	-340.8666666666667	-25.033333333333346
-467	-63	-168
-461.25079454408535	-173.00000000000006	-147.17869289681684
-456	-360	-21
-453	-444	143
-452.5405405405405	-444.64864864864865	142.54054054054055
-452.42857142857173	-102.00000000000016	-270.8571428571435
-448.895436164067	-462.9584055459274	-62.852686308492196
-448.8166666667337	-463.2952038367175	-61.80011990415238
-448.8166666667336	-466.2654815728277	-64.72017742155225
-448.8166666666849	-466.2654815728211	-64.72017742156127
-448.81666666668303	-466.26548157282116	-65.03702437751815
-448.8166666666667	-466.10000000000014	-65.31666666666675
-448.8166666666667	-466.1000000000001	-65.31666666666678
-448.8166666666667	-466.1	-65.31666666666679
-448.81666666666456	-466.10000000000053	-65.31666666666676
-448.8166666666624	-466.1000000000039	-65.31666666666598
-448.81666666666206	-466.1000000000042	-65.31666666666585
-448.81666666666194	-466.10000000000423	-65.31666666666585
-448.81666666666183	-466.10000000000434	-65.31666666666582
-448.8166666662943	-466.10000000009825	-65.31666666668575
-448.8166666662937	-466.10000000009836	-65.31666666668576
-448.81666666608703	-466.1000000005166	-65.31666666656366
-448.8166666660869	-466.10000000051673	-65.31666666656363
-448.81666666608294	-466.10000000052025	-65.31666666656292
-448.8166666660829	-466.10000000052037	-65.31666666656291
-448.8166666653804	-466.10000000052037	-65.31666666666653
-448.81666666470767	-466.1000000005166	-65.31666666676706
-448.81666666470744	-466.10000000051673	-65.31666666676708
-448.8166666647072	-466.1000000005168	-65.31666666676708
-448.81666666469425	-466.10000000052014	-65.31666666676774
-448.816666664694	-466.10000000052025	-65.31666666676776
-448.81666665667944	-466.1000000089017	-65.31666666489167
-448.81666665168285	-466.1000000133552	-65.31666666400363
-448.8166666516828	-466.10000001335527	-65.31666666400362
-448.81666663349415	-466.10000001335527	-65.31666666668579
-448.8166666329383	-466.10000001335527	-65.31666666676776
-448.81666663291276	-466.1000000089017	-65.31666666839641
-448.81666661602543	-466.1000000133552	-65.31666666926182
-448.81666661602526	-466.10000001335527	-65.31666666926182
-448.81666661599303	-466.1000000133638	-65.31666666926347
-448.816666615993	-466.1000000133638	-65.31666666926348
-448.8166666159923	-466.10000001336397	-65.31666666926351
-448.81666661599206	-466.1000000133641	-65.31666666926353
-448.81161836423945	-466.10449959645155	-65.31576944422996
-448.8116183637269	-466.1044995969083	-65.31576944413884
-448.81161836372684	-466.10449959690834	-65.31576944413884
-448.80553403101624	-466.10449959645143	-65.31666666666652
-448.80553402975545	-466.10449959690834	-65.31666666668579
-448.78504959512077	-466.1281805745565	-65.31104744191073
-448.78504959512065	-466.12818057455655	-65.31104744191072
-448.7850495951206	-466.1281805745566	-65.3110474419107
-448.78504959494217	-466.1281805747156	-65.31104744187898
-448.7771002525683	-466.13526589364267	-65.30963462471165
-448.77710025256823	-466.1352658936428	-65.30963462471165
-448.7707201328622	-466.14095255057407	-65.30850070164901
-448.7707201328036	-466.1409525506262	-65.30850070163858
-448.7707201328036	-466.14095255062614	-65.30850070163861
-448.7707201328035	-466.14095255062637	-65.30850070163862
-448.7707201328035	-466.1409525506262	-65.30850070163866
-448.7707201328034	-466.1409525506265	-65.30850070163856
-448.770720132803	-466.1409525506268	-65.30850070163851
-448.7704426518399	-466.14119987185506	-65.30845138562599
-448.7469439543381	-466.1281805745564	-65.31666666666652
-448.72941387653793	-466.13526589364267	-65.31666666666655
-448.71534428574387	-466.1409525506218	-65.31666666668578
-448.7153442743247	-466.14095255054804	-65.31666666839672
-448.7153442684607	-466.1409525505477	-65.31666666926155
-448.6557808738057	-466.10449960832875	-65.3166666692619
-448.64218184637775	-466.1409525505478	-65.31666666926388
-448.64218184637656	-466.14095255054787	-65.31666666926348
-448.6421818463716	-466.14095255054804	-65.31666666926152
-448.6421818441732	-466.1409525505741	-65.31666666839651
-448.6421818400336	-466.14095255062347	-65.31666666676767
-448.64218184003346	-466.1409525506235	-65.31666666676772
-448.6421818398161	-466.140952550626	-65.31666666668215
-448.6421818397783	-466.1409525506265	-65.3166666666673
-448.6421818397781	-466.14095255062654	-65.31666666666732
-448.6421818397765	-466.1409525506266	-65.31666666666659
-448.63100534465343	-466.2654815728156	-65.2836695342357
-448.63100534465195	-466.2654815728155	-65.28366953423594
-448.6310053446499	-466.26548157281877	-65.28366953423512
-448.6310053446493	-466.26548157281934	-65.28366953423502
-448.6310053446492	-466.2654815728194	-65.28366953423496
-448.63100534464854	-466.2654815728199	-65.28366953423489
-448.6310053446472	-466.26548157282116	-65.28366953423459
-448.6310053446457	-466.2654815728224	-65.28366953423436
-448.62142722422544	-466.14119987185484	-65.30850070163865
-447.3872589811772	-466.26548157282775	-64.2757610670755
-436.15315001740345	-151.45040027845465	-161.68290985033065
-431.6277732128184	-146.20953163516845	-163.53944124897288
-428.23069001029864	-138.66014418125644	-164.4160659114315
-427.53389830508473	296	-392.96610169491527
-413.0000000000001	-198.87804878048783	-212.96951219512192
-413.00000000000006	-198.87804878048794	-212.9695121951219
-411.0416399743755	-211.6060217809098	-224.449071108264
-411.0416399743754	-211.6060217809097	-224.44907110826404
-402.7256944444445	-412.52083333333326	-88.86458333333326
-402.72569444444446	-412.52083333333337	-88.8645833333334
-399.28301886792445	-415.11320754716985	-89.09433962264148
-398.0000000000002	-211.00000000000003	-228.06791571128448
-396	-224	-133
-394.8502116746009	-477.96604423208737	148.53598468213673
-394.665327978581	-416.0522088353414	-81.73493975903615
-391.0540037243948	207.4581005586592	-336.9068901303539
-388.2604607434532	-473.7196640080066	146.0000000000003
-388.260460743453	-473.7196640080062	145.99999999999986
-387	9	-283
-386.0000000000004	-501.7281847232248	54.513777961034805
-386.0000000000004	-501.7281847232247	54.51377796103452
-385.3500332520506	-510.6215916648197	51.392595876745816
-385.35003325205054	-510.6215916648194	51.39259587674576
-383.51041666666646	-516	61.51923076923106
-382.2711005070087	-516	59.179838950193755
-381.8202115158637	-505.87074030552293	51.36662749706224
-381.82021151586366	-505.870740305523	51.36662749706204
-380	106	-353
-379.97709320695105	-47.69668246445499	-334.34044233807265
-378.81666666666666	-509.1	49.68333333333334
-377.30808080808083	-262.74747474747477	-148.90404040404042
-376.6426205373574	-47.25322046374679	-335.8356643356643
-375.8774834437086	-43.61423841059602	-337.2201986754967
-375.6277732128184	-245.2095316351685	-196.53944124897288
-375	-69	-271
-371.29906542056096	-395.6168224299067	-180.0280373831776
-371.2990654205607	-395.6168224299065	-180.02803738317763
-371.2990654205606	-395.6168224299065	-180.02803738317772
-368.8166666666666	-394.1	-180.31666666666666
-368.20624235006096	-395.33904528763725	-180.71358629130918
-368.1593023255814	-396.03255813953484	-180.9395348837209
-367.86451612903227	-396.0806451612902	-175.60161290322588
-367.4878048780488	-396.2804878048779	-176.01829268292704
-367.4878048780487	-396.280487804878	-176.01829268292647
-367.40375203915175	-393.9445350734095	-180.97063621533442
-367.2788177339902	-396.2494018296974	-181.94722026741732
-367	-244	-249
-367	202	-421
-361.81227436823104	-123.76895306859211	-332.10469314079427
-361.1020408163265	-516.0816326530609	139.18367346938788
-357.64305949008497	150.15439093484417	-474.75070821529744
-342	78	-406
-335	-244	-305
-324.3701799485864	-346.62060839760056	-206.46315338474733
-324.37017994858616	-346.6206083976007	-206.46315338474724
-324.3701799485861	-346.62060839760073	-206.46315338474724
-324.370179948586	-346.62060839760085	-206.46315338474716
-318.0000000000002	-621.9660543343782	190.59375906510317
-318.0000000000001	-621.966054334378	190.59375906510314
-317.4541249295441	-347.39142911913586	-200.00531030674446
-317.45412492954404	-347.39142911913586	-200.0053103067445
-317.45412492954404	-347.39142911913575	-200.00531030674458
-317.45412492954404	-347.3914291191357	-200.00531030674463
-317.454124929544	-347.39142911913575	-200.0053103067446
-317.15201159522206	-210.37341883345135	-308.2211437104716
-316.58697744644735	-623.9121826932151	179.65401528734503
-315.1832653061224	-73.04734693877552	-354.88000000000005
-315.01298985102227	-625	179.93646697905066
-315.01298985102176	-625.0000000000003	179.93646697905075
-315.0129898510216	-625.0000000000005	179.93646697905078
-314.3337450842032	-616.3716663520808	179.654015287344
-314.32044079515987	-81.23735955056179	-357.0800561797753
-314.2947510948447	-623.9121826932154	179.9364669790504
-311.5057925967791	-207.15484600169452	-309.2718282000576
-310	-486	5
-309.5405405405405	-486.64864864864865	4.5405405405405475
-308.58913251424514	-625.0000000000008	186.95248630134503
-308	158	-487
-306.3333333333335	8.600734689397001	-424.30508948545844
-306.3333333333335	10.580161106358815	-424.4370901055032
-306.3333333333334	8.124999999999943	-422.5208333333334
-306.33333333333337	9.540268456375827	-424.30508948545855
-306.3333333333333	10.580161106358702	-424.4370901055033
-306.0869733698205	8.690089919537371	-424.43709010550333
-306.0869733698203	10.903171984006377	-424.56726398854994
-306.0869733698203	10.90317198400652	-424.56726398855005
-306.08697336982027	10.903171984006349	-424.56726398854994
-306.06916426513015	9.633348161615174	-424.5672639885495
-306.06916426513004	9.633348161615288	-424.56726398854966
-306.06916426512976	9.633348161615373	-424.56726398854994
-306.06916426512964	9.633348161615032	-428.11020205102915
-306.06916426512964	9.633348161615288	-428.11020205102926
-306.06916426512953	8.648742525429327	-424.5672639885498
-305.6744811246191	9.270802292263625	-425.4703342505901
-305.08517350157774	9.15381499331761	-424.7205921285557
-305.0851735015776	9.153814993317582	-424.72059212855584
-305.0851735015775	9.270802292263454	-424.8371535028697
-305.0851735015773	8.856689397619846	-425.4703342505901
-304	9.270802292263625	-426
-300.54545454545456	-461.77272727272725	-215.8181818181818
-300.2933178883105	8.619042388916114	-428.5069790981354
-300.2933178883101	8.619042388915886	-428.50697909813573
-300.29331788831007	8.187233328416028	-429.0984370467073
-300.29331788830996	8.18723332841597	-429.0984370467072
-300.0107249057151	-462.10397572212344	-216.13523390546095
-300.0107249057151	-461.5053624528576	-217.95710037713957
-300.0107249057151	8.125	-429.09843704670726
-299.556149732621	-460.9457636791492	-218.35786942803333
-299.5561497326209	-461.27807486631025	-219.77540106951943
-299.55614973262055	-461.2780748663105	-219.77540106951844
-299.54701988674043	-462.3912266188333	-216.41017404945475
-299.54701988674043	-461.5053624528576	-219.15450743323396
-299.5470198867404	-461.7282110777528	-217.08371364674304
-299.5470198867381	-461.26538003298833	-219.79566063228555
-299.54701988673804	-461.26538003298833	-219.79566063228575
-299.54701988673787	-461.2653800329879	-219.79566063228657
-299.5470198867378	-461.26538003298776	-219.79566063228663
-299.54701988673776	-461.26538003298776	-219.79566063228665
-299.5470198867377	-461.2653800329877	-219.79566063228674
-299.4389242319071	-461.44718880004007	-219.55122185993437
-299.43892423190704	-461.4471888000402	-219.5512218599342
-299.438924231907	-461.4471888000402	-219.55122185993423
-299.43892423190687	-461.4471888000404	-219.55122185993395
-299.4389242319068	-461.4471888000405	-219.55122185993378
-299.4389242319067	-461.44718880004064	-219.5512218599336
-299.43892423190607	-461.4471888000415	-219.5512218599324
-299.3985997274181	-461.5053624528575	-219.47410625378873
-299.295857831449	-461.3199939783604	-219.79566063228657
-299.295857831448	-461.31999397836046	-219.7956606322867
-299.2958578314476	-461.31999397836057	-219.7956606322867
-299.0948484640126	-461.55288161577266	-218
-299.0948484640122	-461.5528816157727	-218.0000000000005
-299.09484846401205	-461.55288161577266	-218.00000000000085
-299.0216795166158	-461.1291377061651	-220.0948713080457
-299.0216795166112	-461.1291377061646	-220.09487130804746
-299.01606703463074	-461.5511000190563	-219.5512218599339
-298.6705669001042	-461.31999397836057	-219.93479186253447
-298.5823972224911	-461.44718880003995	-219.79566063228586
-298.5823972224908	-461.4471888000402	-219.7956606322857
-298.5823972224906	-461.44718880004007	-219.79566063228586
-298.5823972224892	-461.4471888000404	-219.79566063228572
-298.58239722248794	-461.44718880003995	-219.79566063228654
-298.5723494053234	-461.2092436891197	-220.09487130804706
-298.57234940532294	-461.20924368911983	-220.09487130804712
-298.57234940532277	-461.2092436891199	-220.09487130804712
-298.5723494053227	-461.2092436891198	-220.09487130804717
-298.57234940532203	-461.20924368911994	-220.09487130804717
-298.3822044699053	-461.0344006622082	-220.3553981789275
-298.38220446990516	-461.0344006622082	-220.35539817892754
-298.38220446990505	-461.03440066220816	-220.35539817892757
-298.3822044699048	-461.0344006622081	-220.35539817892766
-298.38220446990465	-461.0344006622081	-220.35539817892777
-298.2015797458847	-461.0666022011217	-220.3553981789275
-298.19756055660554	-461.6414132737787	-219.3613926587641
-298.1975605566055	-461.6414132737788	-219.36139265876403
-298.1975605566054	-461.6414132737789	-219.36139265876426
-298.19756055660537	-461.6414132737789	-219.3613926587643
-298.1219312962052	-460.9958416735119	-220.4614353978423
-298.12193129620516	-460.99584167351185	-220.46143539784237
-298.1219312962051	-460.99584167335576	-220.4614353978429
-298.12193129620505	-460.9958416735119	-220.4614353978424
-298.1219312962049	-460.9958416735118	-220.46143539784248
-297.97232021709664	-460.9736770691994	-220.52238805970137
-297.9723202170964	-460.97367706919954	-220.52238805970148
-297.9723202170963	-460.9736770691994	-220.52238805970154
-297.91462008003725	-461.55110001905655	-219.55122185993378
-297.914620080037	-461.55110001905643	-219.55122185993392
-297.91462008003657	-461.5511000190563	-219.55122185993417
-297.9146200800365	-461.5511000190563	-219.5512218599342
-297.91462008003646	-461.5511000190563	-219.55122185993423
-297.91462008003634	-461.55110001905626	-219.55122185993434
-297.6543189473283	-461.1641671385689	-220.35539817892777
-297.4844964887249	-461.194442863771	-220.35539817892754
-297.48449648872446	-461.1944428637722	-220.35539817892618
-297.484496488719	-461.1944428637722	-220.35539817892737
-297.4781929601699	-461.4471888000405	-219.79566063228572
-297.47819296016974	-461.4471888000404	-219.7956606322859
-297.4781929601686	-461.4471888000401	-219.7956606322865
-297.4781929601685	-461.4471888000402	-219.79566063228657
-297.4781929601683	-461.44718880004007	-219.7956606322867
-297.4781929601683	-461.44718880004	-219.79566063228674
-297.4781929601682	-461.44718880004007	-219.79566063228674
-297.4014757672345	-461.2779683036047	-220.0948713080471
-297.4014757672344	-461.20924368911983	-220.35539817892618
-297.4014757672332	-461.20924368911994	-220.3553981789263
-297.40147576722836	-461.2092436891198	-220.35539817892754
-297.4014757672273	-461.2092436891197	-220.35539817892789
-297.229784569321	-461.38804394507645	-219.93479186253444
-296.9439747091143	-461.31999397836057	-220.09487130804712
-296.9439747091141	-461.3199939783605	-220.09487130804717
-296.8	-460.8	-221
-296.6504390345698	-459.7115143387599	-221.06520610682327
-296.6504390345513	-459.71151433876094	-221.06520610683074
-296.639948646895	-460.7762886884289	-221.06520610682054
-296.6399486468924	-461.13197539322323	-220.46143539784214
-296.63994864689226	-460.7762886884286	-221.06520610682156
-296.6399486468915	-460.7762886884283	-221.0652061068219
-296.63994864689045	-460.7762886884274	-221.06520610682327
-296.639948646889	-460.77628868842805	-221.06520610682304
-296.63994864688846	-460.77628868842794	-221.06520610682324
-296.6399486468884	-460.7762886884279	-221.06520610682333
-296.639948646888	-460.77628868842794	-221.0652061068233
-296.639948646888	-460.7762886884278	-221.06520610682344
-296.6399486468702	-461.1319753932253	-220.46143539784237
-296.63994864687015	-460.7762886884251	-221.06520610683066
-296.63994864686964	-460.7762886876452	-221.0652061068341
-296.6399486468657	-460.77628868842453	-221.06520610683248
-296.63994864682684	-461.13197539322925	-220.4614353978422
-296.63994864682667	-460.77628868841964	-221.06520610684873
-296.5985164067066	-459.71436723040074	-221.08631750496545
-296.5941228399219	-461.2366959142671	-220.29082008739067
-296.5881297605514	-460.768611816378	-221.08631750496056
-296.5881297605402	-460.7686118163765	-221.0863175049652
-296.5881297605396	-460.7686118163762	-221.08631750496536
-296.5881297605396	-460.76861181637616	-221.08631750496545
-296.5881297605394	-460.7686118163762	-221.0863175049654
-296.58812976053935	-460.7686118163762	-221.08631750496545
-296.5881297605393	-460.76861181637616	-221.0863175049656
-296.58812976051036	-460.7686118163717	-221.08631750497707
-296.58812976047625	-460.7686118163672	-221.0863175049903
-296.4788234943035	-461.2092436891199	-220.3553981789275
-296.4788234943034	-461.20924368911983	-220.35539817892766
-296.4788234943031	-461.20924368911983	-220.35539817892777
-296.478823494303	-461.2092436891198	-220.3553981789278
-296.2895019819901	-461.1641671385691	-220.46143539784225
-296.2895019819901	-461.16416713856904	-220.46143539784234
-296.28950198198993	-461.16416713856904	-220.46143539784237
-296.28950198198976	-461.164167138569	-220.46143539784248
-296	-150	-337
-296	-146.34665651621026	-342
-296	-122	-400
-295.9039392589476	-460.9075034768466	-221.0652061068297
-295.9039392589471	-460.9075034768518	-221.0652061068233
-295.9039392589418	-460.9075034768465	-221.06520610683106
-295.9039392589336	-460.90750347684695	-221.06520610683242
-295.9039392589306	-460.90750347685696	-221.06520610682048
-295.9039392589295	-460.9075034768572	-221.06520610682045
-295.90393925892704	-460.9075034768569	-221.06520610682145
-295.9039392589266	-460.9075034768555	-221.0652061068232
-295.9039392589258	-460.9075034768556	-221.06520610682333
-295.9039392589211	-460.9075034768565	-221.0652061068232
-295.9039392589208	-460.9075034768566	-221.0652061068232
-295.9039392588986	-460.90750347685554	-221.0652061068297
-295.9039392588856	-460.9075034768554	-221.06520610683248
-295.65290976698327	-460.90750347685724	-221.06520610682048
-295.21151460280026	-460.9075034768573	-221.0652061068215
-295.21151460279987	-460.90750347685696	-221.0652061068218
-295.2115146027973	-460.9075034768565	-221.0652061068233
-295.21151460278077	-460.90750347685264	-221.0652061068325
-295.21151460277855	-460.9075034768556	-221.06520610683077
-295.21151460277315	-460.9075034768555	-221.06520610683248
-295.2115146027521	-460.9075034768467	-221.06520610684868
-295.17382178263244	-460.89852899586487	-221.08631750496556
-295.1738217826118	-460.8985289958596	-221.086317504977
-295.1738217825876	-460.89852899585424	-221.08631750499023
-295.09135105729354	-461.641413273779	-219.79566063228634
-295.0913510572934	-461.6414132737789	-219.79566063228657
-295.032967032967	-459.7032967032967	-221.30769230769232
-294.92206417070093	-461.55288161577255	-219.93204724056676
-294.9220641707003	-461.55288161577266	-219.93204724056642
-294.9186574688717	-461.55110001905655	-219.93479186253447
-294.90079269181433	-460.9608763359061	-221.0652061068232
-294.71996236764693	-461.44718880004154	-220.09487130804416
-294.71996236764676	-461.44718880004143	-220.09487130804428
-294.7199623676439	-461.4471888000396	-220.09487130804712
-294.4767452424058	-461.3199939783606	-220.2908200873904
-294.47674524240546	-461.31999397836046	-220.2908200873906
-294.4767452424048	-461.31999397836023	-220.2908200873909
-294.4571438679294	-461.00417134348027	-221.065206106823
-294.4269111688475	-460.99424089487684	-221.0863175049654
-294.39658910247323	-461.278074866311	-220.35539817892618
-294.3965891024732	-461.27807486631104	-220.35539817892618
-294.396589102473	-461.27807486631104	-220.3553981789263
-294.3965891024728	-461.2780748663111	-220.35539817892612
-294.3965891024716	-461.2780748663102	-220.3553981789275
-294.3965891024715	-461.27807486631025	-220.3553981789275
-294.2649727298716	-461.2092436891201	-220.46143539784197
-294.26497272987126	-461.20924368912006	-220.46143539784214
-294.2649727298712	-461.20924368911994	-220.46143539784225
-294.26497272987115	-461.2092436891199	-220.4614353978423
-294.1787790555071	-461.16416713856904	-220.53087765139355
-294	-11	-444
-293.9712274983455	-461.00417134348106	-221.08631750496363
-293.9712274983454	-461.00417134348106	-221.0863175049639
-293.9712274983446	-461.0041713434804	-221.08631750496625
-291.0000000000057	-25.974830239916685	-472.65577184245035
-291.00000000000387	-25.97483023992052	-472.6557718424548
-291.0000000000034	-25.974830239921317	-472.6557718424557
-291.00000000000324	-25.9748302399216	-472.65577184245603
-291.00000000000307	-25.974830239921914	-472.6557718424563
-291.00000000000097	-25.974830239925637	-472.65577184246035
-291.0000000000009	-25.974830239925893	-472.6557718424608
-291.00000000000085	-25.97483023992598	-472.6557718424608
-290.18326530612626	-26.06069882612266	-471.6719679106551
-290.1832653061249	-27.047346938774666	-471.8137387505513
-290.18326530612353	-27.047346938775092	-473.87999999999937
-290.183265306123	-27.047346938777338	-471.81373875055385
-290.18326530612285	-27.04734693877535	-473.87999999999977
-290.1832653061226	-27.04734693877566	-473.8800000000001
-290.18326530612234	-27.047346938775945	-473.8800000000001
-290.18326530612177	-27.047346938778233	-471.81373875054845
-290.18326530612177	-27.047346938775974	-473.8800000000001
-290.1832653061217	-27.047346938777366	-472.45086550257986
-290.18326530612154	-27.04734693877637	-473.88000000000017
-290.1832653061206	-27.047346938777054	-473.88000000000034
-290.1832653061202	-27.047346938777338	-473.88000000000034
-290.1832653061201	-27.047346938777366	-473.88000000000034
-289.5336062985602	-27.56962182720784	-467.667580374768
-289.5336062985595	-27.569621827208266	-473.9814077497389
-289.5336062985591	-27.569621827209872	-467.0539670602213
-289.5336062985589	-27.569621827209005	-473.9814077497389
-289.5336062985588	-27.569621827210653	-466.88046515909184
-289.5336062985588	-27.56962182720912	-473.9814077497388
-289.5336062985587	-27.56962182720909	-473.9814077497389
-289.53360629855865	-27.569621827209176	-473.98140774973893
-289.5336062985584	-27.569621827209374	-473.98140774973893
-289.5336062985573	-27.569621827210142	-473.98140774973905
-289.53360629854126	-27.569621827228502	-467.05396706021065
-288.0205275154738	-29.812591508053657	-473.01646181613114
-288.02052751547376	-29.81259150805286	-473.0164618161321
-288.02052751547365	-29.812591508053885	-473.0164618161309
-288.02052751547365	-29.81259150805215	-473.0164618161331
-288.02052751547353	-29.812591508052122	-473.0164618161332
-288.02052751547353	-29.812591508051298	-473.0164618161342
-288.0205275154735	-29.812591508051327	-473.016461816134
-288.0161499437688	-28.789537720275575	-474.21827329377766
-288.01614994376837	-28.789537720275774	-474.2182732937777
-288.0161499437668	-28.789537720276968	-474.2182732937779
-288.01614994376666	-28.789537720277366	-474.218273293778
-288.01614994376354	-28.78953772027961	-474.21827329377845
-288.0161499437628	-28.78953772028055	-474.2182732937785
-288.0161499437626	-28.789537720280464	-474.21827329377857
-288.0161499437625	-28.78953772028055	-474.2182732937786
-288.01614994376183	-28.789537720281373	-474.21827329377874
-288.0161499437616	-28.78953772028126	-474.2182732937788
-288.01614994376155	-28.789537720281288	-474.2182732937788
-288.0161499437615	-28.789537720281373	-474.2182732937788
-288.01614994376143	-28.789537720281402	-474.2182732937788
-288.01614994376035	-28.789537720282425	-474.21827329377896
-288.00545646038444	-29.692796830320077	-473.17315459425606
-288.00545646038427	-29.692796830317974	-473.1731545942587
-288.00545646038427	-29.692796830316098	-473.17315459426084
-288.0054564603841	-29.692796830317604	-473.17315459425924
-288.0054564603841	-29.69279683031661	-473.1731545942598
-288.00545646038404	-29.692796830317207	-473.1731545942597
-288.005456460384	-29.69279683031661	-473.1731545942604
-288.005456460384	-29.692796830316496	-473.17315459426067
-288.005456460384	-29.69279683031641	-473.1731545942608
-288.005456460384	-29.692796830316297	-473.17315459426095
-288.0054564603839	-29.69279683031624	-473.173154594261
-288.0054564603839	-29.692796830315984	-473.17315459426135
-288.0054564603839	-29.692796830315928	-473.1731545942614
-288.0054564603839	-29.692796830315785	-473.17315459426175
-288.0054564603839	-29.6927968303155	-473.17315459426226
-288.0054564603839	-29.692796830314336	-473.1731545942632
-288.0054564603838	-29.692796830315217	-473.1731545942623
-288.0054564603838	-29.692796830314762	-473.1731545942627
-288.0054564603838	-29.692796830314336	-473.1731545942634
-288.00545646038375	-29.692796830314848	-473.1731545942628
-288.00545646038375	-29.69279683031482	-473.1731545942629
-288.00545646038375	-29.692796830314762	-473.17315459426294
-288.0054564603837	-29.692796830314336	-473.1731545942635
-288.0054564603837	-29.69279683031411	-473.1731545942638
-288.00545646038364	-29.692796830313796	-473.1731545942642
-288.00545646038364	-29.692796830313767	-473.17315459426425
-288.0054564603835	-29.692796830312886	-473.1731545942654
-288.00545646038336	-29.692796830316468	-473.17315459426106
-288.00545646038046	-29.69279683031897	-473.1731545942596
-288.0054564603783	-29.69279683031894	-473.1731545942605
-288.00545646037745	-29.692796830320077	-473.1731545942596
-286.84230173010815	-28.78953772027714	-474.8163684175693
-286.8423017301	-28.789537720277337	-474.8163684175728
-286.84230173009905	-28.789537720277252	-474.81636841757336
-286.8423017300988	-28.7895377202764	-474.81636841757484
-286.8423017300987	-28.789537720277252	-474.8163684175736
-286.84230173009774	-28.78953772027654	-474.81636841757467
-286.8423017300974	-28.78953772027708	-474.81636841757427
-286.84230173009513	-28.78953772027691	-474.8163684175755
-286.84230173009496	-28.789537720277025	-474.8163684175754
-286.84230173009473	-28.78953772027714	-474.81636841757546
-286.84230173009263	-28.78953772027654	-474.81636841757705
-286.8423017300924	-28.789537720276684	-474.816368417577
-286.8423017300923	-28.789537720276684	-474.81636841757705
-286.84230173009223	-28.789537720276655	-474.8163684175771
-286.8423017300922	-27.742341868480082	-474.8163684175772
-286.8423017300914	-27.74234186847994	-474.81636841757756
-286.8423017300912	-28.789537720276627	-474.8163684175777
-286.5988556897636	-31.00000000000091	-472.19262555626136
-286.5988556897635	-31.000000000000938	-472.19262555626136
-284.7460909433148	-28.206452937348388	-475.999999999998
-284.7460909433136	-28.206452937348928	-475.9999999999983
-284.7460909433104	-28.20645293735032	-475.999999999999
-284.7460909433075	-28.206452937351713	-475.99999999999966
-284.7460909433058	-27.972489179640093	-475.9999999999997
-284.74609094330566	-28.206452937352537	-476.00000000000006
-284.74609094330486	-28.20645293735285	-476.0000000000002
-284.7460909433046	-28.206452937352964	-476.0000000000002
-284.7460909433043	-28.206452937353674	-476.0000000000001
-284.7460909433042	-27.972489179642167	-476.0000000000007
-284.746090943304	-28.206452937353333	-476.00000000000045
-284.7460909433018	-28.206452937354214	-476.00000000000085
-284.7460909433017	-28.2064529373543	-476.0000000000009
-284.74609094330066	-28.206452937354726	-476.00000000000114
-284.62926116184076	-29.69279683030831	-474.8163684175687
-284.6292611618202	-29.692796830315274	-474.8163684175693
-284.62926116181745	-29.69279683031627	-474.8163684175694
-284.35724595625715	-29.692796830312915	-474.8163684175744
-284.35724595625663	-29.692796830313796	-474.81636841757336
-284.35724595625646	-29.69279683031405	-474.8163684175731
-284.3572459562564	-29.692796830314848	-474.81636841757444
-284.3572459562553	-29.692796830315302	-474.8163684175746
-283.7461518772044	-28.20645293735342	-476.0000000000023
-282.65302631868707	-29.404944598032927	-474.8163684175755
-282.65302631868576	-29.40494459803307	-474.8163684175771
-282.4981663488382	259.49772627254873	-516.0000000000024
-282.2471261967904	257.69536547033465	-516.0000000000024
-282.2471261967869	257.6953654703275	-516.0000000000007
-282.24712619678667	257.6953654703269	-516.0000000000007
-282.031238433753	-31.00000000000358	-471.09528323544436
-281.77415138065476	-293.7824528239872	-276.2199603827459
-281.6277293764543	-29.812591508115617	-473.01646181583453
-281.6277293761492	-29.812591508444967	-473.0164618149105
-281.117920220266	-294.6932487059184	-276.2199603827461
-281.1179202202641	-29.692796830316325	-474.8163684175692
-280.7136408003904	-29.81259150805269	-476
-280.7136408003902	-29.812591508052662	-476.00000000000017
-280.69346131756055	-29.81259150805269	-476.0000000000002
-280	-526	-43
-279.79324055666007	-292.62027833001986	-287.2007952286282
-279.06710073746484	-26.755574007025245	-476.0000000000026
-278.2588686562127	-31.00000000000111	-472.9366380037086
-277	-528.1126453017016	145.99999999999994
-276.867918269437	-28.206452937348004	-476.0000000000059
-276.72125000000005	-528.845	145.31437499999993
-274.56469042056074	-529.2412869937694	146.4757593457944
-273.00000000000006	-181.6092607636077	-309.43785540211076
-273	-181.6092607636069	-309.437855402112
-272.36588277884107	-530.5938559448042	148.88054903476757
-272.3530988282448	-530.5938559448066	152.14414544492934
-272.3530988282447	-530.5938559448066	152.14414544492928
-272.35309882824447	-530.5938559448059	152.144145444929
-272.3530988282437	-530.5938559448043	152.14414544492834
-271.5247192089927	-532.9999999999947	151.04179066270714
-270.7246598961426	-530.5938559448052	147.0000000000004
-270.72465989614176	-530.5938559448041	146.99999999999983
-270.10048501673515	-530.5938559448042	147
-270.00000000000085	-173.5138073431373	-309.437855402116
-269.5752691369777	-530.5938559448043	145.00000000000028
-269.33333333333337	-530.7870370370371	149.87037037037038
-269.3333333333333	-530.7870370370372	149.87037037037032
-269.1461279851612	-186.89276605610945	-316.0579642939949
-269.1461279851611	-186.8927660561095	-316.0579642939949
-268.1244077108754	-187.99999999999952	-310.5928449744466
-268.1244077108752	-187.99999999999952	-310.59284497444696
-268.12440771087495	-187.99999999999977	-310.5928449744467
-267.6997518610423	-344.0769230769231	-225.5434243176179
-267.6997518610423	-344.0769230769229	-225.54342431761805
-267.69975186104216	-344.0769230769232	-225.5434243176178
-261.3257142857143	-397.0285714285714	-232.49142857142857
-260.8202115158637	-389.87074030552293	-232.6333725029378
-260.82021151586366	-389.870740305523	-232.63337250293796
-249.3810218978105	-414.50072992700746	-243.67055961070594
-247.99444003177123	-271.12311358220813	-366.4019062748213
-247.99444003177118	-271.123113582208	-366.40190627482133
-243.90417254585884	-409.4755331586399	-246.89997984277124
-243.9041725458576	-409.47553315863735	-246.8999798427737
-243	-595	142
-240.82072265760456	-408.0419585269435	-247.54691726194605
-239	-628	218
-238.95524542829645	-433.3407122232917	-237.02502406159766
-238.95524542829642	-433.3407122232917	-237.0250240615977
-238.54054054054055	-628.6486486486486	217.54054054054055
-238.3475274725275	-436.55013736263743	-238.43956043956047
-237.56101190476346	-286.11607142857326	-376.6532738095254
-236.91820580474936	-433.33245382585756	-238.48548812664907
-236.67924528301887	-282.9245283018862	-377.8962264150948
-236	-613	157
-235.388658008658	-613.4285714285714	159.10277056277056
-235.29588014981223	-288.0053504547886	-373.26538255751757
-234.3399433427763	-287.3427762039659	-374.7620396600564
-234.33994334277622	-287.34277620396597	-374.76203966005664
-234.33994334277594	-287.342776203966	-374.7620396600569
-234.00928792569658	-287.9380804953561	-374.7956656346749
-213.49025487256375	-633.4602698650675	280.9610194902548
-208	-79	-407
-205.95944191289934	-635.1008219988101	282.6455272472996
-205.95944191289598	-636.1544079706343	281.44741557020313
-205.36316732083347	-632.5555266212169	280.44886261866355
-204.81227436823107	-72.76895306859211	-421.1046931407942
-204.3114754098365	-637.762841530054	283.8907103825133
-204.31147540983648	-637.7628415300544	283.89071038251325
-204.3114754098363	-637.7628415300546	283.89071038251365
-204.31147540983616	-637.7628415300546	283.8907103825136
-204.31147540983608	-637.7628415300547	283.8907103825137
-204.31147540983605	-637.7628415300553	283.89071038251404
-204.31147540983605	-637.7628415300551	283.8907103825138
-204.31147540983602	-637.7628415300549	283.8907103825137
-204.31147540983594	-637.7628415300553	283.8907103825139
-201.76343613488038	-216.5285498420061	-393.3689276197743
-201.45748548698793	-73.11992200433056	-416.644230358515
-201.04047896577322	-228.33199109886624	-395.00815937268214
-201.040478965773	-228.3319910988663	-395.00815937268214
-201.04047896577293	-228.33199109886635	-395.00815937268214
-200.68402777777794	-223.68750000000006	-402.9375
-200.68402777777774	-223.68750000000006	-402.93750000000006
-199.09245448218434	-228.33703284645776	-394.3407101177505
-196	-105	-424
-193.32432432432432	-403.1081081081081	-266.39639639639637
-193.18573551263003	43.95616641901932	-482.37221396731053
-188	-499	-94
-187	-671	186
-186.8449771689499	-466.3477168949771	-309.49703196347036
-186.8449771689498	-466.34771689497717	-309.4970319634703
-186.54054054054055	-671.6486486486486	185.54054054054055
-186.4415772687736	46.8622789214265	-487.1949840533488
-186.44157726877302	46.86227892142652	-487.1949840533489
-185.82021151586616	-465.2510519722456	-310.734439304417
-185.82021151586514	-465.25105197224434	-310.73443930441834
-185.82021151586514	-465.2510519722441	-310.7344393044185
-185.8202115158651	-465.2510519722443	-310.7344393044184
-185.82021151586508	-465.2510519722442	-310.73443930441846
-185.82021151586486	-465.25105197224457	-310.73443930441965
-185.82021151586443	-468.8707403055245	-311.63337250293466
-185.82021151586395	-468.87074030552344	-311.6333725029367
-185.8202115158638	-468.8707403055231	-311.6333725029379
-185.82021151586378	-468.8707403055231	-311.63337250293796
-185.8202115158637	-468.8707403055229	-311.633372502938
-185.82021151586366	-468.8707403055232	-311.63337250293813
-185.82021151586358	-468.87074030552327	-311.63337250293785
-184.37480798771142	-470.3824884792625	-306.21198156682044
-184.37480798771122	-470.38248847926263	-306.21198156682027
-184.00000000000253	-23.860500096388172	-531.8251209910611
-184.00000000000244	-23.860500096387987	-531.8251209910612
-184.00000000000236	-24.77178982684088	-532.0166848264873
-184.00000000000213	-24.771789826840983	-532.0166848264873
-184.00000000000168	-24.771789826840934	-532.9676771211457
-184.00000000000165	-23.98297886514726	-533.918471875454
-184.00000000000105	-23.98297886514702	-533.9184718754559
-184.00000000000102	-25.232531500571003	-534.9982817869396
-184.0000000000006	-25.232531500571774	-534.9982817869404
-184	-25.232531500572776	-534.9982817869417
-183.00000000000003	-26.82588774341352	-536.7697594501718
-182.40300359081675	-465.25105197224275	-312.2303594049504
-182.40300359081652	-465.25105197224286	-312.23035940495043
-182.40300359081567	-465.2510519722432	-312.23035940495055
-182.37622149837205	-26.82588774341466	-536.6400742679612
-182.37622149837145	-27.199958089638244	-533.3098500022899
-182.37622149837128	-27.819789113133503	-537.8747691326103
-182.37622149837125	-27.819789113133556	-537.8747691326104
-180.78571428571436	-676.9999999999999	186.26785714285717
-180.49115523942996	-29.54945926650625	-540.7168618948148
-180.4911552394299	-29.549459266506254	-540.7168618948148
-180.49115523942984	-29.54945926650626	-540.7168618948148
-180.34302695818297	-469	-309.0664402462322
-180.16364140933098	-29.692796830312986	-530.6447101596747
-180.16364140933092	-29.692796830314116	-532.8295531583394
-180.07024270758308	-29.69279683031381	-537.3283277239292
-180.07024270758276	-29.692796830314137	-531.5398130750658
-180.07024270758262	-29.692796830314244	-531.5398130750658
-180.0702427075821	-29.692796830314112	-537.32832772393
-180.0702427075816	-29.692796830313924	-538.0697627794247
-180.0702427075813	-29.692796830315334	-531.5398130750672
-180.07024270758018	-29.692796830314546	-532.8295531583396
-180	-469	-310
-178.6343272398744	-29.81259150801983	-531.7780500645506
-178.63432723985912	-30.99999999999997	-540.3656208246817
-178.63432723985775	-31.000000000000018	-532.8295531583392
-178.63432723985733	-31.000000000000597	-532.8295531583394
-178.63432723985727	-31.000000000000668	-532.8295531583393
-178.63432723985724	-31.00000000000071	-532.8295531583394
-178.63432723985702	-31.00000000000107	-532.8295531583394
-178.63432723985633	-31.000000000001965	-532.8295531583398
-177	-669	76
-174	-547	55
-168.99507558234967	-470.99999999999983	-152.18647128169172
-168.99507558234964	-470.99999999999983	-152.18647128169175
-168	-527	-111
-159	-493	-168
-156.21052631578948	-499.85991594956977	-198.90294176505904
-155.1428571428624	-634.0000000000007	1.8669950738874945
-142	-113	-482
-137	168	-543
-127.0191148971536	-300.3948680656558	-472.55589029711194
-126.2283937823841	-300.5458773541741	-471.06770323759184
-125.40816326530611	-506.32653061224477	-126.26530612244893
-123.4522746430895	-307.5274981812863	-469.2790310971174
-122.57819270001751	-295.792539223225	-474.0000000000001
-122.57819270001735	-295.7925392232246	-474.0000000000003
-121.06013908001933	-287.5469939752595	-474.00000000000273
-120.99045608479588	-364.4475084663761	-366.7128908827025
-119.22242164756759	-297.89462891706444	-474.0000000000002
-118.74488554339214	-300.9333693923975	-473.0000000000001
-118.74488554338939	-297.17822479274616	-474.0000000000005
-118.74488554338592	-297.17822479275236	-474.00000000000114
-118.59489121993562	-297.27655298247146	-474.00000000000233
-117.36858501485378	-299.83142698991	-474
-117.36858501485364	-299.8314269899101	-474.0000000000001
-117.3685850148535	-299.83142698991026	-474.0000000000005
-117.36858501485341	-295.7925392232276	-474.0000000000024
-117.36858501485305	-299.8314269899106	-474.000000000001
-117.36858501485129	-299.8314269899106	-474.00000000000136
-117.36858501485113	-295.7925392232292	-474.00000000000284
-117.3685850148492	-299.83142698991185	-474.00000000000273
-103	-471	-200
-96	-498	-217
-94.54054054054055	-589.6486486486486	-15.459459459459453
-93	-167	-500
-79.00000000000001	-574.5007193133213	-263.72456575682384
-79	-571.8954610115597	-266.1592494268907
-77.5722326454034	-577.7482801751096	-267.89618511569734
-54.643059490084994	-345.8456090651558	-550.7507082152974
-51.464356435643445	-617.9673267326732	-54.52376237623753
-48.44444444444447	-431.3444444444445	-366.95555555555563
-47.00526315789441	-618.1421052631579	-52.6684210526314
-45.42857142857148	-439.3095238095238	-393.6984126984127
-42.32848455943726	-514.9028258018362	-296.80028615714815
-38.9474932249322	-443.8409552845528	-394.84513324299917
-37.9867860943597	-439.92355445193334	-394.94457254345525
-25	-685	112
-22	37	-583
-16	-473	-380
-15.540540540540874	-473.64864864864865	-380.4594594594596
0	-359	-423
6	-633	-41
9	267	-618
10	-690	398
11	-731	267
12.999999999999968	-506.5233091242522	-313.16055496528736
12.999999999999979	-505.15262434947465	-313.49343187138464
14.175097276264605	-505.31517509727627	-313.23346303501944
14.175097276264655	-505.3151750972762	-313.2334630350195
14.69437461979043	-510.6407492854929	-313.23346303501944
17.656497208003728	-68.51055723592368	-569.1337249883667
20	-166	-561
23.338553902375253	35.672670321064984	-604.4398329417908
27.535552682611396	-503.3901098901105	-336.64091790562406
27.535552682611563	-503.39010989011064	-336.640917905624
27.80594542287732	-502.1434605369092	-336.6480827574578
27.99999999999919	-572.089378915323	-329.39926095587964
27.999999999999314	-572.0893789153236	-329.3992609558812
27.999999999999346	-572.4853536624943	-330.9997134752266
27.99999999999948	-572.0893789153192	-333.0955615246566
27.99999999999968	-572.0893789153197	-333.09556152465655
27.99999999999971	-572.0893789153201	-333.0955615246563
27.999999999999716	-572.0893789153205	-333.0955615246561
27.99999999999978	-572.6714762458646	-330.3143685583877
27.999999999999794	-573.0001942232068	-329.3992609558812
27.999999999999794	-572.0893789153222	-333.09556152465507
27.9999999999998	-572.6714762458644	-330.3143685583883
27.999999999999833	-572.6714762458647	-330.3143685583865
27.999999999999897	-571.8954610115597	-333.22557016433115
27.999999999999922	-572.0893789153197	-333.09556152465694
27.99999999999996	-572.0893789153206	-333.0955615246564
27.999999999999986	-572.4853536624923	-330.9997134752268
28.000000000000203	-573.0001942232061	-329.3992609558816
28.000000000000316	-572.0893789153239	-330.999713475228
28.000000000000462	-572.4853536624908	-330.99971347522785
29.724039829303162	-577.8549075391177	-336.3703176861069
29.73999999999991	-577.8800000000001	-336.8733333333334
29.739999999999924	-577.8800000000001	-336.87333333333345
29.739999999999977	-577.8799999999999	-336.8733333333335
30	-658	-35
31.183767205209705	-579.9999999999998	-328.89652224098484
31.735844684475463	-580.0000000000009	-327.1971373220682
33.458384078370045	-579.9999999999998	-332.9327415607707
34	-619	-144
34.672658871812445	-580.0000000000001	-328.89652224098484
40	-376	-411
43.86222965595739	-454.2671893511744	-459.90524310637204
44.217792338709515	-455.11799395161313	-464.237802419355
45.26667823138155	-451.87229248262526	-464.7805074552396
46.091210613598676	-451.63777220951204	-465.8379029427074
46.54360016823184	-146.58993410907047	-573.7635637179308
46.54360016823207	-146.5899341090705	-573.7635637179308
47.420745336996234	-445.00016658792924	-466.7446808510641
47.55515008223682	-444.93254865679825	-467
48.02703417278071	-148.65351312049708	-584.1764822526275
50	-133	-587
50	135	-617
54.76028697236563	-452.72234664439725	-465.502861182812
55.2282956616422	-141.98646598555953	-587.9846520886689
57.424703891708916	-452.4155039619798	-466.6894399600566
57.494017094017124	-452.5393939393939	-466.6849520849521
57.49401709401714	-452.4398393349213	-466.7150063051703
57.50297469715431	-146.5749408644542	-586.1411726757938
57.574468085106204	-452.4680851063828	-466.74468085106383
57.57446808510629	-452.46808510638283	-466.7446808510639
57.57446808510636	-452.468085106383	-466.7446808510638
57.574468085106375	-452.468085106383	-466.7446808510639
57.574468085107014	-452.4680851063831	-466.74468085106423
62.4437781109445	-182.88305847076464	-603.2751124437782
63.29476513503131	-179.71752207858702	-604.628439779854
64	-183	-602
72	-731	256
73	-640	-70
74.539592760181	-685.1131221719456	14.109728506787349
77.56213017751477	-525.2618343195267	-357.40236686390534
77.93722154718509	-685.6678817334953	12.08019441069257
80.87742531143202	-528.6679528166685	-354.43527450115755
81.96911196911196	95.20849420849422	-631.9884169884169
86	101	-635
86.6890843547225	-525.5817447728912	-357.4808651766404
86.68908435472258	-525.5817447728912	-357.48086517664046
87.11347826086956	101.47913043478263	-637.1691304347826
91	-381	-473
96.8620440164697	-407.2953812962892	-487.86171514266584
97.47163446795523	-396.4103035878569	-490.3557191045692
110	-480	-367
125.73670271463254	-416.20768042374755	-492.51202824983443
127.27371273712735	-416.2520325203252	-491.349593495935
135	379	-651
136.93999999999852	-516.1200000000007	-375.7600000000008
143	-664	-31
147.03921965655073	-72.26068020381057	-606.1207705179928
149.83864118895966	-398.33970276008495	-510.67940552016984
151.11987635501353	-399.1823340108401	-511.1161077235772
154.91583164263795	-72.48142511288087	-606.1207705179673
163.5769230769231	-644.9755460588794	-223.9753086419753
169	-319	-562
171.27985074626858	-610.4371363521375	-274.6517834556034
172.57708997259965	-606.1701612239381	-276.05064854122315
172.57708997260013	-606.1701612239378	-276.0506485412232
174	-608	-279
179.25500551789332	-199.35414338293006	-693.501379504399
179.25500551789332	-198.65312360238624	-696.9449078264572
179.25500551789335	-198.65312360238633	-696.9449078264572
179.25500551789338	-199.78604936223124	-693.501379504399
179.2550055178934	-198.65312360238633	-696.9449078264574
179.25500551789372	-198.65312360238696	-696.9449078264574
179.25500551789372	-198.65312360238627	-696.9449078264579
179.8943357006714	-195.10896018764083	-697.0258098042633
179.8943357006741	-199.72024943703124	-697.0258098042619
179.89433570067413	-199.72024943703127	-697.0258098042619
179.89433570067413	-195.1089601876384	-697.0258098042641
179.89433570067422	-200.04625573080008	-693.501379504399
179.89433570067433	-199.72024943703175	-697.0258098042618
179.894335700675	-199.72024943703323	-697.0258098042615
179.8943357006751	-199.72024943703343	-697.0258098042615
179.89433570067516	-200.0462557307995	-693.5013795043991
179.89433570067533	-199.72024943703397	-697.0258098042614
179.89433570067553	-199.72024943703445	-697.0258098042613
179.89433570067555	-199.72024943703448	-697.0258098042613
179.8943357006757	-199.7202494370346	-697.0258098042613
179.9655040353194	-199.78604936223113	-697.0261193675462
179.99484394525587	-199.536878976795	-697.1823444801985
179.99484394525592	-199.53687897679484	-697.1823444801986
179.99484394525595	-199.53687897679487	-697.1823444801986
180.24705555182334	-199.07673604456957	-697.5751467051952
180.2470555518234	-199.07673604456963	-697.5751467051952
180.24705555182348	-199.07673604456934	-697.5751467051954
180.24705555182362	-199.07673604456906	-697.5751467051956
180.2470555518237	-199.07673604456895	-697.5751467051957
180.2470555518238	-199.07673604456875	-697.575146705196
181.84899753750292	-199.72024943703457	-697.5751467051957
181.848997537503	-199.72024943703408	-697.575146705196
181.9614453696477	-199.7860493622312	-695.5523835164128
183.21779233870967	-491.1179939516129	-413.23780241935486
188.5883812994839	-484.4234845628576	-416.6099137028193
191.01694915254237	-504.36039250669046	-420.505798394291
191.08865775136218	-501.4189791574634	-421.76517676666265
192.1556483568281	-501.88712861077965	-421.0000000000001
192.1885796545105	-503.6741842610365	-422.9467370441459
192.18857965451053	-503.67418426103654	-422.94673704414595
195	-696	-74
199	-350	-534
199.71866165013273	-353.206464422655	-537.2217873920018
216	-720	68
231	-622	-270
232	-649	-251
234.5366157578431	-650.1204719633897	-247.70651155097318
260	-511	-478
260	48	-743
260.036036036036	-511.1621621621622	-478
282	-700	20
289	-718	35
290	-627	-291
302	-483	-517
316	-580	-358
317	-582	-358
324.0769230769231	-673.6486229819564	-144.22317188983857
324.5981329434262	-673.264387208038	-144.6666666666669
324.5981329434263	-673.2643872080379	-144.66666666666697
325.6895685033008	-672.4597812057684	-145.59536353362518
326.2830062996413	-672.0222990213286	-146.1003166819897
326.28300629964156	-672.2599850299473	-145.8928238430267
326.28300629964156	-672.0222990213285	-146.10031668199
326.4287465522524	-672.1632444580653	-146.10031668198982
326.4287465522525	-672.1632444580653	-146.10031668199
326.4287465522526	-672.1632444580652	-146.10031668199002
356.8531972380663	-280.4509156409485	-586.1281897328138
433	-668	-209
