-733.2316064431868	326.01795820635607	357.08532868959514	-105.03265128428386
-732.9473684210527	271.89473684210526	97.89473684210526	-126.3157894736842
-732.3	416.8	-143.96666666666667	-321.2
-730.4026022712726	188.75647824735293	-234.9535778944096	-256.0707806813818
-726.9524611191277	426.6597322430656	-141.69548661215327	-321.2423240339907
-722	170.07190784369925	-20.74179680698063	246.1540907524698
-715.9375	274.5	125.625	-438.11875
-715.5073346848592	278	123.90997927154278	-428.87447894125415
-715.2445310827466	172.08873337340125	-25.302176865185302	246.1359348473166
-715.2445310827466	275.63483850919624	124.07601065555113	-438.37099068588026
-712.4852173913043	280.04347826086956	123.62608695652175	-433
-711.1159173470658	282.0400836673688	123.03675740220217	-433
-710.9424031777558	282.3124379344588	122.81380337636544	-433
-709.3455497382199	88.32460732984293	-360.38219895287955	113.03141361256544
-706.9570448060462	217.92141590190482	53.588185393691674	-417.3461093545153
-706.6539903588646	216.99807807429343	54.07536469327955	-417.2136488232144
-705.47242206235	-59.17692512656541	-80.34052757793765	444.5989874766853
-703	-84	-282	140
-703	185	201	-176
-700.3119266055046	187.8165137614679	198.3394495412844	-177.39449541284404
-695.1832044538844	117.61156202483716	-262.00046961620154	-89.95885629596322
-689.5714285714286	-53.571428571428584	-183	-59.71428571428572
-689.2244897959183	-53.448979591836746	-183.18367346938777	-60
-688.6875	-54	-183.1875	-59.375
-688.3571428571429	-53.14285714285714	-183.64285714285717	-60.71428571428572
-688.0699172033119	-54	-183.46826126954923	-57.1508739650414
-688	-122.94319009468316	91.90467953386744	506.9059541150765
-688	-54	-218	44
-687.8244402133719	-51.912951802489346	-184.23039763339682	-60.00000000000003
-687.3615499254844	-52.061997019374076	-184.20417287630403	-59.90521609538004
-686	28	-435	121
-685	-78	-254	-167
-683	-120	92	505
-680.156937799043	-115.63349282296649	87.88803827751195	502.94066985645935
-677.1428571428571	-380.14285714285717	-166	398.57142857142856
-676	-379	-166	398
-675	-51	-297	-10
-674.151100386208	-46.50402090984579	-155	-361.1877204812831
-674	-103	-258	203
-673.8319327731092	-155.15966386554624	-200.69747899159663	-22.899159663865532
-672.2691669432459	-156.09591769000994	-377.2359774311318	273.9399269830733
-672.2365805168986	-50.23363047521323	-157.26409286218177	-369.8364650804848
-672.0716216216217	-127.34594594594594	-295.4581081081081	130.4972972972973
-672	59	-336	-79
-671.0743958458158	-127.27321749550629	-297	131.0325544238067
-670	-123.25	-331.0512820512821	-3.2788461538461604
-670	-98.28471210137589	-225.0751426524714	-336.4223501222736
-669	-102.99999999999997	-221.67911041191164	-331.78543458544493
-669	-101.52949933389561	-225.07214104885963	-335.91932820286775
-668.7829585635635	-101.64683914400135	-222.4585745465605	-331.1243673650579
-668.7352941176471	-123.88235294117646	-331.7647058823529	-5.735294117647044
-668.1790489812981	-50.55333354063234	-151.09855408949096	-366.99999999999994
-668	-121.08170572916667	-331.8639322916667	-2.556315104166657
-668	-100.06217448060713	-218.31817487886366	-336.1648306303515
-666.8331047300768	-101.64683914400138	-220.53052034641888	-334.60592464109607
-665.4016936261983	-101.6468391440014	-222.10705343215486	-335.22776307902416
-665.1120853080569	-95.37701421800949	-222.94407582938388	-338.46090047393363
-664.4911347200007	-97.03699217597244	-225.54865973808998	-340.60822112316856
-663.2191592344168	-101.6468391440014	-225.54865973808995	-344.87958526817533
-663	-381	-432	480
-662.4358390458744	-99.24849682518023	-225.75865366904623	-344.8795852681753
-662.2543954656298	-99.02879176291526	-225.94270049056757	-344.8795852681753
-659.2406855439642	-193.41058122205663	-182.47441629408843	465.4249875807253
-659.1907721463265	32.013243402547204	217.46849562408136	-487.03614516261405
-658.7058823529412	-216.7058823529412	-255.47058823529412	251.1764705882353
-658	-373	-138	91
-658	78	21	-436
-657.8888888888889	-373.6666666666667	-139.11111111111111	89.2222222222222
-656	-215	-256	253
-655	-448.63157894736844	-314.1578947368421	456.6842105263158
-655	-448	-314	454
-655	-119	-410	-58
-654.6571906354516	-448.5685618729097	-314.54347826086956	452.5367892976589
-654.2579767499382	-214.791738807816	-256.73707642839474	253.40291862478358
-643.2	-446.26666666666665	-80.4	239.86666666666667
-641.7289222338823	-445.2070554446539	-80	239.34475279905948
-639	-195	218	-199
-637.9013864462161	-462	1.7644112736914508	623.0080794193531
-633.8711791030872	-161.3504247217293	-105.99205738393228	-90.66832509771245
-631.2818119152726	-152.15927562430227	-13.43045086409009	-126.39754854215931
-631.2581412153625	-128.62973588105993	99.01625214185572	-447.86852683593816
-629.7628550154031	-126.42103258629618	96.50684155279562	-453.33405708212064
-629.3386886669562	49.55232305688236	-173.07425097698652	-359.0859748154581
-628	-125	-308	231
-626.4845093366557	-211.8901302918308	-412.6922414055231	101.84777383182971
-626	-228	-184	53
-625.1901234567902	-129.67654320987654	93.17037037037036	-461.9283950617284
-621.0252472443434	-132.44512358576628	103.18996692701734	-451.2016053317583
-620	-266	139	-109
-620	-197.39824055516522	-81.12340412497068	-148.33166993389423
-620	-196.77745559074663	-81.40709502319666	-145.4311161064963
-618	-230.43227215937924	-182.26751261672098	0.2187112115041856
-617.2884615384615	-266.8346153846154	136.5884615384615	-113.93076923076924
-614.0951790546425	-229.75688713867112	-183	8.571164100291952
-613.0015151515152	-231.1409090909091	-220.0878787878788	-135.21212121212122
-613	-232	-183	7
-612.6690734055355	-232.00000000000003	-219.61853188929	-134.77496991576413
-612.400384985563	-463.20500481231954	-275.8854667949952	68.01347449470643
-612	-197	-85	-147
-611.3952618948504	-487.02489095590585	-192.70169246018094	447.9980743906583
-611	-486.7689582166487	-193.06147434766154	447.70804055279046
-611	-464.2684359127359	-272.1490627410458	69.62567856675061
-611	-251	-325	364
-611	-196	-398	13
-610.7	-461.5	-276	69.1
-610.3151961013568	-486.3255465447494	-193.68480799661134	447.2055476348089
-608.6190476190476	-248.1079365079365	-328.9142857142857	367.0253968253968
-606	-10	-281	-62
-603	-277	-353	215
-602.8684210526316	-276.20488721804514	-353.79135338345867	215.03383458646613
-602.5180722891566	-276.5301204819277	-354.566265060241	214.3012048192771
-601.8090452261307	-277.7286432160804	-354.7336683417085	214.39698492462315
-596	-375	84	-109
-596	-374.2631578947369	82.21052631578948	-110.68421052631578
-594.5892307692308	-375.10307692307697	83.56769230769225	-109
-593.3683712121212	-276.7713068181818	-469.079071969697	135.6590909090909
-592.6	-431.6	16	-78.2
-591.7770992366412	-71.79847328244276	-228.3557251908397	-184.6351145038168
-590.5	-431	16.166666666666657	-80.99999999999999
-589.1729542327848	-246.39039313806825	-252.6293556568404	15.249817529746608
-589	-250.28342920577253	-255.7757594106368	10.64734080129174
-589	-69	-229	-180
-588.0411810411811	-250.58844858844859	-256.3688163688164	10.261331261331264
-588	-527	-265	427
-587	-426	16	-81
-586.5555555555555	-546.3333333333333	-15.333333333333343	516.5555555555555
-586.3466212721944	-527.5008188243406	-102.85485261161867	121.51094638855372
-585	-550.527952962206	-21.500674398927487	502.12419737907663
-584.2793112780506	-551.3993947624392	-21.02038977631574	501.7888806916882
-583	-295	459	-225
-582.9771183244559	-421.95081653845557	17.33993418095585	-81.00000000000001
-582	-289	-351	470
-581	-524	-102.62126324681009	121.48228068433953
-579.4376714521022	-544.3697221022392	-22.85466775730839	512.7233840273718
-578	-166	-51	-260
-576.854447980766	-543.6947148938441	-22.116419931707668	509.48797241657127
-575.3695079069531	-272.89177500247996	-459.0477803259736	134.5898766843805
-575.360205954566	-500.1547996472074	-168.4801792567519	222.57855593430432
-575.273381294964	-31.079136690647488	-300.0287769784172	-181.4676258992806
-574.4190977831477	-389	11.925620732253634	-98.89908094973055
-574	-346	391	-197
-574	-259	-354	26
-573.3727422003284	-388.696223316913	11.623973727421998	-100.49096880131367
-573	-495	-479	387
-573	-66	-53	-634
-572.8928571428571	-495.6428571428571	-480.07142857142856	385.2857142857143
-572	-389	13	-101
-572	-144	-261	-321
-570	-140	-308	-90
-569	102	-228	-380
-568.4873737373738	-306.260101010101	-205.08333333333331	-59.89141414141413
-568	-306	-205	-60
-563.9811574697173	-316.2462987886945	248.48317631224762	-243.62314939434725
-563	-440	-55	-73
-562.2352632724538	-40.70064507192748	-471.3687743633377	-281.9474444466431
-562	-352	-279	283
-561.1912442396314	-41.65898617511522	-474.2649769585253	-284.29493087557603
-559	-172	5	-153
-558.8457357099044	-212	248.21091064752886	-610.1545551311965
-558.0194311639339	-37.320713107302794	-474.84895710582134	-282.6237079559611
-557.9697696220819	-212	247.6566308574239	-610.1469715831374
-557.6990936595785	-213.59889443304618	246.90431349375993	-614.3680210879716
-556.8043704474505	-277.91155046826225	-103.25910509885536	-263.7596253902185
-556.7777777777778	-276.66666666666663	-105.16666666666666	-257.22222222222223
-556	-316	207	-263
-555.8794920939147	-275.2585050311452	-106.29012937230473	-254.24724484906565
-554.1530612244898	-273.8673469387755	-104.14285714285714	-261.7244897959183
-554	-496	-231	314
-554	-275	-106	-260
-553.381679389313	-273.3587786259542	-109.79770992366412	-263
-551.2119514472456	79.468720821662	-644.9477124183006	110.1577964519141
-551.1456361873272	-279.4855611491963	67.5203377600872	-108.99999999999999
-551	-368	-310	194
-549.4630839216215	234.99999999999997	-231.6090357601853	-424.60804540710836
-548.8189625041658	116	-213.19146813301143	-420.09252711464427
-548.4709576138148	111.11538461538463	-216.66326530612244	-426.2409733124019
-547.8018001824096	230.09711018603943	-234.76985574957612	-451.1454884203355
-545	-227	-409	33
-544.7449161888879	230.46294733572088	-238	-451.0822698976203
-544.0881145503876	229.33350725415178	-238.00000000000003	-450.60884891672526
-544	-314	-66	-288
-543.7545326029334	-318.06336808623433	-67.95209400954232	-294.4502032161159
-542.1508358473994	6.374771324263463	-328.3084347808479	-381.18324814827884
-542	-69	-340	-174
-541.9543397164884	8.917582690872933	-331.32146232280525	-382.33760258642127
-541.8947368421052	-69.63157894736841	-341.0526315789474	-175.68421052631578
-540.2780847145489	-68.61878453038673	-341.43093922651934	-174.06629834254142
-539.038729660242	110.69836764274498	-539.8570652080134	-87
-538.2306723699996	232.47324085041024	-244.72876615636272	-448.6552763753884
-537.3487694296064	235.2014673040695	-247	-446.1981589469375
-537.1792964466704	115.4410840766974	-541.5613608748481	-87
-536.9113664797185	114	-540.3584087571654	-85.26278498457876
-536.911111111111	112.75555555555556	-544.2222222222222	-87.33333333333334
-536.6840036866228	240.71872141057122	-250	-441.13112791526135
-536.4899121477072	112	-541.797822550679	-88.47207403285844
-536.0701627921486	-117.9567046113134	-599.4738546878399	114.00000000000001
-536.0204308698135	112.2212244737205	-547.1932021819184	-87
-535.9948113207547	112.17641509433963	-547.1537735849056	-86.96509433962262
-535.9852499655696	109.48621402010743	-545.115121884038	-94.86814488362484
-535.7071811802577	109.22155165806242	-507.12467524949824	50.99999999999999
-535.363088401522	-118	-599.0431644890796	113.89777768240302
-534.741668168004	112	-545.4682412162744	-89.58883218202556
-534.4311637276636	6.374771324263463	-330.71951135833007	-367.4208512705078
-534.2501807664497	108.02603036876357	-512.4266088214027	46.89804772234273
-534	119.04352887954548	-547.5387588647764	-90.06514363266228
-533.8863104161395	-195.96593683983286	-313.4688795509813	-172.5101884780918
-533.4180367394548	-609.876761871249	-285.63826168553163	311.89073628786844
-533	-120.57147030591378	-602.3083343766955	111.52639706189224
-532.7438879977115	6.374771324263463	-328.8145715167556	-370.4066057839543
-532.5	-292.5	-174	-255.5
-532.4008968609866	-229.77668161434977	-358.6744394618834	109.21973094170403
-532.2191592344168	-199.64683914400132	-312.54865973808995	-172.87958526817525
-532.043181575861	-608.4699328286598	-286.16414329885913	309.62416035824714
-532	-120.72622177705438	-603.0407745920454	111.2638454154668
-532	112.00000000000003	-546.0262456324602	-85.94463345714533
-531.9144316730523	-120.73946360153256	-603.1034482758621	111.24137931034483
-531.8985967971443	-201.6363228847087	-315.6266542741756	-176.8756981057584
-531.0000000000001	-219.0165815288358	-329.4872539678842	-84.37527518859109
-531	-234	309	-404
-531	-221.55042952871145	-330.7648250552151	-87.4466128455698
-530.503003003003	-605	-287.02852852852857	312.1801801801802
-530	-289	-177	-252
-529.6315789473684	-287.89473684210526	-179.57894736842104	-249.05263157894737
-529.4	-288	-179	-253.8
-529.3641304347826	-287.4619565217391	-180.43478260869566	-249.96195652173913
-529.2688172043011	-456.45161290322574	-414.77419354838713	313.05376344086017
-529.060126895214	117	-547.8604752892634	-87
-528.291519434629	-456.7296819787986	-415	312.6060070671378
-528.1031185031185	-470.97920997920994	264.9742203742204	-192.65821205821206
-527.8955655939122	-216.7405156018988	-330.7479488993259	-90.05844033730348
-526.5329512893983	-468.2378223495702	264.7650429799427	-190.02578796561608
-524.9110631206751	-142.13508829998568	-380.83930077826517	-309.78694278694275
-524.7657423657424	-142.8090558090558	-383.11997191997193	-309.7869427869428
-524.7657423657424	-138.67554050933973	-383.16294726055594	-307.6487452654641
-524.7657423657424	-138.17120594626863	-380.788073917039	-310.2796755142708
-524.7657423657422	-142.8090558090559	-383.1199719199718	-309.78694278694275
-523.8724885302959	-300.5231239782735	-212.19875547118068	-198.2984232452671
-523.5263011372593	-303.3074490159947	-211.6190868186884	-199.83692769457255
-523.3000344346658	-198.82405816562576	-317.4192266110716	-171.1109444532616
-523	-17	72	-656
-521.6666666666667	-393	-320	173.83333333333334
-521.1924050632911	-216.3392405063291	-530.053164556962	365.23164556962024
-520.8218550061238	-577.3195126833782	-184.02150018993936	122.51133015874517
-520.3465441891027	-581.1646113166548	-185.69507216787764	107.60006033208741
-519.8647686432183	-222.95964571259785	-335.6980890723297	-98.35465304071789
-519.8506709488224	-580.0213117826077	-187	107.2975508539132
-519.7372432746166	-92.88228218988411	-457.68399905363293	-10.921295066070854
-519.3265895953757	-383.74277456647394	-105.30539499036611	1.8911368015414496
-519.2916666666666	-391.66666666666663	-319.70833333333337	173.54166666666669
-518	-522	-293	291
-517.2625706392192	-427.23254356766785	-308.0660019167867	120.02919593889477
-517.1603773584906	-522.6698113207547	-295.8207547169811	285.49056603773585
-516.8058161060687	-49.89545551949138	78.36411932114719	-653.5238345101417
-516.3604330708662	-57.311417322834636	75.3543963254593	-664.983530183727
-515.4725507810551	-431.0060637820033	-317.3534045349437	115.1595797774118
-514.2915762344005	-520.4378730330982	-179.80473412913727	29.768176885512744
-514.1359972268228	-569.4348023774606	-190.17222126744616	109.87317516191261
-513.3905891706463	-422.8392694197479	-316.13428275124124	113.8614240238762
-513.2576195888005	-283.8810310982539	-217.95869924578986	-118.78306126665977
-512	-290.7513075653957	-406.0276397836404	-2.8688848382895094
-509.53817372838506	-184.22744969157648	-103.95214379613715	-325.28037044527593
-509.00000000000006	-291.6435520805609	-407.09164346446045	-6.972901154239904
-509.00000000000006	-290.9061181983858	-411.0439208539443	10.112835199166886
-509	-275.745158363543	-408.4684039556778	-5.040939454524487
-508.99999999999994	-283.9231595859373	-407.19005555971574	3.6291431213636107
-508.99999999999994	-280.6309774738769	-411.504241971813	14.999999999999995
-508.1	-474	-248.89999999999998	56
-508.00000000000006	-291.9409669189493	-407.44631135806713	-8.340906592890018
-508	-513.1392544308221	-180.20698398821406	33.44113039918474
-508	-512.7998901836157	-181.11842633923413	31.881045419251897
-508	-473	-249	57
-507.4	-472.6	-249.13333333333333	57.66666666666666
-507	-445	-298	265
-506	-619	-357	322
-505.9130434782609	-618.4782608695652	-357.82608695652175	322.2173913043478
-503.25	-621.75	-356	317
-503	-153	-234	-334
-503	-85	-361	-410
-502.97872340425533	-86.57446808510639	-361.936170212766	-411.468085106383
-502.9252336448599	-86.4828660436137	-361.74143302180687	-411.4797507788162
-502.808304217283	-282.00000000000006	-408.5355125774418	-9.45111219558267
-502.5782706146042	-325.39557036687506	-459.8376489324054	275.3170048366167
-502.57306152989935	-296.3379878154369	-410.65414609835756	-8.552467890431634
-502.3798657087853	-297.00000000000006	-411.33696451769424	-8.808783709755673
-502.2838636352465	-281.50579646056394	-412.02791586448063	-4.2722734521892445
-502.2589567186775	-296.3379878154369	-412.5194684845687	-5.698520706114548
-502.00000000000006	-295.7172019469933	-414.176850919446	-9.338182962055434
-502.00000000000006	-275.541299948974	-415.0884490601261	-6.000000000000006
-501.8452999840857	-297	-411.64541668876984	-9.708039361307087
-501.79967689822297	-172.61550888529888	-311.60258481421647	-307.0953150242326
-501.7729956078901	-296.337987815437	-413.7927364891456	-9.451112195582704
-501.7729956078901	-296.3379878154369	-413.7927364891457	-9.45111219558271
-501.44878998200574	-294.97653409716867	-414.99999999999994	-9.645881532077425
-501.40408786206496	-291.15354014214773	-417.845069781891	-8.63274790955174
-501	-643	-312	420
-500.8747555344388	-375.5438779373402	-330.27264743122834	250.43492702107838
-500.80692506272686	-283.30631653568247	-418.0936536730764	5.174909586890591
-500.8069250627268	-283.30631653568247	-418.0936536730764	5.17490958689059
-500.67407407407404	-616.9888888888888	-356.65185185185186	318.85925925925926
-500.30232558139534	-641.2558139534883	-311.68992248062017	417.4612403100775
-499.91238098227143	-620.9191169835897	-349.74835523089536	315.34520731740804
-499.87865039043265	-621.2519813409292	-349.36179485963754	315.06916183716714
-499.6	-395.6	186	-375.2
-499.11020367511577	-620.1656790000497	-351.11891838055874	314
-498.83639330885353	-619.6054671562628	-350.90371277029783	313.99999999999994
-498.2231450230738	-384.84508838513307	-339.7142480602933	258.4413174148406
-498	-394	186	-376
-496.44519392474876	-285.44864219829407	-423.268115942029	-0.05697874162222516
-495.62711864406776	-593.6966993755575	-255.11418376449598	113.99999999999999
-494.08702788231676	-592.8165909530437	-261.06936561644346	124.35550221491249
-493.87248853029587	-457.5231239782735	-50.198755471180704	-84.2984232452671
-493.7127183186465	-459.3511999911399	-50.64707967084695	-87.10676063305485
-493.5263011372593	-460.3074490159946	-49.6190868186884	-85.83692769457255
-493.17561039956166	-595.4108225396596	-259.9763816880884	113.71969999759136
-492.6873632510848	-281.85601028719566	-296.5534079208649	-102.46251011252482
-492.0969465860637	-282.39291066139424	-295.87470984797346	-99.39914413485705
-491.98881134374653	-391.3914921900964	-337.91292788301763	246.41929766256783
-490.0433839479393	35.863340563991336	-528.7462039045554	-15.316702819956618
-489.31562167906486	35.60680127523912	-528.8597236981934	-15.95642933049946
-489	38	-532	-16
-488	-387	-340	250
-487.814380643396	35.620001563538295	-529.6923425712387	-18.37017159832702
-487.7254127192325	-589	-260.08449653832497	119.3810551715839
-487	-273	-298	-96
-487	135	-231	-441
-486	-367	-233	-23
-485.2041519181097	-502.0147326126471	-130.65588826174303	-57.81804266717691
-484.3718309859155	84.84225352112676	-625.2366197183098	39.59436619718309
-479	-292	179	-378
-478.079112599414	-352.4943491000419	-245.82628714943493	48.83005441607366
-476.42857142857144	-524.2857142857142	-291.8571428571429	285.7142857142857
-476.37862595419847	235.7480916030534	-248.70534351145037	-426.806106870229
-476.03373564054095	236.22815181038243	-250	-425.9604478697106
-475	187	-391	-309
-474.74961820685115	-350.23319880425777	-249.00000000000003	53.84058095710502
-474.2473988439307	184.61618497109828	-391.2774566473988	-309.68092485549136
-474	-306	-246	-389
-473.92558139534884	184.53488372093022	-391.13953488372096	-309.4139534883721
-473	-523	-294	287
-472.63300274095945	118.07720766409345	-528.5733160313025	-165.55814674064166
-472.4967136186576	118.29634477328102	-529	-165.47896631179975
-471.3867999908682	117	-528.4346277652215	-165.4361611457358
-467.1184678399424	-394.94000090021154	-135.06008912094342	-54.08601521357518
-467	277	70	-660
-466	-319.40337687705585	-92.77176370755555	-122.71988304925841
-465.89655172413796	275.16446609409047	72	-658.9971798487373
-464	-318.6809668609104	-95.99070226503898	-122.29819549908974
-463.56856587990535	-318.5256549114254	-96.579552500409	-122.31162774840433
-463	-310	-97	-105
-463	-295	-441	-160
-461	200	-377	-400
-459	-442	-443	133
-458.855241894561	-270.8418375711397	-205.48086936834954	-400.2798006136167
-457.1984126984127	115.47619047619047	-507.4047619047619	-360.7857142857142
-457	-264	-206	-394
-456.47007223942205	-149.0514275885793	-339.70141038871685	-266.28964568283453
-455.7916666666667	-146.00000000000003	-370.58333333333337	-405.49583333333334
-455.0887582881254	-264.86500043055196	-207.16348058210627	-395.5039180229054
-454	-142	-372	-401
-453.8963945181264	-647.667984981034	14.324131705101578	286.71972258477535
-453.8	-141.4	-372	-402
-453.6522810129077	-649.6072519460045	15.734555128584091	282.05172923440733
-452.84883540003256	-264.48357356176143	-206.6990537855473	-398.5065239972548
-450	-551	-270	-56
-450	-519	-138	-72
-450	-335.78363422184475	-298.7671013341369	-129.72880311207297
-449.8097002357696	-581.0434489727181	-378.71909733917147	270.56685752778714
-449.1167489896722	-334.67624607094746	-303.0622661278252	-116.7627600658584
-449	-572	-379	278
-448	-345	311	-398
-447.70991019884536	-285.8819221723327	-278.3704297626684	-215.27245028864658
-446.97000646056364	-285.65514622390066	-276.959625260443	-215.5715958002165
-446.84492423070975	-330.40963738982526	-303.3087211999382	-116.20809494355962
-446	-336.9754921354562	-300.55761807508475	-134.45150287101296
-445.71743486973946	-199.61723446893788	-122.99599198396795	-462.88376753507015
-445.5613227600907	-330.01904373592663	-303.2605053424243	-116.31565440401275
-445.2047203694202	-198.36377629553616	-122.81528989225245	-464.0805541303232
-445	-199	-123	-463
-444.49895115094694	-335.6787511914516	-304.2473592972247	-134.8141911413596
-444	-718.8182684503586	-56.147967336457384	379.5439333568711
-444	-332	-334	13
-443.00570613409417	-710.4878744650499	137.5848787446505	264.87731811697574
-443	-710	137	263
-439.09774436090225	-233.93233082706766	-515.9047619047619	157.59649122807016
-438.6342404951186	103.21240505537784	-134.540405513821	-715.2134000854371
-438.41192781047823	-112.49078172885149	-512.496959673104	-79.98350926691637
-438.36442215794506	103.15365053702322	-134.68190372737496	-715.2821782386649
-438.22304050499736	-546.5309836927934	-283.62563563036997	75.90499736980537
-437.91968207487974	-546.1650282367705	-283.894791884543	75.50617025726837
-437.72759969329394	-724.3372057744607	-59.36261384259791	368.1851048924045
-437.7275996932939	-724.3372057744607	-59.362613842597966	368.18510489240464
-437.7275996932939	-713.7962371939891	-59.90943175480271	383.18555170837897
-437.7275996932939	-712.8210695896022	-60.864514834187815	379.46242824494414
-437.48796410616103	-724.1102555554212	-60	368.4842588926168
-437.1341463414634	-230.9268292682927	-514.1463414634146	157.5487804878049
-436.9319718594743	-723.5836953575824	-61.478836119046946	369.1783432173759
-436.3333333333333	-134.33333333333334	-509.33333333333337	-285.6666666666667
-436.14507130473476	-144.3025044564801	-474.2626726576591	-155.62499539130118
-436.14507130473476	-134.28161299580626	-509.3436774008387	-286.1031863153952
-436.14507130473476	-134.19239122003117	-509.4686784674069	-285.83012390095666
-435.7104430379747	-309.8022151898734	-384.8386075949367	-205.69303797468356
-434	-133.69230769230768	-509.46153846153845	-291.0769230769231
-433.49779616360104	-136.54667454630518	-474.26295831178743	-150.36822535766174
-433.42780057944356	-718.6856137907022	-60.10008017822463	368.18510489240464
-432.97468354430384	-534.2278481012659	-254.60759493670886	-95.1392405063291
-431.6521739130435	-118.19565217391303	-212.2826086956522	-641.195652173913
-431.56275303643724	-33.31174089068827	-254.38461538461542	-517.7894736842105
-431.5155232533714	-33.76028231735494	-253	-516.0383144981724
-431.33632555356075	-541.8168761220826	-258.424895272292	-98.77498503889885
-430.7157894736842	-118.15789473684211	-213	-641.1578947368421
-430.3607415485278	-708.3886586695746	-63.191275899672846	375.97797164667395
-430	-330	-23	-185
-430	-35	-253	-515
-430	100.15814973958621	-285.5953288842537	-465.3690918290188
-429.72727272727275	-118.54545454545456	-214.36363636363637	-637.8181818181818
-429.3181818181818	-118.04545454545456	-215.4090909090909	-637.3636363636364
-429.2	-312.2	-179	-242.4
-428.9380724695339	-710.132781063006	-67.99999999999999	381.1817352467741
-428.45671083723187	-250.59068651454317	-624.5449113449799	-112.48925241506771
-428.4532971889917	-247.8930697153633	-626.4688549708292	-117.03252990747836
-428.1711976487876	-251.72005878030862	-628.8956649522411	-117.4136664217487
-427.99604743083006	-34.33323198540589	-253	-517.3858315597446
-427.5484871615546	-711.6102533064021	-61.47883611904696	382.00194890506475
-427	-116	-215	-639
-426.97992362121096	-705.926508892665	-68	380.89148650126333
-426	-309	-179	-244
-425.2697005516154	-245.25047281323876	-629.0963750985028	-112.61122931442081
-425.0227272727273	-114.33441558441558	-216.68506493506493	-637.3149350649351
-424.7476890282545	-250.65123051401622	-629.3658392852121	-117.98298651645217
-424.62282497441146	-250.48362333674513	-629.7318321392016	-118.97645854657114
-424	-486	-381	135
-423.20242693771024	-446.099602392675	-452.28371616688196	-25.903889140788433
-423.20238095238096	-464.1166666666667	-487.25714285714287	167.88809523809527
-423	-220.7687652780065	-523.9010442251047	-317.7037367705225
-423	-218.78172229231598	-524.3361457015684	-315.35063818901415
-423	-218.3512567059142	-524.3988911177856	-314.5019578406995
-421.88242574257424	-446.09158415841586	-452.4641089108911	-28.131188118811878
-421.3548615481435	-446.0357142857143	-452.68352737570797	-28.493234738829443
-421.29169728141073	-637.0007347538574	-73.2329169728141	347.8163115356356
-421	-460	-490	172
-420.8948193499809	-445.83885302358885	-453	-28.777615938182777
-420.73591943304734	-492.4722118612458	-100.07720999627004	-187.09175680716152
-419.6162012453346	-215.603516839977	-525.9260018894222	-318.0265327720974
-419.4026953025374	-215.0631563720777	-526.6806337716451	-312.9226804025784
-418.6521739130435	-220.19565217391303	-526.2826086956521	-317.195652173913
-418	-221.99999999999997	-527.2518756869554	-313.04810679070357
-418	-221.99999999999994	-529.4101394995387	-320.8889974488411
-418	-221.71765833461723	-529.7000669462873	-320.9879187760091
-417.63710210746245	-442.5070609648327	-117.55278020003628	-106.29110019956809
-417.3188384920087	-217.0515847558974	-534.0345592624896	-313.4636098268611
-417.2937787722684	-222.19484616797317	-529	-310.0756952583747
-417.2343756891512	-222.1948461679732	-529	-315.64162000001403
-417.1304561315329	-222.19484616797317	-530.6052968866293	-320.5298819799531
-417.07494640423175	-211.79519518836935	-530.6310551484803	-315.19515379966595
-416.9481839641048	95.04901538145974	-292.18559245942686	-480.25821666776153
-416.6971655386495	-362.50351127169097	-514.4759299781182	-5.737138059131837
-416.2709903593339	-224.99999999999994	-527.4371165644171	-314.5431200701139
-416.26274493303083	-218.58419496325138	-531.6287972970368	-313.16567479030823
-416	-488	-104	-185
-416	-478.2082888587128	-502.8684172298364	265.3234362828691
-416	-225.00000000000006	-526.2294434158114	-312.6751573456056
-416	-224.99999999999997	-527.1473546200682	-311.17682642204625
-415.595799944913	-222.19484616797322	-529	-314.34900027227036
-415.5151850936336	-225.00000000000003	-526.2669644303139	-310.10451844969697
-415.51211968120754	-225	-526.3909641100721	-309.1080615727232
-415.3667989158157	-218.3538519590293	-534.0974867280343	-311.98456434184726
-415.0482081367172	-212.70692513709986	-531.6568039790843	-317.52722866981253
-415	-225.00000000000006	-526.8055209405645	-312.34320312076716
-414.80264562338516	-225	-527.7928036688334	-313.0300779553468
-414.25	-451.75	-586.625	-112.75
-414.0546902530129	-220.5989146521954	-530.4509831559659	-320.6046232997392
-413.925	-450.775	-588.9	-110.15
-413.5	-451.16666666666663	-586.8333333333334	-112.83333333333333
-413.26060606060605	-225.00000000000006	-528.2757575757576	-313.06666666666666
-413.25	-450.7083333333333	-587.3125	-114.22916666666666
-413.24394463667824	-451	-587.0051903114188	-114.25432525951558
-413.16423357664235	-221.1204379562044	-531.2080291970802	-320.63868613138686
-413.14444444444445	-213.72222222222223	-533.562962962963	-314.63703703703703
-413.1378767887953	-450.49999999999994	-587.3949558510099	-114
-413.1157281071694	-450.5	-587.5367154552221	-114
-413.03625468520636	-216.70422053292398	-532.2590580552949	-315.6511221594085
-413.02962962962965	-451	-587.2962962962963	-114.72592592592594
-413	-450.9550561797752	-587.3595505617977	-114.74157303370785
-413	-450.35689535689534	-589.2169092169092	-111.5010395010395
-413	-449.9324825030877	-589.4787978592013	-110.05269658295595
-413	-449.8415141430948	-589.6663893510816	-110.1374792013311
-413	-449.43249915834366	-590.1510492649534	-110.51352261250139
-413	-335.0205781446566	-274.67687445501264	-241.45003142247882
-412.99999999999994	-449.5880934519344	-590.1363733790591	-110.37820169328047
-412.93333333333334	-451.1	-586.8666666666667	-113.93333333333334
-412.7559895833333	-449.21328125	-590.4619791666667	-110.41901041666668
-412.7350935093509	-449.23498349834983	-590.448404840484	-110.39889988998901
-412.72871794871793	-449.23999999999995	-590.4989743589745	-110.4451282051282
-412.70000000000005	-450.35547445255474	-587.9408759124088	-113.99999999999999
-412.7	-478.3050568181818	-628.9682386363636	172.28954545454545
-412.7	-450.5	-588	-114.90000000000002
-412.7	-450.3434782608696	-588.5134387351778	-114.00000000000001
-412.6994745387133	-215.32226275433607	-532.4922582095921	-315.91599049251516
-412.686274509804	-449.25490196078425	-590.5882352941177	-110.31372549019609
-412.3642857142857	-449.49285714285713	-590.35	-112.2142857142857
-412.2733333333333	-449.22	-590.9866666666667	-111.48666666666668
-412	-642	-134	189
-410.3685562515613	-217.3237180846802	-532.9921899671479	-314.37817621357163
-409.8967845507342	-480.2521837669389	-630.807167477218	166.44596062137023
-409.45652173913044	-509.52173913043475	-335.04347826086956	-52.39130434782608
-409	-141	225	-482
-408.6327496161429	-644.8178830980455	-137.93727566698936	192.4905742947782
-408	-508	-335	-53
-407.06422902914784	-508.5697545056738	-335.004524215679	-52.39575762070758
-405.9374907543258	-506.96290574868743	-336.1710492173006	-53.08047919874865
-404	-639	-139	192
-402.9864524938911	-142.07496047146756	-153.97013000495105	-434.07222541644705
-402	-172	125	-478
-401.1214943609332	-176.5381511165239	120.38669700614756	-485.36912805341944
-401	-138	-154	-431
-400.9266247379455	-363.06079664570234	-229.2955974842767	-296.1488469601677
-400.6729411764706	-361.53098039215683	-230.65568627450983	-294.043137254902
-400.28630710313837	-359.59380150101373	-229.9238822427469	-296.21173067118787
-400.10701275536945	-453.76326141218635	-532.5708533069418	-31.835535132364928
-399.50062603975294	-456.00000000000006	-531.2940418008548	-38.09994800274887
-398.0466666666667	75.56962962962963	-394.54518518518523	-485.52
-398	-364	-228	-293
-398	-209	54	-436
-397	-165	119	-471
-397	73	-393	-486
-396.7545326029334	-169.0633680862343	117.04790599045768	-477.4502032161159
-396.3924616126406	-453.38864352678854	-535.3042564609484	-41.213584772041905
-396.0264525919385	-453.4822041096372	-535.396022789538	-41.3953715089376
-396	-284	161	-577
-395	178	-396	-422
-394.27713934002657	-452.8457838514436	-535.4718850661837	-40.79379102952288
-394.0439394506633	-215.8056453368497	48.04863580963317	-438.6496255530735
-393.91756705688033	-212.64179450639762	52.93074368910251	-442.35580590124863
-393.6727656684469	-420.6662706046057	-298.40121445423193	-259.83324711801674
-393.65965466503985	-212.90212970706585	52.19658059154382	-441.63856200333237
-391	-570	-459	220
-390.3036881973369	-220.56073979756997	42.76880246886937	-452.94527051816044
-389.1001580791722	-422.2942616155028	-299.14212533578	-272.81623683134166
-388.87094687800015	-418.61301638067414	-300.27154515847866	-267.17748416924746
-388	-79.67412458271184	-317.6841016170656	-506.6001941425764
-387.7572614107884	-514.8921161825726	-415.03941908713693	-59.30912863070541
-386.8698294937602	-76.95448154856518	-320.79525496898873	-488.8499439848236
-385.12514734774066	-280.7148751052484	142.34746000561324	-414.39172046028625
-385	-284	147	-409
-383	-549	-462	108
-382.9432485322896	-550.4207436399217	-462.4050880626223	106.57534246575342
-382.5405912690794	-77.58478640539639	-325.6148344755986	-485.38930712926395
-381.66441501699524	-81.99999999999997	-322.39443515908425	-498.7108043695618
-381.4660502311633	-82	-322.6520354866925	-507.6586829938773
-381.28106867002265	-80.63077373861586	-324.6132027437267	-507.32934327325825
-381	-74.26459710936277	-326.4826597236349	-486.30549976329945
-381	293	-263	-517
-380.69101123595505	-347.9747191011236	-508.5561797752809	-247.05337078651684
-379.88856426847474	-350.6011847362146	-511.6877275569565	-245.72219842131943
-379.1841863742137	-73.19484616797317	-324.7778696804654	-491
-378.5620596186113	-348.8584055965168	-513.0286213748743	-243.7236569125469
-378.2463028169014	-354.3426056338029	-510.86144366197175	-253.2326584507042
-378.2463028169014	-354.3426056338028	-510.86144366197186	-253.23265845070424
-378.2270533526351	-75.99999999999997	-332	-498.40995454605724
-378.1028772832062	-308.34276910799787	-384.07904770349353	-303.5092214931725
-378.0169907220654	-352.9035417507059	-511.553158531666	-254.00000000000003
-377.7104294478528	-194.9668711656442	-283.33006134969327	-605.7877300613497
-377.65646587156226	-346.02269941304564	-511.696980622335	-245.91960023651234
-377.39731584171574	-351.4612834779987	-513.2645577679472	-247.97755448285824
-376.663294885096	-70.04872272981538	-325.2526968067641	-501.35801242368666
-376.63555915905306	-352.9751937055171	-512.6921407298976	-252.67137259603254
-376	-335	79	-381
-375.6041125158361	-344.69933065693647	-511.9930017034558	-253.23265845070418
-375	-667	-82	335
-373.92579394856625	-95.58665829810228	-413.24609147127717	-344.786836973701
-372.5062780413802	-304.0009360575837	-385.95597301571934	-302.6347115974307
-371.1340782122905	-292.9553072625698	-517.745810055866	-244.87709497206703
-371.1133671742809	-292.9568527918782	-517.7343485617597	-244.91201353637905
-371.0913140311804	-292.87973273942094	-517.9977728285078	-245.3641425389755
-370.3031233998976	-518.94726062468	-366.1469534050179	-96.92319508448544
-370	-295	-517	-244
-367.7799384750604	-540.8651944627554	171.70632827949902	-159.7101735882224
-367	-68.08750081527263	-309.97865328468555	-546.0834724092554
-365.68613138686135	-552.4337851929092	17.986444212721594	104.25964546402501
-364.17853543555196	-519.0818813728223	-365.490390522459	-91.69816027079285
-363.6793014929846	-519.6320491645737	-368.00012379100167	-92.71936579915234
-362.7355114064597	-63.459378303076086	-310.89216113070046	-546.6329771775138
-362.7122051327965	-519.0570527238998	-368.14567783992715	-93.50535241661554
-362.39588544676747	-73	-304	-530.9967833712176
-362.322102455375	-70.04872272981538	-303.14056941054025	-536.6310332198094
-362.1802944303697	-73.19484616797315	-308.82044744437553	-548.3226172082334
-362	-220	-23	-475
-361.99021097168304	-73	-309.20636898457394	-548.5580858786711
-361.85260567630246	-73.19484616797318	-304	-537.5834400154914
-361	-273.379649317264	-87.66160235542972	-445
-360.98479424595376	-61.50723603896354	-319	-548.2928853781046
-360.77083333333337	-218.5	-29.041666666666686	-482.9354166666667
-360.3945926524746	-476.00503009072133	-211.57648432587803	-152.00071858438872
-359.630044969052	-296.8470421535799	-369.3225114464126	-340.62021016462825
-359.071189279732	-470.33375209380233	-213.56658291457285	-149.46608040201005
-358.68787525638635	-277.87811536579255	-93.93344395666904	-455.8302114080599
-358.68787525638635	-70.04872272981541	-316.2163108334887	-550.8602134999068
-358.6878752563863	-70.04872272981544	-316.2163108334887	-550.8602134999069
-358.42105263157896	-610.2105263157895	-37.57894736842104	-132.21052631578948
-358.24082552451046	-72.22395276196997	-311.25116597492615	-548.2755694379074
-358	-606	-38	-128
-357.34099465176683	-430.5374251497006	-230.4966400953305	-601.3081643602525
-357.3065743788794	-429.2956587071521	-232.67188293290096	-603.2553800422543
-357.2615510738479	-430.5374251497006	-233.48750783553075	-603.7324279665872
-357.22106544890363	-430.53742514970065	-230.4174095684548	-601.0871057645267
-357.21257485029946	-430.5374251497007	-234.57634730538925	-604.7979041916167
-357.2125748502994	-430.5583175201011	-230.40008992838136	-601.0756069040513
-357.12280701754383	-704.514619883041	-154.64327485380116	81.91812865497074
-357.0740740740741	-704.9506172839506	-154.1604938271605	80.4320987654321
-356.55555555555554	-704.7777777777778	-154.33333333333334	79.22222222222223
-356.53872945343267	-60.55191246217297	-320.79525496898873	-547.1958873335573
-356.42981138697286	-299.87165591864016	-373.00164768665826	-344.8012157011507
-356.38095238095235	-703.7460317460317	-155.8253968253968	82.36507936507937
-356.26645340280896	-69.48989401390887	-316.37299601366976	-552
-356.26476421755603	-427.4112938008948	-233.42418033760507	-606
-356.0949348769899	-430.4127351664255	-234.1085383502171	-606
-356	-704	-155	80
-355.5597203602315	-427.7038107822956	-234.57634730538922	-604.9742284839685
-355.4706664683913	-67.26581407242728	-316.85116819978714	-552.6335303600215
-355.4399205132895	-427.54579447271703	-234.5763473053892	-605.279084571663
-355.3360356302858	-428.8446679677726	-234.99599659710753	-606
-355.288294638088	-430.76943698116844	-234.57634730538922	-605.2214223464539
-355	-123	-7	-623
-354.1858573862638	-429.98570348309556	-234.57634730538922	-605.4671308637838
-352	-444	24	-381
-351.6422569027611	-500.7695078031212	-346.61344537815125	-132.12605042016807
-351.56941824182513	-696.5435002272413	-158.98397377957616	327.52997693387726
-348.6387900355872	-597.9092526690391	-217.4519572953737	-215.98754448398574
-348.58322580645165	-510.49806451612903	-351.0838709677419	-141.4374193548387
-348.320907617504	-597.9927066450567	-217.4177471636953	-216.66207455429497
-347.7317073170732	-596.170731707317	-217.4390243902439	-216.6341463414634
-347	-597	-215	-218
-346.92324324324323	23.116756756756757	-440.92972972972973	-555.8832432432432
-346.56666666666666	-600.1666666666667	-217.00000000000003	-221.63333333333333
-346.4671149966375	-595.8609280430396	-217.75427034297243	-216.18574310692668
-346.4089199355185	26.881265858229398	-443.14861422420813	-551.4986953600621
-346.4089199355185	27.536270822138647	-442.3863514239656	-552.6335303600215
-346.4089199355185	28.91709622094644	-442.529012401087	-551.8504668740693
-346.3280487804878	-595.7987804878048	-217.76829268292684	-216.23536585365852
-346	27	-442	-552
-345.63468061149064	-713.4210710527466	-353.5529320742465	190.8123665904491
-343.70451875086326	-369.5984311599918	-401.4646162834865	-129.7494338010855
-343.11948111060536	-387.0374374146564	-403.9492489758762	-137.67222348657262
-343	-111	-323	-458
-342.94706868415506	75.16478868548718	-468.18752428423943	-625.5091974822101
-342.1106410659528	-386.8847095255541	-405	-137.7778557046302
-342.03679892805843	-410.27495064094865	-414.05612466734453	-338.52248184246724
-342	68	-540	-175
-342	75	-466	-623
-341.43130227001194	-542.7048984468339	-293.08004778972526	-62.289127837514926
-341.3655635722631	73.78473261319616	-469.17202328489145	-625.8362832311886
-341.08066809734487	-406.95205103888225	-414.39540282690996	-337.3018756630169
-340.27547169811317	-483.89433962264155	-474.3358490566038	-45.894339622641496
-339	-546	-290	-57
-338.82767978290366	-406.34243554952513	-415.2650949796472	-333.50627544097694
-337.5618363417248	-593.2229309248413	-595.3735599521505	125.731884057971
-337	354	-234	-647
-336	-555	-283	-45
-336	-546	-376	-176
-335.3183504989606	-592.4832353345417	-596.0887158616732	130.68816381395678
-335.2024269377102	-596.9762982470228	-599.3629493563656	126.33044107590771
-334.9311594202903	-599.4565217391304	-599.156001003827	130.69958905828554
-333.96296091331715	-591.4629709305478	-596.1830949601754	125.731884057971
-333.70407306782187	-592.0504469370866	-596.9027252847937	125.731884057971
-333.41714806932225	-599.4565217391304	-598.9460552622606	129.18741995817163
-333.0230534545929	-593.3578420039914	-593.7890146759173	125.731884057971
-332.95461372136515	-592.8050520102852	-598.1938493454885	125.731884057971
-332.64624337447646	-593.7577158777815	-600.4685835897055	125.731884057971
-332.1457353685886	-599.4565217391304	-599.8098820805903	126.12104825291178
-332.1231884057971	-599.4565217391305	-600.268115942029	125.731884057971
-332.1231884057968	-599.4565217391304	-600.2681159420292	125.73188405797073
-331.6	427.4	-544	-292.6
-330.56892471923874	-597.1811762746685	-600.2979486156414	125.731884057971
-330	428	-545	-292
-328.8188347313099	-614.0982462840727	-228.45563346112087	148.10037927920138
-326.90572962925455	-602.6095955850126	-349.23491884202645	-26.208761957824464
-326.2779973649539	-696.1225296442688	-339.7536231884058	152.12648221343875
-325	-595	-351	-21
-323.41145062500345	-597.8108218899159	-349.6300798404138	-23.604518864273032
-323.0898539064186	-599.5743321631403	-350.92596583499056	-21.82209006557499
-321.17027424275375	-563.8297337265183	-498.15905822361054	-68.52799577818679
-320.07758945386064	-565.105461393597	-497.21092278719397	-68.05461393596985
-319.85166985209224	-562.231615382141	-499.01216506892973	-70.26682951822923
-319.46375458154773	-561.7431365280308	-499.0286940632096	-70.26606372832094
-319.39473684210526	-564.0842105263158	-498.01052631578943	-68.57894736842107
-319.2636873276369	-565.7915140829151	-496.8674216736742	-68.91439486414396
-319.21008403361344	-566.8151260504202	-502.8109243697479	-73.54621848739495
-319.08872944250106	-562.6229557413823	-499.0949251805438	-74.11156617661814
-318.13352007469655	-566.9477124183006	-499.8169934640523	-72.35107376283847
-318.0558057965196	-563.610864594947	-498.96918922770976	-74.10577412869199
-313.5547617107587	-25.576150788373365	48.61223708147999	-676.4715528460708
-312.4713397790055	-568.639973631341	-253.66316392516325	-227.776097909342
-312.3857705563762	-81.14032496307239	-308.75603151157065	-512.8702609551946
-312	-132	-478	-372
-312	-82	-304	-509
-311.87428379843215	-82	-308.4771808903836	-512.6157777634935
-311.7621461547414	-561.169987973464	-253.86690633526877	-220.09709164737677
-311.6447553478528	-20.757879160213133	45.42430172224833	-662.0317771058858
-311.1484005583356	-569.1711670389619	-251.1119696296705	-225.60992501193428
-310	-161	-43	-630
-310	-20	47	-670
-309	166	-201	-676
-307	-401	-418	-207
-307	-234	-656	-82
-307	149	-277	-646
-304.00814104226083	-524.3586725434275	-41.5526056520612	-349.45537982888254
-303.34511278195487	-387.62669172932334	-646.7315789473685	-12.388345864661652
-303	-459	-389	-268
-302.4598057924104	-520.671187709848	-43.70267397763229	-343.78068310828763
-302	-521	-43	-345
-300.27777777777777	-462.8888888888889	-334.1666666666667	-250.8888888888889
-298.3421052631579	-460.10526315789474	-335.94736842105266	-245.1578947368421
-294	-36	-160	-675
-293.6875	-205.375	-557.0625	-285.5
-291	132	-660	-56
-289.7391304347826	-484.3913043478261	-437.86956521739137	-235.3913043478261
-288.83333333333337	-487.44444444444446	-443.6666666666667	-237.22222222222223
-288.6525291361288	-488.5633785894509	-441.06964636148825	-235.95149985982619
-288	-356	-545	-207
-287.36026775041836	-717.8379153717427	-15.792134831460672	41.86708104231413
-287.265306122449	-357.8979591836735	-546.2244897959183	-209.14285714285714
-287.0908499566349	-358.30209236773635	-542.023091934085	-205.15871639202084
-287	-723	-17	39
-286.8791489361702	-728.2451063829787	-20.65702127659575	32.670638297872344
-286.3046302633203	-354.273586069942	-546.5740875789568	-207.59281282606497
-286.1114703401743	-354.2977228001124	-546.3026426764127	-207.27410739387122
-284.56542056074767	-356.607476635514	-546.2850467289719	-207.34112149532712
-283.73796171303803	-487.2308421742452	-434.61728741797054	-238.1137737028548
-283.031410300253	-487.4064701456809	-433.59142671499905	-238.114945968128
-282.8950727597651	-481.28325248914985	-446.05450599948944	-230.68304825121265
-282.64729815691726	-487.072477173148	-439.98326592232866	-238.57906311522146
-282.1500626566416	-224.35338345864662	-218.61748120300751	-608.3536967418546
-281.40268082847405	-483.2691178199805	-437.89424558537957	-239.3644628937606
-281.1961543980485	-238.2097861960109	-310.0403214234467	-569.5093987659635
-280.8743662200503	-482.58279571490726	-440.0739292270243	-238.21900873928885
-279.3712832861122	-76	-332.726900681763	-509.453044383085
-278.4633255270486	-2.0026760850707888	-659.9392685422758	-12
-277.61827531645565	-234.4723101265823	-310.28678797468353	-563.3987341772151
-277	-692	-490	37
-277	-236	-389	-369
-276.8057721005602	-70.04872272981541	-338.39089234577716	-507.62503088672577
-276.3907481778968	-232.75680499776882	-311.309906291834	-564.1192919827458
-276	-79.62465227065297	-334.36784934562746	-500.21810349788484
-276	-77.76808852875516	-341.6762893719313	-508.93076284634196
-276	-71.36470611191018	-344.47149628951036	-487.9766155829339
-276	-70.04872272981541	-346.03132437888087	-488.56784376263636
-275.9833055797676	-231.40569425110908	-311.9956645894857	-565.7315850755201
-275.2395833333333	-576.1666666666666	-243.03125	-362.78125
-275.23209912753407	-82	-337.5989409908362	-506.88613351368656
-275	-578	-365	21
-274	-572	-244	-360
-273.6448763250883	-572.851590106007	-244.80742049469964	-363.1113074204947
-273.5145104324505	-71.34974216888756	-344.4321332912259	-496.88201641801663
-273.0958098728279	-572.0332127948743	-246.16234467527426	-362.7011637219688
-271.91734197730955	-568.9805510534846	-245.87682333873582	-362.7893030794165
-271.3165050647311	-568.8264720221007	-246.44862141812473	-361.4344564216456
-271.2689655172414	-568.655172413793	-246.59080459770115	-362.36551724137934
-271.0848126804284	-72.02607224743642	-343.1541370404848	-499.15934207237785
-271.07043861079404	-74.14283384966575	-342.8949942931681	-501.5628566769933
-271	-76	-344	-491
-270.8809592815709	-69.58137510879024	-344.7727816564727	-503.67798085291554
-270.86926292271437	-77.0252472276934	-345.9898016414924	-511.4845562403592
-270.84374174540284	-77.7572640455146	-345.02211724067865	-511.7929848623387
-270.3188384920087	-68.05158475589741	-349.03455926248955	-496.4636098268611
-270.07043861079404	-193.14283384966575	-300.8949942931681	-607.5628566769933
-269.99317902269297	-69.58137510879024	-346.5666698691475	-508
-269.26274493303083	-69.58419496325138	-346.6287972970369	-496.16567479030823
-268.3667989158157	-69.35385195902924	-349.09748672803426	-494.9845643418472
-268.0516469745793	-244.86036519871107	-590.7487110633728	-259.41023988542787
-268.04961485614234	-70.95299998506653	-348.17123336079027	-497.88191947826783
-268.0482081367172	-63.70692513709986	-346.6568039790843	-500.52722866981253
-267.9215614130545	-191.07308015509366	-304	-608.2440884975343
-267.3020272594884	-22.937976515230133	-385.5192570118243	-402.73933640606094
-266.81651771277006	-68.90086564567443	-346.8493375416465	-500.39859410919723
-266.6411901375238	-220.1859488667729	-291.2987275692692	-602.4297327951531
-266.45482727090257	-63.25667387765114	-349.9337407167867	-496.97816632841943
-266.33872611325387	-414.37771008648906	-282.77561616117345	-301.3586445184666
-266.16423357664235	-72.1204379562044	-346.20802919708024	-503.63868613138686
-266.14444444444445	-64.72222222222223	-348.56296296296296	-497.637037037037
-266.03625468520636	-67.70422053292398	-347.2590580552949	-498.6511221594085
-265.70000000000005	-225.00000000000003	-292.49670093772704	-604.8946518473956
-265.6994745387133	-66.32226275433607	-347.49225820959214	-498.91599049251516
-264.9053373475858	-234.75220526374727	-579.9859762186938	-259.4102398854279
-264.8549681817439	-219.5146649274826	-292.94388726388	-604.25706186927
-264	-79	-344	-499
-263.65627019317196	-221.5709726949791	-292.89694105517714	-605.2496958756482
-263.63341686432216	-225.63559474750133	-295.50416421787406	-607.523850503701
-263	-517	-292	-393
-260.73069313336765	-522.7620630330756	-384.8893730981961	-101.70193728944251
-260.65922553624586	-512.0517036837567	-388.36380695192133	-92.34345584907801
-259.2302304158459	-223.4105865265805	-297.07839154398283	-606.6754451508657
-259.02668052984023	-220.94878560197412	-294.5205173134674	-609.9835717776073
-259	-230.67530021191428	-299.1325249195511	-614.1553645710699
-258.7173747142799	-512.5527138702207	-387.3356863871554	-96.71801739667066
-258.4326739802618	-231.3175060358338	-298.6953280528612	-614.8121902664238
-258.17592708368426	-517.1698752694251	-386.3589150533609	-94.37831762595765
-256	11	-363	-424
-255.88319763436834	-511.433750371029	-387.6227917055962	-96.7285284027648
-255.19607843137254	-552.2352941176471	-533.4117647058823	3.9215686274509665
-254	2	-364	-422
-253.95571904168082	-223.3026658927331	-343.79605415560496	-402.3166955337956
-253.30522864828518	-441.2347007397444	-545.7107851378614	-254.73339778076664
-252.36646480890516	-10.010267105560729	-369.47109581124204	-443.9488705178783
-251.08695652173918	-438.0769849757078	-545	-255.0365100309753
-251.08695652173913	-442.4891304347826	-550.4565217391305	-258.5597826086956
-250.57537609506352	-213.63937769332685	-344.55251392359423	-390.5618463120169
-250	-519	-292	-231
-249.4851485148515	-539.019801980198	-387.7227722772277	-193.23762376237624
-249.02358265147956	-517.7049363580076	-291.5732973741185	-232.907817804798
-248	-566	-625	43
-247	-638	-61	-151
-246.82306024469568	-437.10794486603686	-551.5928449744464	-252.1726033761809
-245	-6	-371	-441
-244.15103942835083	-533.0779908148622	-390.0130028699003	-195.03911604886113
-243.45762711864407	-522.1452784503632	-297.7225181598063	-234.13220338983052
-243.24674097101882	-533.5469566797656	-389.4497679385288	-193.82936717712045
-242	-535	-390	-191
-240.47043687409035	-532.0618761345153	-390.87344061146524	-188.72413022065732
-240	-66	-231	-639
-239.4	-531.9	-392.5	-193.3
-237.21764705882356	-430.535294117647	-433.8235294117647	-350.2823529411765
-237.14511066398393	-430.39307847082495	-433.9577867203219	-350.48362173038225
-237.14393015656248	-430.6031800224357	-433.85787445739646	-350.3657025801102
-237.1428571428571	-430.2110177404295	-433.734827264239	-350.79178338001867
-237	-431	-433	-351
-236.88473053892216	-430.434131736527	-434.0419161676647	-350.55089820359285
-236.875	-432.25	-433.625	-352.25
-236.84049079754598	-429.916885772714	-434.02862985685067	-351.0068653228162
-236.837962962963	-430.5277777777778	-434.05555555555554	-350.75925925925924
-236.8068949176638	-429.92234332425073	-434.0168226513446	-351.0280180073451
-236.80467345716	-429.89524665468343	-434.04513680846816	-351.06860395446375
-236.75100401606426	-429.87349397590367	-434.0562248995984	-351.11445783132535
-236.7492354740061	-429.9886850152905	-434.08440366972474	-351.2162079510703
-236.74048061295565	-430.3622010680288	-434.1886463895983	-350.31971209658695
-236.7232820712478	-430.67753552657194	-434.08404710920775	-350.09631107650375
-236.68924231593996	-430.0793423874196	-434.19085060757686	-350.76197283774127
-235.2763530023068	-524.396010169205	-566.1926449462323	-283.76023887563406
-235.0657991010766	-525.9163792202362	-565.3575049649838	-282.396545416536
-234.90613026819923	-707.6934865900383	-376.2011494252873	189.04789272030652
-234.81089643285776	-518.9093715818586	-569.9515499595022	-279.46554339702845
-234.45265177156887	-529.5489286503202	-566.3191626822103	-280.4478915040226
-234.4412819913583	-529.5489286503202	-566.6194790462805	-280.6627225375605
-234.3013151694135	-522.825482287587	-564.6813780051066	-284.6813137376697
-234.20865758754866	-528.9460116731518	-567.1079766536965	-279.2928015564203
-234.17598041187583	-522.2785941604499	-568.1277463258984	-287.005960382017
-234.0459436663681	-529.5489286503202	-566.9877860862755	-279.78129282112457
-234.01436896116405	-523.8680565931072	-566.4076083433966	-285.8272010035167
-233.99654278305962	-524.685393258427	-565.6611927398444	-281.50907519446844
-233.8056392630982	-519.8416967712559	-567.5153673276335	-287.8344708090926
-233.71549739802714	-523.972151246054	-569.9515499595022	-278.00837651646475
-233.69976937270948	-208.4586884813167	-333.9698090850196	-445.1161669225752
-233.68656716417908	-527.2089552238806	-565.6119402985074	-282.2985074626866
-233.36181132873472	-523.3238639327551	-569.9515499595022	-278.17545700660963
-232.9938446432295	-525.6922189638835	-569.2682938417397	-286.1076158022684
-232.28571428571428	-529	-570.4285714285714	-284.42857142857144
-232.25742894928612	-553.2982282428251	-609.4630692134731	4.061545077198701
-232.25742894928612	-529.2850177047752	-569.5768308691919	-288.2472485331939
-232.03737992218333	-520.7906736171107	-565.4773552731202	-288.3816361092703
-231.84493125198532	-527.8319077006852	-569.5513341198892	-288.3680628034669
-231.8302617918356	-522.6403564915579	-566.7613415306398	-288.3816361092703
-231.54546793314188	-529.5489286503202	-569.9515499595022	-288.3816361092704
-231.2882226214929	-517.4427781234556	-565.2484521368937	-289.12568660300184
-230.79500221617113	-520.8073064624489	-569.9515499595022	-288.49455065561335
-230.73333333333332	-530.8666666666667	-568.7333333333333	-285.33333333333337
-229.8323766790012	-518.4453832930276	-563.6935986713675	-290.62017423734744
-229.3142857142857	-554.5055555555556	-613.7619047619048	-2.256349206349199
-229.07089525335897	-714.529923050888	-125.27772121032852	32.37414499406516
-228.93333333333334	133.53333333333333	-640	-126.86666666666667
-228.70513780021884	-519.1274931167154	-567.4174437454036	-289.0909092437804
-228.60929544357464	-611.8084937141898	-248.54032363002912	16.53279115159401
-228	134	-641	-128
-227.82239843906095	-517.5150559177143	-567.8852735171239	-288.61279026172343
-222.6274920009845	83.0980802362786	-596.366477971942	-261.45139059808025
-221.49924236382486	-533.6558337985485	-381.2548847595502	-243.4512321556743
-220	-661	-21	-315
-219.16169218790552	84.3856735011679	-602	-259.5595639761225
-219	-240	-353	-473
-215.4202320281443	-184.713224719184	-403.4053854720585	-471.31571610847647
-215.31411589761797	-184.68488851754626	-403.4280858408366	-471.3816361092703
-214	-590	-371	-22
-214	-235	-431	-452
-214	-187	-403	-457
-213.5	-595	-373.5	-27
-213.31428571428572	-303.8857142857143	-326.7142857142857	-432.45714285714286
-211.09120003938995	3.374955378574356	-635.6015091273896	-83.8666034786248
-211	-231	-697	115
-211	-133	-25	-635
-210	-302	-327	-432
-208.26200417536535	-631.6659707724425	-452.5772442588726	3.4786012526096
-208.16970546984572	-287.3328658251519	-476.86044880785414	-379.0757363253857
-208.14393015656245	-285.60318002243577	-475.85787445739646	-381.3657025801102
-208	-286	-475	-382
-207.875	-287.25	-475.625	-383.25
-207.75100401606426	-284.8734939759036	-476.0562248995984	-382.11445783132535
-207.73729468599035	-284.26096618357485	-476.4945893719806	-381.6175845410628
-207.7232820712478	-285.67753552657194	-476.08404710920775	-381.09631107650375
-207.6245110821382	-290.08279009126466	-477.79465449804434	-387.86049543676666
-206.7027432782858	-628.3012488057868	-442.2884195441518	-62.53685000682408
-202.68756423432683	17.65056526207605	-485.70811921891055	-634.5991778006166
-201.81007559324536	-236.07588085796613	-410.44772789926276	-475.8485451861909
-201.71419746936334	-384.9136993125436	-361.03736176148254	-468.2116967221281
-201	16	-450	-490
-200.91850220264317	12.420704845814988	-451.47577092511017	-493.61233480176213
-200.05464518760195	-623.070909461664	-442.47276101141927	-59.57347063621536
-199.11151848947773	15.205062300784036	-449.3133789951457	-495.5161698683662
-198.10125588697016	-733.6750392464678	-51.44662480376765	76.94740973312402
-197.992130501167	-379.16111133450073	-358.51677032217634	-468.6974846273886
-197.30657437887947	-382.2956587071521	-361.671882932901	-462.25538004225416
-197.2125748502994	-383.5374251497006	-363.5763473053892	-463.79790419161674
-197.21257485029938	-387.0699153704066	-367.50038897495745	-473.2236619865544
-197	-825	-413	56
-195.52707588761643	-379.464171862364	-369.2688336420317	-470.7457334411604
-195.19853620824443	-388.93127526644616	-367.6958266833822	-473.0700061166078
-194.2537216828479	-387.9566343042071	-369.4381877022654	-473.72556634304215
-194.06726013847677	-668.3887240356082	-253.4391691394659	-6.547972304648852
-193.87817392448363	-566.7139850019735	-506.5363767925274	-33.706485988685685
-192.48172404526088	-381.9211307940809	-372	-469.85737280876106
-192	-117	-623	-255
-191	-667	-533	248
-189.88689989149205	-382.81728866992	-372	-463.6503170186036
-187.2543352601156	-701.9653179190751	-525.7687861271677	75.28901734104046
-187.22598870056498	-537.954802259887	-413.4406779661017	-231.16949152542372
-186.51451043245052	-67.34974216888756	-506.4321332912259	-655.8820164180167
-185.77545744936205	-705.1849738732251	-527.2103805461696	72.0971952953341
-185.44115776081426	-103.25445292620864	-332.4875954198473	-614.8479643765903
-185.22563523387373	-67.22300200376466	-506.9886858137511	-654.0368947719959
-185.13625694069913	-801.8537290134743	296.6244078756016	-36.00333606649624
-184.9962199395896	-67.3370516700158	-506.9886858137511	-654.1635453475403
-184.8999810673672	-69.58137510879024	-503.1828750996723	-655.7315205091993
-184.08481268042843	-68.02607224743642	-505.1541370404848	-658.1593420723779
-184	-581	-279	-320
-183.0588797909814	-803.2154104555952	296.83199197517905	-37.667179881960486
-182.90959931574446	-585.1094150930983	-281.40153957497205	-325.1549444042371
-182.80536017125857	-161.23812171592206	-463.40170702549415	-545.3797714698769
-182.7853308151647	-65.5514152126992	-506.9886858137511	-655.2512724892474
-182.34812880765887	-69.58137510879024	-506.9886858137511	-662.6779808529157
-182.1695097319332	-70.40942483409515	-506.1610517863895	-662.6779808529157
-182.07456588355464	-804.8355464759959	296.10929519918284	-38.91930541368743
-181.99917306412868	-70.28559951972929	-506.36012910148986	-662.6779808529157
-181.80536017125857	-82.23812171592205	-519.4017070254941	-520.3797714698769
-181.2123452196153	-84.3022573846107	-523.7683410764023	-525.6134176786344
-181.04961485614234	-66.95299998506653	-510.17123336079027	-656.8819194782678
-181	-802	295	-38
-180	-375	-635	-56
-179.8165177127701	-64.90086564567443	-508.8493375416465	-659.3985941091972
-179.63541205993482	-69.58137510879024	-507.394173812719	-661.4673855547694
-179	-158	-465	-544
-178.96875	-664	-113.28125	-137.4375
-178.9251700680272	-313.25850340136054	-664.6843537414966	-54.74965986394558
-177.16182906539353	-592.3894359447338	-555.738252616223	-11.687790858892754
-176.66850393700787	-665.4464566929134	-107.15039370078742	-132.4937007874016
-176.4619929200153	-203.9080319556066	-642.9199196326063	-289.2531333716035
-175.12495355116806	-201.01664726137685	-644.4226472118314	-277.99668045680875
-174.17857142857144	-234.1875	-64.86607142857143	-668.4017857142858
-174.125	-438.375	-699.25	-87.375
-173.47647667646586	-202.53163807775564	-646.106677021666	-278.0411806501717
-173.17666248800745	-202.11350698468058	-646.1866585817511	-278.18051480863426
-172.640625	-435.796875	-702.84375	-83.234375
-172.31037618850763	-666.9314592806945	-364.9364200082679	-17.73865233567588
-172.0920019280322	-667	-364.88185004113376	-17.917855680265575
-172.02998804157852	-232.82871860914358	-64.93275687609236	-662.1492043050317
-172	-201	-645	-284
-171.77025691699606	-433.10326086956525	-706.4691205533596	-77.09387351778656
-171.40427369548757	-199.14338556769854	-647.8055300330034	-283.53683656964273
-170.80185503036705	-684.3348626881435	-453.15883284922097	18.873399128597836
-170	-585	-556	-8
-169.53130860693074	-200.1523578240136	-646.707727508299	-281.16565107212233
-169.45304232804233	-532.0482804232804	-522.8829365079365	-231.53703703703704
-169.24671142080217	-200.12901937457514	-647.2835486063902	-282.5997790618627
-169	-268	-332	-588
-168.1345295228213	-583.3787885338752	-556.2745009872167	-5.39333304509492
-168	-680	-455	25
-167.71502026653556	-531.5048717478967	-523.2599486593045	-234.66435611021657
-166	-83	-426	-629
-165.37161667885883	-533.1463057790783	-522.2275054864668	-243.2501828822239
-164.8898692302929	-583.7921157529637	-556	-12.347452969902577
-164.2183193158527	-279.67294508445826	-483.63078662803025	-523.9045162202276
-164	-211	-205	-635
-163.96702036101073	-576.9018625434446	-558.3706078774221	-11.687790858892754
-163.55555555555554	-211.44444444444446	-204	-634.5555555555555
-163	-281	-480	-518
-162.87037116424423	-276.5386994292051	-485.30629178546303	-519.5102343466167
-162.5755568934377	-282.1926550270921	-483.75496688741725	-522.9078868151715
-159.2118179497619	-277.25259261268957	-484.9626497017008	-517.2408861311702
-158.57213938494928	-379.4138729510778	240.99496044076264	-638.0872099096916
-158.0979298075368	-168.99684619116934	-630.9823710173056	-290.524987869966
-157.05327634676482	-562.0127534111947	-571.8734943889563	40.275592530797894
-157	-378.5605525169729	243.73190902825635	-640.3524935114448
-157	-377	240	-642
-156.68244084682442	-381.22665006226646	239.079701120797	-647.1382316313824
-154.556596528951	-694.491783136231	68.11764705882355	-120.84979265857778
-150.43761996161226	-671.0163147792707	-442.50287907869483	-13.055182341650664
-148.23036857205918	-672.1601412491723	-445.92875744868684	-23.85093798278524
-148	-212	-514	-622
-144.86858371140957	-360.9968774868938	-588.9999999999999	-286.2
-143.38266756058346	-357.5817224388307	-589.6704044105682	-286.2
-143.33257403189066	-367.9	-585.1641799544419	-281.31554669703866
-143	-670	-331	-188
-142.9375	-670.625	-331.3125	-188.625
-142.8	-367.9	-590.35	-286.2
-142.14	-366.47	-592	-283.34000000000003
-141.6820512820513	-362.81124896608765	-594	-279.1119933829611
-141.40016947439614	-607.7487192244603	-531.5283480910808	-159.69754262125582
-141.14638710663002	-384.07703177512985	-602.912542010388	-151.64676901924838
-140.60354644239357	-606.1801038255434	-537.0021118636499	-164.4270058052992
-140.43810545986938	-608.6028494408076	-530.8157633250946	-157.93371387613774
-140.05580492956938	-606.6179296727014	-536.7532115673826	-164.78664171650956
-139.38380143940284	-362.4382602971951	-592.9249933245983	-281.25042381038133
-139.28543576998885	-361.0612734595938	-591.6878052960836	-283.4733053389322
-139.07116639477977	-376.38438009787933	-603.2640701468189	-141.38478792822184
-137.13333333333333	-714.4	-140	-134.33333333333331
-133.91106584221194	353.0059266082469	-397.1438462475272	-735.0000000000001
-133.73939896980204	343.5137807289505	-395.2636281522349	-742.9130434782609
-133	-438	-318	-404
-132.30434782608697	340.0869565217391	-394.78260869565213	-742.9130434782609
-132.26049735018344	340.22176926212796	-395	-742.8589482266614
-131.41041143880372	354.85774834484454	-397.39732688779236	-735.611700801868
-131	-567	-413	-214
-129.8125	-436.0625	-319.28125	-406.88541666666663
-129.61707589747834	-562.085255268933	-414.85416752929484	-218.1683574179123
-127.99609069241652	352.6316304673282	-396.6345986135274	-731.9999999999999
-127	-553	-439	-233
-126.6	-557	-441	-237
-120.66666666666669	-376.33333333333337	-452	-369.3333333333333
-120.05882352941177	-592.4117647058823	-521.1176470588235	-203.70588235294116
-119.13666195476574	-623.596930533118	-380.62272819063	-62.81891155088853
-119.13073348151141	-541.1256011315418	-272.25051525560724	-531.4427157001414
-116.14015151515152	-590.3901515151515	-515.7386363636364	-205.2348484848485
-113.40458015267176	-323.14503816793894	-712.1832061068703	60.160305343511446
-113.21686760196138	-637.1166301093331	-480.6676421925366	-27.469692488012996
-112.01846043091479	-637.220548156528	-480.87627911760165	-28.83390754357998
-110	-707	-251	-141
-109.8442367601246	-398.202492211838	-393.69470404984423	-432.53894080996884
-108	-392	-396	-416
-107.9599466554783	-395.79508810836734	-397.00000000000006	-432.5608816830496
-107.92359414143255	-391.0403225202049	-398.3317137110532	-420.96213965277923
-107.67582027976536	-392.16824598723656	-397.0778057113389	-418.8436794946174
-107.64559068219631	-392.1358846367166	-397.2368275097061	-418.9972268441486
-107.17095544980282	-390.8357147045005	-398.9097756986619	-422.3794096010873
-105.49287969336821	-388.3531575542833	-401.05863270803366	-424.52149930325584
-105.48872729709804	-390.5587159037598	-399.11489176328666	-422.5902218349977
-105.36843554000117	-388.5723638937496	-401.288256227758	-424.8183480466369
-105.2157394843962	399.4233378561737	-598.2957937584804	-324.6426956128448
-105.18791064388961	-391.09461235216816	-398.6491458607096	-425.8528252299606
-105.10884395176026	-389.3949845987853	-400.2542940674869	-422.89865652680857
-104.60514440433212	-492.22337545126356	-262.8456678700361	-566.1484657039712
-104.07767898923726	-384.3757604117922	-401.44033692091716	-424.51255654344095
-104	-388	-404	-415
-103.94797687861268	-210.21965317919077	-514.9190751445087	-414.4104046242775
-103.00000000000001	-560.812660068345	179.7210050262383	-407.15434094280715
-102.70951771233462	-490.27656850192056	-262.9448997012377	-566.0223858301323
-102	-523	-407	-316
-101.60298612743945	-564.5944039501529	178.9824829532095	-411.6121561250882
-100.49999999999999	-295.27027027027026	-372.01351351351354	-449.83513513513515
-100.25497238528895	-299.33587786259545	-382.3199558985667	-568.8518118255203
-99.31383761245807	-539.7826563622926	-345.76006284826633	-531.8378731552191
-99.00000000000001	-374.24990428435456	-374.50420938727245	-468.62164036112875
-99	-375.36113570380394	-375.0595602606662	-456.35577958441763
-99	-374.5933962838127	-374.3555143633696	-462.84022723315775
-99	-208	-517	-413
-98.46766917293233	-540.415037593985	-344.318045112782	-532.0398496240601
-98.11619212404543	-295.6313374747912	-385.86259541984737	-575.8958938028667
-98.00000000000001	-540.6733731278068	-344.9886858137511	-531.9862462049575
-98.00000000000001	-376.4948868702927	-373.6530911627558	-463.34265441184334
-98	-559.0593895345786	177.9259614658137	-405.9931626074885
-98	-559	178	-406
-98	-541.1641368008607	-343.03838810097034	-529.3284823816176
-98	-378.2651391064778	-373.76178040999946	-468.8554110300971
-98	-377.59476434946725	-377.8896766850215	-453.9631232570228
-98	-377.5842542803449	-374.23832432275896	-463.79790419161674
-98	-375.4787108052992	-376.1925310595594	-455.19128396308565
-98	-374.2676689424933	-376.975736368198	-465
-98	-373.3195620049034	-376.5908161302474	-468.8554110300971
-97.99999999999999	-378.8949446088528	-375.3507597917402	-471.2758248004002
-97.7011573038572	-299.33587786259545	-383.6313150261908	-576.716958397668
-97.70031763491066	-298.75843752805963	-383.5537762638054	-577.4140702163958
-97.60837438423648	-544.3596059113299	-345.46962233169126	-530.0328407224958
-97.60000000000001	-544.4	-348.2	-534.6
-97.20277078085641	-544.7632241813602	-345.53904282115866	-530.3324937027708
-97.09160305343511	-544.9007633587787	-347.6641221374046	-531.793893129771
-97.00000000000001	-383.5374251497006	-376.6072299010172	-470.462850353989
-97.00000000000001	-370.23563993133973	-378.6382880712878	-463.7979041916167
-97	-383.5374251497006	-376.6146204255158	-470.46720471260255
-97	-381.51881660354513	-377.10175358337995	-472.3197487775286
-96.59664567024964	184.81557739626746	-403.9895324773536	-725.9818360448721
-96.51196234484121	-297.99600957421376	-384.95154995950224	-577.162855743197
-95.01481688565838	180.24238188426057	-404.93625943528093	-736.3050041934582
-94	-74	-273	-715
-93.75237419988008	-620.5701364645715	-461.659314449077	-65.10686104526302
-93	-383.57103876643134	-379.89112124719037	-479.11914236682634
-91.96232008981377	-621.7071852274646	-462	-72.2159510618652
-91.72191244335994	-382.48470491969914	-385.8625954198473	-456.9774620077366
-91.39285164666056	-625.1465450907972	-466.04212834718373	-72.21595106186511
-91.39285164666052	-625.1465450907972	-466.04212834718373	-72.2159510618652
-91	185	-405	-732
-90.48000000000002	182.8	-406.59999999999997	-735.2
-89.87303733914523	-370.63029131397207	-382.10038786887753	-460.60968435833945
-89.67776165403014	-388.93127526644616	-381.1878466087491	-475.9817526130313
-88.82065417126059	-388.93127526644616	-382.3199558985667	-477.54038956266083
-88.82065417126057	-385.1050657098358	-386.5445764401634	-460.3755755885596
-88.77581863979849	-389	-382.33226980128745	-477.4961656870977
-88.70702519379844	-387.1968992248062	-383	-478.59336240310074
-88	-382.8242874451116	-384.2931320620193	-465
-87.99973608445798	-384.760306523645	-384.95154995950224	-479.25083323586944
-87.63194299565848	-618.4549873518345	-461.4604014565524	-72.21595106186521
-87.4392463792882	-383.96679167092725	-385.86259541984737	-479.43011668215246
-87.02806296224833	-388.93127526644616	-382.74602302780545	-463
-86.56564048855854	-619.7438188446765	-462.5284590699102	-72.21595106186523
-85.60864960282437	-593.5360988526038	-386.19841129744043	-197.1110326566637
-84.8591881011219	-373.167975041213	-388.1743434132491	-459.3233704909595
-84.54546793314188	-382.09376729226767	-387.1160788128494	-460.2986355306333
-84.47328244274809	-373.28126774041147	-388.4010076094466	-465
-84.47328244274807	-382.0360691450736	-387.12026590625976	-460.3012315285477
-84.16597077244258	-676.3382045929018	-535.9592901878915	3.1497912317327774
-84	-40	-580	-550
-83	-437	-377	-462
-81.98224698322956	-378.9333692266456	-386.5939717966752	-466.4625418531989
-81.12650539557622	-380.87362378028183	-387.3437940936823	-459.91682565233805
-80.8156359196733	-375.5425419946954	-387.5148570706858	-468.5591041131647
-80.63891873087982	-678	-538.4339196005607	10.37421856615201
-80.62432989690723	-374.44907216494846	-389.31340206185564	-457.18515463917527
-78.39313221434486	-599.4565217391304	-592.5479238798436	27.380349519737308
-76.97058823529412	-376.0882352941177	-387.0882352941177	-460.735294117647
-75	-674	-148	-211
-74	-613	-514	-174
-73.75919732441471	75.53846153846155	-557.5066889632108	-597.8996655518395
-72.69541534271448	76.89241942805268	-557.9682251475261	-595.5683159328189
-68.16911008230454	-682.7673611111111	-348.0300925925926	-99.1795267489712
-67	-355	-525	-378
-65.51309892756015	-370.2551018133056	-597.3733568609714	-196.13493886105422
-64.1875	-87.5	-544.25	-322.0625
-63.34353531034615	-593.3435464257635	-462	-199.96461024036228
-62.826144821807084	111.24444225366	-645.6468674520629	-362.00601370335687
-61.87331744145064	-595.7052039242433	-462.9025527191356	-201.79047619047617
-61.6173236835603	-369.4663923244072	-590.9723351665284	-196.93289640140063
-60.6412213740458	-599.3053435114504	-466.64885496183206	-202.55725190839695
-60.35376726007074	-364.4120806230743	-600.268115942029	-187.4653372132831
-59.36388913103811	-361.85719393961847	-597.5933492000909	-191.18751060358264
-59.353787197155896	-53.66034278441011	-535.3672615651334	-627.7873919197683
-59.02375905596508	-597.0900060109462	-465.5208959473568	-206
-57.72928870348934	109.67012335737664	-655.5101613923923	-362.10190077484197
-56	-616.9080308753489	-299.71423879126297	-221.78395467236
-56	-600.8618522170545	-222.17046525632875	-356.69613886670294
-55.25057620696816	-599.819290214789	-223.00000000000003	-357.2608173301263
-55.03048389843998	-600.7495174962211	-222.31988075002099	-357.69901892005475
-55.03048389843986	-600.7495174962211	-222.31988075002107	-357.69901892005487
-54.92240852327308	-678.6561872325561	-368.6947428172212	-156.90743166535674
-53.25321476724754	116.96981482417928	-657	-358.6308490667345
-53	-679	-366	-148
-52	-5	-575	-624
-52	116.42028855306377	-657.9158339990604	-350.29985800018005
-47.13718926901306	-499.60812207728276	27.09805562392321	-586.2168840758061
-42.111111111111114	-89.55555555555556	-609.6666666666666	-356.55555555555554
-41	-315	-393	-442
-40.59090909090909	-87	-611.0272727272727	-355.0181818181818
-40	-657.5	-507.5	-158.5
-39.78925619834712	-352.70807000486144	-339.83932912007776	-553.5957705396207
-39	-227	-628	-228
-37.32750210150114	-228.05265863182686	-642.1262500780871	-229.78865090750872
-33	-233	-577	-340
-31.570014144271568	-258.5671852899576	-577.4526166902405	-553.7878359264498
-31.23528836481502	-258	-577.5990974628367	-553.5187632726054
-31.000000000000014	-258.26363636363635	-577.709090909091	-553.0363636363636
-31	-258.1262307498106	-577.8056046452916	-552.7152234284272
-31	-258	-578	-553
-30	-617	-164	-260
-28	-772	132	-226
-27.384642688121147	-210	-601.480596308566	-623.8805016564127
-27.271489361702123	-210.73106382978725	-602.8902127659575	-625.0136170212766
-24	-644.7142857142858	-487.1904761904762	-201.90476190476187
-24	-561	-365	-239
-23.904761904761898	-644.7428571428571	-487.42857142857144	-201.7904761904762
-23.904761904761898	-641.0363545459369	-487.803709946838	-197
-23.259587674573268	-635.970738195522	-494	-191.63688760806915
-23	-402	-291	-570
-20.92359414143255	-387.0403225202049	-560.3317137110532	-579.9621396527792
-20.675820279765382	-388.16824598723656	-559.0778057113389	-577.8436794946174
-20.64559068219632	-388.1358846367166	-559.236827509706	-577.9972268441486
-20.464637421665174	-190.79319606087734	-740.0402864816473	12.727842435094004
-20.240444145356655	-636.4483176312248	-494	-190.81332436069988
-20.214611872146122	-644.6328767123288	-494	-198.0392694063927
-20.17095544980282	-386.8357147045005	-560.9097756986619	-581.3794096010873
-19.896969696969677	-388.8424242424243	-559.2363636363636	-584.7454545454545
-19.5	-607.1666666666667	-88.33333333333334	-269.33333333333337
-18.605178172584395	-388.59121789850406	-558.0171198271419	-585.24587729286
-18.492879693368213	-384.3531575542833	-563.0586327080337	-583.5214993032558
-18.488727297098023	-386.5587159037598	-561.1148917632867	-581.5902218349977
-18.36843554000116	-384.5723638937496	-563.288256227758	-583.818348046637
-18.18791064388961	-387.09461235216816	-560.6491458607096	-584.8528252299606
-18.10884395176027	-385.3949845987853	-562.254294067487	-581.8986565268086
-17.340489425595806	-638.1084914701936	-491.6988051881669	-206.00000000000003
-15.567193659349027	-312.05600796766066	-662.6217286141125	-258.6879807169221
-15	-598	-322	-231
-13.984941837230101	-311.69145000279224	-661.437815614133	-260
-12.599999999999994	-554.6	-114	-588.2
-11	-553	-114	-589
-10.10737158879153	-634.3480481476593	-492.941440224208	-205.99999999999997
-8	-294	-246	-606
-7.430948419301156	4.149750415973379	-185.01497504159732	-742.3053244592346
-6.5843531894173	5.47245577016718	-188.1991884434345	-753.4486609316668
-6.255990315906319	4.987829063155523	-185.1660947976614	-742.9130434782609
-4.843750000000014	-725.83125	-94.7875	-208.35625
-4	5	-187	-748
-3	-721	-96	-203
-2.0000000000000044	-488.0645788406192	-681.9161970193765	-211.63526242794956
-0.7441547890584417	-719.5637039781632	-96.22506756044748	-206
0.17248726781592438	-717.8076800241845	-94.89748428132945	-207.42121648735554
0.8218586453940433	-642	-602.2232610131599	-201.78415730907983
0.9342177531792668	-489.4474206768347	-684.0803582745363	-212.7217457433774
1.1256055363321877	-655.8484429065744	-428.0647058823529	-264.6235294117647
1.258477508650543	-655.560553633218	-428.0647058823529	-265
1.9698708751793381	-632.6891439502631	-602.335724533716	-204.31181252989
3.714686263820534	-485.3809159838194	-680.3739683757067	-214.8004447404538
3.999999999999993	-506.0267793750037	-679.9174286214404	-246.11311414472584
4	-510.65384615384613	-681.4230769230769	-243.23076923076923
4	-508.8818494937898	-681.4324183279407	-249.73979751591688
4.254106330573443	-456.3992904869336	-358.7898098014246	-352.8209283104449
4.639665089160088	-484.5346904941309	-682.5118653982207	-216.35215347370618
5.802852505926019	-553.6248964913731	-662.108870967742	-176
6	-636	-603	-204
6.118452860596291	-640.9951651893634	-354.87026591458505	-357.505237711523
6.240211521152119	-638.8218946894689	-604.6782178217823	-208.81334383438343
6.7873186710341145	-513.7143191389798	-684.4473561066916	-252.82849789424446
6.787318671034129	-513.7143191389799	-684.4473561066916	-252.8284978942442
6.787318671034164	-513.7143191389799	-684.4473561066916	-252.82849789424426
6.787318671034171	-562.0749936259373	-661.9822105774252	-184.3422133955944
6.999999999999993	-513.71431913898	-681.4805864145519	-244.23573489769058
7	-562.1259894459104	-662.0692612137203	-184.4617414248021
7.096774193548377	-562.1491935483871	-662.108870967742	-184.5161290322581
7.096774193548384	-516	-682.8478263816851	-245.39231832569175
7.702115453447654	-516	-680.2167171381452	-249.85258130909807
8.254748167306893	-516	-684.3846589430832	-248.87951668936807
8.409144881261234	-516	-680.9071149720614	-250.7044290061864
8.54843753092284	-516	-683.6124997526174	-252.49963387361709
10.078584250866982	-516	-682.472234314699	-253.27829272706813
13	-637	-356	-355
13.311850311850314	-559.5488565488565	-418.16632016632013	-337.75467775467774
17.470588235294116	-511.2352941176471	-437.4117647058823	-402.4117647058823
20	-389	-539	-293
26	-687	-380	-55
28	-432	-397	-463
37	157	-595	-626
37.060920135889916	151.98934761328957	-596.7791213220476	-630.9382737375482
39	-405	-455	-369
41	-412	-306	-542
43	-413	-454	-361
44	-719	-249	-321
44.15384615384616	-719.4615384615385	-249.30769230769232	-321.6923076923077
44.650000000000006	-411.15	-467.6	-373.6
55	-722	-257	45
58.5616688235657	-50.227451441760905	-624.9174607976604	-630.7381502210121
60.31548154815481	-495.88973897389735	-478.98019801980195	-400.77452745274525
62.39162561576354	-497.35960591133005	-474.46962233169126	-389.03284072249585
62.400000000000006	-497.4	-477.2	-393.6
62.797229219143574	-497.7632241813602	-474.53904282115866	-389.33249370277076
62.908396946564885	-497.9007633587787	-476.66412213740455	-390.79389312977105
63	-530	-570	-338
63.692227817870304	-681.5565131613105	-492.1475520481803	-333.35626395306576
63.87711864406778	-680.5550847457627	-492.1864406779661	-335.31779661016947
64	-682	-492	-333
65	-603	-548	-308
69.56024612798568	-308.5361316262351	-473.4319576790604	-613.5923611024981
69.58629614493938	-310.55196839667616	-472.2039231712301	-618.3900013622123
71	-137	-458	-657
72	-308	-473	-615
73.2308182107609	-303.62623368354025	-473.06494746895896	-616.458452722063
74.16088427384547	-134.13178044992034	-460.1522928153787	-662.6779808529157
91.63672541216602	-294.38430926662875	-459.99829448550315	-654.386583285958
91.64454976303318	-295.2037914691943	-461.33175355450237	-656.5213270142181
92.48885797384301	-295.794041459444	-460.38879333017326	-662.6779808529157
92.52671755725187	-297.2251369515294	-458.3086455636385	-657.94723300121
92.5267175572519	-299.3358778625954	-461.86259541984737	-660.9618320610687
92.52671755725191	-299.33587786259545	-461.8625954198473	-660.9618320610687
92.71349225353639	-296.64443781423233	-460.3313931426819	-662.6779808529157
93.88678636705725	-299.33587786259545	-460.79287173422216	-661.0859047414257
94	-579	-369	-356
97.08146909792839	-553	-133.18772189859015	-594.8781496673676
99.9211592396385	-551.0526643814272	-137.50763477718917	-596.4484263010283
100	-477	-513	-545
100	-347	-703	-252
100.09793814432989	-477.3092783505155	-512.8969072164948	-544.9639175257732
100.48526635323734	-354.1379397574007	-706.8912622317649	-260
100.96296296296296	-475.66666666666663	-515.4444444444443	-546.1481481481482
108	-519	-471	-361
108.7	-519.5	-470.4	-361.8
109.62912628153538	-517.4972252353126	-476	-364.7062598411421
109.70702961953738	365.56302716239946	-505.7797357001662	-696.3324735975807
109.73684210526315	364.10526315789474	-509.63157894736844	-702.7894736842105
109.90839694656488	-327.90076335877865	-628.6641221374045	-549.793893129771
109.95035971223022	-328.83741007194243	-629.2561151079136	-550.7517985611511
111	368	-511	-701
117.60117111255693	-654.6706667630546	-203.6160148437312	-423.01645822790914
119.51388888888887	-612.5802304964539	-144.23581560283688	-426.0378250591016
120	-637.7013107528129	-378.36422688783205	-364.04750028998956
122.77788234935986	-640.3759782446011	-380.8583869650255	-364.5429235339332
126.11543253366771	-507.18055416406776	-452.21334040029603	-402.75388386696443
127	-194	-690	-322
129	-505	-456	-402
136.65625	-55.4375	-321.0625	-682.5
137.85802469135803	-53.5346364883402	-322.02503429355284	-680.6587791495199
138	-54	-321	-683
147.91666666666669	-693.9166666666666	-256.5	-393.9166666666667
149.39162561576353	-493.35960591133005	-636.4696223316912	-548.0328407224958
149.70308914386587	-491.9468667255075	-638.9698146513681	-549
149.7972292191436	-493.7632241813602	-636.5390428211587	-548.3324937027708
149.9083969465649	-493.9007633587787	-638.6641221374045	-549.793893129771
180	-565	-28	-446
182.33818181818182	-130.7672727272727	-481.54545454545456	-654.3345454545455
188	-532	-400	-468
212	-595	-487	-362
217.6924621163062	-230.27548245045978	-70.3506022535941	-706.4908042999612
218	-231	-67	-702
224	-370	-675	-551
224.38888888888889	-369.6666666666667	-675.5	-551.1111111111111
227	-646.8782317132492	-224.28970336767304	-426.37377006057767
230.58865248226954	-651.0567375886526	-224.61229314420802	-426.0378250591017
234.23720930232557	16.083720930232573	-299.3581395348837	-722.9906976744186
238	22	-303	-717
239.28751903743034	23.437282221867598	-305.10880656421443	-709.8910570944737
254	-501	-500	-518
258.83184940218774	-621.1012465021622	-220.99999999999997	-552.5672856779446
260.36704730831974	-621.8939641109298	-224.12561174551388	-556.9037520391516
267.5865633074935	-140.26614987080103	-245.11369509043928	-717.6847545219638
268	-141	-245	-716
268.2528646399404	-143.55858149861814	-248.9814199505222	-721.1528222008301
271.17987768317545	-138.50245832833673	-245.83559179757765	-722
300	-502	-477	-379
327	-584	-470	-455
328	-505	-526	-430
329	-252	-572	-584
330	-404	-494	-579
344.11607773274534	-501.7787042298426	-423.75315075993893	-604.4816248161792
345.51534358585127	-497	-425.34011790280294	-604.1690651816191
346.0458015267176	-503.54961832061065	-430.1679389312977	-613.6030534351145
348	-212	-600	-566
353	-704	-178	-335
386	-337	-146	-669
390.00499001996013	-509.89288090485695	-270.62109115103124	-560.0133067198935
392	-507	-271	-556
420.2006969334926	-117.73508562325766	-597.3049183592194	-631.8136001592991
422.1991348119975	-116.46416539262984	-598.6526111221209	-632.3173987053501
436.05634530350966	-416.21000204953873	-334.50131413080516	-634.2271137384582
436.1097484503012	-416.3299789581506	-334.63053905318515	-634.2899492746823
436.213496704121	-416.14564565118405	-334.5797357792644	-634.3435825747058
