-704.5107970160974	10.622745713911764	25.718047375997916	-376.17209789294594	108.44470619028922
-698	14	32	-378	114
-692	-225	1	-411	-155
-679.9487394703045	47.93186836153049	-143.03111969554476	-498.3211847866757	-1.6108453756981902
-677	53	-137	-501	5
-676.5648137665572	-218.45296048907505	-167.4646213064644	-362.8302954828484	-137.1763840144911
-676.2269624573379	224.93515358361773	-200.06399317406147	-400.36518771331055	246.1796075085324
-676	217	-347	-339	-171
-675.0548692607226	-214.5995544522092	-165.64553756564624	-364.29936805298297	-137.1384388059051
-674.6520180850724	-218.42855985688928	-166.40101069679778	-365.33524029766056	-134.82332067728132
-671	-186	-168	-534	-264
-661	-6	-228	-435	-17
-657.2015666391649	9.148092614884611	-246.71267976836617	-370.0602638245086	-94.94809493354148
-657	-123	131	-219	-370
-657	-6	-68	-389	-278
-655.8363828215932	-2.1955646180894632	-226.63321875300096	-431.71961620840943	-20.07717633511878
-645.6592643997224	-40.84941013185286	-164.18598195697433	-547.7827897293546	-71.09784871616932
-642.6697641172266	-38.65725518227305	-426.73338098641887	-170.89099356683346	263.70192994996427
-640.2172187628112	-79.94527315237646	-400.79784221983516	-310.6561982640178	220.89805412400096
-640	-35	-427	-171	266
-638.387085171401	-48.82471373705425	-406.42344324086514	-478.1525784473431	97.37637483501979
-638	-71	-401	-306	227
-636.3682901442854	-46.82290920897154	-405.88304766327536	-477.2622087842072	94.73027229052738
-631	58	-170	-224	-231
-630	-11	-438	-102	195
-622.8305223282553	-154.31707191045209	-446.4548185142079	-48.120536712045805	76.33022963701413
-622.2075743279279	-156.67724947107467	-451.9373107736669	-53.38318691429944	76.67585756231355
-619	-54	-14	-627	-23
-619	45.66666666666666	-344.00000000000006	-284	-8.66666666666667
-618	-253	-178	-301	-258
-618	-59	-541	-39	77
-617.8898269896193	-169.9836678200692	-430.6853979238754	-357.0311418685121	-93.25868512110726
-613.2697816852711	-35.30761631927295	-29.501852217722035	-559.0314630050381	-98.12881556850736
-609.5956240463701	11.695864019188264	-349.04783589661724	-267.68077789271035	-120.08742521580969
-600	-17	89	-508	-285
-599	-135	-271	-476	-234
-598.8120244312723	-116.8208259550731	-444.5415398874352	-454.01191850751763	-48.35445883230528
-597.4606440800392	-119.44103787593977	-439.324314618608	-455.5073283376965	-47.43970652833646
-596.7430708962047	-119.36440407861457	-440.45757082589364	-454.1736854816469	-47.907244051157534
-596.43114238963	-119.62080153694497	-440.24265896547627	-455.22328417713925	-47.04401880915874
-595.7073095260722	-117.82486816618501	-443.4787911603887	-453.665255313771	-47.029753319935494
-595	-220	-619	81	325
-595	-12	-88	-413	-348
-594.4866613561564	-111.81822005279024	-446.0804010259999	-454.8496842771661	-42.6975969974239
-594	77	-447	-340	115
-588	-72	-355	-465	-142
-584.1469363034744	-219.55202670763413	-403.10761344835737	-550.3443334909005	-132.23045674781375
-583.9272245138479	-225.14172068355924	-403.46523276370067	-547.3631408367708	-139.34664113140838
-583.2936288088642	-258.8702677746999	-454.0946445060018	-402.0498614958449	-161.53693444136655
-581.9509202453987	-379.7361963190184	-252.08588957055213	-308.7914110429448	-211.0674846625767
-581	-219	-401	-553	-134
-580	-294	-119	-408	147
-580	-137	-614	-16	109
-580	-127	-115	-232	-461
-579.6032187004532	-128.25453550532472	-52.075514585174886	-605.2806892003761	-171.61969103843077
-578.2428722280887	-76.60459931948844	-375.26287692127187	-311.33873049395754	-194.27871641440805
-578	-280	-233	-235	-217
-578	-6	-276	-340	-179
-576.4642186583008	-68.68661464589027	-375.4944193172571	-308.6037402423169	-188.737832362939
-575	-20	-503	-251	18
-570	-61	-36	-107	-498
-567.5058423818369	39.35628677769155	-590.6441120853086	-242.47432739924506	107.54754278766791
-562.9166666666666	-256.94659961685824	-286.48491379310343	-528.0440613026819	35.918821839080465
-561	-341	-168	-152	-460
-560.7704705817373	-1.9905793899559683	-63.23293312713163	-459.1315226246531	-466.65779608124717
-560.3021458150333	-327.4962228635965	-621.3575605471201	-273.9021207177814	79.10091604969254
-559	-339	-420	-430	-319
-559	-255	-288	-531	38
-558.5508021390374	-339.75935828877004	-422.16577540106954	-429.475935828877	-324.2620320855615
-558	-320	-623	-270	86
-556.6325816124553	-327.9582321935757	-621.4528127012927	-271.9585357661115	79.66900471745144
-555	-345	-406	-106	27
-554	-196	-54	-211	-414
-553	-281	-536	-282	-12
-551	9	-483	-316	-29
-549	44	-605	-86	65
-548	-246	-108	100	-496
-542.5696721311476	-111.86475409836066	-529.2868852459017	-295.45901639344265	-56.51639344262294
-542.1504174694926	71.19666024405909	-518.1624919717406	-355.53384714193965	140.93718689788054
-542	-340	-62	-157	-528
-542	-112	-528	-296	-55
-541	72	-517	-357	140
-539.3544479453467	-207.95009864691767	-434.46376566203855	-308.7692103829562	-253.50608077268512
-539.0344827586207	63.96551724137932	-514.4310344827586	-361.3103448275862	132.75862068965517
-536.8825256975036	-53.95447870778268	-611.486539402839	-284.5403817914831	29.625061184532544
-533	97	-152	-360	-347
-532	-104	48	-467	-283
-531.4616925388083	-259.6835252879319	-357.91837756634953	-486.8582874311467	-229.00350525788684
-531	-160	-345	-316	-344
-531	-49	-612	-285	37
-530	-314	-39	-538	-360
-530	-218	-134	-529	-364
-529.2838565022422	-344.90044843049327	-315.9883408071749	-577.3130044843049	-38.373542600896855
-527.749042268355	-344.0030325220398	-316.5653462670504	-575.4184213810263	-37.75662251535192
-527	48	-562	-264	-39
-526.3137191847541	-288.1376466351958	-295.60559815503996	-450.4184847765817	-421.76751712998805
-526.2056828459451	-294.58207717817305	-296.3872475128128	-452.16747060596924	-426.69098583056984
-526	-390	-48	-457	-134
-526	-347	-313	-576	-35
-526	-185	-277	-33	-427
-525	-285	-299	-446	-418
-524.9584069452327	-409.2567596374963	-439.03088502154395	-324.55533349854375	-173.87333690401007
-522.5537841980799	-198.44049407601528	-498.7955319483794	-328.50463771513364	-219.39172973642277
-521	-257	-490	-55	-38
-520.7566598113862	-404.4820243352167	-436.46881585674396	-324.7940241571461	-171.5666568579949
-520.2670830049112	-212.17306331979225	-43.047959740495955	-456.46500535580753	-371.3825865518705
-520	-194	-145	-460	-435
-519.2541315871531	-408.23011047262685	-436.9953784132923	-321.3441133235333	-175.74150296227003
-517	22	-223	-426	-434
-516	-366	-59	-388	-205
-515.8408163265306	-364.7591836734694	-554.073469387755	-192.6448979591837	0.06530612244898748
-515	-228	-631	-40	37
-513.9216940889701	-368.48854357099333	-62.20956733698964	-386.81791590493606	-205.43570993296768
-513.5645261912446	-383.3657093686135	-215.0892976228891	-406.790928973504	-124.46179054175181
-512	-190	-239	-194	-454
-511	-9	-543	-143	-106
-510.8348502666153	-383.0715666858314	-210.83032224493962	-410.4824790070992	-118.9383524642652
-509	-133	-582	-316	-124
-508	-553	-444	-268	-287
-508	-20	-542	-402	67
-507.5976821192053	-551.8658940397352	-446.4238410596027	-269.7201986754967	-287.5314569536424
-507.58518283976605	-385.8893656509392	-209.91315642465094	-408.159174850304	-119.12684771518312
-507.31572164948454	-552.0811855670104	-445.9716494845361	-269.80025773195877	-287.56829896907215
-507	-379	-212	-409	-116
-506.7269321528843	-379.84936355650484	-214.72011988218475	-409.92779509792103	-114.48753810909967
-506.3015681544029	-498.6851628468034	-619.1351025331725	-345.5428226779252	-149.60916767189383
-505.2	-352.1	-218.2	-578.7	-244.2
-505	-351	-217	-580	-243
-503.26263761465793	-496.0189973481377	-617.7387442044763	-347.41588887944727	-148.92511344348293
-503	-496	-618	-346	-148
-503	-470	-371	-239	-416
-503	-64	-303	90	-425
-503	19	-455	-414	-31
-502	-232	-545	-351	217
-500	-286	-689	209	245
-499.3989501746131	-131.38716841594368	-256.77931729805766	-548.9805701576906	-422.09008517791284
-498.38997064929487	-301.57215978237525	-673.8227145822893	-99.75885890185413	77.612141169733
-498	-322	-663	74	206
-497	-125	-258	-545	-418
-496.83519553072625	-327.58379888268155	-229.33798882681566	-511.00837988826817	-315.83519553072625
-495.7766124803356	-338.8683796539067	-221.75144205558468	-513.441531200839	-321.97587834294706
-495.1862745345779	-300.0359138133882	-674.4614415915582	-97.5097965884776	78.89628071072516
-494.5846717526601	-337.3917386067055	-221.0995282071873	-513.6720538044569	-319.94514153784377
-494.564606741573	-329.5842696629214	-225.4859550561798	-512.6264044943821	-312.9129213483146
-494.2022802220642	-336.7810857496513	-220.86995529157468	-513.795207238331	-320.4378677591287
-490.2413793103448	-105.70689655172413	-515.5344827586207	-431.0689655172414	-95.98275862068964
-489.5675156249515	-378.01230292523167	-432.82556203611466	-382.89277056360805	-481.04281754573765
-489.2577173098765	-379.79675696575725	-432.93174645368646	-382.5784329362106	-482.0509412532321
-488.4300823820912	-371.01231705663673	-425.2076333802284	-386.53647256063465	-479.3036651753141
-488.1111824476507	-368.88400611307486	-427.9653489978165	-385.30606470310283	-476.6282988818033
-486.0930873127369	-371.9914482687626	-423.2896651063933	-383.46052866623876	-479.6430420486612
-486	-104	-512	-433	-94
-485.6	-470.4666666666667	-264.66666666666663	-243.33333333333334	-485.6
-484.97629823985756	-374.6783110470623	-421.17130137312546	-379.72151325398835	-484.06391307921626
-484.1071428571429	-469.0416666666667	-266.29166666666663	-245.14285714285714	-484.31547619047615
-484	-119	-640	71	45
-483.6852810505556	-292.81371782305644	-294.3373969367131	-478.77087394355954	-125.44824141905833
-482.7891344364518	-122.59682931750453	-641.1249044907535	67.17404745653327	48.370881954401064
-482.656345177665	-377.3497461928934	-424.1725888324873	-378.8248730964467	-484.1746192893401
-481.7576508058849	-330.98381429510573	-634.5072314283772	-393.3896130392401	-204.76862262825017
-481.4621593291405	-334.3501048218029	-631.5746331236898	-391.9949685534591	-207.59004192872118
-481.2749919380845	-334.30345049983873	-632.4155111254433	-391.78974524346984	-207.48169945178975
-481	-291	-295	-481	-123
-479	-140	-640	-278	-43
-478	-328	-635	-391	-202
-476	-594	-515	157	76
-473	-289	-548	-403	-300
-472.49743964886613	-434.33430870519385	-490.8771031455742	-129.9919531821507	-271.27505486466714
-470	-455	106	-434	-160
-469	-408	63	-142	-534
-469	-312	-32	-133	-538
-468.20813760906105	-503.61466051856144	-431.7430268733022	-176.67577169816747	-380.75479498781476
-468	-280	-367	-128	-516
-466.0874125874126	-305.3723776223776	-396.37587412587413	-434.75	-138.979020979021
-466	-436	-594	-491	-292
-465.8559373848987	-516.9347716390423	-496.33664272559855	-52.815659300184166	-48.68502578268877
-465.337425649653	-425.9970167667269	-251.00814181293686	-556.4797249678745	-390.05745992675816
-465	-29	-288	-477	-332
-464.6566180874426	-508.1941505290477	-492.87727091235774	-49.42695647833901	-49.25354362148133
-464.6180936855592	-426.6673401980429	-253.52683205396033	-559.1455568245818	-392.42725244075655
-463.7	-420.44444444444446	-254.05555555555554	-555.5777777777778	-384.5333333333333
-463.13163481953296	-196.4125973106865	-487.79122434536447	-149.5994338287332	-340.05307855626324
-463.0351838134889	-422.83029034025105	-254.7324378731927	-556.4501718695053	-388.91467069485566
-461.81496385719794	-427.73621214562536	-252.91707671563333	-555.0146429067672	-389.74271582774884
-461.2581538918992	-26.70222951120317	-286.0971057297474	-477.3334264116658	-328.57418354803303
-461.1306818181818	-192.1363636363636	-487.3125	-151.5198863636364	-333.3181818181817
-461	-334	-339	-397	-330
-461	-224	-625	-207	-242
-460.6627997876846	-341.5659398699679	-335.7966593640976	-397.12409834925563	-337.8184166060399
-460	-194	-488	-151	-336
-459	-151	-669	-181	152
-456.61077460910985	-109.37483192685455	-498.6906941901115	-102.8146905533288	-309.09327579362537
-456	-487	-424	-181	-366
-453	-341	-534	-239	-328
-452.67721518987344	-223.9029535864979	-643.9050632911393	-280.30907172995785	-200.48628691983123
-451.7316979193424	-334.9752119188286	-377.35422553300793	-310.57256614436164	-580.8776008219882
-448	-575	87	-311	-345
-448	-479	-8	-302	-349
-447	-330	-377	-311	-575
-447	-219	-644	-280	-194
-443	-505	-427	-56	-368
-443	-498	-658	-2	-28
-443	-317	-545	-170	-399
-441.2853185595568	-380.4981532779317	-260.5369344413666	-423.8975069252078	-338.831486611265
-441	-658	-545	-59	-124
-441	-470	-663	-173	-155
-439.56412405699916	-419.49706621961445	-232.43671416596814	-560.1944677284158	-43.11148365465212
-434	-235	-317	-59	-611
-431.1009982534406	-394.21529630900613	-222.8506415717555	-532.3443567465622	-412.368903617125
-430	-538	-246	-224	-422
-428	-356	-613	-194	-497
-427.96275321298856	-501.1079003289196	-628.9330248077164	-468.44762415243724	-433.7672562598893
-427.89283518826153	-501.2198131527375	-628.9892310402179	-468.39088310949455	-433.8866710451057
-427.70052979460127	-500.18228089924037	-628.8745321171915	-468.64288118408695	-434.93282025240785
-427.49434173196346	-500.5729498380175	-628.5932684437055	-468.499368627624	-434.2112888587103
-427.1600901916573	-508.06426155580607	-630.5473506200676	-467.25479143179257	-441.6493799323562
-427	-387	-224	-530	-404
-426.484968254034	-502.4701094414613	-630.7927860431696	-467.2655128696091	-436.09505069082337
-426.46179691346947	-507.21763058994554	-630.3434628590073	-467.66680258605857	-439.85192722435863
-425.2939527765637	-505.60132803261934	-631.2659803262047	-467.59920786503403	-435.12926071324233
-424.3505747126437	-516.0478927203065	-395.6130268199234	-442.72796934865903	-428.39463601532566
-424.3289842966923	-505.9821082525894	-631.4108586702305	-466.3341797527565	-435.63533244236555
-424.179079737837	-505.95552311634054	-631.4538317539627	-466.2197552491174	-435.64342632166523
-424	-512	-397	-442	-424
-423.66805420817434	-503.76073719253594	-632.000089851256	-467.98918654086225	-434.35059545245866
-423	-339	28	-159	-549
-422.9298541610168	-504.6527752764807	-632.5254503571207	-468.12460138298025	-433.5724076244908
-422.74920325188873	-505.01299608166084	-632.5271083824058	-467.90363317224063	-433.8926149757271
-422.45845637568397	-502.46542375298276	-631.600632100422	-468.63790829029733	-432.2746800257703
-421	-266	-734	-5	21
-420	-429	-345	-509	-142
-418.8324788893577	-369.65290116000165	-237.720044851084	-463.2572232786374	-474.48707930434574
-418.8324788893577	-369.6529011600016	-237.720044851084	-463.2572232786374	-474.4870793043458
-417.0087719298246	-362.5789473684211	-234.1140350877193	-461.3859649122807	-477.2456140350878
-417	-363	-235	-461	-475
-415.719512195122	-426.2317073170732	-482.8414634146342	-496.9878048780488	-530.4268292682927
-415.0340453938585	-425.97062750333777	-482.77837116154876	-497.177570093458	-529.9532710280373
-415	-426	-483	-497	-529
-414.65779057214826	-449.2762684418856	-307.9245232097877	-364.25746671464555	-489.30352644836273
-409	-158	-447	-671	-190
-408	-443	-302	-365	-486
-407.06758445382104	-627.7327733034347	-631.5786081702172	-262.0315819204204	-332.2034337849519
-405	-507	-243	-407	-589
-404.49375	-506.83125	-241.48124999999993	-406.71875	-590.85625
-402.51973684210526	-560.3547570850202	-354.6093117408907	-295.9554655870445	74.91801619433194
-401	-560	-352	-297	77
-399	-685	-281	-364	-207
-393.6817570813268	-413.22216212070447	-189.30050983130758	-161.65542992544272	-624.0136560515725
-392.51869158878503	-317.4733644859813	-276.8859813084112	-147.21869158878502	-629.7859813084112
-392	-412	-183	-155	-625
-392	-316	-278	-146	-629
-391.6922162642786	-318.31639402270065	-280.4106172369054	-150.53357467541306	-630.3382509050327
-390.2566073738169	-413.17296194230835	-184.0933461873223	-153.86001241052435	-628.104988267542
-390	-565	-301	-158	-381
-390	-238	-643	-394	129
-389.3772736999786	-290.3903274127969	-301.1626034996461	-591.5145763716275	-277.28660554083194
-389	-161	-104	-504	-441
-389	-35	-700	-140	228
-385	-278	-510	-441	-473
-385	-43	-679	-446	62
-384	-282	-303	-591	-269
-383.83916889062004	-284.42944558204624	-304.1306340881957	-595.2358053844195	-272.6777738712096
-378.62536496177194	-404.6538596585571	-256.7118660420272	-298.9669596905061	-586.0172144915525
-378	-275	-41	-572	-301
-377.4163706686161	-394.5321162165745	-250.01858461405675	-292.91308641058197	-586.9648597699893
-377	-328	-353	-505	-276
-376.1394260318661	-153.72535577514066	-677.8518746158574	-429.4246607725403	21.904118008604797
-376	-364	-520	-146	-567
-375	-462	-287	-100	-484
-374.1339985883569	-144.39843206508857	-676.0404726154054	-429.6339110251578	32.020438102437666
-374	-517	-638	-149	-323
-374	-274	-687	207	82
-373.79052443143746	-636.1048265002987	-476.8898209482735	-30.66562219205173	-143.2743088661551
-368.5481130568537	-150.60766109359284	-678.6387599930165	-425.86573143483406	25.79956605879181
-367	-449	-361	-197	-508
-364	-653	-252	-338	-224
-363.5854737167355	-255.45448997721218	-549.5093468772933	-387.84722490440697	-467.8087752500869
-363	-517	-335	-360	-344
-363	-436	-264	-481	-316
-362.07014234872247	-553.3362743689199	-671.981344874273	-417.921705952642	-348.1136713754237
-361.4533333333333	-556.9059887005649	-672.029604519774	-417.9832768361582	-350.36971751412426
-360.86471984650905	-557.454326688563	-671.2085298039088	-418.0885174465871	-349.6840427953563
-359.5058796283171	-550.4576800761346	-667.1952643288412	-418.73399938692825	-347.3853240847115
-359.3287494845183	-553.0593330097254	-669.6411850493145	-418.8726438193753	-346.0733906233892
-359	-62	12	-171	-613
-357.8893496213337	-553.2426511227882	-669.2456626593728	-418.9557220543155	-344.1048969148601
-357.11471919629366	-137.15950214350204	-704.2851959921625	-489.0465974999592	-16.73038179838206
-356.6551741216682	-135.6822915232927	-705.3864264478855	-489.88867618227715	-15.997195021474006
-355.45114516227784	-141.0945774399534	-707.1498509055596	-493.7715015252275	-16.324666015405274
-355.4501403763701	-138.8268609068318	-703.5913227822806	-490.72458889654894	-19.529890237281887
-355	-243	-350	-548	-217
-354.3813755640038	-147.00530304864765	-694.8502231800535	-41.1217602570001	151.54763461429806
-353.5424812030075	-575.8830827067669	-505.8830827067669	-453.6736842105263	-444.7112781954887
-353.10955056179773	-579.5758426966293	-269.89044943820227	-426.9016853932584	-431.4269662921348
-353.0383141762452	-584.6245210727969	-269.56130268199234	-429.34099616858236	-433.48659003831415
-351.360627931294	-581.6561273482993	-269.85610986413445	-427.26399386010627	-431.9922978847567
-351	-580	-272	-427	-430
-350.9526708562451	-443.9318538884524	-428.31245090337785	-342.3578161822466	-471.60860172820105
-350.07493744238116	-571.2395627551692	-505.3889108389306	-451.84841301198475	-446.57289608850255
-349.49932391955497	-571.726700898588	-505.937757809157	-451.61610611895594	-446.63976037655107
-349.3638286664526	-568.5633503866637	-505.97225409191134	-449.77034988697653	-439.0649574412377
-349	-435	-430	-338	-464
-349	-231	-643	-458	-133
-348.7225672877847	-572.941547498676	-506.59179546439407	-453.9589291732871	-445.02662622177286
-348.65863478062215	-569.0632992559796	-508.47186877036125	-452.5577978292938	-439.8015171990457
-348.1632026025161	-570.9290460305647	-503.27626723982564	-451.69142477609734	-446.98890740998405
-347	-96	-617	-503	-109
-346.8155642023346	-228.15252918287936	-495.59896238651106	-344.81971465629056	-565.0420233463034
-346.78941785834866	-550.0964251928256	-279.8430303861845	-361.6416214051863	-502.53656417200796
-345.11824153612935	-232.36230419403742	-261.4065346961812	-322.15590010903964	-552.5413360755772
-344.8836242052812	-553.2049011334809	-281.5433892335816	-360.8845759870412	-503.8436712206432
-344.3276	-559.0052	-286.5800923076923	-361.9900923076923	-502.8430153846154
-341.70683160199667	-222.24082356970143	-489.72265750666764	-348.9930781125144	-562.5597907867291
-341.32742303510145	-556.0012166282668	-285.3525537202796	-357.4440927140929	-505.35438772890006
-340	-222	-492	-346	-561
-339.82796493770013	-552.030245346474	-283.73700318653636	-359.0234074732889	-503.2492592195795
-339.18031501445626	-372.5583284277267	-689.7609070000703	-143.91348157504703	-156.68802378115058
-337.94189602446477	-379.9908256880734	-690.045871559633	-147.697247706422	-162.70336391437309
-337	-374	-691	-144	-157
-330	-219	-674	-522	-172
-329.3495552654798	-650.9345209652553	-446.22373741717956	-299.3531026150921	-188.80577712614974
-329.32364529554036	-521.9175505358642	-640.4578634265497	-392.8694088739741	-366.856992051752
-328	-452	-78	-519	-61
-327.4462379888664	-616.1819132716378	-451.1829947168741	-469.61982767790664	-313.51478566109984
-327.40048239266764	-616.2582730342499	-451.33941148094544	-469.6480463096961	-313.41736613603473
-327	-68	-369	-559	-229
-326.26888604184666	-422.0346813183595	-160.33720544094177	-156.82971916775264	-602.7597775890596
-326	-617	-450	-469	-313
-325.8888888888889	-526.969696969697	-638.8989898989901	-396.5757575757576	-370.04040404040404
-324	-521	-641	-392	-365
-320.2502709926172	-531.264637071992	-459.5688509419005	-385.67313767417835	-541.9341471825409
-320	-211	-321	-522	-234
-319.2853630145049	-213.21400264200793	-324.25156623984725	-520.765031324797	-233.6589978680827
-319.2663077897404	-533.8369221025965	-459.1177960734642	-387.3910702976567	-543.4493350221659
-319.1344598245348	-544.7129274388845	-479.87779241931287	-427.0745085691851	-462.96108202239765
-317	-301	25	-565	-253
-316	-323	-668	-503	-206
-312.8381490972284	-523.9620040646814	-495.0751180623055	-356.2017515438917	-531.5763011398781
-311	-149	-713	-83	148
-308.57729372654734	-515.311851096003	-479.8713118351802	-363.1316925497647	-531.6219838325482
-308.5058352096165	-513.098887749153	-485.84155169538457	-360.5939427213554	-528.1180302278876
-307.15349808740643	-513.5036443567285	-483.46970787577715	-356.9689293123112	-527.9008192767546
-306.7490272373541	-510.1881600889382	-487.6259032795998	-357.13757643135074	-525.428849360756
-306	-389	-257	-578	-146
-305.01022371241686	-560.8756481430587	-529.8175305520439	-370.3142783854596	-198.0965206398065
-305	-516	-487	-357	-530
-302.3333333333333	-401.33333333333337	-592.969696969697	-71.06060606060606	-471.1515151515151
-301	-402	-592	-71	-472
-301	-194	-293	-630	-213
-301	-140	-103	-244	-635
-298.39130434782606	-425.8260869565217	-431.8260869565217	-104.73913043478261	-567.304347826087
-297.8787473208662	-559.1946857077205	-525.6107144224891	-375.7280594949296	-193.94361240344887
-295.76840251963733	-418.8996618701808	-428.67360120131764	-105.41299590076609	-564.456523242711
-293	-412	-650	-281	-357
-292	-421	-427	-105	-566
-292	-137	-744	-147	109
-291.34388097233864	-487.12908633696566	-368.00880134115675	-147.63621123218778	-670.7504191114837
-291	-170	-304	-561	-284
-290.80857843137255	-488.8362745098039	-368.19460784313725	-147.71274509803922	-670.9419117647059
-290	-585	-210	-345	-350
-290	25	-676	-212	-139
-289.9894169329073	-489.5726837060703	-368.78634185303514	-148.02316293929712	-669.5804712460064
-287.01147957003946	-688.1934448536323	-374.3704617888818	-219.521696686433	-269.54856281080714
-284.5303020421748	-497.8750283916496	-422.6086573729459	-359.5097835937869	-553.4719040733303
-284.0339138563536	-495.5397380211673	-425.13315634789683	-357.76344372240305	-554.0766288160423
-283.0445836215067	-500.22972008896727	-426.75947048041974	-358.8441760094788	-559.0233694292614
-282.6015837662016	-387.565028769147	-737.2216184203771	195.2622698524251	-39.089022092691955
-279	-314	-312	-507	-398
-276.4942294636796	-266.826205023761	-533.0767141887305	-295.5390359809912	-475.2763068567549
-276	-271	-532	-297	-473
-273.1228260559157	-297.93415341120027	-371.71493131907357	-334.2119898906245	-571.3183453751035
-269.62790697674416	-503.046511627907	-493.4263565891473	-530.2558139534883	-430.03100775193803
-269	-499	-496	-529	-427
-268.66666666666663	-627.3333333333333	-382.7407407407407	-389.5925925925926	-239.62962962962962
-267.9878787878788	-502.3818181818182	-495.0787878787879	-530.1030303030303	-429.8545454545455
-265.67300180986393	-146.35596344595123	-695.8730753936547	-284.92170758990784	20.56888817865253
-265	-622	-388	-387	-233
-264	-354	-308	-373	-670
-262.28129364204335	-382.6708563028298	-381.37287761852264	-40.06945975744213	-666.7519294377066
-258.06912615418844	-685.6662587607075	-467.5673601067972	-446.3779897652687	-111.63928134386472
-257.08243192838495	-593.7922417008579	-520.6844461022007	-379.70458784035804	-369.00261096605743
-257	-682	-465	-449	-108
-256.7819505910033	-678.031157918324	-467.8088398409053	-447.08397288667305	-108.24083804828857
-255.73066168662177	-593.2805402097224	-515.2527868187951	-380.1427112151279	-373.3874084757234
-255.41040424815282	-590.6013690066385	-511.8632746397165	-381.11796171117874	-369.273349210063
-254.90654827138206	-591.5272192889794	-512.1469144366475	-380.52564980926707	-371.44466523227123
-254.88541696453126	-592.4027078013073	-511.99902344299187	-381.2909269950024	-371.0941941560616
-254	-438	-168	-427	-477
-253.44067922507375	-592.2302936353205	-514.1012261857381	-380.6150443069134	-369.1948472530919
-252.06512623353333	-590.8798050673039	-511.99181467168177	-381.6793233470805	-370.6800877348395
-252	-255	-681	-472	-333
-251.47500000000002	-257.1	-680.1	-473.125	-334.875
-251.0066889632107	-256.90635451505017	-680.1170568561873	-472.82274247491637	-334.67558528428094
-251	-589	-516	-377	-371
-251	-242	-570	-241	-461
-250.7443803618114	-593.881051539078	-517.1898656016397	-374.5286335509807	-368.3435237857509
-249.57144792380552	-595.0858992308126	-514.1663824704239	-375.53198934272393	-369.86655196485515
-248.51833740831296	-594.1411029611519	-517.9618581907091	-374.3277370279815	-365.8009236620484
-248.01340049402074	-596.3294424338239	-515.9123613198213	-375.6021579109783	-369.757548431889
-245	-65	-475	-558	-162
-243	-343	-219	-603	-293
-243	-128	-726	-347	-11
-242.85589519650654	-133.5414847161572	-723.0480349344978	-348.2401746724891	-17.14847161572053
-240	-315	-557	-519	-90
-239.00564197326662	-522.5871207729183	-565.137302911057	-581.4426200309924	-431.5276356824827
-237.93755618105723	-528.4333862013921	-569.612349745116	-582.6493797432664	-432.4542260970896
-237.89686408561244	-254.96433708336897	-320.28967189563826	-267.1745956466414	-670.3848870367634
-237	-313	-739	-223	-125
-233.1335740072202	-713.8628158844765	-411.1480144404332	-432.90613718411555	-307.5379061371841
-232	-714	-413	-432	-306
-231.72727272727272	-714.8181818181818	-415.72727272727275	-430.9090909090909	-308.72727272727275
-231.3455497382199	-714.0523560209424	-411.479057591623	-431.9267015706806	-306.80104712041884
-228.62857142857143	-115.68214285714285	-358.8964285714286	-688.0428571428572	-130.16785714285714
-227.29323308270676	-119.26315789473685	-358.90225563909775	-692.1578947368421	-133.2706766917293
-226	-114	-360	-690	-129
-224.2440909766612	-550.3870967741935	-469.2971606957039	-307.6417422327932	-471.95867400029726
-223.8687150837989	-633.0921787709498	-494.4217877094972	-96.15921787709496	-449.8687150837989
-223.03636769086793	-637.267059803419	-493.8617375907476	-97.31982449887454	-452.6040837175438
-222.93371892837365	-550.3100076319814	-463.43662547880535	-308.54698825644886	-473.68274351196175
-222.00583556112423	-343.75310110417587	-680.6218779651753	-431.2687014144307	-137.58536336568685
-222	-650	-436	-423	-125
-221.51754819574887	-651.3679560059318	-435.5148294611962	-423.3585640138408	-127.00148294611964
-217	-544	-466	-308	-466
-212.88733052828425	-526.8592800374006	-482.7508181393174	-238.09770920991116	-537.8653576437588
-212	-344	-635	-493	-148
-208.72302158273382	-535.9712230215828	-502.2050359712231	-283.76618705035975	-462.36690647482015
-207.78375216621345	-520.1174510001521	-477.7747262374079	-239.01618692584125	-533.3251162362035
-207	-520	-477	-239	-537
-206.61006289308176	-547.7861635220127	-536.5408805031446	-479.1949685534591	-340.39622641509436
-205	-720	-146	17	239
-205	-548	-536	-480	-339
-204.44210526315788	-551.5052631578947	-534.2105263157895	-480.978947368421	-342.69473684210527
-203.55645748330426	-409.48493558755126	-349.96887820429066	-325.8612827241744	-584.7068067029263
-202	-320	-646	-424	-219
-201	-238	-216	-610	-208
-200.23523206751057	-407.2009493670886	-352.9414556962025	-325.9398734177215	-579.5253164556962
-199	-557	-268	121	-577
-198	-465	-576	-483	-70
-198	-364	-681	-237	-43
-197.75086028905713	-402.9993117687543	-350.8279421885754	-323.69924294562975	-580.145905024088
-196	-567	-371	-514	-433
-190.7152671755725	-635.5473282442748	-499.0732824427481	-306.7908396946565	40.75267175572519
-187	-635	-495	-308	46
-185.42260629300907	-559.1005926806251	38.306524428708556	-378.8642300393575	-558.8669326939887
-184	-561	40	-378	-559
-181.66666666666666	-696.6666666666666	-618.4848484848485	-54.03030303030303	-91.57575757575758
-181	-697	-618	-54	-92
-179	-453	-607	-547	-109
-178.14038461538462	-453.1596153846154	-607.9692307692308	-546.8076923076923	-110.90769230769232
-177.43091894245282	-714.7216939717613	-455.15780616167245	-85.33568541898546	-189.2568674970655
-176.92995104105023	-394.16931188465054	-496.2908484424597	-503.1774896432991	-448.2255339753591
-176	-387	-497	-499	-442
-175	-424	-507	-171	-451
-172	-716	-453	-88	-186
-172	-573	-606	-533	-340
-166.489753834257	-653.3347080809383	-478.4336899084933	-78.82626627142673	-8.339347854104915
-165	-570	-310	-85	-473
-165	-371	-319	-298	-599
-164.45285969615728	-650.0513851653261	-478.186327077748	-77.0475871313673	-9.3123324396783
-162	-652	-476	-79	-5
-158	-725	-357	-151	-382
-157	-210	86	-511	-453
-156.16865079365078	-741.172619047619	-5.58333333333333	40.00066137566138	-231.55555555555557
-156	-737	-9	40	-226
-154.0600014177616	-705.0898891973638	-367.72441869641284	-90.287307285885	-458.7103731738229
-154.0600014177616	-705.0898891973638	-367.7244186964128	-90.287307285885	-458.710373173823
-152.53488372093022	-518.6918604651163	-354.4236918604651	-422.5610465116279	-528.8415697674418
-152.50584904314886	-699.3530500153419	-369.0923307034805	-87.01326718988834	-452.38760614341425
-152.26150385202774	-701.1169557519638	-369.69734612182543	-85.25082980993979	-455.39654250168337
-151.63072183098592	-717.7134683098592	-308.29533450704224	-408.13424295774644	-132.8345070422535
-151	-466	-24	-611	-232
-150.97948509851662	-719.3960954055639	-313.577528292529	-412.3868524279724	-133.53307182469905
-148.60456586564078	-521.434125860158	-350.59035806736415	-420.6514548857373	-529.301561212118
-147.29624136644196	-514.9464578717909	-350.31580089208495	-422.5934408653106	-523.949396687557
-147	-730	37	-217	25
-145	-74	-719	-508	-103
-138.54859599218142	-548.7473103755144	-574.0456084033881	-509.37202631620767	-362.32334292116263
-138.31723608412264	-543.4073820816812	-578.0144720496187	-508.1496626231937	-360.17623731151787
-136.69418271771752	-737.6569673300947	-425.14646156499174	-355.89289876484156	-242.0441484237216
-136.64911732975887	-731.064128042256	-426.4614054871114	-360.0057917315733	-237.97701310558125
-136.43591103001927	-730.7880232066477	-426.54500447340723	-359.5403389170718	-237.98951402868386
-135	-629	-453	-402	-332
-134.89899586532783	-732.0752116558378	-423.146288639496	-357.03484937979914	-236.13309706635164
-134.20922196091303	-610.8392535605743	-231.349611313329	-133.77464688423623	-490.61787943204223
-134	-262	-328	-187	-591
-133.85945945945946	-519.9351351351352	-496.8081081081081	-40.65945945945944	-582.3783783783784
-133.76132581638558	-542.3191003989889	-576.2733434849613	-510.11767014400095	-358.9317542082017
-133	-606	-233	-131	-486
-131.16084687410026	-561.9037757348915	-407.8957222395692	-539.9376442106885	-452.74469689903935
-131.11392305936707	-566.8641653950873	-415.8874544994625	-544.2495374220206	-457.91074743650347
-131.113923059367	-566.8641653950872	-415.88745449946254	-544.2495374220207	-457.91074743650324
-131	-743	-76	-166	-79
-130	-517	-493	-41	-580
-130	-242	-246	-583	-422
-129	-705	-429	-341	-159
-129	-343	-604	-618	-198
-127.25395994240084	-705.1672121132784	-437.8313479076668	-290.5569228083955	-306.5206615176507
-126	-690	-163	-465	-515
-123	-707	-435	-288	-306
-121.29729729729728	-539.8918918918919	-426.7432432432432	-472.35135135135135	-523.4594594594595
-113	-669	-339	-56	-470
-100	-574	-279	196	-506
-100	183	-738	-373	189
-97	-584	-382	-439	-362
-88.6	-631.4666666666667	-591.6666666666667	-424.33333333333337	-101.60000000000002
-87	-630	-592	-425	-100
-86.13873568095039	-630.5659736953755	-589.0470937632583	-424.72422571064914	-101.09206618582945
-82.07745445711701	-643.2061429909858	-145.86354799381033	-374.1791936365217	-608.2187969507086
-82	-560	-348	55	-462
-80.35474860335195	-678.963687150838	-549.1368715083798	150.15363128491623	-402.35474860335194
-80.16	-309.2	-299.26666666666665	-446.16	-558.68
-80	-679	-549	150	-402
-80	-310	-303	-446	-559
-79	-448	-229	-583	-348
-75	223	334	-697	148
-72.01038677053437	-432.289872898729	-681.7359573595736	-395.08582752494186	-224.77190105234388
-71.68038740920097	-42.474576271186436	-27.174334140435832	-692.363196125908	-52.03631961259079
-70.28866371409956	-430.29678623126864	-682.7940470365742	-392.26083826202466	-224.66126517584843
-70.13956037330672	-35.31843967128863	-23.65242449906762	-692.3901974472917	-50.62114699396028
-70	-429	-682	-394	-221
-68	-539	-85	-118	-639
-67.35435021323322	-614.4595367603872	-455.34132638729284	-493.432339947394	-366.78536224111957
-65	-579	-554	-35	-414
-64.56873315363882	-368.7601078167116	-179.65498652291106	-596.5849056603773	-276.70350404312666
-61.42754912049345	-612.302165798074	-456.7267153319915	-493.1283629922234	-363.4828754990509
-59	-295	-650	-547	-165
-58	-459	-675	193	30
-57.778666666666666	-534.2053333333334	-162.36733333333336	-258.4013333333333	-595.7386666666666
-50.84288162798557	-708.8337811714052	-558.2469211734434	172.48462080198567	-312.71889488203186
-50	-525	-154	-259	-595
-48.09719861401674	-412.8815049686193	-25.774140298117157	-345.20402937587164	-646.9100363929568
-47.02307009760426	-283.69476486246674	-281.8612836438923	-423.7054125998225	-581.2564330079858
-47	-701	-553	172	-309
-46	-91	-730	-433	-32
-42	-527	-692	-118	-187
-31	-534	-504	34	-509
-31	-330	-717	-86	-178
-28.765133171912822	-709.4769975786926	-175.4455205811138	-390.0217917675544	-445.8668280871671
-26	-636	-328	-451	-21
-25.379999999999967	-707.4854545454546	-174.32727272727274	-389.2963636363637	-446.29636363636365
-19.044176706827276	-688.3654618473896	-189.16465863453814	-323.77108433734935	-512.6987951807229
-17.702345312315053	-685.8320061678312	-182.85084752804647	-320.57862338523626	-520.2253351426057
-17.352756259122042	-498.53834063096446	-130.4694060851016	-237.94229257887056	-615.61726731784
-17.201117318435763	-172.27623703112533	-96.95780127693534	-631.5151636073424	-49.21458499600956
-17	-683	-185	-321	-515
-16.98058390895506	-683.7476556447666	-183.63338595234467	-321.1052326203295	-513.4736197233774
-16.339265850945495	-683.5739710789767	-183.38264738598443	-321.1078976640712	-513.3837597330368
-11.54740002555256	-380.1805289382905	-0.5877730931391356	-320.35850261913885	-661.1481410502107
-10	-431	-722	-50	-101
-6.30057163757228	-379.7543618401725	2.056188419915926	-318.96885226359683	-662.3472422101361
-1.0300230946882252	-124.82217090069284	-689.0831408775981	-377.7713625866051	-21.487297921478046
16	-537	-509	-352	-401
20.240249124172834	-670.4660179058	-439.4038147138964	-382.0985597508759	-127.43697936940444
21	-666	-438	-384	-123
21.6875	-105.375	-714.5	-441.46875	-60.875
22	-106	-714	-442	-60
28	-715	-395	191	-425
29.199561403508774	-717.9317738791423	-393.2663255360624	188.17068713450294	-427.9834307992203
31	-58	-722	-369	-74
35.561728395061735	-100.37191358024688	-661.4367283950617	-621.75	-95.79938271604941
36.33333333333334	-617.6666666666666	-406	-177	-364
36.992988818765085	-96.75376199645095	-658.1679557034216	-621.9311646466846	-96.0386538532029
38	-618	-403	-179	-362
42	-94	-655	-623	-95
49	-542	-165	-184	-524
82	-192	-702	-335	-79
85	-161	-131	-745	26
97.9463109245106	-466.08115259572554	-299.8562228277242	-585.0421251149966	-271.5572830453092
98.09676835837115	-466.0686304723896	-299.31052755127854	-584.8314272743924	-272.0737972267517
99.33785667864498	-467.9491670647619	-298.71139389501855	-583.836863999456	-270.9136506965333
99.590600476178	-468.9634620957976	-296.27565579717145	-583.0140145788766	-274.2067700387251
100.01221505303225	-467.3937881453444	-298.0076958046241	-583.7752758183267	-272.3562585671001
100.05213798721766	-471.5073076587368	-297.0850733675359	-584.2577707519081	-275.64285090824455
104.2923514647136	-721.899491139128	-58.3411660522832	-28.134238446105314	-438.6922969308139
105.97103923030488	-731.3248847411135	-59.98589287606276	-32.74806054991832	-444.42931711722053
109.9333644650155	-725.9903999217705	-52.28269258086044	-28.881503217111785	-445.7608860397422
112.72288186143558	-544.3211744506576	-188.22662207427584	-579.3207765398331	-202.72054034609414
115	-547	-187	-577	-206
126	-539	-181	14	-567
159	-697	-212	-48	-487
163	-748	-139	-137	-298
197.9721659519613	-175.60443029649318	12.579332298545147	-639.925784641288	-74.44405566809607
203	-173	12	-635	-68
206	-241	133	-215	-779
242	-85	206	-746	106
250	-140	309	-219	-694
257	-632	-234	-478	-279
294	-730	44	-376	-360
320	-727	65	-380	-11
353	-141	-426	-678	60
