-700.9398628800018	325.55964052287584	-9.831881397602565
-700.9398628800018	325.94665078214075	-10.46569934592975
-700.46875	325.75223667199367	-10.782944057388093
-700.4061554467328	325.726405783283	-10.825094870564847
-700.4061554467328	326.97289265332404	-11.231351099732322
-700.1330657488625	325.6137098820341	-11.008991906881882
-700.1330657488625	325.8445175005162	-11.23135109973233
-700.0453857791225	325.5775269967462	-11.06803509564108
-700.0453857791225	327.0681950424764	-11.231351099732343
-700.0020424836601	325.55964052287584	-11.097222222222229
-699.8780584385182	325.55964052287584	-11.115561898834592
-698.9868824491739	326.29309498288916	-11.80179495108969
-698.9868824491737	326.29309498288904	-11.801794951089711
-698.3714566649794	325.8859920789639	-11.795104684729083
-698.214752957379	325.8859920789639	-11.841228442325026
-698.1471868142297	325.8859920789639	-11.861115683386743
-698.042167507613	325.88599207896397	-11.892026790184808
-698.0421675076129	325.8859920789639	-11.892026790184822
-697.9644747073751	325.8859323269016	-11.231351099732336
-697.8258836586032	325.5775269967462	-11.795104684729068
-697.7938252536594	325.5775269967462	-11.804568827555038
-697.5633932262265	325.55964052287584	-11.795104684729075
-697.5528581740303	325.55964052287584	-11.80179495108974
-697.5528581740303	325.5775269967462	-11.841228442325033
-697.5160652150487	325.55964052287584	-11.80456882755503
-697.5051948270718	325.55964052287584	-11.861115683386743
-697.4439477761869	325.6133025239603	-11.892026790184822
-697.436418256083	325.55964052287584	-11.892026790184829
-631.78799399761	69.85867803689698	169.56457045738452
-631.78799399761	71.07564111575988	159.8296287014483
-631.7095360220524	71.10625967354127	159.72145522388058
-631.5204212167089	71.1800625285544	159.4607142857143
-631.4856281513967	71.19364066988521	159.41274354923644
-631.2562916511677	71.07564111575994	159.367451989705
-631.186266200337	71.31046794118421	159
-630.368436890418	69.85867803689698	160.18452523899145
-630.0387816275475	71.7582786633623	157.4179123178792
-630	75	157
-629.5964885081974	70.9949928494494	159.72145522388058
-629.5964885081974	71.81182899887602	157
-629	-280.7164179104478	160.7910447761194
-628.0250000000001	-281.4717988221125	159.8296287014483
-628.0250000000001	-281.4585820895522	159.7214552238807
-628.0250000000001	-281.45858208955184	159.72145522388058
-628.0250000000001	71.07564111575994	157.4179123178792
-628.025	-283.5693064182195	164.16376811594202
-628.025	-282.1088300510229	160.7910447761194
-628.025	-281.524345244331	159.8296287014483
-628.025	-281.45858208955224	159.72145522388058
-628.025	-280.9107142857143	159.4607142857143
-628.025	69.85867803689698	159.03117629281797
-628.025	71.07564111575988	157.41791231787926
-628.0249999999999	-282.19479937670434	161.69932476301778
-628.0249999999999	-281.52434524433113	159.8296287014483
-628.0249999999999	-281.45858208955235	159.72145522388044
-628.0249999999999	-281.45858208955224	159.7214552238803
-627.0000000000002	-282.7071866957035	159.367451989705
-627	-282.922399980926	159.72145522388058
-627	-282.7638847232184	159.4607142857143
-627	-282.70718669570385	159.367451989705
-626.4642443391258	-283.5414073317438	159.72145522388058
-626.4642443391258	-283.499842022117	159.41274354923644
-626.3961808891504	-283.5414073317438	159.42033013509712
-625.7194432923727	-283.52356505596435	159.367451989705
-625.6378902557663	-284.26980486781997	164.65022300329497
-625.3558416894228	-284.1767265958904	159.53628991477032
-625.2573939438697	-284.2368471308833	159.5472632385542
-625.2034254470768	-284.26980486781997	159.55327875253175
-624.393644917056	-283.7688694577836	159.367451989705
-624.2368615193025	-284.580924950241	162.2792011651175
-623.595976018388	-284.2368471308833	159.4366828063335
-622.0298475802551	-284.1767265958904	159.41274354923644
-621.468828532944	-284.1723963888747	159.367451989705
-621.4486122784015	-284.2368471308833	159.41274354923644
-621.4444209392814	-284.26980486781997	159.4366828063335
-621.4330144066012	-284.26980486781997	159.41274354923644
-619	33.200841300174915	63.00523336505587
-617	33.20084130017494	57.34399535933156
-617	33.312669855419074	57.0215240787042
-616.2722589271672	33.57822085889529	54.86310366525075
-615.6796263820391	33.20084130017483	54.92868115798541
-611.5156084586068	30	57.351603853482956
-600.5850172498767	156.47426830872072	-70.08404363079038
-600.5850172498767	162.61271472637816	-70.61696426451641
-600.3016565367656	156.23706352043854	-70.34348706947924
-599.8085757829365	161.3156858029637	-72.49920550391272
-599.1601942512624	157.13063031280817	-71.52398523985241
-598.8596727225085	158.0213516613263	-72.00018030475692
-598.85425587815	161.3156858029637	-73.14355169381486
-598.7787841240108	158.26109888287283	-72.12835332308074
-598.6682954177812	159.15415379960692	-72.49920550391272
-598.6336761574986	158.6911870837028	-72.35828592663813
-597	122.082477252715	9.641326680363953
-594.6786854718513	122.08247725271501	5.8420427233464665
-594.6786854718513	122.08247725271504	5.842042723346452
-594.1180051948052	123.00000000000001	4.173516883116882
-594.1180051948052	123.00000000000006	4.173516883116783
-593.8440811735919	123.448261746989	3.358347656794379
-593.8440811735919	132.65269601347234	2.3672099712368038
-593.5217918277718	123.97567071445872	2.3992482849302803
-593.5110258868648	123.99328859060401	2.3672099712368038
-586.8974113135187	125.8391658676893	2.3672099712367967
-579.8305804624823	-288.7989617744219	376.1000471920717
-570.710364951552	-172.86503452878944	147.30883144989036
-570.474771078854	-172.88540503611785	156.74902640241837
-570.474771078854	-172.37637879663447	146.47232763525616
-570.474771078854	-172.37637879663438	146.472327635256
-570.4474819741596	-172.31977725058576	146.37543445245208
-570.350426570389	-172.1184703199514	146.0308278013742
-570.350426570389	-172.11847031995134	146.03082780137407
-570.1256319843545	-172.25366389273114	146
-570.1155416452582	-171.63128504748425	145.19684118864143
-570.1155416452582	-171.6312850474842	145.19684118864132
-569.9946061143994	-174.17371903377028	148.33111040568556
-569.9455388180766	-171.31981460023178	144.64571263035933
-569.9455388180766	-171.31981460023175	144.6457126303592
-569.9455388180764	-171.31981460023175	144.64571263035918
-569	-171.63128504748425	144.64571263035918
-567.7140111736746	-175.9294989602403	148.57627950525202
-567.5014410401722	-171.3042236951021	143
-567.4779713977281	-171.31981460023175	143
-566.7593382923842	-177.10918565795416	152.3802773016722
-566.6854838709678	208.2756598240468	-148.11253665689134
-566.6854838709678	208.2756598240469	-148.11253665689148
-566.236303603026	-177.10918565795416	148.83778422410245
-566.1021720860796	-177.2162658201113	148.86152100756675
-565.3772859168695	-169.36844095369244	141.19758294202705
-564.7951620224367	-175.9294989602403	146
-564	212	-149
-562.9168399168399	210.46153846153848	-148.84823284823284
-561.325596682657	208.27565982404693	-149.29393375530955
-561.2413740669581	208.2756598240469	-149.44254184409908
-561.0509419846289	210.46153846153845	-150.76399374277358
-561.0001400013209	-170.98399481219462	141.19758294202705
-560.810456216927	-171.3042236951021	141.19758294202705
-560.7932627069317	-175.67561359977603	145.19684118864143
-560.7932627069317	-174.94518283705443	144.64571263035933
-560.7932627069317	-172.25366389273114	144.64571263035918
-560.7932627069317	-171.31981460023175	141.19758294202705
-559.0705010397597	-175.92949896024032	147.70896729052248
-558.5461939941584	-178.77144717141414	146
-558.5461939941584	-177.10918565795416	144.64571263035918
-558.5461939941584	-172.1184703199514	143
-558.5461939941583	-178.78540005652107	146
-558.3834006999551	-172.37637879663438	143
-558.0335957911949	-175.9294989602403	143
-555.5	-4	115.11111111111111
-554.0390567705607	-177.49999034222444	144.64571263035918
-553	-212.90551133071034	57.171744898892854
-553	-210.84238817295542	54.86310366525137
-553	-210.62581391983792	44.95760381999712
-552.9084321475626	-210.80830039525694	44.877470355731234
-552.9084321475625	-212.89926686893253	55.788661570635014
-547.2055888003179	-210.39810541656544	44.87747035573122
-542.9644115256074	60.43469424622888	-104.89183452262668
-541	-91.80208023774145	-11.513224368499266
-541	-85.91866359447005	-83.5140552995392
-540.92360676268	-94.32382939452361	-1.5680513920449641
-540.92360676268	-92.24763556482662	-11.285588412895322
-540.92360676268	-88.72573575453976	-13
-540.92360676268	-86.07568044730564	-83.69637227828288
-540.6823799794831	-92.45639644148258	-11.513224368499266
-540.3345388788426	-94.17600964436406	-10.720916214587106
-540	-87.3699287961583	-85.39311144229177
-539.9976279783891	-88.72573575453976	-79.64598886062646
-538.9710682492582	-90.433234421365	-13.000000000000014
-538.9710682492582	-88.0820547673327	-86.87905279718004
-538.8974250738709	-88.10540312368087	-86.98231321232589
-533.4822758754024	-98	-11.48932685855955
-526	-336.1812193627451	4.475949754901961
-524.0179784258889	-339.64509518296677	7.261468273176476
-524.0179784258889	-338.86016779864167	4.360367558929283
-523.8895800933126	-340.13530326594093	7.163297045101075
-523.6640446259729	-339.64509518296677	5.144226316977253
-523.1438719747216	-338.9495844177651	3.5795454545454106
-523.0890114097557	-340.8666666666667	8.006018837583298
-522.9345175906268	-338.97100030046386	3.3925332999816646
-522.9345175906263	-338.9710003004639	3.3925332999812667
-522.8936902007383	-338.9751767336278	3.3560629954247645
-522.8936902007379	-339	3.3925332999812525
-522.8936902007379	-338.9751767336278	3.356062995424395
-514.418918918919	-342.2432432432432	164.56756756756755
-513	-343	165.16666666666669
-511.4019062748213	-215.81493248610008	-124.37648927720416
-511.15224191866525	-215.40926940740576	-125.00000000000001
-511.0660952548175	-215.2692953982449	-125.21514231934891
-509.85714285714283	-4.357142857142861	-233.42857142857142
-509.44084539398114	-344	166.7815299793246
-507	-213.98465173950197	-125.21514231934893
-507	-38.18901728925917	-168.18928603422017
-507	1	-237
-506.7692467628421	-38.63648440804559	-168.18928603422017
-506.7450980392157	-38.70588235294116	-168.16339869281046
-506.2094240837697	-213.72251308900525	-127.06282722513087
-505.9633507853403	-5.2146596858638645	-236.17277486910996
-504.8528233297827	-3.655119026976166	-238.5291591320072
-503.4658679927668	-4.357142857142861	-238.5291591320072
-493.25114512875285	84.64096356947906	-296.9837901981725
-492	-451.70537095535855	213.914802308659
-492	-450.78088716880023	213.78788329860078
-489.6860403397028	-453.41666666666663	207.69506369426745
-489.68604033970274	-453.41666666666663	207.6950636942674
-480.1666666666667	-340.8666666666667	-25.03333333333333
-476.3235247081401	-337.8250439788901	-28.000000000000007
-467.62025316455697	-65.17721518987341	-173.75316455696205
-458	-443.6219512195122	141.9390243902439
-458	-443.595219123506	141.0390438247012
-456.94594594594594	-448.64864864864865	137.95495495495493
-456	-360	-21
-452.42857142857144	-102	-270.85714285714283
-449.35087719298247	-461.5964912280702	-62.40350877192982
-449.03398058252424	-465.32645631067965	-64.42718446601941
-449.030303030303	-465.6010285335104	-64.50825315195762
-448.91090342679126	-466.13767310184875	-64.84243041817317
-448.89523306983807	-466.16618663923657	-64.58803696214774
-448.83885743943455	-466.1661866392366	-64.6389759155242
-448.81763527054113	-466.10276522414836	-65.31070703885987
-448.8166666666667	-466.09999999999997	-65.31666666666666
-448.81666666666666	-466.1	-65.31666666666666
-448.79295970810495	-466.1211302211302	-65.31245328693463
-448.77474651004707	-466.16618663923657	-65.21717769585689
-448.7726145495236	-466.1392640403054	-65.30883739168644
-448.74240885819165	-466.16618663923657	-65.30346900808215
-448.6832923832924	-466.1211302211302	-65.31666666666666
-448.6653088897326	-466.1392640403054	-65.31666666666666
-448.65882065901326	-466.1421039114467	-65.31666666666666
-448.65291159494825	-466.16618663923657	-65.31666666666666
-448.3497757847534	-466.27354260089686	-65.14798206278026
-446.7692307692308	-101.65384615384616	-271.8269230769231
-436.15315001740345	-151.4504002784546	-161.68290985033065
-428.7231002480934	296.4947602162822	-386
-428.7231002480934	296.6119214602958	-392.22972163252547
-428.69052284316746	296	-382.22679849037524
-428.69052284316746	296.423258690869	-386
-428.69052284316746	296.5951582744364	-392.2498942799155
-428.6905228431674	296.14379528342306	-383.3674207882918
-428.6905228431674	296.4947602162822	-392.0429650173441
-427.53389830508473	296	-392.96610169491527
-427.5	296	-393
-427	-145	-163
-421	-231	-103
-411.0416399743755	-211.6060217809098	-224.44907110826404
-411.04163997437547	-211.6060217809098	-224.44907110826415
-410.2653764410382	-210.6328331293875	-226
-410.1477050700398	-210.4853104931349	-226.2351004796361
-408.38416621887876	-207.99423249149203	-230
-408.3841662188787	-207.994232491492	-230.00000000000003
-407.56446049078	-205.03156655429424	-231.18234203205722
-402.72569444444446	-412.52083333333337	-88.86458333333334
-401.73719228210246	-413.31337325349307	-89
-397.00624824154625	-211.60602178090969	-226.2351004796361
-396.91679744576953	-208.63369330453565	-230
-396	-476.7945331342598	148.54760537498566
-396	-415	-84
-396	-224	-133
-394.8502116746008	-486.0861675734736	261.39087060461804
-394.8502116746008	-484.90272558644335	261.31505799757684
-394.8502116746008	-477.96604423208674	148.5359846821368
-394.8502116746008	-477.9660442320867	148.53598468213676
-394.7815851947546	-477.6553769632327	148.33879859681142
-393	-488.95154442980527	261.72727272727275
-393	-488.30894427476017	261.39087060461804
-393	-486.0861675734736	261.1835051867564
-393	-483	260
-392	-490.5002195871761	261.9090909090909
-390.1002796644027	-493.44226927686776	262.25449460647224
-389.85124183544247	-477.96604423208674	148.33879859681144
-389.85124183544235	-477.96604423208663	148.33879859681142
-389.713610795216	-493.48182352447316	261.9090909090909
-389.52030183255476	-493.3776500179663	261.72727272727275
-389.4676306680087	-493.2553457884271	261.67080745341616
-387	9	-283
-386	-510.3902140480823	53.784006025987054
-386	-504.26325719697786	53.24811213525095
-386	-502.7465879571725	52.50547026402958
-385.3500332520506	-510.62159166481933	51.39259587674576
-385.35003325205054	-510.6215916648193	51.39259587674567
-385.2301897836554	-510.4805830356547	51.18067954696869
-385.02268789617193	-510.2364349223287	50.813758937892715
-384.6896551724138	-516	56.913793103448256
-383.9687272340368	-508.9963377342943	48.95006558655649
-383.9661845115347	-508.99334594993456	48.94556935136325
-383.7606007149425	-508.75145467522316	48.58204045638979
-383.43801652892563	-516	56.74380165289256
-382.8407253494522	-516	56.16652814506989
-382.4985105838434	-510	48.94556935136325
-382.46775203506576	-516	55.666875391358815
-382.2918454935623	99.67811158798283	-354.1845493562232
-379.97709320695105	-47.69668246445498	-334.34044233807265
-375	-259	-145
-374.2397403484031	-510.62159166481933	48.94556935136325
-373.58828335919964	-510	48.58204045638979
-371.29906542056096	-395.6168224299066	-180.02803738317746
-371.29906542056074	-395.6168224299065	-180.02803738317758
-371	-244	-196
-370.8211382113821	-394.2682926829268	-180.5447154471545
-370.7768377613902	-510.60415773428133	48.58204045638979
-369.9205397301349	-395.9505247376312	-181
-369.9205397301348	-395.9505247376312	-181.00000000000009
-369.6525416001824	-395.1495687017864	-181.23163893321174
-369.43923967277067	-396.10585821746065	-181.23163893321174
-369.3962083484296	-395.10459795586485	-181.4025277677136
-369.0794737053983	-396.2227821568567	-181.4025277677136
-368.85820895522386	-45.492537313432834	-338.9776119402985
-368.77917930766176	-395.0110583272692	-181.76526993531377
-368.31580598413484	-396.4709741662673	-181.76526993531374
-368.3158059841347	-396.4709741662673	-181.76526993531377
-368.3158059841347	-396.2227821568567	-181.82685982296601
-367.950495049505	204.6138613861386	-427.5940594059406
-367.752688172043	205.62150537634403	-428.1612903225806
-367.64912280701753	206.0771929824561	-428.36842105263156
-367.39784946236557	207.18279569892474	-428.8709677419355
-367	-244	-249
-367	198.14285714285717	-423.0571428571429
-366.2672917364289	200.5984670908211	-426.0600885515496
-366.2582514044944	-396.1284527153558	-182.16081460674155
-365.5494966866448	198.8861188998928	-425.4059330628804
-365.5494966866447	198.88611889989272	-425.40593306288037
-364.3725490196079	196.0784313725491	-424.33333333333326
-364.37254901960785	196.078431372549	-424.33333333333337
-364.37254901960785	198	-425.40593306288037
-364.3725490196078	196.07843137254895	-424.33333333333337
-363.41148325358853	202.58373205741628	-428.3684210526316
-363.1290322580645	202	-428.1612903225806
-362.76007439553626	-125.85244885306881	-333.92498450092995
-361.1020408163265	-516.0816326530612	139.18367346938777
-360.2637571157495	196.07843137254906	-426.0600885515496
-359.52541519879213	145.83493101988321	-466.40692077871245
-359.52541519879213	147.53346753900354	-475.32762959235026
-359	-161	-252
-358	-166.58879475703324	-249.6230019181586
-342	78	-406
-335	-244	-305
-317.15201159522144	-77.92051844957422	-353.0275383511876
-317.1520115952214	-210.37341883345047	-308.22114371047087
-317	-78.10967931327691	-353.26048710369685
-316.5869774464471	-623.9121826932151	179.6540152873455
-315.55545268801507	-624.6250920502273	179.83912215470696
-315.1582388527252	-205.62214941587274	-308.30600221292985
-315.01298985102227	-625	179.93646697905066
-314.32044079515987	-81.2373595505618	-357.0800561797753
-312.3121656837054	-624.6250920502273	179.6540152873455
-310.55525172912985	156.20556538523408	-493.05452790735086
-310.5552517291298	153.7903595342913	-480.0309846889467
-310.5552517291298	156.20556538523402	-493.05452790735086
-310	-486	5
-309.06626102200556	152.56720593129486	-489.9312460562088
-308.9733247699987	152.46463624126778	-489.8924299031935
-308.79321744694465	151.99999999999997	-481.60019195904874
-308.55232758458675	152	-489.71659441580164
-308.452766568823	151.7505151700417	-481.86872671310323
-308.41761464201346	151.7505151700417	-489.47503198340803
-307.08620689655174	7.451149425287355	-426.66666666666663
-306.9418103448276	7.645474137931018	-427
-306.8257475236027	7.8016681336591205	-427.26792611466846
-306.61691810344826	8.082704741379303	-427.75
-306.27006627869685	152.7975194755192	-492.00504454762205
-306.0396519211922	151.75051517004167	-482.37221396731053
-303.0010108872313	7.451149425287383	-427.2679261146685
-301.5751537342007	152.56720593129486	-492.00504454762205
-301.2685788787484	-150.22294654498046	-340.73663624511084
-301.25	152	-491.62001221375357
-301.096284701071	152.79751947551924	-493.05452790735086
-300.713824619391	-148.14226512419873	-342
-300.3135148701217	152	-492.00504454762205
-299.7954760890053	152.46463624126778	-493.05452790735086
-299.5561497326204	-461.27807486631025	-219.77540106951847
-299.5561497326204	-461.2780748663102	-219.77540106951872
-299.55015644704764	-461.26974134541854	-219.7887004555991
-299.5427364275785	-461.29742540664597	-219.74974978968714
-299.5427364275785	-461.2974254066459	-219.7497497896872
-299.3206346358882	-461.6178378378379	-219.32500770024876
-299.09299694992626	-461.9462365591398	-218.88967890062688
-299.055729492799	-462	-218.81840951784596
-299.0322462777177	-461.6178378378378	-219.43823760818256
-299	-149.21052631578948	-342
-298.11256863941423	-462	-218.85509456985966
-298.06584364503306	-461.61783783783784	-219.43823760818253
-297.86736070763726	-460.9581275122426	-220.56514934133295
-297.75160766554876	-461.9462365591397	-219.34756097560978
-296.8	-461.6397658553651	-219.77540106951875
-296.8	-460.8	-221
-296.5315629627147	-460.84785660295864	-221
-296.0447552447552	-460.6881118881119	-221.30769230769232
-296.0243902439024	-462	-219.34756097560978
-296	-122	-400
-296	-14.069252077562325	-444.78393351800554
-295.9402045633359	-461.9462365591397	-219.43823760818256
-295.8998998998999	-459.7527527527527	-221.37037037037038
-295.890909090909	-460.6653198653199	-221.37037037037038
-295.8387096774194	-461.61783783783784	-219.7887004555991
-295.78653846153844	-151.5903846153846	-334.87115384615385
-295.13284464462305	-149.21052631578948	-342.3914967288218
-295.03296703296706	-460.87350946925415	-221
-294.975	-13.95	-446.55
-294.89596083231334	-14.06925207756234	-446.5077841482531
-294.89396113212473	-461.27807486631025	-220.56514934133295
-294.87977267477453	-460.9216677388721	-220.56514934133298
-294.6666666666667	-460.77777777777777	-221.37037037037038
-294.58252818035425	-460.79043018173456	-221.37037037037038
-294.55	-460.85714285714283	-221.39999999999998
-294.51530612244903	-461.0209093478835	-221
-294.51530612244903	-460.89751474878676	-221.30769230769232
-294.4780311962879	-460.9216677388721	-221.0736590551366
-294.4279018472567	-460.9216677388721	-221.37037037037038
-292.4786950732357	-150.47669773635153	-341.1624500665779
-292.2647615937296	-149.60740801219245	-341.90831700413673
-290.94520641495444	-150.07586429428522	-341.51192740780124
-290.2789657667396	-150.22663516776652	-341.75564234219314
-290.18326530612245	-27.04734693877552	-473.88
-289.3594857203587	-27.709601115565988	-474.00858689420227
-289.3594857203585	-27.736404374844284	-469.4976824329201
-289.3594857203585	-27.7096011155661	-474.00858689420227
-288.8608174286298	-151.21666025067367	-342
-288.86081742862973	-28.110491310877507	-474.08642592782087
-288.8608174286296	-28.110491310877563	-474.08642592782087
-288.6520966164273	-28.278286473628498	-474.1190059546391
-288.65209661642723	-28.278286473628526	-474.1190059546391
-288.24533283288713	-151.40932366616346	-342
-288.24533283288713	-28.605292652552947	-474.1824992634116
-288.24533283288696	-28.60529265255306	-474.1824992634116
-288.2182471017275	-28.627067456034183	-474.18672717838695
-288.2182471017273	-28.627067456034382	-474.18672717838695
-288.14772042518473	-28.683765372470532	-474.1977359560403
-288	-151.45454545454544	-339.61739699149774
-287.9950936492471	-29.610426378268414	-473.28089606667834
-287.9406212275912	-29.177443673412398	-473.847242286623
-287.76848947158066	-30.126384644446176	-472.7413426390891
-287.0102721598382	-27.474162142135725	-475.32762959235026
-286.8900634965199	-27.705059152219405	-475.32762959235026
-286.703399843882	-28.278286473628526	-475.1388888888889
-283.91062857041965	-28.468718149292727	-476.1873278236915
-283.81683423111383	-28.5577195546428	-476.1873278236915
-283.0258214087727	-28.57368034618048	-476.1873278236915
-282.842588893328	-528.7798641630044	-43.24410707151418
-282.842588893328	-526.7078772895541	-44.07647613787279
-281.9263651339003	-528.6847407878956	-44.07647613787279
-281.06669779991694	-28.605292652552947	-475.1388888888889
-280.95879627973295	-28.68376537247056	-476.1873278236915
-280.1873327530717	-284.89890177609544	-283.0255931376187
-279.79324055666007	-292.6202783300199	-287.2007952286282
-279.79324055666	-292.62027833002	-287.2007952286282
-276.72125	-528.845	145.31437499999998
-275.9714417319209	-529.2701520036849	145.00000000000006
-275.9714417319208	-529.2701520036849	145
-274.1036442479671	-29.610426378268414	-475.03808763611636
-273.6170592864527	-531.081081081081	150.04535395081425
-273.413930826542	-531.081081081081	144.3281402259171
-272.47297297297297	-531.081081081081	116.1891891891892
-270	-185.75520286097108	-316.07608852816145
-269.1461279851611	-186.89276605610945	-316.0579642939949
-268.82967915437195	-188	-314.9158854069398
-268.7392727080804	-185.33994827677205	-317
-267.47654346376817	-191	-309.96130416916304
-267.3307647648704	-184.41104132580352	-318
-266.14285714285717	-342.2	-224.37142857142857
-264.53821765417524	-531.1214829902663	147.7599895759922
-263.5875573394495	-2.6029243119265963	-477
-263.50836808142407	-180.5012741504757	-318.6829755046266
-261.9268292682927	-534.9972899728998	146.25338753387533
-261.3257142857143	-397.0285714285714	-232.49142857142857
-259.2647615937296	-2.607408012192465	-476.90831700413673
-257.94520641495444	-3.0758642942852354	-476.5119274078012
-257.2789657667396	-3.226635167766517	-476.75564234219314
-256.62283627124026	-3.7106558678735837	-477
-251.66666666666663	-391.33333333333337	-233
-249.38102189781023	-414.50072992700734	-243.6705596107056
-247.99444003177126	-271.12311358220813	-366.4019062748213
-244.32432412734704	-410.52195089446536	-245.9602191445367
-243.98745790985757	-410.38859296460237	-249
-243	-595	142
-240.10204081632654	-628.0816326530612	217.18367346938774
-238.63516318827706	-436.0419809314797	-238.4906956779159
-238.63516318827706	-435.92046236678516	-238.60625
-238.34752747252745	-436.5501373626374	-238.43956043956044
-238.3475274725274	-436.55013736263743	-238.4395604395604
-237.56101190476193	-286.11607142857144	-376.6532738095238
-237.5610119047619	-286.11607142857144	-376.65327380952385
-237.3085106382979	-614.1702127659574	155.25531914893617
-236.91028446389498	-553.5302698760029	79.82640408460978
-236.63772691397	-287.6574585635359	-372.44909234412
-236.60493827160496	-287.06995884773664	-375.0781893004115
-235.29588014981272	-288.00535045478864	-373.2653825575174
-225.86356821589206	-363.44377811094455	-258.04572713643176
-225.35206611570248	-364	-257.7719008264463
-224.44462809917354	-365	-257.23305785123966
-220.9986577181208	-39.08322147651007	-408.4241610738255
-213.49025487256378	-633.4602698650675	280.96101949025484
-210.9928258967629	-636	281.5917760279965
-208	-79	-407
-203.3134328358209	-72.7910447761194	-419.7910447761194
-203	-79	-423.4411170902955
-202.61321543792567	-79.1090930816107	-423.7317481180547
-201.04047896577302	-228.33199109886615	-395.00815937268203
-198.9403661547407	-636.4741282182605	280.2354642850557
-196	-105	-424
-194.90476190476198	-667.6666666666666	184.66666666666669
-194.9047619047619	-667.6666666666667	184.66666666666669
-193.32432432432432	-403.1081081081081	-266.3963963963964
-193.18573551263003	43.95616641901931	-482.3722139673105
-193.18573551263	43.956166419019326	-482.37221396731053
-191.9255319148936	-502.51063829787233	-99.23404255319149
-191.74324324324326	-676.2702702702702	183.2972972972973
-191.74324324324323	-676.2702702702703	183.2972972972973
-190.87706146926539	43.397301349325346	-484
-189.38878987702728	43.01924790589912	-485
-186.0157802454705	-469.29222676797195	-310.8357685563998
-185.87789324667003	-470.1984784944498	-309.90106841308034
-185.84164119757725	-469.36401619010314	-310.989793942486
-185.83799147068905	-469.2800055042094	-311.0994029421962
-185.82582702271822	-470.42716009599485	-309.6396483298424
-185.82582702271822	-468.99999999999994	-311.4647269828617
-185.82582702271822	-468.8828427521857	-311.61047032201145
-185.8207372897522	-468.8828427521857	-311.61758240363497
-185.82021151586372	-468.87074030552293	-311.63337250293773
-185.54277988624233	-469.00000000000006	-311.63337250293773
-184	-25.18375039262905	-535.0898858758245
-183.79310344827587	-464.7241379310345	-312
-183.58119122257054	-557.7423197492163	53.81128526645767
-183.25213431822897	-25.820592176672488	-537.4565023575485
-183.15405147935252	-469.235343387439	-312.7556663644606
-183.04597701149427	-473	-308.0057471264368
-183	-27.530300384212364	-529.8209046454768
-183	-26.188470066518853	-537.9667405764966
-181.96251284124676	-27.70222110757397	-540.0662786472451
-181.591994003157	-28.557719554642794	-537.1392158628411
-181.591994003157	-28.117355062939268	-540.5491113621996
-181.51851851851853	-471.03703703703707	-310.9259259259259
-181.31278331822304	-468.9638329137031	-313.04074662764435
-181.22623487167874	-470.1984784944498	-311.2263722855107
-181.08191994572593	-28.557719554642794	-540.9347913379997
-181.0618210117134	-469.36401619010314	-312.65776430757063
-180.8677347775855	-29.177443673412405	-538.0718111867483
-180.64282524611673	-29.177443673412206	-540.9347913379999
-180.64282524611664	-29.177443673412398	-540.9347913379997
-180.51064179524738	-29.501662719396148	-540.744861460132
-180.49115523942993	-29.54945926650625	-540.7168618948148
-180.48819692618076	-29.52356828060406	-540.744861460132
-180.3992004101387	-29.610426378268397	-540.744861460132
-180.2278481012658	-579.2658227848101	130.74683544303798
-179.85611842892698	-30.12638464444617	-538.2046221034614
-179.81320927414606	-29.610426378268404	-539.0494886477878
-179.6209963437744	-30.12638464444619	-540.9818188418623
-178.65308329754586	-471.2333985462295	-312.7556663644606
-177.17034375354112	-30.1263846444462	-540.0202573404739
-177	-669	76
-169	-527.4197530864197	-111.80246913580248
-168.95631633375064	-618.1421052631579	39.647216023512726
-159	-493	-168
-156.21052631578948	-499.85991594956977	-198.90294176505904
-156.05427463782902	-499.893899204244	-199
-153.30551475012035	-432.273097826087	-336.85755128950746
-153.25925925925927	-432.1604938271605	-337.0246913580247
-150.51038961038964	-431.43116883116886	-338.6142857142857
-149.63928571428573	-431.55357142857144	-338.6142857142857
-147.84658917100032	-118.4515142245335	-490.86555521566225
-147.8465891710003	-118.45151422453345	-490.8655552156623
-146.53093289689036	204.83905318137354	-571.9762474738509
-146.53093289689033	207.08517184942716	-574
-146.01790249467084	206.63049744776146	-574
-145.51612903225805	204.12581247149842	-572.3549756399162
-145.51612903225805	206.60322580645163	-574
-145.3568532756271	203.98782932140807	-572.3869001426312
-145.3568532756271	204.01386773253498	-572.4144178802445
-145.3535980148884	204.01157981803152	-572.4156327543425
-145.35359801488835	204.0115798180314	-572.4156327543425
-145.3535980148883	204.01157981803132	-572.4156327543424
-145.33384494576146	203.98782932140807	-572.4099055211075
-145.32240161442883	206.07531701157174	-574
-145.2319888589952	203.8653606240489	-572.3803732210093
-143.7824816158054	206.79879789309015	-575.0035576067883
-143.6203353454339	203.98782932140807	-572.4156327543424
-143.24325584689038	206.63049744776146	-575.0035576067883
-142.9237285478738	203.61262657002158	-568.8698138148865
-142.2833085422863	203.8653606240489	-572.4156327543425
-140.375	164.25	-544.6388888888889
-140.32647772432995	206.07531701157174	-575.0035576067883
-139.24417639572843	203.61262657002158	-574
-126.21710462613885	-299.45666059676586	-473
-126.00000000000001	-303.5721661581788	-471.9992959399202
-125.40816326530614	-506.3265306122449	-126.26530612244898
-123.33253032779834	-307.64002727669595	-469.9372604127831
-122.81213230806776	-304.6982546075918	-473.00000000000006
-121.81425778689905	-293.7529556052675	-473.5735474375378
-118.54415653398293	-301.25458168548084	-473.5171892936609
-117.115647903203	-298.6766243196804	-473.53968543736437
-109.91934948556256	-195.65914371058744	-493.65914371058744
-97.58490566037736	-172.0943396226415	-496.49056603773585
-97	-170.14285714285714	-498
-96	-498	-217
-93	-167	-500
-84.33866974351577	309.3448234417442	-575.0035576067884
-77.57223264540337	-577.7482801751095	-267.89618511569734
-77.41405489585361	-577.7239634027642	-268
-75.97607907041544	-578.9404689564276	-267.1473723274314
-57	129.85925925925926	-551.3092592592593
-57	140	-558
-56.277777777777786	129.22222222222223	-552.7592592592592
-54.64305949008502	-345.84560906515594	-550.7507082152975
-52.69694607870457	-618.1421052631579	-55.987879053252584
-52.69694607870456	-618.0315977593825	-56.12535012654749
-52.69412605138203	-618.0361779868555	-56.12359286814916
-52.69382504288168	-618.02487135506	-56.138078902229864
-52.0617924684861	-617.5540850443721	-56.13807890222989
-48.444444444444464	-429.479640870005	-363.3402883156297
-48.44444444444445	-427.41784737757894	-365.2172508078549
-48.44444444444444	-431.3444444444445	-366.9555555555556
-48.36992806097008	-431.43116883116886	-366.94160355184124
-48.264755810916675	-431.55357142857144	-366.9219117262993
-47.74284357617688	-432.1604938271605	-366.70924908424905
-47.47226890756302	-432.1697478991597	-366.3697478991597
-47.46415300872279	-432.273097826087	-366.71512539184954
-45.42857142857163	-439.2124027115241	-393.68114486567924
-45.42857142857162	-439.3095238095236	-393.69841269841277
-45.428571428571495	-439.30952380952374	-393.69841269841277
-45.428571428571445	-439.3095238095238	-393.6984126984127
-44.92958257713249	-716.0569872958258	613.9568058076225
-43.496481351161165	-440.862772695285	-394
-42.6844696969697	-443	-391.4337121212121
-42.32848455943743	-514.9028258018363	-296.8002861571478
-42.32848455943724	-514.9028258018362	-296.80028615714787
-42.32848455943723	-514.9028258018362	-296.800286157148
-42.3284845594372	-514.9028258018361	-296.80028615714804
-42.30594379906228	-516	-295.6381179676473
-42.29032810014168	-514.8091769049894	-296.9316703730531
-42.270483885132194	-514.7604724686046	-296.99999999999994
-42.270483885132165	-514.7604724686046	-297
-42.109202453987734	-443.00000000000006	-391
-42.000000000000014	-514.9028258018361	-296.9316703730531
-40.83797909407666	-443	-394.4149757463961
-39.12948618575531	-442.65875148883015	-395.38384201593647
-37	-443	-395.38384201593647
-36.99999999999999	-443.85701208348587	-394
-25.911764705882355	29.94117647058824	-590.0588235294117
-25	-685	112
-16	-473	-380
-16	-384	-406
-15.540540540540547	-473.64864864864865	-380.4594594594595
-3.5064184852374822	-195.6790757381258	-562.9602053915276
-3.506418485237475	-195.67907573812582	-562.9602053915276
-3.5064184852374254	-195.67907573812582	-562.9602053915277
-3.1464560270138833	-196.00000000000003	-562.6935039676889
-3.1464560270138797	-196	-562.693503967689
-0.6680628272251354	-360.57486910994766	-424.6356020942409
4.710394035807724	-636.6467609239979	-44.09255040759078
8.975609756097555	-692.1219512195122	395.8780487804878
9.783025855103702	-637.1063829787233	-43.384830325882035
12.18181818181818	-510.72727272727275	-315.27272727272725
14.914721952714089	367.17345401623857	-606.5199279987745
16.71534993745587	368.3696295654113	-609
16.715349937455873	34.5663796283562	-595.7223131728225
17.656497208003707	-68.51055723592368	-569.1337249883667
17.656497208003728	-68.5105572359237	-569.1337249883667
17.65649720800375	35.66840096473222	-598.2831936608912
17.999999999999993	36.165418040155835	-599.2142643092599
19.358232509205678	33.00000000000001	-591.1799053129931
20.72135973814618	33.02023881361202	-593.6805090789402
22.629537397323453	39.897041216341485	-606.5199279987745
22.91763919280329	33.00000000000001	-600.9772368101142
22.917639192803296	35.668400964732236	-603.9793147448659
23.338553902375367	35.672670321064984	-604.4398329417907
25.51416860481989	32.999999999999986	-597.9148180070946
26.37997054491899	-659.8772795450072	-34.35768920138723
26.37997054491899	-655.9116347569956	-34.62444771723122
27.062068965517255	-661.2896551724139	-34.88275862068966
27.183615819209024	-661.1845574387946	-35
27.535552682611506	-503.3901098901099	-336.6409179056238
27.999999999999986	-576.8871858543478	-332.3648299581853
27.99999999999999	-577.7239634027642	-330.8462101123653
28.00000000000001	-571.853363770646	-333.25379347388207
28.000000000000014	-577.7482801751094	-330.79300793228157
29.739999999999966	-577.7482801751095	-326.556300135817
29.739999999999974	-577.7482801751095	-331.72191995673165
29.739999999999977	-577.88	-336.8733333333334
29.805392545598718	-580	-332.0832672482157
30.533792892307414	-578.9404689564276	-335.45027439471687
30.533792892307442	-578.9404689564276	-335.4502743947169
31.21670428893904	368.2723852520692	-609
34	-619	-144
40.49891181533004	-578.9404689564276	-336.87333333333333
44.203821656050934	-455.99999999999994	-461.8089171974522
44.21779233870966	-455.1179939516129	-464.23780241935486
44.217792338709664	-445.9813371117843	-464.8401352807289
44.2557682578086	-455.1095297805685	-464.2805429864254
44.25576825780863	-455.10952978056855	-464.2805429864254
44.515957719491716	-455.051538080568	-464.5733771139983
44.60998545385591	-455.1179939516129	-464.5733771139983
44.75297812546859	-454.99871035961235	-464.8401352807289
45.11532671449628	-454.9080918494227	-465.2470389170897
45.46829015535954	-456	-462.26817528808505
45.72455203427346	-454.06451140802955	-465.9696201590014
45.74216174834966	-447.8136595455794	-466.7446808510639
45.857926818876436	-456	-464.5733771139983
46.03495348523662	-448.30163812862344	-466.44701361736554
46.096781624295545	-453.4068032129259	-466.44701361736554
46.32887645178274	-452.9967050526199	-466.7446808510639
46.32887645178275	-452.9967050526199	-466.74468085106395
46.52795195327566	-452.6449501349937	-467
46.82246873484193	-141.32295419013298	-573.4282860128136
46.822468734841934	-146.75437710848954	-584.4785819741014
46.822468734841934	-144.19864183731573	-586
46.92834650729389	-456	-464.75383972752394
46.98715799025505	-456.00000000000006	-460.48280827727694
47.18219404096769	-142.36932151340613	-587
47.76793391436953	-148.65351312049705	-581.7786674269626
47.767933914369536	-148.30685791606	-584.2162277619813
47.894335700675484	134.5320746001501	-615.1282984006004
47.894335700675505	131.3399681904792	-616.2455356439852
47.894335700675555	-148.51045871369206	-584.182766531677
47.894335700675555	131.3399681904792	-616.2455356439854
48.02476914181466	-148.65107132402338	-584.1765895190218
48.02476914181466	-148.6412402791062	-584.182766531677
48.02703417278073	-148.65351312049705	-584.1764822526274
48.02703417278074	-148.65351312049705	-584.1764822526275
48.02703417278076	-148.65351312049708	-584.1764822526275
48.181866117323366	-143.07011239251207	-587
48.48222872950163	-140.82845991713492	-588
48.82537493833638	-453.3034519585617	-466.7446808510639
49.999999999999986	131.33996819047923	-618.2810111333323
50	130.65217391304347	-618.5217391304348
50.032724592387154	-455.1179939516129	-465.9696201590014
50.0869788024071	130.6294837906764	-618.6137601822568
50.08697880240714	130.62948379067637	-618.6137601822568
50.086978802407174	130.6294837906764	-618.6137601822569
50.08697880240723	130.62948379067637	-618.6137601822569
50.63660022649982	-139.87560267234474	-589
52.185258104661784	130.62948379067643	-620.642096841103
52.18525810466179	130.08210658139257	-620.8336788643524
52.18918918918915	130.0810810810811	-620.8378378378378
52.189189189189165	130.08108108108107	-620.8378378378378
52.4375	130.125	-621.0625
54.329198133819375	-148.65351312049705	-585.5885583075426
55.035055876755344	-140.16387306112827	-590.0588235294117
55.18774548589505	-142.87540324814947	-587.2301565875846
57.60950477622339	-143.07011239251207	-588
59.27015051341898	-146.27094121925418	-587
61.74660633484163	-616.5256410256411	-217.62594268476622
62.44377811094452	-182.8830584707646	-603.2751124437781
62.44377811094457	-182.88305847076467	-603.2751124437781
62.5	-605	-218.5
62.792037934762064	-181.94204286665075	-603.7368527141158
63.28250742641102	-179.73514717796382	-604.640359168242
63.372093023255815	-183.69767441860466	-602.2558139534883
67.38074310827008	-516.7391130643227	-344.4762285257691
72	-731	256
72.35121328224776	-640.6748432519654	-69.62409415374151
72.35121328224778	-642.8740386203674	-71.07109676847529
73.484375	-643.721875	-73.72187500000001
74.539592760181	-685.1131221719456	14.109728506787349
77.56213017751479	-525.2618343195267	-357.40236686390534
77.62618595825427	-524.1593927893738	-358
77.98353237890365	-526	-356.9411022921148
78.55440991024405	-527	-356.31622283213414
78.6875	-519.375	-360
81.96911196911194	95.20849420849416	-631.9884169884169
81.96911196911198	95.20849420849422	-631.988416988417
85.27151639344262	96.14344262295083	-635
93.43409592801271	-395.1862578168534	-488.5638247373744
93.8822875520732	-394.1287638412225	-489.57842819832075
94.34292870404317	-403.87466993390814	-488.2686830434932
94.34292870404317	-398.33970276008495	-491
94.43756845564074	-404.16378714950457	-488.1878602827412
94.43756845564074	-399.7176889375685	-491
95.55555555555554	-401.94444444444446	-488.6111111111111
95.59187552227395	-403.2505858131934	-489.6029304211904
96.62413013725669	-406.53775505346766	-488.1878602827412
96.7745219951698	-407.29538129628895	-487.6310518238704
96.7745219951698	-407.2010289601932	-487.8658599741478
96.85897980045715	-407.2856234357023	-487.8659157347622
96.86204401646992	-407.29538129628895	-487.8617151426655
96.95209550961218	-407.29538129628895	-487.8659157347622
106.34965034965035	-482.39160839160843	-370.4055944055944
107.579939538145	-477.5006724369806	-373
108.36666666666667	-687.8	78.39999999999998
114	-721	163
125.43165301810433	-416.20768042374755	-489.6029304211904
125.73670271463249	-416.20768042374755	-492.51202824983443
130.44937319189972	-761.5872709739633	155.64609450337514
130.78829479768788	-761.8244219653179	155.46062138728323
131	-762	156
131.14057037718493	-762	155.64351425942962
131.48710390567427	-762.3721444362565	155.74723655121593
131.5810810810811	-762.3513513513514	155.71621621621622
138.5805004486093	-77.57741002891038	-605
138.90829694323142	-502.2609170305676	-389.25000000000006
138.90829694323145	-502.2609170305677	-389.25
139.07798614783314	-503.6741842610365	-387.5549985836593
139.51445518891438	-77.21204266773003	-606.0000000000001
140.00004440798713	-77.02207794681402	-606.5199279987745
142.57142857142856	-662.5714285714286	-29.57142857142857
143	-664	-31
147.5280386145213	-77.21204266773005	-605.9999999999999
148.99999999999997	-398.35554792167636	-509.69340432840943
149	-398.3555479216764	-509.69340432840943
149.83864118895966	-398.33970276008495	-510.6794055201699
149.8627340269888	-398.35554792167636	-510.687617436087
149.86273402698893	-398.3555479216764	-510.68761743608695
149.862734026989	-398.3555479216765	-510.68761743608707
155	-77.80670093900403	-606
163.5769230769231	-644.9755460588794	-223.9753086419753
167	-605.5725	-278.28
167.00000000000003	-609.0558447547196	-276.02360340573614
167.88593481989707	-319.3044596912522	-562.3799313893653
168.0961571453079	-608.6450077200207	-281.5533539200548
168.09615714530793	-608.6450077200207	-281.5533539200549
168.21248346339763	-609.0558447547196	-281.2048209045737
168.43660915087128	-607.8094229897047	-282.7256330211585
168.62842232642566	-612	-278.1235062774164
168.65345067020593	-611.0598728367528	-279.327995321843
168.82396030108077	-319.58728748301144	-562.3799313893653
171.97344710056774	-610.9116260661526	-281.5533539200549
172.2608695652174	-319.7391304347826	-562.1195652173913
172.9807692307692	-608.6538461538462	-285
173.79369811349437	-611.0598728367528	-281.5533539200549
176.42443502824858	-609.6320621468926	-285
179.65147880027666	-195.8767945036618	-693.070165456154
179.6514788002767	-199.92622922234753	-690.9414586380012
179.6514788002767	-199.43931700817447	-693.4901269814472
179.6514788002767	-199.17334503771974	-697.1463132238977
179.65147880027672	-199.48065127287828	-693.9830938573612
179.65147880027672	-199.43931700817447	-696.8621320281726
179.65147880027672	-199.1733450377198	-697.1463132238977
179.65147880027672	-198.27371442022059	-697.5995328211388
179.8246232385678	-199.3927248534271	-697.1463132238977
179.8246232385678	-198.1128708508696	-697.7565808326194
179.89433570067555	-200.48833551251897	-692.1586976068693
179.89433570067555	-199.72024943703448	-697.0258098042613
179.89433570067555	-199.48105288313832	-697.1463132238977
179.89433570067555	-198.58142226563916	-697.5995328211388
179.97170889036062	-199.57908731185768	-697.1463132238977
180.06340307189373	-199.41179751051635	-697.289120603049
180.0634030718938	-199.4117975105162	-697.2891206030491
180.08982191696094	-199.3635981234989	-697.330266136617
180.09934117304542	-199.34623088783943	-697.3450917230409
180.1908783137306	-199.53063842057324	-697.289120603049
180.19087831373062	-199.53063842057327	-697.289120603049
180.26271346078795	-199.04816925400212	-697.5995328211388
180.36355130936195	-198.86419745368082	-697.7565808326194
180.4980263827389	-200.48833551251897	-695.7525945567344
180.5319467790852	-610.9116260661526	-282.7256330211585
180.69499719554324	-200.48833551251897	-696.8691230231918
182.1776151209117	-492.58528675993705	-414.68600018530526
182.51477057804206	-494	-412.0797421737468
182.5713947169395	-194.36625649100432	-697.9296822823692
182.71662208904604	-199.53063842057324	-697.2891206030491
182.79904106527778	-199.72024943703448	-697.289120603049
183.4231285532598	-197.837133338466	-697.7565808326195
184.5101733197409	-199.53063842057327	-697.3450917230409
191.14285714285714	-503.45203252888757	-421.77268394917405
191.39336492890996	-503.31917140137375	-422.2755740128042
192.1885796545105	-503.67418426103643	-422.9467370441459
192.18857965451053	-503.6741842610365	-422.9467370441459
195	-696	-74
195.00396825396825	-697.1289682539682	92.62698412698413
199	-352.68640283710806	-536.7899734021117
199.71866165013265	-353.20646442265496	-537.2217873920018
199.7186616501327	-353.206464422655	-537.2217873920018
213.06621124540197	-722.4687335785602	64.50499211770887
230.65384615384613	-650.974358974359	-252.87179487179486
231	-622	-270
231.63289835164835	-647.3774038461538	-252.87179487179492
259.1	-511.06666666666666	-478.6666666666667
260	48	-743
282	-700	20
282.33333333333337	-701.3333333333333	18.666666666666657
285.54370034052215	-717.3212258796822	32.6838819523269
285.9037139305383	-717.5126413245291	32.51761814185096
286.53179085443617	-718	32.404217525961016
290	-627	-291
302	-483	-517
324.0769230769231	-673.6486229819564	-144.22317188983854
324.70814914538516	-672.4377113755509	-144.22317188983857
324.70814914538516	-670.4202169259659	-144.51225889387612
325.3203341479126	-672.7319806736175	-145.28118393234672
325.60253699788586	-667.524312896406	-145.28118393234675
331.685144319887	-372.9317680289522	-565.7274251919852
344	-211	-629
356.8531972380666	-280.45091564094866	-586.128189732813
383.96060037523455	-531.3323952470294	-355.24640400250155
406.23788647900324	-517.2828795569912	-382.6776649746193
433	-668	-209
479.5617134900529	-243.2818849143829	-607.312230892071
479.5617134900529	-241.4106179360874	-609.1525307835332
