-773.9329829172142	-26.639947437582137	533.5262812089356	314.30880420499346
-685	-114	467	149
-680	62	387	278
-673	304	203	511
-667	145	245	388
-653.2685202121822	-233.00128040973112	434.3897933052863	132.74556429486006
-653.081081081081	2.7297297297297405	114.35135135135135	295.5405405405405
-649	-225	429	136
-649	23	369	-54
-647.633437424934	-196.3218832572664	413.5808311313956	215.96901273120346
-647	-146	487	120
-644	-201	421	220
-639.9329829172142	-194.63994743758212	413.52628120893564	218.3088042049934
-639	37	105	383
-636	210	167	63
-627	-93	138	119
-619.56	-445.88	406.44	51.76000000000002
-618	-446	407	53
-616	-61	125	205
-614	456	16	439
-607	-472	391	-251
-605.7348596750369	-473.70643538664217	388.01622819274223	-252.08916523613715
-596.9329829172142	-116.63994743758214	377.52628120893564	278.30880420499346
-596	-442	376.75	-166.5
-594	77	269	69
-592.2583552384529	154.2707472775066	-71.7600450619602	223.83214419827263
-592	128	140	93
-592	216	129	195
-583	-126	163	237
-581	160	127	179
-580	189	-82	311
-576.9150326797386	16.6176470588235	85.65849673202614	264.0686274509804
-576.3973134518002	-413.6139632211048	286.8720276304957	65.95688128522308
-572	-414	295	68
-564	221	105	124
-562.2412587412587	-38.52447552447552	342.03146853146853	55.71503496503496
-562	-416	294	58
-558	-51	31	67
-557.5411392405063	-285.2848101265823	349.53955696202536	48.8892405063291
-555	194	25	222
-554.3813034987497	-110.22229928272891	267.9584785822489	177.8769140917304
-553.5291005291006	-54.015873015873	25.08994708994709	64.61904761904762
-553	-362	342	-105
-549	-79	242	-58
-547.1973684210527	-84.8395989974937	18.753132832080183	-92.30952380952384
-546	-106	267	182
-545	-179	-40	158
-544	-409	271	-3
-540	-308	331	-251
-537.0230414746543	-310.91244239631334	326.6589861751152	-253.3963133640553
-537	267	-118	371
-536.0875105039963	-52.02366574817767	4.086865607472959	-6.44835942232902
-535.8285714285714	-415.42857142857144	189.39999999999998	182.25714285714287
-535	126	291	-292
-534	-416	190	184
-531	-85	-61	97
-531	26	9	-76
-530	-315	250	-64
-529.4747731397459	-181.50961887477308	261.4947368421052	-236.80508166969145
-529	-284	313	-171
-528	-447	320	186
-521.9044585987263	-149.45859872611467	244.31847133757964	-154.6369426751592
-521	-138	241	-140
-516	-73	251	-222
-513.2	-267.2769230769231	104.80000000000005	-8.26153846153845
-513	-139	251	-156
-512	-283	298	-326
-506	-391	316	-34
-506	-315	29	169
-498	0	-16	-30
-497	-111	45	28
-496	346	-162	150
-492.3571428571429	-399.2857142857143	172.11904761904762	-146.04761904761904
-490	73	55	-130
-487	32	-29	56
-483.65886939571146	-323.69395711500977	139.55750487329433	25.567251461988306
-483	156	-37	-38
-480	-327	146	28
-480	288	-104	343
-476	-406	96	46
-475	-264	3	112
-475	-241	-98	146
-474	-471	213	-15
-473	-124	262	-255
-469	-490	189	-309
-465.8888888888889	-272.33333333333337	-121.55555555555554	-160
-465.44444444444446	-279.6666666666667	134.22222222222223	-117.99999999999999
-465.40816326530614	-507.01360544217687	191.0136054421769	-325.05442176870747
-465.4081632653061	-507.01360544217687	191.01360544217687	-325.05442176870747
-462	-201	145	-188
-462	474	-186	266
-459	-344	3	240
-458	-328	79	-20
-457	-135	155	-288
-455.95515416678984	-502.3030123865551	111.34578886688148	-132.92848907677302
-453	-504	116	-132
-451.8129496402878	-365.06115107913666	120.61690647482014	-304.6223021582733
-451.51351351351354	112.62162162162161	-76.10810810810813	-170.24324324324323
-449	-366	128	-304
-448	-541	332	289
-447	-535	246	-130
-445	154	-142	78
-444	-324	0	28
-444	-263	84	-197
-442.25899610359846	-164.45702498281	140.982809993124	-445.73344029337613
-442	-537.6666666666667	115.66666666666667	-290.66666666666663
-441.61111111111114	175.11111111111111	-270.4722222222223	49.88888888888887
-440	-535	114	-290
-439.7374301675978	-563.4245810055866	230.94972067039106	-293.60893854748605
-439	-259	264	-343
-439	175	-271	52
-438.9428571428571	-302.14285714285717	-203.2	-128.9142857142857
-437	-301	-206	-128
-436	-531	105	-289
-436	109	-74	-175
-431	-332	-76	-126
-430.46632124352334	205.860103626943	-286.51295336787564	136.51813471502592
-430	-169	63	-258
-430	-58	133	-431
-427.2934362934363	-270.35907335907336	-220.7760617760618	-42.42471042471041
-427.1052631578947	-368.2280701754386	112.96491228070175	-376.8070175438597
-425	-499	92	-203
-422.3667953667954	65.3011583011583	-232.22007722007723	182.96911196911196
-421	-361	104	-375
-420	-564	234	-297
-419	-137	50	-172
-416	73	-235	189
-413.50965250965254	-367.4131274131274	21.494208494208465	-190.3166023166023
-411	-368	23	-188
-409	106	-246	285
-409	131	31	-220
-406	-557	212	-49
-404	65	-226	179
-403	99	-238	275
-401	-222	96	-213
-400	-564	220	-59
-397	-84	108	-385
-396.9887640449438	-563.6404494382023	130.7191011235955	-175.1123595505618
-396	-57.529411764705884	-184.85294117647058	-269.8235294117647
-396	-57.52941176470588	-184.8529411764706	-269.8235294117647
-394.5448742020278	-573.3548629365378	210.85054449868568	-61.72174239579422
-393.5	-429.2352941176471	149.9264705882353	-345.5882352941176
-393.3703703703704	-455.1358024691358	91.51234567901236	-230.33333333333331
-392	-564	130	-171
-392	-430	151	-344
-389	-60	-182	-263
-388	-456	95	-224
-388	-426	142	-343
-387.96423713194963	-344.0172012813199	117.36021764886569	-485.2210276887972
-386	-52	95	-299
-385.94736842105266	-594.719298245614	212.35087719298247	-216.9298245614035
-385	-348	122	-482
-385	-111	-103	-269
-383	-591	209	-216
-382	72	87	-393
-381.18399999999997	-107.376	-199.12	-319.06399999999996
-380	-110	-194	-319
-379	-340	117	-480
-378.43421052631584	-564.9423558897244	198.63784461152886	-133.1190476190476
-378.4342105263158	-564.9423558897242	198.6378446115288	-133.11904761904762
-378	-567	201	-132
-378	-463	14	-37
-377	-602	137	-30
-376.13127413127415	-168.81853281853282	-145.47876447876448	-135.50579150579148
-376	65	-330	305
-375.592	72.31200000000001	-253.56	-248.03199999999998
-375.5096525096525	-597.4131274131274	126.49420849420846	-31.316602316602317
-375	71	-251	-248
-374	-159	60	-409
-373	-598	128	-29
-373	22	75	-449
-369	-78	-207	-233
-368	-35	-276	10
-367	-629	258	-27
-367	-489	-2	-341
-364.81467181467184	-567.6679536679537	111.9111969111969	55.478764478764475
-364	103	-264	-162
-361	-550	191	-203
-361	-520	128	-339
-358.57599999999996	-174.264	-228.68	60.104
-355.08799999999997	-39.831999999999994	-214.84	-112.248
-354	-170	-137	-136
-352	-176	-65	-237
-351.80694980694983	27.262548262548265	46.115830115830114	-525.6679536679537
-349	-136	-238	157
-347.69444444444446	-90.2222222222222	-93.61111111111111	-377.7222222222223
-345.73359073359075	-12.397683397683394	-227.44015444015443	-27.061776061776072
-345	27	51	-520
-344.48571428571427	-622.2857142857143	232.20000000000002	-103.22857142857143
-344.01068090787714	-377	138.89586114819758	-367.83177570093454
-343	-143	-230	147
-339	-624	234	-98
-338	-427	303	-354
-336	-327	-79	-93
-336	-143	-169	-201
-332	-178	-236	-12
-330.8222222222222	-417.73333333333335	45.611111111111114	-481.6
-329	-631	153	89
-328.18181818181813	-424.45454545454544	-52.72727272727272	127.9090909090909
-328	306	-306	170
-326	-170	-241	-10
-325	-181	-127	-256
-322	-32	-229	-182
-320	-225	-243	293
-319	-384	35	-395
-319	256	-318	114
-316.65463437354447	-300.7508150908244	2.036562645551925	-535.6478807638565
-316	-43	-301	4
-314.5096525096525	-38.41312741312741	-311.50579150579154	2.683397683397658
-314	-149	-140	-170
-312	-39	-310	5
-310.6396353166987	-120.89923224568138	-54.77831094049903	-463.40451055662186
-309.8947368421053	-552.1052631578947	110.36842105263158	-121.5263157894737
-309	-255	-59	-289
-308	-550	107	-121
-306	-365	-18	-215
-306	198	74	-556
-302	202	65	-555
-295	-333	-31	-129
-294.66666666666663	130.33333333333331	-393.66666666666663	386.3333333333333
-294	-389	-54	107
-291.90593342981185	-367.96092619392186	-28.541244573082487	-157.60347322720696
-291	-195	-19	-301
-290	-371	-8	-154
-290	-168	-54	-370
-288	333	-4	-540
-287.6450861667443	-331.746623195156	-86.50861667442943	-505.4587796925943
-283	-332	-82	-502
-282.4666666666667	48.516666666666666	-351.39583333333337	151.65833333333333
-282.1728744939271	-394.134008097166	-34.27894736842105	-318.8781376518219
-281.8805732484076	-153.21019108280254	-141.84235668789808	-433.21656050955414
-281	-614	140	-236
-281	163	-405	473
-280.8503898635478	-363.89863547758284	44.488791423001935	-502.67836257309943
-280.58404202101053	-412.74287143571786	-79.12831415707853	-200.03801900950475
-278	47	-349	156
-277.08955223880594	-552.6716417910447	-5.208955223880601	-152.50746268656718
-276	-410	-73	-203
-275.39252336448595	-101	-290.3271028037383	200.6822429906542
-275.39252336448595	-100.99999999999991	-290.3271028037384	200.68224299065417
-275	-313	-108	86
-275	13	-224	-203
-274	-418	-155	-1
-273	-254	-269	364
-272	-300	-95	-416
-270.906846762925	-411.8127619934793	-166.68467629250117	-8.886818816953877
-270	194	-281	-132
-269	21	-229	-201
-268	-449	-25	1
-268	45	-350	146
-267.57943925233644	-278.98130841121497	-151.10747663551402	-181.17570093457945
-267	-414	-156	-8
-267	-119	-152	-345
-266	-87	-300	207
-264.248	-444.072	-34.63999999999999	-6.608000000000004
-264	-91	-296	187
-264	202	-286	-130
-262	-351	-45	-213
-261.2040015195644	-266.2599721413195	-104.09978472837787	-296.3315182980879
-261	-445	-26	-6
-261	-404	-25	-312
-259	-54	-311	303
-259	14	-310	-14
-257	-416	-157	-18
-257	-392	-25	-319
-257	149	-171	-393
-255	152	-298	-186
-254.66355140186914	-99.78504672897198	-301.48598130841117	104.57943925233646
-253	-61	-303	293
-250	-95	-302	106
-248	-112	-298	70
-248	98	-367	505
-244	-472	-37	-163
-244	-98	-313	72
-243.6872586872587	-443.8146718146718	-60.21235521235521	-83.94208494208495
-243	-269	-103	-296
-243	280	-240	-378
-242	-104	-303	72
-241	-287	-157	-315
-239	-409	-180	-79
-239	-63	-315	192
-235	-271	-168	-251
-235	-227	-45	-556
-234.5373134328358	-229.02985074626866	-48.253731343283576	-557.044776119403
-234.5057915057915	-250.44787644787644	-121.9034749034749	-374.3899613899614
-233	-34	-240	-21
-232	-106	-304	62
-231	-72	-316	158
-230.61003861003863	-126.50965250965251	-273.16602316602314	316.5907335907336
-230	-392	22	-429
-230	8	-220	-331
-229	-416	-7	-181
-227.49599999999998	-451.144	-138.28	108.78399999999999
-226	-134	-260	323
-225	-278	-249	-64
-225	-254	-117	-365
-224.528526645768	-433.8984326018808	153.54545454545456	-474.2163009404388
-223	-376	-71	-336
-222	-434	115	-437
-221	-375	-19	-354
-221	-79	-397	345
-219.33333333333331	-374.3333333333333	-31.74999999999999	-354.1666666666667
-219	-438	159	-469
-217	-312	-192	93
-217	-303	-202	-52
-217	59	-385	173
-215.37414092006685	68.90418549934986	-147.43659835304317	-538.3826543248096
-213	-449	-132	100
-213	-233	-16	-525
-212	-344	-84	-250
-210.2007722007722	-63.1930501930502	-251.32046332046332	46.81467181467181
-210	-478	-133	-48
-207.49091481461622	-335.1348692739027	-216.07286472917926	-215.19517923888944
-207	-373	-29	-363
-207	-110	-214	-407
-206	-474	-142	-47
-206	-128	-277	224
-205.1392363179141	-567.7644100324268	99.93997749983455	-372.33088478591753
-199	-560	98	-370
-198	-137	-278	190
-195	108	-287	-20
-194	-521	77	-274
-193.32069889326726	-305.61661529658096	-232.970166335037	-129.26505143511113
-193	-250	-155	-356
-192	-394	-83	-313
-190.29108676339948	-538.6769321883328	78.73349126443588	-290.75421972164645
-190	-187	-124	-384
-188	-226	-163	-272
-188	-190	-130	-384
-186	-49	-112	-556
-185.85714285714286	-201.44444444444446	-127.07936507936509	-395.1111111111111
-185	-440.7058823529412	56.529411764705884	-355.7647058823529
-185	-429	29	-355
-184	266	-322	-12
-183	38	-232	-506
-182.32	-305.48	-314.6	63.28
-182	-218	-168	-270
-181	-440	54	-353
-181	262	-427	505
-176	-476	-157	181
-175	-786	157	-181
-175	-167	-295	-108
-175	88	-378	130
-174	-71	-100	-558
-168	-87	-237	-255
-168	-63	-105	-556
-165	-169	-296	-118
-164.5	-331.8235294117647	-317.63235294117646	-95.05882352941177
-163.87640449438203	-562.0449438202247	-6.089887640449433	-256.23595505617976
-162.03181489515546	-362.1460592913955	-192.822848879248	-97.43745480838756
-162	-332	-318	-93
-162	-203	-118	-394
-161	-562	-7	-254
-160	-405	57	-512
-159	30	-320	323
-158.2664054848188	-403.4397649363369	47.83741429970617	-524.6591576885406
-156	-363	-188	-91
-155	-593	123	-252
-155	-343	-242	3
-155	94	-395	31
-153	-534	-38	26
-153	38	-325	325
-148	-201	-387	-78
-147	85	-396	-3
-146.281045751634	-96.1437908496732	-269.9477124183006	-160.84967320261438
-146	-370	-269	96
-146	-98	-250	-390
-145	-192	-170	-284
-143	-517	91	-316
-142	-635	126	-112
-142	-634.3786407766991	124.36893203883494	-114.25242718446601
-142	-96	-270	-157
-142	249	-418	375
-141	-188	-179	-283
-138.56395348837208	5.558139534883708	-473.34302325581393	483.5755813953489
-137	-397	-190	51
-137	-12	39	-697
-136	-627	121	-110
-135	-172	-190	-219
-133	-214	-108	-514
-132.10526315789474	-515.4736842105264	-6.894736842105267	-427.4736842105263
-132	-355	27	-520
-131	-588	100	-14
-131	-195	-260	-96
-131	3	-470	491
-130	-518	-9	-422
-128	-187	-164	-411
-127	12	-414	375
-125.78877503493246	-522.9804378202143	-96.3775034932464	-239.45086166744295
-125	-595	108	-24
-124	-249	66	-544
-123	150	-402	203
-121	1	-471	481
-121	20	-419	377
-120.36001974333662	-393.8536031589338	-81.8238894373149	-409.541362290227
-120.02212732919254	165.44565217391306	-172.84627329192546	-513.764751552795
-120	-525	-90	-235
-117	-461	90	-489
-117	158	-407	205
-114.41576885406465	-140.3241919686582	-310.93388834476	-292.07835455435844
-113	-391.05882352941177	-214.70588235294116	-23.64705882352939
-112	-398	-53	-405
-111	-376	-217	121
-111	-181	-283	-133
-110	-379	10	-447
-110	173	-168	-524
-109	-392	-214	-20
-108	-622	97	-181
-108	-260	-41	-577
-106.28571428571428	-204.18518518518516	-253.21164021164023	-103.29629629629628
-106	-399	-48	-258
-105.17525773195877	-554.2268041237114	-100.58762886597938	-392.7113402061856
-105	-141	-306	-284
-104	-371	5	-445
-103.19101123595505	-627.1123595505618	13.775280898876403	0.9101123595505669
-103	-552	-101	-392
-99	-399	-295	167
-98	-629	16	6
-98	-62	-432	523
-97	-518	-116.5	-311
-95	-231	-375	208
-94	-143	-174	-304
-92.81345760980594	-424.35865679264555	-169.4397344228805	-378.1643258426966
-92.56548042704625	-384.5893238434164	-107.02846975088968	-485.14519572953736
-92.21895861148197	-214	-335.1348464619493	88.44859813084112
-92	-660	146	8
-92	-520	-114	-306
-89	-421	-170	-377
-89	-223	-380	210
-87.26254826254826	56.36293436293436	-143.95752895752895	-553.011583011583
-87.13127413127413	-68.81853281853282	-326.47876447876445	-85.5057915057915
-86	-521	-109	-159
-85	27	-84	-649
-84.42857142857143	-394.14285714285717	-190.85714285714286	-293.85714285714283
-82	7	-410	247
-80	54	-140	-546
-79	-225	-381	200
-76	-558	-65	-117
-71	158	-153	-634
-70.79069767441862	-124.25581395348838	-199.25581395348837	-345.41860465116275
-70	203	-402	184
-69	-208	-330	86
-68	-121	-202	-339
-67	-127	-196	-344
-66	185	-209	-531
-65.22399999999999	-415.264	-196.424	-451.824
-64	211	-407	186
-61.48699763593383	229.7864460204886	-45.70133963750989	-725.8873128447597
-61	-416	-194	-448
-61	231	-47	-726
-58.59233997901363	-213.2623294858342	-246.32161594963276	-227.6726128016789
-56	-288	-342	242
-55	-447	-64	-446
-52.283582089552226	-360.0746268656717	-90.5820895522388	-590.9850746268656
-52.283582089552226	-360.07462686567163	-90.58208955223881	-590.9850746268656
-51	227	-42	-716
-46	-361	-89	-583
-46	-290	-343	232
-46	1	-272	-358
-45.131676557863514	-625.2896884272997	-79.33197329376856	-132.89354599406528
-45	-454	-145	-259
-45	-185	-295	-118
-42.92669039145909	-331.3402135231317	-109.35943060498221	-506.5330960854093
-41	-180	-146	-512
-40	-219	-320	-34
-39	108	-494	531
-38.38775510204081	93.18367346938776	-485	520.3469387755102
-37	94	-487	521
-37	358	-111	-701
-36	-595	-101	-48
-35.12572533849129	-595.2649903288201	-101.54545454545455	-48.24951644100581
-34	-650	52	-130
-31	102	-492	523
-28	-620	198	-217
-28	-241	-133	-566
-28	-202	-170	-475
-28	-23	-312	-97
-25.252699784017267	-442.0907127429806	-163.02159827213822	49.11231101511876
-24	-444	-158	58
-21	-198	-171	-482
-21	100	-493	513
-20.446069469835464	-612.9177330895795	-106.47531992687385	-210.3510054844607
-19.402230971128603	-361.19816272965886	-199.55883639545056	-476.8263342082239
-19.402230971128603	-361.1981627296588	-199.55883639545056	-476.82633420822395
-18	-359	-199	-477
-17	100	-504	422
-15	-445	-161	54
-14.177165354330725	-647.7952755905512	24.896325459317595	-205.60104986876638
-14	-16	-448	105
-12.834021779947427	-639.4907998497935	-235.74427337589185	97.58167480285393
-12	-614	-102	-203
-11.60784313725489	-222.4640522875817	-186.61873638344224	-647.6100217864923
-8	-446	-182	-162
-8	-363	-194	-467
-6.799304952215543	-445.58297132927896	-189.414422241529	-166.0781928757602
-4	-225	-182	-639
-3	-477	-255	-59
-2.0550124275063055	-451.97000828500416	-272.9448218724109	17.25352112676066
-2	-394	-64	-465
2	-483	-171	-188
2	-453	-263	25
2	-429	-131	-276
3	-118	-404	250
3.2036637039624267	-316.52304751050127	-259.6675184058384	-150.24003419211925
3.6122448979591866	-132.81632653061226	-395	239.3469387755102
4	-652	-53	-14
5	-132	-397	240
5	-117	-410	252
6	-232	-263	-452
8	89	-483	393
9	-315	-149	-524
11	-124	-402	242
12	235	-329	-306
16	-298	-200	-261
16	-234	-264	-462
18.21985815602835	-475.18676122931447	-271.919621749409	-133.76122931442083
19	-439	-103	-333
21	-476	-270	-131
21	-126	-403	232
22	-290	-205	-259
25	-472	-279	-130
25.75	-500.25	-153.5	-136.5
31	-503	-149	-128
33	-135	-415	107
39	-341	-348	-115
39.91542857142858	-438.98742857142855	-133.31314285714285	-407.7702857142857
41	-510	-230	59
41	-12	-479	120
41.34579439252337	-137	-396.8785046728972	104.80373831775702
43	-142	-496	294
47	-4	-484	122
48	-634	11	-268
49.17111111111109	-438.1977777777778	-177.51333333333335	-208.64666666666665
54	-57	-369	-141
54	9	-239	-587
57	-6	-485	112
59.787868069679014	-511.99454711586645	-167.9987915229758	93.22362719957556
65	-432	-172	-217
66	-276	-252	-286
74	-424	145	-496
79.57121661721067	-283.1409495548961	-265.50296735905044	-326.88427299703267
80.28980891719746	-345.76008492569	-212.91188959660298	-140.05944798301488
81	-400	69	-528
82	-281	-267	-321
87	-265	-269	-299
88	-539	-256	130
92	-288	-348	-134
93	-523	-258	152
96	-432	-63	-536
96	-202	-392	367
102	-354	-285	57
104	-243	-115	-595
108	-346	-290	59
108.61224489795919	-17.81632653061226	-419	293.34693877551024
113.5	-113.5974409448819	-188.72933070866142	-583.0925196850394
115.71818181818179	-380.3030303030303	-355.19696969696963	35.951515151515196
117.44860646599776	-429.2704570791527	-66.95852842809366	-498.02541806020065
123	-85	-240	-477
125	-54	-571	448
125.61224489795919	-68.81632653061226	-562	437.34693877551024
127	-68	-564	438
128	-438	-140	-292
128.47141673570837	-439.0190555095278	-140.09030654515328	-303.9014084507042
130	-357	-303	-76
133	-60	-569	440
134	-219	-291	-248
135	-434	-141	-299
136	-235	-358	201
139	-548	-229	-12
139	-287	-240	-169
142	-504	-141	-238
142	-325	-256	-155
142	-227	-363	203
143	-386	-85	-485
143	-62	-570	430
144	-226	-372	-61
145	-436	-142	-309
147	-359	-281	-71
152	-229	-364	193
153	-439	-316	70
155	-22	-417	166
177	-366	-338	-9
181	-228	-326	-181
181	-174	-286	-269
187	-166	-291	-267
195	-242	-367	235
195	-43	-355	-254
197	-256	-360	225
197	-173	-372	-80
201	-243	-362	382
201	-35	-360	-252
203	-248	-365	227
205.89125295508273	-276.8502758077226	-375.04334121355396	59.05752561071711
209	-320	-210	-242
209	-270	-140	-647
212	-269	-378	78
215.53898123632234	-350.3214681328182	-218.1262208548348	-163.44666232134654
218	-269	-386	70
219	-360	-209	-155
220	-275	-376	70
222.6122448979592	-290.8163265306123	-450	254.3469387755102
222.90977443609023	-440.82706766917295	-173.8345864661654	-174.0375939849624
224	-290	-452	255
230	-282	-457	257
231	-152	-338	-294
234	-144	-445	85
235	-655	-35	156
235	-346	-76	-634
238	-443	-173	-171
239	-212	-394	164
240	-284	-458	247
252	-386	-306	-123
263	-689	135	7
274	-145	-478	464
287	-91	-445	66
351	-378	-337	31
447	-189	-403	77
