-698	-43	-289	-254	-380
-691	-100	-259	-435	-222
-666	-191	-295	-340	-138
-666	-73	-265	-262	-272
-665	-169	-283	-472	3
-662	-220	-395	-387	-144
-649	-367	-305	-446	-218
-649	-37	-115	-430	-238
-643	155	-280	48	-439
-638	-75	-290	-395	-346
-636	-270	-355	-624	242
-634	117	40	-128	-406
-633	-395	-179	-318	-138
-631	-395	-472	-534	0
-631	5	-302	-277	-276
-629	-57	-169	-158	-469
-628	-239	-198	-332	-221
-616	-241	-317	-232	-168
-615.5940001636106	-242.20311761769534	-303.12955626453504	-302.181374095759	-356.2409784584871
-614	159	-122	-367	-376
-612	-152	-380	-213	-202
-611	149	-491	-21	-281
-607	-105	33	-116	-428
-606	-39	-513	-375	-318
-605	117	-378	-492	-134
-604	-26	-308	-400	-318
-597	-166	-209	-509	-53
-596	-147	-280	-488	-245
-594	-276	-263	-559	31
-590	-32	-622	-162	-164
-589	-120	-282	-573	-52
-587	261	-194	8	-450
-585	-227	-137	-561	-121
-581	215	-449	-265	-426
-570	0	-363	-504	-206
-568	-99	-509	-557	-159
-564	-210	-411	-617	212
-562	-175	-507	-213	-119
-560	34	-580	-406	-309
-559	-140	-306	-504	-137
-559	-20	-616	-470	-262
-558	-251	-465	-535	43
-558	-202	-491	-578	-27
-556	-18	-315	-648	-206
-555	-474	-313	-613	101
-555	-129	-474	-679	-26
-553	-262	-432	-188	-38
-551.9357417102967	-290.7684729493892	-216.30470331588134	-567.2129144851658	-215.70155322862126
-550	-393	-253	-351	-278
-545	-117	-277	-698	128
-540	-242	-394	-608	-114
-539	-228	-113	-604	-289
-537.2840397338241	-112.63751696108676	-466.7341412673983	-462.9091591835653	-268.3914495623403
-537	63	-119	-309	-370
-535	-239	-98	-49	-446
-535	5	-201	-512	-339
-533	102	-296	-219	-359
-531	-163	-501	-521	-217
-531	36	-411	29	-481
-529	-460	-276	-225	-242
-528	-315	-383	-651	7
-528	45	-264	-289	-382
-524	-228	-428	-443	-27
-520.6807076663858	-134.07666385846673	-307.7198820556024	-672.941449031171	-214.74557708508848
-520	-133	-308	-672	-214
-516	-421	-269	-395	-257
-515.6158392434988	-519.2816091954023	-147.38000326078094	-423.0255563707508	-252.6159615227847
-512	-315	-212	-377	-319
-504	-509	-432	-358	58
-503	-293	-442	-257	-289
-503	-236	-379	-595	-118
-502.75485195026965	-385.0663525550864	-299.57194074635197	-400.78061275559526	-121.91530829465236
-502	-205	-565	-317	-344
-502	-171	-129	18	-411
-501.07083877007227	-225.58697937011988	-317.2411464581038	-421.11075747867545	-207.87431844927562
-500	-98	-149	-340	-337
-499	172	-394	-31	-415
-496	-146	-581	-179	-91
-495	-388	-289	-387	-112
-494.9357417102967	-381.7684729493892	-293.30470331588134	-401.2129144851658	-118.70155322862128
-489	-477	-407	-635	198
-489	-373	-292	-406	-107
-489	46	-532	12	-517
-485.8014831717056	-288.26776457749446	-508.0611746323072	-542.5224707954067	-298.83014211662
-485	-159	-389	-630	-51
-482.9710937177681	-412.99542933594233	-465.5938120693821	-488.23444765985533	92.13188620195793
-481	-352	-446	-583	50
-474	-348	-450	-368	-299
-473	-57	-333	-691	98
-471	-556	-183	-279	25
-469	-68	-157	-109	-365
-465	-210	-76	-656	-193
-459.83517044148005	-31.198870426427334	-322.11459577300536	-355.1983541685167	-344.05642988114687
-459	-344	-130	-542	-18
-458	-435	-336	-259	-79
-455	-406	-289	-211	-222
-454	-350	-570	-223	26
-453	-435	-431	-379	-54
-448	-225	-562	-293	-194
-447	-333	-293	-437	-245
-447	-313	-164	-468	-271
-445	-117	-528	-493	42
-443	-228	-302	-241	-423
-442	369	-463	-198	-444
-441.80882352941177	-279.94117647058823	-550.3382352941177	-177.26470588235296	-359.77941176470586
-440	-278	-548	-180	-355
-437	-76	-629	-79	-71
-437	149	-285	-130	-555
-434	-295	-220	-238	-303
-432	10	-359	124	-541
-431	-305	-338	-429	-16
-429	-248	-203	-629	-208
-428	254	-435	-73	-449
-427	256	-383	-127	-532
-425	-332	-364	-386	-33
-424	-422	-446	-294	-332
-423	-323	-377	-442	-12
-422	-245	-203	-510	-337
-422	60	-527	-432	-307
-420	-308	-243	-493	-262
-419	-141	-65	64	-471
-417	-253	-452	-396	-389
-414.61583924349884	-342.2816091954023	-180.38000326078094	-513.0255563707508	-250.61596152278472
-413.61583924349884	-453.2816091954023	-339.38000326078094	-544.0255563707508	-70.6159615227847
-413	-356	-354	-432	-56
-411	162	-594	-324	-412
-409.61583924349884	-597.2816091954023	-332.38000326078094	-406.0255563707508	-112.61596152278472
-409	6	-170	-181	-510
-406	75	-514	-268	-415
-406	254	-456	-222	-452
-405.61583924349884	-320.2816091954023	-410.3800032607809	-393.0255563707508	-220.6159615227847
-404	-363	-347	-619	-192
-402	-336	-410	-581	-44
-399	-213	-170	-678	-96
-399	68	-274	-87	-441
-398	-18	-375	80	-520
-395	-250	-390	-599	-220
-394	-48	-392	-280	-495
-387.193666554366	-36.84474085075625	-530.2865755749608	-527.6887565329021	-296.8142291438304
-382	113	205	-454	-412
-382	305	-255	135	-600
-378.96974522293	-205.31528662420385	-415.6799363057325	-658.0859872611466	-286.3136942675159
-378	224	112	-342	-432
-377.61583924349884	-398.2816091954023	-375.38000326078094	-422.0255563707508	-52.61596152278471
-377	-204	-417	-657	-286
-376	-283	-532	-665	-198
-370	-485	-369	-430	-114
-370	-315	-329	105	-471
-368	-182	-647	-537	-256
-363	-171	-194	-422	-348
-362	-354	-451	-176	-184
-361	-414	-490	-594	-69
-361	-89	122	-356	-395
-360.6929758822728	-711.955920425126	-165.98712358631968	-84.20758958986238	-140.297145387655
-360	-54	-397	-536	-358
-357.7407937949829	153.55800607923976	-547.8405160366152	-29.42367759066451	-450.7971228425687
-357.61583924349884	-433.2816091954023	-257.38000326078094	-347.0255563707508	-153.6159615227847
-356	-242	-135	-625	-358
-355	-353	-294	-656	-178
-351	-488	-342	-614	-243
-343	-31	-322	-686	-120
-342	-386	-629	-47	-150
-340.61583924349884	-509.28160919540227	-356.38000326078094	-448.0255563707508	-100.6159615227847
-338	-186	-332	-34	-534
-336	-513	-365	-244	-222
-336	-9	-89	-250	-539
-335	-460	-331	-15	-248
-334	-385	-479	-233	-78
-333	-304	-372	-438	-156
-331.15877529427325	-302.21571220737997	-501.36774236212136	-491.8484327469912	-200.04959661420446
-327	-273	-602	-81	-238
-326	-305	-490	-481	-187
-324	-267	-405	-224	-340
-324	58	-692	-37	-72
-322	-248	-590	-441	-317
-322	408	-522	19	-622
-319	-165	-114	-627	-330
-317	-451	-260	-88	-405
-314	-359	-438	-319	-195
-314	85	-697	-6	-318
-314	304	-560	-188	-448
-310	-261	-101	-132	-483
-309	3	-557	-112	-490
-307.38961038961037	-341.94705294705295	-217.73826173826174	-459.38961038961037	-270.3266733266733
-307	-136	-294	-720	-325
-306	-439	-440	-419	-33
-305	17	208	-396	-406
-304	158	-309	-35	-600
-302	-324	-465	-385	-347
-298	-114	-524	-600	-295
-297	-536	-406	-118	-274
-292	-170	-301	-716	-213
-289	-533	-235	-276	-166
-289	98	172	-515	-364
-287	-448	-480	-610	106
-284	151	-655	-250	-463
-283	-349	-181	-131	-340
-283	-293	-571	-197	-15
-283	-123	-531	338	-372
-281	-199	-506	18	-375
-279	-378	-673	-347	113
-279	288	-540	250	-526
-278	-83	-309	-206	-402
-277	-470	-305	-666	-147
-276.9151520741841	-440.6962442039452	-440.4844124526991	-253.02401852997838	-237.91630629814122
-276	-44	-485	-32	-524
-275	304	201	-459	-425
-272	-436	-451	-178	-44
-267	-97	-353	3	-439
-265	119	5	-61	-546
-263	137	-244	-330	-410
-262.2625519295513	-238.3582717145065	-374.41057346882985	-563.6441465177217	-237.9775995330445
-261	152	-238	-369	-458
-260	98	-274	-433	-411
-258	-334	-401	-711	-62
-258	-53	-637	240	-357
-255.67511177347245	-145.9493293591654	-443.628912071535	-542.0953800298063	-333.83755588673625
-253	-183	-221	-303	-570
-253	-97	-323	-694	-243
-252	-208	-482	-725	-63
-251.18363435739587	-367.2569061308245	-667.3438352982171	-655.1641210290958	12.036413264417206
-251	-182	-401	84	-401
-249	-271	51	-419	-431
-249	-51	-139	-630	-371
-246	-611	-324	-127	-89
-244	-319	77	-109	-369
-243	-335	-177	-281	-368
-243	-206	-75	-436	-412
-243	-11	-596	-119	-332
-242	145	-283	-175	-596
-241.82514636810197	-412.25330159120074	-331.33977175357666	-404.1883153461429	-251.95989995961313
-241	-289	-605	-584	-211
-236	38	-502	-204	-396
-231	-254	-179	28	-471
-231	-216	-97	-711	-117
-230	-327	-256	-742	63
-228	-55	-99	-478	-363
-224	163	-570	67	-494
-223	-448	-539	-520	-132
-223	145	-420	-332	-559
-222	125	-677	31	-380
-218	9	-473	-98	-554
-217.15837988570067	-175.19255646503433	-340.57364122747396	131.13574689284926	-463.0152857213096
-217	-512	-483	-348	-138
-214	-279	-131	-227	-488
-213	-450	-286	-213	-310
-213	39	-85	-323	-391
-212	-437	-28	-172	-557
-212	-299	-399	58	-495
-209	-354	20	-226	-445
-209	-23	-279	-452	-487
-207	-330	-304	-421	-272
-204.6722049821192	-411.02882178838513	-456.4470877638827	-540.9692888501215	-154.02906518725604
-204.18363435739587	-426.2569061308245	-478.34383529821713	-545.1641210290958	32.036413264417206
-204	-209	-67	-633	-233
-201	-402	-570	-524	-189
-201	-130	-469	-172	-424
-200.7061598602409	-367.55927420245985	-383.2689852756425	-342.48035694609456	-380.2691286265379
-198	315	-321	-174	-576
-195	-363	-384	-341	-376
-194	-377	-259	-319	-363
-191	-311	-386	-609	-265
-189	-285	-588	-621	-277
-189	-205	-292	-15	-541
-187	-199	-307	246	-608
-186	2	-31	-618	-464
-183	-464	-529	-366	-67
-182.5470710596959	-111.8034848729148	-439.6637797018176	36.09985407947583	-429.6674263589454
-181	-157	-321	-650	-376
-180	-100	-442	42	-435
-178	217	-449	-266	-451
-176.38215421938844	-355.5193328343884	-223.569370866566	-393.642353873038	-343.80745893529115
-176	-121	-439	-151	-518
-175.92176686250548	-601.7424469176627	-217.4206046822684	-254.03171107349726	-276.25004846956
-175	-431	-423	-432	-302
-174	-519	-397	-286	-33
-174	-294	-534	-317	-293
-173	135	-133	-279	-624
-167	-586	-479	-274	-171
-167	7	-360	-86	-598
-165	184	-117	-302	-603
-162.35693663576964	-32.31342332303433	-674.2246844169804	-367.8623422084902	-194.64306336423033
-161	57	-440	95	-612
-160	-33	-236	-320	-429
-158	-391	-372	-93	-370
-157	-462	-248	-39	-301
-157	178	-185	-550	-404
-156	-513	-433	-564	-192
-156	-408	-123	-148	-334
-155.5668686120782	-67.92496353253748	11.418611813188193	-403.7243691805126	-443.43541137730466
-153	-51	-697	-238	8
-148	-418	-393	-126	-469
-147	10	-580	-392	-419
-145	-540	-510	-278	-228
-144	-415	-440	-381	-412
-144	78	-482	-167	-458
-144	109	-35	-419	-539
-143	-193	-227	41	-590
-142	-80	47	-424	-444
-140	-507	-249	-370	-251
-140	-185	-622	-136	-124
-139	-268	-425	-470	-305
-139	290	-471	-244	-481
-136	-355	-487	-363	-202
-136	-273	-270	220	-507
-133	-602	-586	-421	-279
-132	-70	-648	-11	-457
-131	-508	-35	-245	-502
-128	-707	-200	-269	-153
-128	-28	-544	-230	-384
-127	67	-92	-507	-436
-126	-55	-31	-588	-392
-126	49	-453	-61	-616
-124	-551	-327	-419	-325
-124	11	-163	-511	-414
-122	-443	-543	-281	-435
-121.95751633986929	-442.7516339869281	-543.437908496732	-280.9869281045752	-434.95098039215685
-121	-94	-166	-527	-529
-120	-174	-245	-208	-615
-119	-519	-104	-174	-382
-119	-22	-394	-264	-626
-118	-123	-333	-57	-575
-118	-63	-458	326	-516
-117	-501	-169	-364	-380
-117	-96	-698	-100	-158
-117	17	-259	-415	-549
-116	-239	-40	-81	-549
-114	-33	-536	-512	-359
-113	-224	-247	-351	-488
-112	-36	-317	-329	-419
-107	-512	-377	-112	-446
-106	-94	-513	-150	-570
-102	-238	-291	-142	-525
-101	-278	-482	333	-511
-98	-521	-249	-102	-422
-98	25	-216	-634	-398
-93	7	-564	228	-501
-88	-392	-198	-135	-449
-83	-97	-224	-210	-587
-82	-130	-237	-499	-442
-80	112	-581	-245	-438
-74	-561	-164	-9	-398
-70	-227	25	-25	-598
-69	-410	-102	9	-489
-65.55751985885342	-30.91356593382136	-608.6714416940827	-102.7709787592213	-472.90627187711186
-65.1196546099909	-353.96850626233635	-142.0984897416894	-106.65252704025431	-470.0508628622722
-65	-337	-94	-305	-421
-64	-185	-243	-361	-432
-57	-292	-620	-141	-307
-56	155	-264	-658	-393
-50	-294	-503	-477	-253
-49	-34	-267	-403	-383
-46	-131	-665	-285	-471
-29	-332	-221	-445	-325
-24	-317	-39	-250	-515
-16	-469	-296	-643	-187
-16	-231	-253	-400	-388
-15	-472	-357	-75	-508
-15	-339	-499	59	-525
-14	97	-170	-532	-542
-8	-168	-543	147	-505
-7	-625	-415	139	-182
3.649838445868994	-695.7067246097322	-315.5815999306172	-114.85950899870488	-281.6722483860699
5	-115	-193	-457	-580
8	-358	-350	-454	-291
9	-605	-291	-368	-364
10	-696	-312	-112	-277
12	-149	-534	26	-548
12	-92	-362	-255	-515
13	-524	2	-108	-373
17	-273	-400	-91	-448
21	-50	-148	-616	-435
22	-614	-220	119	-446
25	-198	-194	-377	-486
32.84617751719631	-411.4013949104202	-340.3914384861944	-392.33714801635307	-317.5598105093994
40	-62	-345	-591	-406
42	-386	-366	-498	-270
42	-373	-312	-188	-616
43	-504	-183	-125	-401
53	-161	-203	-496	-536
54	-444	-170	-338	-421
60.128551891809764	-205.22960036468623	-323.3883908220635	-703.2265613128703	-194.64306336423036
66	-506	-246	-481	-472
78	-249	-603	-643	-306
79	-296	-291	-190	-588
95	-406	-36	-570	-348
117	-725	-126	94	-350
120	-227	-263	-486	-430
121	-406	-95	-628	-252
123	-102	-368	-298	-453
127	-361	-347	-582	-296
136	-520	-301	-177	-533
140	-465	-578	-274	-320
142	-139	-558	-71	-358
149	-182	-316	-193	-629
153	-274	-398	-394	-344
165	-480	-149	-509	-327
167	-436	-567	87	-329
173	-315	-250	-486	-485
180.69118840267504	-609.362997885936	-54.94266395426996	-183.02814501093277	-346.72857090598893
198	-261	-224	-639	-233
199	80	-326	-407	-487
212	-606	-111	-236	-245
215	-62	-348	-261	-515
272	-718	-347	-105	-162
