-832.3946402062661	-48.64344870693023	51.62977576373154
-816.5098039215686	-213.8235294117647	171.68627450980392
-816.5011999494759	-213.82758620689657	171.68422382215485
-816	-214	172
-798	-338	375
-790	170	46
-789.4997783530861	-458.7176825650585	242.22263267947025
-789.4997783530861	-458.6792953968318	242.1502148804975
-789.4927821262838	-458.7266671275051	242.22948087488598
-789.4055574888822	-458.7803817347185	242.31719830684918
-789.4055574888822	-458.7266671275051	242.10660302958908
-789.4055574888822	-458.71768256505857	242.0703832914126
-789.4055574888821	-458.7803817347186	242.31719830684926
-789.4055574888821	-458.7176825650585	242.07038329141258
-789.405557488882	-458.7803817347187	242.31719830684943
-789.2483879253672	-458.7803817347186	242.10501588251213
-789.2483879253672	-458.7529169120432	241.92207771456043
-789.1846581307768	-458.7803817347186	241.88193631906108
-789.1422475106685	-458.7767115203436	241.82192336484306
-789.1422475106685	-458.5231255154397	241.74322021796522
-789.1258758154146	-458.7803817347186	241.80647499396002
-789.1258758154145	-458.7803817347186	241.80647499395994
-789.1258758154145	-458.78038173471856	241.8064749939599
-789.1258758154142	-458.78038173471856	241.80647499395974
-789.125875815414	-458.7803817347186	241.8064749939596
-789.1258758154139	-458.7803817347186	241.80647499395954
-789.1166411639955	-458.7803817347187	242.2672053546663
-789.0636485367103	-458.76856066413984	241.75609210426103
-789.0636485367102	-458.76856066413984	241.7560921042609
-789.0559798915625	-458.6553047834255	241.74322021796524
-789.0477506304813	-458.7655406016287	241.74322021796527
-789.0318825834325	-458.7803817347186	241.75609210426103
-789.0318825834323	-458.7803817347185	241.75609210426094
-789.0159624856914	-458.6553047834255	241.74322021796522
-788.9500164545957	-458.7803817347187	241.88193631906108
-788.5278035598101	-458.1426411499285	241.273381294964
-788.4674584363981	-458.6553047834255	241.27338129496405
-788.4674584363979	-458.65530478342544	241.27338129496397
-788.3184098139815	-458.7521855025939	241.27338129496403
-788.0874221902315	-456.1730126310329	241.2733812949639
-788.0227839909219	-456.3090643935868	241.27338129496394
-785.5279535407819	-456.65216260726356	241.27338129496394
-785.5	-456.75	240.5
-780	-227	229
-774.1428571428571	136.14285714285714	19.285714285714278
-773	135	20
-741.6433793663688	-613.5710804224209	512.272136474411
-741.6433793663685	-613.5710804224209	512.2721364744109
-741.4570893793425	-613.3054896043669	512.0809128630706
-741.4	-613.3333333333334	512.2666666666667
-741.3838502488941	-613.1404704415824	511.9902056807052
-741.3813033281846	-613.132349851307	511.9902056807051
-737.7829457364342	33.30232558139535	-2.480620155038764
-729.4901648924185	11.64966809386727	-237.1868914011052
-729.4901648924184	11.649668093867241	-237.1868914011052
-727.3403474950745	16.000000000000007	-237.18689140110524
-726.4587155963303	193.1467889908257	-493.04587155963304
-726.4587155963302	193.14678899082557	-493.04587155963304
-726.3661971830986	193	-493.07042253521126
-724.3590909090909	-197.21394048988984	4.667659871773822
-724	-198.65888340650375	20.89994431278086
-724	-198.03681913076485	4.878914405010448
-723.2973141117886	-199.08133204572277	4.878914405010448
-723.2973141117885	15.47940741496052	-240.5164835164835
-722.7029472252318	15.618953050482403	-240.51648351648356
-722.6546837577821	-200.1605026421193	4.973484798731079
-722.6546837577819	-200.1605026421193	4.973484798730908
-722	-200.11585103638083	4.196783349101082
-721.9162011173185	-200.1101356743815	4.0973663208300195
-720	99	-317
-719.8925671103091	-194.56544665012393	3.1818181818181586
-719.8925671103091	-88.06827408823493	-58.60444522686302
-719.8925671103088	-194.56544665012376	3.18181818181813
-717.7727652464494	141.3095238095238	-360.203425229741
-717.6416971173365	-93.53268371904181	-61.60150223304913
-716.02722323049	143.36015325670502	-362.6432748538012
-714.4392341409398	145.225692532793	-364.86290322580646
-713.6257208096289	146.1813924687488	-366
-712.1948604822168	147.86233987383412	-368
-711.4794303185108	148.7028135763768	-369
-703	-152.66666666666666	-121.91525423728814
-703	-43.464006192483	-191.99432355723752
-702.9999999999998	-152.66666666666768	-121.91525423728837
-702.9999999999998	-43.464006192482984	-191.99432355723778
-702.985036751839	-43.46298564928259	-192.01207560377858
-702.9850367518378	-43.46298564928259	-192.01207560377992
-702.9850367518378	-43.46298564928256	-192.01207560378
-702.9850367518377	-43.46298564928247	-192.01207560378006
-702.9850367518376	-43.46298564928247	-192.01207560378018
-702.8181818181819	-153.45454545454552	-122.09090909090918
-700.6915834038952	-45.78174428450461	-219.76555461473333
-700.691583403895	-45.7817442845047	-219.7655546147332
-700.691583403895	-45.78174428450467	-219.76555461473322
-700.691583403895	-45.781744284504654	-219.76555461473328
-699.2445683364762	-150.51828335893455	-122.09090909090924
-699.2445683364762	-145.82881036320407	-124
-699.2445683364762	-46.99974583867066	-218.50408277517488
-699.2445683364758	-145.82881036320364	-124.00000000000006
-699.1889626766225	-47.578947368421055	-218.7290007819297
-698.8369254376787	-48	-218.4861547046104
-698.2645468646825	-45.68914200297752	-219.76555461473336
-698.1603285275502	-48.809240835948444	-218.01941741839585
-698.1072186836518	-259.0658174097665	237.91188959660292
-698.1072186836518	-216.5190188847916	65.96941557715945
-698.037928806226	-257.3659427415503	237.24816677436576
-697.4601318265073	-257.9269546581607	236.99999999999994
-697.00191722546	-48.80924083594846	-217.69363500224154
-696.0778617083091	-216.98314933178386	64.04880883207437
-696	-48.80924083594846	-218.67283167523533
-696	-48	-218.74156278504108
-695.4161010398366	-48.80924083594847	-218.52877197772904
-694.4871758317679	13.568704727375163	-240.5164835164835
-691.0068493150686	-155.17123287671228	-43.85616438356169
-691.0068493150685	-155.17123287671234	-43.85616438356166
-691.0068493150684	-274.3820605516763	6.508487622296457
-691.0068493150684	-273.01145344281156	5.666286340665749
-690.0446836268754	-155.17123287671234	-44.11382909328114
-690.0446836268753	-155.1712328767123	-44.11382909328117
-689	-278.6634013711134	5.692501602221796
-689	73	-258
-688.5818667854755	-279.54448652261084	5.84887502784585
-688.5362603377549	-279.51936700334346	5.797587113826353
-688.5347025350068	-279.52239489557616	5.797587113826353
-688.5282381733086	-279.5193670033435	5.7905575602201225
-688.505752411376	-279.50883472388887	5.766105823720466
-688.4139586390914	-279.4658387309226	5.666286340665749
-688.1159032011053	-279.54448652261084	5.797587113826353
-688.0790541200334	-279.52239489557616	5.766105823720466
-687.7829603097682	-279.54448652261084	5.790557560220066
-687.7768598981187	-279.1674231379697	4.9734847987311355
-687.1489107697203	-278.70789330923765	4.196783349101054
-687.1489107697203	-278.39568516757356	4.0973663208300195
-687.0626069905845	-278.83286870988434	4.196783349101224
-686.9711833148144	-278.79004606927884	4.0973663208300195
-686.1292473037664	-278.39568516757356	3.18181818181813
-684.7001743172574	68.18884369552586	-265.5909355026148
-682.335387911204	-270	3.1818181818180733
-681.9782945736434	79.3968992248062	-315.6480620155039
-681.5138607167005	138.0425963488844	-366.83029073698447
-681.0608695652174	505.97391304347826	-495.74782608695654
-680.4586466165414	13.451127819548873	-318.3609022556391
-679.9078544599056	-273.84913649062304	0
-679.9078544599056	-273.84913649062287	-11368683772161603e-29
-679.6935483870969	6.123097814420532	-321.6816552743016
-679.6935483870969	10.976582035889109	-322
-679.6935483870968	6.123097814420376	-321.6816552743016
-679.6935483870968	6.6749320676076	-322
-679.6935483870968	61.42741935483871	-364.86290322580646
-679.6791211666282	6.103044064070218	-321.6798842578847
-679.32271153536	5.852541348442287	-321.8462951825843
-679.3227115353598	5.852541348442273	-321.8462951825844
-679.2979808063851	-370.79322084934205	179.91452560677902
-679.0545856629046	5.835278023995301	-322.0622300557394
-679.0545856629044	5.835278023995301	-322.0622300557396
-679	-8	-288
-678.1587301587301	61.73015873015872	-366
-678	-381.3124584875226	181.64702533447198
-676.5480093676815	-384.01873536299763	182
-676.5480093676815	-383.41026915880445	181.647025334472
-676.5480093676815	-368	178.57367494071357
-676.5480093676815	-281.47515555662295	80.39043712716017
-676.4834151294635	-383.50359378447416	181.647025334472
-676.4834151294635	-380.66441196394015	179.99999999999997
-676.4834151294635	-377.3292243598663	178.5736749407136
-676.4834151294635	-376.6028521090772	178.57367494071354
-676.4834151294635	-281.68141817566425	80.4689879844305
-676.1982759954583	-383.9155578184026	181.64702533447198
-676.193264952108	62.717324081755784	-366.00000000000006
-675.2539682539682	62.96825396825396	-368
-674.5663749537779	-383.43411808209044	180
-674	-381.4454197197663	178.57367494071352
-673.8458135257989	63.58730158730158	-368.00000000000006
-673.8015873015873	63.58730158730158	-369
-673.575557746826	-383.14180944163684	178.99999999999997
-673.0623951572752	-382.999475124059	178.57367494071372
-673.062395157275	-382.99947512405896	178.57367494071363
-673.0623951572749	-382.99947512405896	178.57367494071357
-670.9954710144928	-234.07267020310417	-63.42104223161846
-670.9954710144928	-99.77807971014494	-144.92753623188406
-669.9901897917816	-281.68141817566425	77.60253782960396
-669.9457544336008	-382.00763102725364	178.57367494071354
-668.7787002096436	-382.00763102725364	177
-668.7787002096435	-382.00763102725364	176.99999999999991
-668.7787002096433	-382.0076310272536	176.99999999999986
-666.9872611464968	178.57961783439492	-389.29936305732485
-666.0636990844603	180.11300387424953	-391.1903114186851
-665.4126055880442	-237.31319038336582	-67.64197530864197
-665.002158517139	-98.35111325936089	-149
-664.1904938043277	185.05058257813945	-391.3667468096911
-661.9639344262296	-370.70983606557377	172.99999999999997
-660.250406504065	-367.30853658536586	172.99999999999994
-660.1509433962265	-171.93114180120585	-251.25403617973157
-660.1489361702128	-171.93617021276594	-251.25531914893617
-660.1085271317829	-171.95348837209303	-249.1608527131783
-659.9947643979058	-172.08376963350787	-249.08900523560212
-659.9885222381636	-172.13199426111908	-249.06599713055954
-659.9755639097745	-172.21992481203006	-249.04887218045116
-659.8969072164948	186.13539518900342	-395.70996563573885
-659.3760283145208	50.5460110962311	-386.64224220394107
-659.1818181818182	-170.27272727272728	-251.39393939393938
-659	50.36012627489072	-387.19742593491986
-659	50.425179235380966	-387.43872640586363
-659	50.59936908517352	-390.4321766561514
-658.8850574712644	-174.9407407407407	-246.78148148148148
-658.8850574712644	-174.20374744134782	-246.8755786490316
-658.8850574712644	-173.79597252855632	-247.1494970143633
-658.8850574712644	-173.10930044116319	-251.52591458839768
-658.8850574712644	-51.845013644256944	-300.98819565037627
-658.67437373386	-175.04327991353085	-247.0370997383455
-658.67437373386	-174.94074074074072	-248.19314039830908
-658.67437373386	-174.9407407407407	-249.05825429153816
-658.67437373386	-174.20374744134782	-250.59383838021853
-658.67437373386	-173.79597252855632	-251.03713020097322
-658.67437373386	-173.30485675616913	-251.57102181154957
-658.67437373386	-170.2092967167325	-251.6382644985119
-658.4890510948906	-173.47687293933788	-251.61069924339165
-658.4890510948906	-52.37064800714171	-300.9041511316494
-658.1712802768166	50.25951557093427	-391.1903114186851
-658	-341.7960998162527	110.28498607077233
-657.75	-176.25	-249.5
-657.7442795172802	-170.4447482576416	-251.87766493287594
-657.7298036212338	-174.1816052549644	-251.77325353279068
-657.2421259842522	-174.63426687362505	-251.87766493287558
-657.2421259842522	-53.984251968503735	-300.6377952755907
-657.2421259842521	-53.98425196850379	-300.6377952755906
-657.242125984252	-174.63426687362514	-251.87766493287555
-657.242125984252	-53.98425196850395	-300.6377952755905
-657.242125984252	-53.98425196850394	-300.6377952755906
-657.2421259842519	-174.63426687362525	-251.8776649328756
-657.2421259842519	-53.98425196850406	-300.6377952755905
-657.2421259842517	-174.63426687362536	-251.87766493287566
-657.2421259842517	-53.984251968504225	-300.6377952755905
-657.2421259842515	-174.63426687362582	-251.87766493287597
-657.2421259842513	-174.63426687362596	-251.87766493287597
-656.7577631140109	-175.08385173098986	-251.9813666439977
-656.7577631140109	-172.68992511912924	-252.14360313315927
-656.690517929497	-175.14626860591076	-251.99576378532964
-656.690517929497	-173.5934681710434	-252.09679761224905
-656.6782171296281	-175.15768618907885	-251.9983973769464
-656.6782171296281	-173	-252.14360313315927
-656.597382151655	-174.5850661572494	-251.99839737694646
-656.4720239794459	-176.35398230088498	-250.4794461889811
-656.4720239794459	-175.34907434806	-252.04254316889146
-656.4658354582891	-173.5934681710434	-252.16070835414763
-656.3238548262912	-174.48147697604765	-252.14360313315927
-656.2981620149762	-175.51045275111213	-252.0797668793001
-656.2981620149762	-172.68992511912845	-252.27433628318582
-656.2981620149761	-172.68992511912873	-252.27433628318585
-656.2981620149758	-175.51045275111255	-252.07976687930022
-656.2981620149758	-175.26357090887123	-252.09679761224905
-656.2981620149758	-174.5850661572494	-252.14360313315922
-656.2981620149758	-174.48147697604762	-252.1436031331593
-656.2981620149758	-172.68992511912933	-252.2743362831859
-656.2981620149758	-172.68992511912924	-252.27433628318593
-656.2981620149757	-174.58506615724946	-252.1436031331593
-656.2981620149757	-172.6899251191295	-252.27433628318596
-656.2256840994953	-175.5842872092013	-251.1115716366081
-656.2256840994953	-175.5777266387191	-252.0952843442334
-656.2186160305932	-175.5842872092013	-252.09679761224902
-656.2186160305932	-173	-252.27433628318582
-656.165186090595	-175.12120317071708	-252.1436031331593
-656.165186090595	-173.5934681710434	-252.24622781651343
-656.0740598367495	-175.71846404186843	-252.12774698012157
-656.0740598367495	-175.48860920916312	-252.1436031331592
-656.0740598367494	-175.4886092091623	-252.14360313315925
-656.0740598367494	-173.5934681710434	-252.27433628318585
-656.0159891863407	-175.78720626631855	-251.1115716366081
-656.0159891863407	-175.77236512860546	-252.14017986088786
-656	-175.78720626631855	-252.14360313315927
-655.9201061019687	-175.86136365731102	-252.16070835414766
-655.7946223517063	-176.23212181427485	-250.77684093288153
-655.7946223517063	-175.97783747772436	-252.1875743267887
-655.6882405879705	-176.35398230088498	-250.72791360431995
-655.6882405879705	-176.07658086416833	-252.21035057907676
-655.5206676375042	-176.35398230088498	-251.1115716366081
-655.5206676375042	-176.23212181427485	-252.24622781651343
-655.4015748031495	-176.2755905511811	-252.26771653543304
-655.3893805309735	-176.35398230088498	-252.2743362831859
-655.3893805309734	-176.35398230088504	-252.27433628318587
-655.3893805309734	-176.353982300885	-252.2743362831859
-655.2449490733006	-175.33085657037955	-252.27433628318593
-655.2449490733005	-175.33085657037972	-252.27433628318596
-652.7096774193549	-269.51612903225805	-37.580645161290334
-652.3270013568522	107.43554952510175	-577.2754409769336
-652.1258758154142	-344.3426823156605	105.89759502774359
-651.9859726980173	106.68239101525168	-577.4972460585917
-651.9859726980172	106.39782117925394	-577.0296212030917
-651.9859726980171	106.6823910152516	-577.4972460585919
-651.5317691080849	106.50056234958988	-577.8967906265591
-650.8789174314181	106.23921005763417	-578.4710778996723
-650.878917431418	106.23921005763412	-578.4710778996723
-650.878917431418	106.33854202700448	-578.5204678362574
-650.8365541381154	106.37489545664154	-578.5549333559063
-650.8365541381153	106.22225100828932	-578.5083431791538
-650.7997823024714	106.19515943142525	-578.5203611217828
-650.7997823024714	106.20753035447396	-578.5406898789848
-650.7997823024712	106.19515943142524	-578.5203611217829
-650.6907251736912	106.19125383876788	-578.6502377823269
-650.6907251736911	106.19125383876788	-578.6502377823272
-650.680611812006	106.1922151076717	-578.6616251216494
-650.680611812006	106.29310286661548	-578.6965040338072
-650.6686995633074	106.1933473596968	-578.6750379533313
-650.6643684273678	106.19125383876786	-578.6366796160074
-650.6496350364972	106.29310286661547	-578.6750379533314
-650.6496350364971	106.19515943142466	-578.6965040338071
-650.6496350364964	106.19515943142521	-578.6965040338072
-650.6162162162162	106.27567567567566	-578.7075675675676
-650.1185567010309	-344.04264292408624	103.5
-649.5594627545643	-271.5186477926443	-74.7850416463283
-648.8281491180621	-185.90283842794761	-179.19617837966206
-648.5	-279.14473826812616	-74.35970521296198
-648.5	-276.1696925072936	-76.00000000000003
-648.5	-185.8644114411441	-180.0514301430143
-648.3340611353713	-276.4984298164683	-76.00000000000003
-648.3340611353713	-185.90283842794764	-180.20851528384273
-648.3340611353711	-279.4810220905706	-74.31175972546868
-648.3340611353711	-276.4984298164686	-76
-648.3340611353711	-185.90283842794761	-180.20851528384284
-645.132318501171	-394.1370023419204	182
-644.9052192066806	-182.92697286012526	-181.97891440501044
-644.7825851289477	-394.03382479732534	181.64702533447198
-644.3742946781302	-282.97041984732823	-75.04781712724542
-644.3742946781302	-282.9507329117525	-76.11552335029899
-644.331106870229	-282.97041984732823	-76.14694656488555
-643.8716917784087	-282.83488425110363	-76.61061946902657
-643.1506840872673	-393.5523850610132	180
-642.4198595862275	9.45735305101202	-401.4677347075958
-641.5361171535681	-282.15724889948604	-78.85255546482554
-641.5361171535678	-282.15724889948604	-78.85255546482557
-641.3908484270734	-271.41086749285034	-78.85605338417542
-641.3893805309735	-271.4122026943973	-78.8525554648256
-641.2188973425897	-392.9649547909868	178.57367494071354
-640.503376858547	-277.52803636763883	-78.8525554648256
-640.486116913725	-281.5630843872631	-78.8525554648256
-640.1436260623229	0.8957507082152745	-401.26033994334284
-639.3893805309735	-460.353982300885	250.72566371681418
-639.293381969776	2.4226159458051058	-401.6221990620114
-637.351266166721	-391.08797956743825	177
-637.351266166721	-391.0879795674381	176.9999999999999
-636.6496350364964	3.1951594314252745	-401.6965040338072
-635.3893805309735	4.646017699115049	-402.2743362831858
-635.3839662447258	4.604909858074421	-404.7836593785961
-630.868131868132	-219.28812016385984	-162.29377722868847
-630.868131868132	-219.00000000000094	-162.65934065933953
-630.868131868132	-219	-162.65934065934067
-630.8495350803042	-219.32206255283182	-162.29923922231615
-630.7455621301775	-217.84615384615387	-164.04142011834318
-629.2290179821651	-216.69770293795034	-166.2091330815528
-628.6909090909091	-399.6727272727273	143.34545454545454
-627.7197293447293	-396.9772079772079	142.31481481481478
-626.1209913841335	-396.0317000159557	142.31481481481475
-625.7022072940574	-213.11891076935723	-166.20913308155284
-625.5627530364372	-213.99093888567575	-166.64083285135916
-624.0231059955335	-349.9547042318044	113.43197045181242
-623	-373.13458965858194	67.6340371081254
-620	-529.0000000000001	263.62711864406776
-618.8617737074808	-528.788172068239	263.10855283738965
-618.7542155849849	-323.6978929902007	10.960683760683821
-618.1258758154142	-375.64164790501366	64.39770709363961
-617.7345177345177	-322.5049455049455	9.609336609336594
-616.568345323741	-287.33678452274484	-75.04781712724542
-616.4336283185842	-377.21238938053096	64.0353982300885
-615.4266994266994	-287.9514953704949	-75.81744507719728
-615.4166666666667	-320.33333333333337	7
-615.1965811965813	-324.61538461538464	10.960683760683821
-614.8909201706277	-516.4998171846436	262.8988421694089
-614.7089142310308	-320.03166836076724	6.5126950443163025
-614.7089142310308	-288.6083054591868	-75.9813812873511
-614.5	-289.25239693192714	-65.86505273250239
-614.5	-288.8022193211488	-76.0261096605744
-612	-89	-257
-611.7699115044247	-291.3362831858407	-76.61061946902657
-608.8192303095495	-7.173329747818812	-400.8702342536154
-607.0506329113924	-424.8354430379747	183.56962025316454
-606.975221238938	-424.8274336283186	183.49999999999997
-605.3504424778762	-424.6548672566372	182.00000000000003
-604.3893805309735	-5.353982300884951	-401.2743362831858
-604.1422475106685	-488.8811153354837	193.85515037311922
-604.1258758154142	-488.9104286956557	193.85320501724792
-601.5	-420.75	182
-600.0231059955333	-488.9547042318044	194.43197045181242
-598.0670016750419	-514.5910913226792	152.2063979481007
-597.2358078602621	-516.085152838428	149.8056768558952
-597.235807860262	-516.085152838428	149.80567685589517
-597.235807860262	-516.0851528384279	149.8056768558951
-597.0131684625082	-515.9387831425569	149.58095565486428
-596.0405637676178	-512.3726366448952	149.58095565486425
-594.3670468130874	-193.35654592476195	-200.00143837883866
-594.2050715733858	-200.16858757756344	-201.66118142163793
-594.0730205429438	-200.33901592738766	-201.25976574788456
-590.700392356924	-430.33885500834447	6.996545666719868
-590.700392356924	-419.8147574290498	6.107211232678338
-590.6861826697893	-430.36533957845444	6.999999999999972
-590.6861826697893	-428.1886986448409	6.5126950443163025
-590.6861826697892	-429.525311594503	6.5126950443163025
-590.6861826697892	-429.2974101400772	6.380488129462293
-590.6861826697892	-428.6415155660908	6
-590.6861826697892	-426.6673221459884	5.999999999999972
-590.6861826697892	-419.89671986818587	5.81898710392241
-590.6861826697891	-429.02137566881595	6.220358980963596
-590.420637999676	-430.2869991934107	6.7319942889060655
-590.2033525346649	-430.22289612937215	6.5126950443163025
-590.2033525346649	-430.2228961293721	6.512695044316246
-589.9137009328825	-430.13744377213794	6.220358980963624
-589.7382242110222	-228.82478304965343	-177.16940013494417
-589.7382242110222	-203	-195.5599387658973
-589.7035784088348	-430.0754539026624	6.008289062745035
-589.6953654628373	-430.0730309380007	5.999999999999972
-589.5160147707236	-430.02011930444377	5.81898710392241
-589.2241653418124	-229.61605723370428	-177.3441971383148
-588.0175489067894	-428.84910817031067	4.999999999999972
-588.0175489067893	-428.8491081703106	4.999999999999943
-587.9716302413124	-429.2845995448141	5
-587.9457667644822	-429.52988805564615	5
-587.9457667644821	-429.5298880556459	4.999999999999943
-585.5266331658291	-140.2902289223897	-319.68431044109434
-584.4070096696536	-144.46369101323455	-320.6387858513244
-584.2619535799229	-144.61620101725487	-320.6387858513245
-584.2619535799229	-144.54941359796615	-320.7270565078324
-584.2103637898696	-144.61620101725487	-320.71047407531523
-563.901803920637	-572.746076525407	454.6029711634021
-563.5544002757356	-582.6130227481622	448.8650333180142
-563.554400275734	-582.6130227481625	448.8650333180142
-563.0689167986524	-575.4997800468911	448.1110899296778
-562.6718008472261	-583.093923365088	448.5288808280951
-562.1235871734632	-583.093923365088	448.1110899296778
-561.3806817640955	-80.70502422632816	-342.96333685543215
-539.625	-536.5	384.75
-539	-537	385
-534	-544	392
-525	37	-408
-524.8921377517869	401.40480831708896	-588.5185185185185
-523.6692431605109	402.14336070961235	-589.6108026426764
-523.3106743342826	402.81469859722165	-590
-497.0939839985339	-23.107807611956158	-435.0173916264778
-497.01112564646627	-21.60535128070991	-435.078939579145
-497	-23.49152882266435	-436.67387182634695
-497	-7.593449948372665	-437.3714854027737
-495.2189536779888	-23.954239470804463	-439
-495.21895367798874	-23.95423947080447	-439
-495.2189536779887	-23.954239470804467	-439.0000000000001
-495.2189536779886	-23.954239470804588	-438.99999999999994
-495.0000000000001	-23.942713956197498	-439.2310303521925
-495.0000000000001	-23.94271395619749	-439.23103035219253
-495.00000000000006	-23.942713956197494	-439.23103035219253
-494.20448545395936	-23.900838822586223	-440.0704225352073
-494.2044854539558	-23.900838822585797	-440.07042253521126
-494.2044854539557	-23.90083882258604	-440.07042253521104
-494.2044854539557	-23.900838822586035	-440.07042253521115
-494.2044854539556	-23.900838822586024	-440.07042253521126
-494.2044854539555	-23.900838822586024	-440.0704225352113
-494.20448545395544	-23.900838822586227	-440.07042253521115
-494.20448545395544	-23.900838822586017	-440.0704225352114
-494.2044854539554	-23.900838822586426	-440.07042253521104
-493.88787222885605	-24.676094890510957	-436.716099281844
-493.6658322539935	-23.872484627391476	-440.6387858513245
-493.6658322539935	-23.87248462739147	-440.63878585132454
-492.86103325748604	-4.124925592289852	-444
-492.6978782200519	-25	-435.60362841405936
-490.2552134269971	-12.626501264222505	-444
-490.11352687990285	-24.676094890510953	-437.78428445777166
-490.06678325764665	-22.11661856742163	-444
-487.1	-236.6	-89.30000000000001
-487	-237	-90
-487	-236.83333333333334	-90.16666666666666
-485	-92	-321
-483.68785310734467	-25.000000000000004	-425.47467715899916
-480.4578390111051	-321.0999570809537	-45.48645529763036
-480.4578390111051	-313.3297581086739	-46.19656488549617
-479.48187022900765	-321.54484732824426	-46.19656488549617
-477.6949956859362	-321.0176876617774	-48
-477.5109255782368	246.91355410857673	-587.890504534015
-477.51092557823677	246.9135541085767	-587.890504534015
-477.3761098310569	246.867317494291	-587.9786526997987
-477.3761098310568	246.86731749429097	-587.9786526997988
-477.3761098310568	246.867317494291	-587.9786526997989
-477.3761098310567	246.8673174942909	-587.9786526997989
-476.89923207293793	246.70376677099046	-588.2904552937875
-476.87842669845054	246.69663132802208	-588.3040587165171
-476.70744401314914	248.60366129903264	-588.5185185185185
-476.65855355486957	246.70376677099048	-588.5185185185185
-475.8693507899258	255.62580359745138	-589.6108026426764
-475.5530605967395	255.26771249871837	-590
-475.5118212384291	255.02872570719728	-590
-475.4768497723478	246.86731749429097	-589.6108026426764
-475.1084756304308	245.62672022026712	-586.9317512821451
-475.03484270186476	247.0617920833237	-590
-474.5361112100756	245.29643308968238	-586.5203590307342
-474.53611121007555	245.29643308968235	-586.5203590307342
-472.7454167333227	-37.03481043033115	-373.2151015837466
-472.6673867989497	245.29643308968232	-586
-472	-29	-439
-467	-252.13251575540795	-135.83835803099984
-465.37132279765933	-253.5711556068628	-137.21547709088014
-464.45756688275355	-531.0937839349765	356.8462601599263
-464.2770793172503	-254.02521008403363	-137.82702223428348
-463.9487836107554	-530.1382842509603	350.64916773367474
-463.9169861488993	-255	-135.61646673262427
-462.5635693126171	-254.0252100840336	-139
-457.1372029118257	-253.08287133008724	-143
-455	32.07010624085501	-465.88332591131746
-453.93548387096774	31.853803389774864	-466.8885856237264
-453.93548387096774	92.2741935483871	-502.6290322580645
-453.67700330400857	31.801281796106803	-467.132677839258
-450.58186244674374	33.45283018867924	-469
-449.5556161970146	92.11622095194326	-506.10752688172033
-441	-39	-438
-438.02607806374635	-42.755070734617355	-444.13891256178624
-435.38779658640874	-295.73760207479063	-51.74040584586268
-432.71449067431854	-204	-188.9842180774749
-430.6916888898685	-294.90619972230184	-55
-428.1248240262788	-271.6623900929372	-180.0221391011714
-428.12482402627876	-271.66239009293724	-180.02213910117143
-428	-271.88944169695526	-180.04847166775903
-414.81191524490924	255.680389478136	-657.9950377805037
-414.81191524490924	255.68038947813605	-657.9950377805038
-414.8	255.6261261261261	-650.2927927927929
-414.8	255.66917740336967	-657.9974231912785
-414.4102011244585	255.02872570719728	-655.7098246931637
-414.4102011244585	255.30238224559372	-658.0754602307824
-414.3765625947975	254.86403970350875	-652.778112860967
-414.26752633164773	254.86403970350875	-655.7098246931636
-414	-168.91957445911393	-258.63972740345883
-413.2100526275648	254.8467033808913	-658.9299241784823
-413.2100526275646	254.84670338089134	-658.9299241784825
-413.2100526275646	260.6126153611471	-659
-413.1240656149889	260.4017186679157	-659.0684575913415
-413.0940694175585	254.86403970350875	-659.0684575913413
-413.0940694175583	254.86403970350878	-659.0684575913416
-413	-168.91957445911393	-259.9805274070259
-411.99228954345347	255.02872570719722	-660.3844526062315
-411.99228954345347	255.02872570719725	-660.3844526062317
-411.99228954345347	264.97911113285323	-660.556467964287
-411.9922895434531	255.02872570719714	-660.3844526062315
-411.9922895434531	255.02872570719728	-660.384452606232
-411.7620540379401	255.39281271101402	-660.556467964287
-411.2275583006496	-169.2703732430938	-261.76106705031816
-411.2275583006496	-169.27037324309373	-261.7610670503183
-411.2275583006495	-169.2703732430938	-261.76106705031833
-411.22755830064943	-169.27037324309381	-261.7610670503184
-411.2275583006488	-169.27037324309373	-261.7610670503192
-410.2373191504124	-169.08831202704152	-262.6387858513244
-410.17589316304526	259.09658598520724	-661.3311533888228
-409.752436309671	260.21732624288893	-661.4923076923077
-409.366664314609	265.30178537778335	-661.4923076923078
-408.4609469808992	264.1241446476102	-661.4923076923078
-406.28205128205127	-189.84615384615384	-303.33333333333337
-406.00492200930245	42.80142674527252	-500.9763460912249
-406.0049220093024	42.80142674527259	-500.97634609122497
-405.66269841269843	-189.3015873015873	-304
-405.54588136069725	245.2964330896823	-589.6108026426764
-405.3176011408101	245.62672022026715	-590
-402.04258854054365	-53.23326133909289	-397.1325279247709
-401.6908954647837	-53.25227136005162	-397.6277897980581
-401.56371490280776	-53.23326133909289	-397.7796976241901
-401.5589163838322	-53	-397.77969762419013
-401.3556291338476	-52.7247092025308	-397.87444891700216
-401.08209912720895	-52.05621433147358	-397.9990000666623
-400.461237152988	-50.210986067498034	-397.99900006666235
-385.6034482758621	-343.0344827586207	-88.15517241379311
-376	478	-675
-364.7538688282977	-22.602800294767874	-456.7803979366249
-363.6742194862477	-23.872484627391472	-456.3940630656786
-363.6501090932945	-23.900838822586024	-456.3854355556276
-363.6145014550097	-23.942713956197494	-456.37269394424914
-362.8466973203995	-24.676094890510953	-455.345568814829
-362.5021929824561	-25	-454.8618421052632
-355.4995099823593	56.95109343936382	-595.465947974127
-354.3943661971831	56	-593.8450704225352
-354.3435754189944	55.99999999999999	-593.782122905028
-348	-46.50929335437489	-426.25629785493015
-347.85094699984086	-46.6319035492599	-426.33777653986954
-347.73473375671716	-46.99999999999999	-426.00048851978505
-343.86143684967567	-47	-420
-343.2802173082773	-49.83817157287554	-419.9945393433234
-343.24206989247307	-47	-421.257123655914
-337.75828460039	-293.88109161793375	-98.37037037037018
-337.75828460038986	-293.88109161793375	-98.37037037037041
-334.5882352941177	-99.36159777154317	-395.4768724301774
-332.6094016762378	-304.2068038957008	-141.00000000000003
-332.6094016762378	-304.2068038957007	-141.00000000000006
-332.5213162937456	-100.09896696298644	-397.60782053683346
-324.8345323741007	-36.34422747516274	-581.4043850633778
-324.6363636363636	-37.28029578077425	-581.4695084819487
-324.6363636363636	-36.34422747516274	-581.5939782797692
-324.2263440485322	113.70563419566278	-624.2611045254864
-324.00000000000006	-37.28029578077424	-581.9071985979306
-324	-37.42583732057416	-582.0717703349283
-323.76	-37.48072727272727	-582.2989090909091
-323.76	-36.09090909090909	-582.370109941692
-323.6277099877332	-208.1768222609594	-221.0901284782749
-323.16860465116287	-426.5418482522786	-12.019251288775763
-323.1686046511628	-421.0232558139535	-13
-322.2532751091703	-37.825327510917035	-583.7248908296942
-322.16108123634405	-37.83337138282954	-583.7955625817907
-322.0374437185414	-37.830743559811275	-583.9255793897414
-322	-429.2845995448141	-11.52758209602257
-321.9871764743092	-37.83337138282954	-583.9687302510224
-321.95671258160104	-37.85308135901333	-583.9469164954153
-321.9531934250791	-37.83337138282954	-583.9975698611288
-321.93517770910466	-37.85308135901333	-583.9687302510224
-321.91603920627654	-37.867670526367675	-583.9469164954152
-321.88803514507197	-37.87771532673784	-583.9469164954152
-321.8281145872641	-37.837882712906314	-584.0969075802705
-321.7679657178724	-37.867670526367675	-584.0969075802705
-321.71699472989684	-37.84189057197685	-584.1851590652941
-321.7135875132232	-37.842013463101566	-584.1878650796679
-321.7045055436996	-37.85308135901333	-584.1851590652941
-321.67933858804884	-37.867670526367675	-584.1851590652941
-321.6528384435989	-37.87771532673784	-584.1851590652941
-321.6528384435989	-37.867670526367675	-584.2115468892673
-321.58763558270067	-37.84655628379227	-584.2878962097788
-321.49089996369275	-37.867670526367675	-584.2878962097788
-321.40672467363026	-37.85308135901333	-584.4315758072936
-321.2797846889953	-427.83550924879654	-12.999999999999943
-321.2797846889952	-425.88207107718665	-13
-321.2797846889952	-420.186004784689	-13.000000000000057
-321.00223285717846	-37.867670526367675	-584.7528235511942
-320.72373584299385	-37.87771532673784	-584.9740061162079
-320.04347826086956	-37.65458937198068	-585.3550724637681
-319.41637265143873	-433.0659237100065	-11.52758209602257
-317.95747565635395	-432.6355232343153	-13
-314.8039793662491	-143.8249819628298	-338.0871438382326
-314.8039793662491	-51.791451731761235	-422.45983787767136
-313.609865470852	-148.78475336322873	-338.3318385650224
-310	-141.66507177033492	-407.2918660287081
-305.93886462882097	-142.5938864628821	-411.1353711790393
-304.5015607565192	-142.6299540062806	-412.47183314428815
-301.7455621301775	-209.84615384615387	-209.04142011834318
-301.6957656657861	-217.6267564906138	-212.869062319271
-301.22115384615387	-141.7403846153846	-412.86538461538464
-293.56756756756755	-275	-196.21621621621622
-293.1494524089421	-275.52284841362143	-195.42774148062668
-292.58058198097365	-276	-194.64913262451034
-289.12460894497553	-190.57883273534608	-340.05631885538355
-289.03129445234725	-190.72688477951613	-340.08108108108104
-289.01384977104726	-190.75456237442785	-340.08571025628635
-288.85940979429427	-190.97259528278497	-340.08571025628635
-288.8391500063784	-190.99833303910725	-340.0813626623129
-288.83915000637825	-190.99833303910748	-340.0813626623129
-288.8378378378378	-191	-340.08108108108104
-287.8709677419355	-238.4516129032258	-263.258064516129
-287.69718309859155	-192	-338.4225352112676
-280.23223597786716	-154.3735122009474	-408.92185820628157
-279.2454242928453	-573.9376039933445	403.410149750416
-276.5	-85.02857142857144	-419.12857142857143
-276.02607806374635	-152.75507073461733	-409.1389125617863
-249.0428754031359	168.5405777830222	-653.8896865913792
-248.5921904515527	166.16835655715872	-654.75272607684
-248.59219045155268	165.94205190031033	-652.778112860967
-248.59219045155263	165.94205190031028	-652.7781128609669
-247.57965887305585	165.94205190031033	-655.7098246931635
-247.57965887305573	165.94205190031033	-655.7098246931636
-247.5796588730557	165.9420519003103	-655.7098246931637
-247.57965887305562	165.94205190031028	-655.7098246931637
-247.27081766412377	165.94205190031025	-644.6734038664594
-247.27081766412374	165	-651.0591490276137
-247.21211352150596	165	-652.7598040297486
-242.8641459457346	171.84162170615377	-659
-242.41254416961132	159.30742049469967	-632.0424028268551
-242.40976430369767	173.3112117232349	-659.0684575913415
-241	158	-631
-241	158.16666666666669	-631.1666666666666
-240.6201117318436	396.8156424581005	-667.1787709497207
-238.9322033898305	399.37288135593224	-669
-238.30711062080036	401.08574365660405	-669.7538461538461
-234.9157412124299	399.4023688232296	-669.7538461538461
-214.4285714285714	-387.2352941176471	-22.260504201680646
-158.47368421052633	79.78755980861249	-661.8382775119618
-158.1897435897436	79.42042939516624	-662.0175536743958
-157.00000000000003	-275.52284841362143	-201.2044444013515
-155.13515298261066	-279.4133832269425	-200.4475016508915
-154.7898686679175	78.64285034605959	-665.2352343420379
-154.6088314152994	-279.35888382562257	-201.00000000000003
-154.60883141529936	-279.35888382562257	-201.00000000000006
-154.4140733713687	-279.3387170730977	-201.2044444013515
-150.39483394833948	77.63767015660588	-669.3947456699448
-150.39483394833948	306.76352287315615	-677.067687529184
-150.0344827586207	77.55525490843095	-669.7357861738988
-150.0344827586207	77.61626835419924	-669.7538461538461
-150.0344827586207	306.6827391732403	-677.4077157755279
-149.57200018615248	-270.7486778668391	-207.00000000000003
-149.00000000000003	77.31866028708137	-670.7148325358851
-149	77.31866028708134	-670.7148325358852
-149	306.4508283397956	-678.3838561861121
-148.33447730588347	77.31866028708139	-671.0023825897485
-148.33447730588344	77.16644983359441	-671.3446908559629
-148.2039390088945	77.13659466327826	-671.4682337992376
-145.21753295370127	-256.0815902096215	-207.00000000000006
-144.0421052631579	305.30526315789473	-682.978947368421
-141.60115606936412	305.728323699422	-685.0000000000001
-140.58742331288326	309.0398773006134	-685.0000000000002
-134.9516129032258	-193.6693548387097	-322.3467741935484
-131	267	-685
-130	-111.01435406698565	-466.37320574162675
-127.34615384615387	489.0384615384615	-700.8461538461539
-127.34615384615384	262.34108714358865	-691.9792065905408
-126.8992805755396	-111.72351382052251	-469.3077622112836
-126.567148554337	262.27305583250245	-692.7075024925224
-126.56714855433694	262.2730558325025	-692.7075024925225
-126.1909277901982	-111.88551986425131	-469.97815542152534
-125.73684210526315	-111.98937295391589	-470.407907328129
-125.53675992192582	-112.03513337670788	-470.5972674040338
-121.40778744684104	-111.43311028582983	-472.89205100991194
-116.45605821855374	-112.03513337670788	-472.89205100991194
-112.8141178771496	-264.11536491438846	-253.12068740715904
-93	56.95109343936382	-612.2667992047714
-89.90640517531308	56.95109343936382	-612.4557210261263
-89.90640517531307	55.3710844722424	-618.2390362912768
-89.76164290168093	55.37108447224239	-618.4973621927944
-89.76164290168091	55.297149227518545	-618.5185023068046
-89.75794938351716	55.295262816353016	-618.525632706035
-24	-199.81545311399069	-362.77739261713
-23.882701097784917	-200.01255029886318	-362.7301441575185
-23.839539131537407	-200.00265102787438	-362.77739261713
-22.551595276177522	-194.1633851456691	-364.98813311049923
-22.550100512181928	-198.5562520162716	-364.98813311049923
-22.550100512181928	-194.1681484146183	-365
-21.820004371223632	-199.53946726676105	-364.98813311049923
-21.8091638424888	-199.53698097290246	-365
-14	-270	-246
2.190634670403412	-30.75369543737301	-627.1859096716569
2.1906346704034263	-32.87422170930759	-628.7765910899799
3.561403508771946	-33.18772769243684	-630.0739024594981
4.999999999999957	-32.87422170930759	-630.2883247508596
4.999999999999972	-33.51674641148324	-631.4354066985645
5	-33.516746411483254	-631.4354066985646
6.651842439644128	-33.894536213468854	-632.9987293519695
6.651842439644156	-33.894536213468925	-632.9987293519695
6.651842439644213	-33.89453621346887	-632.9987293519696
9.061135371179034	-31.593886462882097	-633.1353711790393
21.298701298701303	-184	-415.23376623376623
