-730	188	-312	-82	-174
-726	-183	-374	91	-368
-685	-83	-330	-189	-344
-673	143	-49	-280	-298
-661	-152	-144	-74	-212
-644	-72	-421	278	-487
-626	-655	-347	-223	172
-610	-384	-169	-153	-148
-583	83	163	-379	-213
-578.8175565765035	-610.9715164696571	-313.2982258330622	-240.29920009873706	-70.0066502776442
-575	-386	-176	-361	173
-559	-359	-254	-101	-215
-556	-101	-8	-287	-17
-554	-361	-260	-100	-205
-554	-97	-102	-344	-152
-548	34	-396	-49	-60
-543	-246	-258	173	-285
-541.4675564187104	-461.9415149872785	-396.73982656609905	-87.88948858076267	-235.59991644460504
-539	-178	-66	-348	-298
-538	-196	-184	-221	-219
-538	-12	-114	-198	-261
-537	-419	-431	-37	-228
-537	-155	-273	-281	-175
-536	-10	122	-465	-389
-535	-124	-355	-119	-159
-532.4221032628068	-306.93207301262873	-353.6269836077542	-259.90297800939396	-272.7195521346785
-532	-21	56	-293	-616
-531	-24	-567	14	-83
-529	-257	-51	-169	-284
-529	-137	-345	-370	-282
-527	-340	-97	-281	-144
-527	-314	-277	-319	-60
-526.1432010869997	-434.4008788170138	-405.36190415650253	-61.573408236724376	-304.0759707908559
-525	-51	-385	-102	-121
-524.3986626330876	-426.22793516331814	-390.35983423534077	-65.92029726959393	-295.7280479192276
-523.7203146750439	-428.07689209565416	-389.62805319088875	-67.84579697893436	-292.61725760568993
-522.8146571523379	-429.8824515585558	-391.49542265794236	-65.9486599071223	-294.65797960280025
-522	-63	-400	-90	-288
-521.2673216511477	-51.9239596876632	-485.14736410635174	80.50072423979236	-343.5322722096106
-521	-254	-355	-158	-242
-520	-158	-205	-136	-294
-517.354258825028	-307.5134681587994	-339.2562581436948	-250.7764848433483	-263.8113277425535
-513.5347047980409	-276.029094883575	-364.8718933725783	-235.1482757689046	-344.93472948778214
-512	-444	-303	30	-470
-512	-348	-360	-192	-4
-512	-315	-222	-106	-307
-510	-398	-268	-218	-167
-508.24312040512564	-367.1719431579399	-521.0867554842446	-191.8465002216428	-298.38651423232625
-507.8687661270158	-367.2671554094274	-521.1422216443799	-191.75736023521986	-298.70271576947465
-506	-282	-106	-355	-83
-505.0751949654695	-425.95537556031286	-359.7938023463555	-243.6266532765953	-224.9722109757807
-503	-216	-376	-73	-317
-500	-293	-562	59	-238
-497.5668557773389	-358.6165284226526	-522.5244577506351	-186.97169230441196	-292.50431868695546
-497.35492813576263	-248.02059800214394	-330.4439642838163	-350.6864910121448	-266.6012681615791
-495	-406	-531	-129	-27
-493	-563	-130	-140	-90
-493	97	-551	-40	-163
-491	-466	-365	-177	44
-489	-340	-277	-292	-106
-485	-112	-460	-200	-133
-484.5027957462423	-205.76032912693535	-138.4985938996218	-325.1923673959558	-312.3668650716354
-484	-192	-145	-308	-308
-479	-135	-353	-59	-347
-474	-79	-554	-85	-10
-473.85987484355445	-198.8228785982478	-138.95259073842305	-319.253717146433	-308.2612765957447
-473	-254	-292	-363	-324
-472.273266329093	-427.08123850611935	-327.3862733685668	-177.45760493617246	-121.0053907263147
-471.2764728168213	-172.4802587070062	-144.51818526236028	-303.3127080345304	-383.5300652179796
-471	-317	-214	-210	-234
-470.9598698355511	-217.98002208146897	-107.8742169794875	-342.439351502121	-379.1915160671741
-468.8543510224802	-250.93620457322086	-294.8622924332822	-367.0904867804013	-327.4288209009559
-467.736690647482	-618.8431654676259	-598.7669064748201	-137.7640287769784	-289.84892086330933
-467	-618	-599	-137	-290
-466	-63	-113	-173	-641
-465	-336	-300	-314	-136
-464.59727412618156	-300.1591558584304	-273.06440976038687	-305.7518135854034	-332.8839305341833
-464	-235	-501	-203	-91
-462	-65	-140	-207	-501
-460.8887957788579	-252.2264416220151	-309.86829264433925	-252.36052235398046	-324.25189860215227
-460.26787785079244	-256.4797062234248	-313.13954387321223	-251.21801314263627	-326.5527638190955
-460.0800597766437	-256.741658243782	-312.9580013269919	-251.67536445770057	-326.1935547880223
-459.9701149925554	-215.86031081694597	-208.55563602552348	-252.78150503023886	-340.7410034204265
-459.9663622039983	-215.82632039175377	-208.49567246178702	-252.8529506045157	-340.76485305592246
-458	-106	-416	-289	-190
-457	-255	-307	-253	-325
-454	-375	-385	-147	-257
-453	-133	-158	-391	-210
-451.0798207224971	-192.169367010622	-398.2316242744724	-441.281852463718	-358.8931133924927
-450.894134596449	-195.39493786341353	-401.1880681170386	-445.05701640737556	-360.6979923508256
-448	-394	-471	-251	-159
-442.85685793461624	-312.9650586206228	-368.6762374280565	-279.26288626630236	-210.2949704474546
-442.0321179343295	-267.20514724863625	-274.69128569070807	-268.4592595884063	-391.4576662815646
-440	-30	-240	-133	-483
-436	-229	-443	-33	-340
-434.5638812023062	-370.1488813632045	-460.6161343227278	-164.79978160689086	-332.841401261248
-434	-365	-454	-177	-326
-434	-263	-373	-185	-357
-432	-370	-462	-167	-332
-430	-595	-375	-300	58
-427.5359137850595	-283.7942181517084	-376.1642631674071	-248.32508395785086	-272.220026311697
-424.0336880346285	-369.84874523343296	-539.6201690198908	-211.2915850767804	-232.2205245800268
-423	-68	-183	-440	-432
-421.5040414507772	-404.7619481865285	-491.83079792746116	-250.4438134715026	-225.0503212435233
-417	-156	-512	-224	-118
-416.9375283047351	-430.62310672772105	-535.1075579932573	-115.22226135963368	-322.77698384743115
-414	-85	32	-452	-466
-413.477013734437	-328.04847178593536	-226.33363905257607	-357.9511384220301	-198.59952307798133
-413.43268347534126	-271.6461071869754	61.18266763802224	-517.5858620252764	-635.514031864686
-412.5060092498487	-272.9524011595123	66.58578374708821	-512.0353255236435	-633.9455802655986
-412.06950781026	-272.4920896883971	67.22075051477059	-512.0406990224452	-635.2030384335515
-412	-272	63	-515	-633
-410	-303	143	-342	-566
-410	-88	-414	-273	-289
-407.2243163612133	-378.12706655649197	-509.9400507204124	-233.65630929163584	-302.07309263983126
-407.10327990696914	-378.0106295586368	-510.207217715694	-233.67702358133266	-302.04875229821084
-403	-224	-115	-394	-341
-402.847115108044	-119.02692848625868	31.881627645517128	-343.26717038848824	-453.14495263424794
-402	-264	-183	-358	13
-400	-432	-123	-395	-126
-396	-540	-304	-274	-469
-385	-322	-354	-295	-10
-382	-449	-345	-42	-554
-380	7	-534	-369	171
-376	-328	-175	-344	-341
-375.9843631813659	-412.4680410892397	-555.7960707098489	-169.280061426053	-232.83682523557206
-375.6283639321154	-412.8610430498195	-555.8341067247314	-169.44081151027905	-232.6147856061623
-372	-173	-142	-486	-426
-371.42433187260866	-468.1849417887826	-386.40251749630886	-217.2456552771396	-162.31267903374476
-369	-270	-563	-283	-95
-363.9401299772037	-468.4737892943726	-384.06820098281423	-208.4298411583757	-154.55510446719546
-363.7385251020623	-340.85849786601057	-143.9811018514506	-367.8042671847479	-408.50102472437896
-362.93418039982265	-337.05802465784	-149.52838487226128	-371.1825778212171	-416.7654277414275
-362	-513	-589	-139	-287
-362	-338	-143	-365	-409
-362	-188	-48	-336	-516
-360.66195887136587	-415.68187839504577	-527.3884042232188	-188.49837796607844	-303.99684102654487
-360.6591401690268	-415.6805191629939	-527.3901667465736	-188.5007931304237	-303.99710753783523
-359	-359	-298	-278	-323
-358.8729802896557	-355.5289707198898	-298.41795021393096	-279.2025250217928	-318.6292535475342
-358.8542928609347	-360.9322292695414	-298.99221987502796	-281.18001121482513	-318.6311296376286
-357.9488501014995	-344.7148281445349	-298.8330242838395	-295.6749690489997	-294.4928883681215
-357.8516935589371	-344.66215384957957	-298.89587027135354	-295.6694491375639	-294.59285696392436
-357.73213291299066	-359.9005055714321	-299.8186045549111	-278.9398792315187	-319.0543338893081
-357.09357697125176	-390.45976984119284	-401.75641833752024	-271.49001746800724	-302.4180965758867
-356.83256926870126	-390.4390901964122	-401.84552353025293	-271.55514457149127	-302.54144868350716
-355.95665808490907	-375.5809646876122	-272.5747881649678	-300.14795428422053	-400.31574904476145
-353.8017322971979	-418.2641974480727	-518.2125457712771	-176.74278241827182	-288.438263059316
-353	-417	-519	-181	-293
-352.78742415557326	-398.6999316581665	-320.21258548628794	-309.08719003454337	-440.6065611941305
-352	-379	-415	-187	-359
-350.7112197257891	-358.36010346007913	-256.9222781106793	-385.79932684040295	-238.11296222916542
-350.4287597100773	-357.48767481131574	-257.6707714314621	-386.15563950832154	-238.15481404383576
-348.01676224451955	-422.09577905334794	-519.6283507522018	-181.64254144837292	-291.38085126838155
-348	-394	-455	-100	-335
-342.3017647109883	-417.5755481125049	-39.68761804824945	-458.2846599555176	-259.07738388302084
-340.9374079550036	-417.6186904081427	-41.00513576907015	-457.8980757218894	-259.51317276689184
-340.92603951489	-417.6370771541805	-41.00975190826588	-457.9158517363973	-259.48427017341544
-340.8976800940625	-417.6816680445918	-41.10983273252205	-457.7942779702373	-259.4870915903303
-339	-402	-451	-290	-181
-336.8730567924381	-258.66463557534564	-298.6760018748535	-195.22373252089682	-493.9182876337786
-331	-445	-11	-304	-5
-323	-240	-299	-353	-477
-320.17603211931186	-353.85644545197454	-213.49226506640957	-410.830819095698	-208.42872445229978
-319.5625573634192	-413.9583563787056	-418.9854984179586	-307.5083214437538	-254.00631177424125
-319.0094357377336	-510.66295750146105	-328.67073474504184	-220.63355487790662	-141.01516439890366
-316	-37	-562	-196	-129
-314	-138	-339	-276	-366
-312	-434	104	-370	-605
-311.4309867609273	-228.1993832957269	-236.2730091899807	-541.4343694453931	-444.092574011868
-311.1796448914431	-227.99288508720363	-236.22456236641926	-541.7622658173668	-444.2691070407485
-310.70277237286126	-227.7708646413312	-237.6416061720391	-541.1717028515794	-444.1077011186392
-309.6805066907431	-425.4709428980889	-504.4921864354604	-148.35295951098274	-275.9834899678192
-309.51997189540157	-425.84998826738547	-504.20057141567594	-148.89300807227391	-275.5340851007568
-305	-57	-473	81	-351
-299	-346	-559	-206	-141
-297.83743285050787	-386.70224362404736	-366.0494834259543	-449.2735775291767	-231.9376665884811
-295.43268347534126	-240.6461071869754	-0.8173323619777628	-366.58586202527636	-480.514031864686
-294.552297609722	-358.631518039064	-535.3688704250198	-238.19344292356956	-219.45222761753428
-294.5060092498487	-241.95240115951228	4.585783747088216	-361.03532552364345	-478.94558026559855
-294	-392	-356	-449	-238
-294	-241	1	-364	-478
-293	-361	-531	-236	-215
-290	-216	-195	-184	-720
-287	-370	-202	-125	-480
-276	-392	-438	-272	-257
-273.79511982767184	-362.23335553504523	-518.2981816076466	-132.0123876157797	-366.29356177070326
-266.42081894425263	-374.75365893767474	-287.6017102450255	-329.0491695444828	-340.9488570958724
-266	-397	-433	-279	-258
-265.7797943700515	-394.65142081462096	-431.4951921015844	-279.9594711450501	-254.40042765051479
-262.97793190416144	-485.5239596469105	-491.04476670870116	-150.781210592686	-389.0680958385876
-256.5405405405405	-395.6666666666667	-428.07207207207205	-199.01351351351352	-413.9009009009009
-255.45911536551534	-294.09534329778734	-152.27231341494485	-523.2684699953334	-285.2584610058332
-246.46460133349117	-414.64907843833475	-399.6088021787008	-234.531152891977	-485.84214978452025
-243	-405	-213	-476	-478
-242	-544	-199	-366	-446
-240	-266	-385	-308	-141
-239	-586	-475	-412	-487
-238	-238	-50	-463	-545
-237	-403	-519	-76	-341
-230.06472339461752	-413.4473834729628	-490.1951893516597	-103.68004215185553	-416.33572060675914
-225	-530	-206	-419	-651
-223	-324	-556	-245	-164
-219	-376	-569	-185	-269
-214	-297	194	-529	-324
-210.1159420289855	-609.0289855072464	-340.37681159420293	-322.42028985507244	-462.6086956521739
-210.01724881414404	-608.6886589047003	-341.1815437688659	-322.47736093143595	-462.17593790426906
-209.53968253968253	-592.5873015873017	-278.9285714285714	-364.531746031746	-643.0714285714286
-208	-590	-277	-365	-643
-207	-363	-493	-278	-312
-202	-163	-530	-252	-236
-201	-416	-485	-207	-264
-193	-265	-535	-291	234
-185	-549	-352	-99	-651
-178.19703149199793	-326.7989674754775	-187.86948890036138	-555.2765358802271	-344.02016004130104
-177.99626065438548	-327.0304915244483	-188.12028569418956	-555.3060649270099	-343.69182497714064
-169	-367	-331	-423	-631
-160.0740620347791	-407.7351848787759	-565.2752642766509	-209.7792506007432	-157.0995781122545
-153.1133199796075	-424.86654176063547	-193.59166955516662	-547.2352936966981	-324.9749829034253
-152.9733589144509	-424.8780689907717	-193.7196269872444	-547.1580765962508	-325.050415249768
-152	-158	-491	-218	-317
-151	-125	-488	-296	-18
-141.5747935902443	-589.8097997636306	-545.2509955546434	-200.70649160491865	-651.7509885485739
-141.55051945885447	-589.8994931445541	-545.9361187233739	-200.5414332463955	-651.1846193586886
-133.7395905778874	-306.1042262357727	-521.668550378239	-256.6638813094543	-184.44691330781387
-133	-633	-97	-243	-452
-120	-571	-32	-436	-712
-115	-586	-244	-459	-515
-107	-242	-640	-106	-173
-103.42605864502127	-482.26311118830836	-253.1157842291716	-419.7311984713357	-403.23626060166816
-102	-439	-126	-489	-411
-96	-146	-599	-331	-33
-73	-391	-534	-327	-35
-54	-114	-484	-476	13
-52	-471	-190	-514	-494
-17	-514	-159	-493	-345
-16.85854656581951	-518.0558507031117	-168.41614458735296	-496.95241406973685	-355.69843102060133
-16.838104639684104	-518.1006910167818	-168.3761105626851	-496.94076999012833	-355.7245804540968
-15.863454816929643	-267.39100566442767	-549.9048971543284	-245.79842839056423	-256.4197602277631
-15.582292160209006	-268.19816132586055	-548.0841026810713	-245.85714219987705	-257.62535880772026
-15	-395	-256	-566	-633
-14.935052796622422	-513.4748717367546	-157.30288299276123	-497.03270013424867	-347.4052598176354
-12	-66	-722	-310	-188
-9.092051179877956	-380.49152149104594	-587.906404852956	-230.49457678431145	-194.47253532215956
-9.070099222368412	-380.52420639109306	-587.896826223352	-230.497348253109	-194.47084208099733
-8	-329	-98	-473	-738
-3.7409527355020034	-271.51776716888844	-547.3121941032432	-236.00404781520302	-244.17474051603912
-3	-630	-199	-588	-434
0.16595980621645712	-550.0548194056669	-278.7161799334713	-425.3053981863454	-325.11645910697837
13	-138	-654	-399	-127
25	-194	-508	-370	-86
42	-487	-270	-502	-182
53.43531559786574	-211.7801007946669	-560.5626597161188	-289.41415605779156	-174.80252051656598
53.49312893586521	-211.5439541521711	-560.7574251039946	-289.32684908681625	-174.98716567270867
57.988020004967765	-304.5190880827311	-566.8892967647655	-287.5175346160688	-47.13529971395374
75	-595	-124	-553	-504
103	-77	-279	-514	-244
123	-589	-108	-483	-595
162	-378	-527	-336	-197
171	-452	-294	-552	-184
172	-476	-712	-250	-209
211.5352789277632	-160.6324671469474	-546.1003961198766	-313.54318217364795	-144.0899201695559
240	-389	-398	-474	-48
251.5352789277632	-282.6324671469474	-736.1003961198766	-417.54318217364795	-115.08992016955591
269	-412	-240	-693	-487
289	-250	-263	-514	-293
