-792.5963673057518	-83.59006054490413	125.65918264379414	-361.77951564076693	-253.29591321897072
-792	-85	127	-360	-249
-789.7983193277311	-83.59696186166772	125.16451195862959	-359.71428571428567	-250.42954104718808
-788.4696581196581	-78.19786324786324	124.93162393162393	-358.4089743589743	-250.18589743589743
-765.4074074074074	130.66666666666666	-34.73251028806584	-311.9588477366255	-390.16460905349794
-758.4696581196581	35.80213675213676	109.93162393162393	-169.40897435897435	-430.18589743589746
-735.4696581196581	-4.197863247863239	-70.06837606837607	-210.40897435897435	-263.18589743589746
-732	-5	-68	-208	-261
-729	-308	259	-55	-209
-710.2427184466019	-107.61650485436894	-163.02912621359224	-323.6553398058253	-372.1456310679612
-709.4696581196581	-106.19786324786324	-163.0683760683761	-321.4089743589743	-367.18589743589746
-706.4696581196581	-409.1978632478632	163.93162393162393	-168.40897435897435	-315.18589743589746
-704.1618282890673	4.114576899320568	-19.376466954910455	-471.58801729462635	-392.0966646077826
-703.0739257101238	-194.2272396212673	240.11398397669336	130.94974508375822	-391.6569555717407
-703	-410	166	-166	-313
-702.8132780082988	-154.6058091286307	-50.51867219917014	-509.38589211618256	-185.0248962655602
-700	5	-20	-469	-389
-683.1567944250871	-151.5993031358885	-212.34146341463415	-173.11498257839722	-350.14285714285717
-683	-197	6	-117	-450
-680	-152	-212	-170	-344
-674	-28	-26	33	-462
-674	64	-208	-455	-317
-652.4696581196581	-173.19786324786327	-77.06837606837607	-106.40897435897436	-217.18589743589743
-650	-336	-29	-18	-326
-649	-174	-75	-104	-215
-647.7983193277311	114.40303813833228	33.16451195862959	-209.71428571428572	-465.4295410471881
-646.4696581196581	119.80213675213676	32.93162393162393	-208.40897435897435	-465.18589743589746
-643.4331245394252	-222.66949152542372	113.00110537951363	-168.94878408253498	-349.24152542372883
-640.4696581196581	96.80213675213676	-139.06837606837607	-448.4089743589743	-383.18589743589746
-638.2011054421769	-66.58519345238093	-207.30564413265307	-596.9512117346939	-530.8327487244899
-637.4696581196581	-206.19786324786324	187.9316239316239	-295.4089743589744	-331.18589743589746
-635	-67	-207	-595	-527
-630	-209	111	-169	-352
-625.3496756962991	-219.04006104540252	-126.96394505913774	43.58794353300266	-196.09423884013734
-625.043433187479	-215.7202932046823	-190.54259770372863	-310.503246942668	-222.88340626051834
-624.827731092437	48.000000000000014	-304.13235294117646	53.25	-164.91176470588235
-618.9519397799653	-323.0914881297047	21.418066010422706	-279.26693688477127	-455.842501447597
-617.7983193277311	71.40303813833228	-217.8354880413704	-395.7142857142857	-163.42954104718808
-616.140350877193	-85.29276315789474	-89.0252192982456	-208.93201754385964	-593.6107456140351
-615	-89	-86	-206	-588
-613	-325	36	-278	-445
-600.2743241642733	-93.46985757853909	-93.92645012287922	-495.4731072158233	-429.27242175702486
-598.1449216686841	-253.7132804616646	-127.41327244665393	-533.818441512001	-224.69861504725773
-595.7983193277311	-261.59696186166775	-122.83548804137041	-528.7142857142857	-217.42954104718808
-594.4696581196581	-256.1978632478632	-123.06837606837607	-527.4089743589743	-217.18589743589743
-594	-74	-255	-145	-16
-591.7983193277311	-102.59696186166772	-86.83548804137041	-488.71428571428567	-418.4295410471881
-591.2	8.449999999999989	-371.3	-340.65	-196.4
-591	-377	72	8	36
-590.4696581196581	-97.19786324786324	-87.06837606837607	-487.4089743589743	-418.18589743589746
-587.4074074074074	-101.33333333333334	-86.73251028806582	-489.9588477366255	-421.16460905349794
-587.0434680451128	-153.58799342105263	-438.45735432330827	-488.3677161654135	-340.0438204887218
-587	-247	-130	-531	-225
-585.572864321608	42.743718592964825	-470.10095934216537	-457.8871630881681	-159.89675650982184
-583	-98	-201	-115	-394
-581	-100	-94	-486	-419
-579	-52	-288	-469	-348
-576	-368	25	-247	-265
-570.249315668455	-372.7949195226103	36.852841344574614	-61.56553158874412	-332.88273294645785
-570	-136	-143	-343	-402
-569.4629794826049	-212.6580434136188	73.18376449598573	-20.12369907820397	-534.6696402022004
-568.4696581196581	-370.19786324786327	35.93162393162393	-58.40897435897433	-329.18589743589746
-568.335032032615	-138.48078043098428	-142.30110658124636	-345.5979906814211	-404.6450203843914
-564.4696581196581	-211.19786324786327	71.93162393162393	-18.408974358974348	-530.1858974358975
-562	-91	-461	-449	-297
-561.4074074074074	-146.33333333333334	-137.73251028806584	-340.9588477366255	-400.16460905349794
-557.7792165424478	-284.8926196391377	221.77876483726067	-147.05942432683378	-551.8676754749179
-556.9375	20.21875	-311.625	-602.90625	-322
-555	-235	-98	-256	-446
-548.7916711272883	-186.7883524247939	-322.54581950540626	-379.9260785783107	-231.43207365378439
-548.4696581196581	-94.19786324786324	220.93162393162393	-163.40897435897435	-546.1858974358975
-546.6370769985288	-122.34477685139774	45.90436488474742	-409.53653751839136	-470.5850907307504
-543.7983193277312	-122.59696186166775	49.16451195862962	-404.71428571428567	-464.4295410471881
-543.4059286146401	-247.35511191772537	-147.06836055656385	-462.09679370840894	5.592861464004841
-542.7983193277311	-187.59696186166772	-317.8354880413704	-380.71428571428567	-230.42954104718808
-542	-259	-237	-260	-145
-541.9561787905346	-327.21209465381247	40.72042068361089	-189.7826468010517	-386.829097283085
-541.4696581196581	-99.19786324786324	-203.06837606837604	-222.40897435897435	-348.18589743589746
-540.4924623115578	49.095477386934675	-505.62905436272274	-358.29693924166287	-284.5874828688899
-539.0588235294117	-12.176470588235304	-196.8235294117647	-540.8235294117646	-577.8235294117646
-538.4696581196581	-242.19786324786324	-148.06837606837604	-462.4089743589743	5.814102564102569
-538	-303	-123	156	23
-538	-100	-201	-220	-346
-538	-13	-196	-540	-577
-535	-403	126	-67	-294
-535	-257	23	133	-507
-534	48	-504	-355	-278
-533.4696581196581	-164.19786324786327	-1.0683760683760681	-272.4089743589744	-268.18589743589746
-531.4696581196581	-386.1978632478632	214.93162393162393	-269.4089743589743	-143.18589743589743
-530	-165	1	-270	-266
-529	-133	209	336	-625
-527	-96	-141	-162	-427
-526	-165	-115	100	-244
-523.2461582997612	-429.8867391986105	-13.975743613248738	-193.4133717704388	-142.74456613514099
-520.5839392311146	-279.3590825782613	-411.34189269757616	-498.47447427111933	-344.59897393621327
-520	-435	-6	-186	-125
-518.452380952381	0.25661375661377406	-427.2883597883598	-651.1375661375662	-442.55555555555554
-515.4696581196581	-284.1978632478632	-411.0683760683761	-490.4089743589743	-334.18589743589746
-514.4696581196581	-424.1978632478632	-14.068376068376068	-188.40897435897435	-136.18589743589743
-514	-417	-22	-188	-125
-512.8960563177932	-169.7269592701674	-270.4758997198477	-644.4656993032111	-361.82939444005456
-512	-285	-409	-488	-332
-508.4696581196581	-428.1978632478632	-48.06837606837607	-297.4089743589744	-483.18589743589746
-508	-275	-418	-494	-342
-507.1014492753623	-421.072463768116	-53.37681159420289	-301.3188405797101	-493.66666666666663
-507.1014492753623	-421.07246376811594	-53.376811594202906	-301.3188405797101	-493.66666666666663
-506	-173	-268	-638	-356
-505	-429	-46	-295	-481
-504	-176	-267	-626	-344
-500	-438	-10	-204	-133
-499.7983193277311	-312.59696186166775	135.16451195862962	-334.71428571428567	-152.42954104718808
-499.39993316997106	-102.62820227222096	-421.6774560035643	-283.2118066384495	-394.72806861216304
-499	-317	95	-445	-505
-499	-27	-232	-735	-232
-497.92857142857144	-315.42857142857144	92.71428571428572	-446.92857142857144	-507.57142857142856
-495	-172	-263	-642	-339
-491.4696581196581	-22.19786324786324	-480.06837606837604	-200.40897435897435	-49.185897435897445
-490	-107	-419	-276	-386
-489	-185	-432	-112	-158
-488	-23	-478	-198	-47
-482	-329	-69	81	-307
-481.56716417910445	223.6865671641791	-554.5820895522388	-636.6119402985074	-299.4776119402985
-481	224	-555	-636	-299
-480	-206	-274	-136	-429
-474.2045454545455	-42.05681818181816	-444.0909090909091	-403.60227272727275	-354.72727272727275
-473	-350	89	57	-578
-472.57651991614256	-353.37735849056605	-214.64150943396228	-45.52201257861634	-160.1194968553459
-472.3571966842502	248.81808590806332	-479.7190655614167	-487.5091183119819	-300.8263752825923
-469.4696581196581	-384.1978632478632	148.93162393162393	-462.4089743589743	-31.18589743589743
-469.43331321665664	-308.01267350633674	-277.40012070006037	-410.898611949306	-387.2757996378998
-468.64516129032256	-284.7177419354839	-527.3225806451613	-226.19354838709677	-267.44354838709677
-465	-37	-450	-394	-347
-464.5178571428571	-268.125	-435	-426.8125	-118.4375
-463	-287	-525	-223	-262
-457.13929813468224	-370.04407208346504	219.26942775845717	-136.37192538729056	-509.85203920328803
-456.0361238102376	-49.98860825901221	-224.7553773514202	-387.7370156636439	-446.3413025556472
-456	-271	-434	-423	-109
-455	-352	-323	-273	-182
-453.79831932773106	-63.59696186166772	-214.8354880413704	-378.7142857142857	-432.4295410471881
-453.625	-80.48214285714286	-382.94642857142856	-625.8035714285714	-356.6607142857143
-453	-574	-107	-270	-57
-451.4696581196581	-370.1978632478632	220.93162393162393	-134.40897435897438	-503.18589743589746
-450	-74	-393	-610	-342
-449.52208835341366	-204.5080321285141	29.293172690763043	181.49196787148594	-567.429718875502
-448.3529411764706	-158.35294117647058	-286.5294117647059	-574.1176470588235	-131.8235294117647
-446.7983193277311	-207.59696186166775	148.1645119586296	-185.7142857142857	-581.4295410471881
-446	21	-211	-189	-607
-445.4696581196581	-202.19786324786324	147.93162393162393	-184.40897435897435	-581.1858974358975
-443.58787413660787	-257.3058326937836	-205.4029163468918	-186.11627014581734	-504.4512663085188
-443.35593220338984	-205.91525423728814	143.80790960451978	-190.99435028248587	-585.8926553672317
-443	-92	-382	-609	-349
-443	-82	-385	-615	-348
-441.79831932773106	-328.59696186166775	-89.83548804137041	-758.7142857142858	-278.4295410471881
-441.0454545454545	99.93181818181819	-494.9090909090909	-302.52272727272725	-331.2727272727273
-441	-109	-535	-11	-316
-440.4696581196581	-456.1978632478632	39.93162393162393	-417.4089743589743	-75.18589743589743
-437.16116408656336	-220.15796199779314	-26.913879512887178	-430.94433594971736	-511.73236255226306
-436.4178777324045	-340.6135899591641	-156.87118664424693	-306.12539034350226	-284.87244775402354
-436	-226	-22	-422	-497
-435.3269230769231	38.605769230769226	284.3076923076923	-31.086538461538453	-704.5384615384615
-426	-149	-46	-173	-515
-425.62937763492926	59.13933297157405	-430.04478857953836	-532.2185165087449	-339.1642943607296
-425.58244422890397	-192.80795344325895	-227.37487875848691	-152.9573229873909	-467.511639185257
-419.79831932773106	52.40303813833228	-429.8354880413704	-524.7142857142858	-331.4295410471881
-418.3227513227513	-232.40740740740742	-399.1851851851852	-436.1851851851852	-382.1693121693122
-417.5	-168.33333333333331	-223.33333333333331	-417.5	-439
-417.0816326530612	-239.76923076923075	-400	-442.34065934065933	-388.43956043956047
-416	-292	358	220	-598
-416	-248	99	-33	-558
-415.4074074074074	53.666666666666686	-429.73251028806584	-525.9588477366256	-334.16460905349794
-414.69477428955304	-90.42668556653453	-66.10969143070022	-332.7550836064389	-488.2846799558799
-413.7892293407614	-242.60027855153203	89.93779015784588	-41.91411327762302	-570.2209842154132
-413	-344	-156	-303	-273
-413	-118	-246	-90	-483
-412	52	-506	-355	-137
-411.4696581196581	-86.19786324786324	-67.06837606837607	-330.4089743589744	-480.18589743589746
-411	12	-146	-651	-529
-407.4696581196581	-193.19786324786324	-435.06837606837604	-289.4089743589743	-40.18589743589743
-407	-159	246	20	-689
-406	-354	-439	-8	-112
-404.4696581196581	-496.1978632478632	-108.06837606837607	-136.40897435897438	11.81410256410257
-402.5152221087567	-84.09825759509829	-498.9251340311463	-357.59611947919325	-284.8547357671688
-397.4696581196581	-83.19786324786324	-503.06837606837604	-352.4089743589743	-280.18589743589746
-397	-69	-86	-297	-486
-396.7983193277311	-420.59696186166775	62.1645119586296	-355.7142857142857	-187.42954104718808
-395.4696581196581	-415.1978632478632	61.93162393162393	-354.4089743589744	-187.18589743589743
-394.98426860765437	-387.15801831415826	-156.59192298661657	-273.89340220709084	-95.44540972059168
-394	-84	-501	-350	-278
-393	-288	-81	-74	-391
-392	-33	-261	-319	-414
-390.2857142857143	-70.85714285714286	-410.7142857142857	-549.2857142857142	-124.71428571428571
-389.1893091062751	-324.2108599197127	-233.00697232199445	-446.3794633424889	-216.82695964504543
-389	-57	-269	-52	-441
-389	-54	-4	4	-714
-386	-240	-354	-581	-200
-385	-448	13	-260	-63
-383	-316	-229	-128	-284
-381	-339	-188	-170	-325
-381	-310	-113	-690	-53
-381	126	161	-12	-704
-380.6184971098266	123.63005780346822	159.6878612716763	-15.173410404624292	-705.2890173410404
-380.4696581196581	-179.19786324786324	-154.06837606837607	-132.40897435897435	-528.1858974358975
-379	-465	134	-250	-365
-377	-180	-152	-130	-526
-372.3096746014413	54.17514741209871	-546.4101332168595	-259.2585717405547	-264.9454029264032
-371.44444444444446	-102.78418803418805	-190.991452991453	-348.7350427350427	-605.5662393162393
-371	-103	-190	-346	-603
-370.4234180958013	11.736842105263165	30.276759314015372	-160.81017149615613	-631.8633944411591
-370	-347	263	-351	-426
-369.38235294117646	-235.14117647058825	-516.2294117647059	-171.35882352941178	-313.63529411764705
-369.0263157894737	-484.5131578947369	-249.78947368421052	-384.67105263157896	-202.94736842105263
-369	13	31	-161	-632
-368.9690506064409	-519.5844030498986	-99.16285429334363	-223.08602773220088	-119.07183991249235
-368.2737570799245	-382.5399622404028	-177.5689112649465	-195.93392070484583	-508.7885462555066
-367.70833333333337	-147.25	-517.2083333333334	-421.95833333333337	-386.83333333333337
-367	-390	-174	-185	-495
-364.729792147806	-221.44572748267896	-419.67667436489603	-377.84295612009237	-167.67898383371823
-364.20361990950227	-65.93212669683258	50.049773755656105	199.2760180995475	-646.2217194570136
-364	31	-480	-488	-295
-363	-380	-183	-191	-505
-362.79999999999995	141.1263157894737	-526.9473684210526	-111.77894736842104	-432.37894736842105
-362.3227513227513	-218.40740740740742	-424.1851851851852	-371.1851851851852	-159.16931216931218
-362	-145	-523	-415	-382
-361.6308243727599	-130.0989247311828	-353.59928315412185	-123.71899641577062	-461.9906810035842
-361.32275132275134	-486.4074074074074	-247.1851851851852	-381.1851851851852	-190.16931216931218
-361.12360801781733	-8.913511507052704	-207.70601336302894	-324.99517446176685	-485.9862657757981
-361	-477	-256	-380	-181
-361	-413	-346	-425	-413
-361	-126	-348	-121	-462
-360.04182749666643	-410.6634851568531	-349.4563127236999	-427.6615201066742	-420.5060004210822
-359.32275132275134	-521.4074074074074	-97.18518518518519	-218.1851851851852	-107.16931216931218
-359	-448	-196	-262	-330
-359	-267	-20	-339	-515
-355.29640287769786	-425.56498800959235	-306.905035971223	11.773141486810545	-3.105995203836933
-354.4696581196581	-272.1978632478632	-27.068376068376068	-332.4089743589743	-513.1858974358975
-354.2223356889016	-270.7454760834933	-37.99946897594053	-344.4758792532985	-523.5240390506924
-353.49968303162643	-273.7659364654504	-453.0220469113193	-397.74466436571106	-321.4402338522223
-352.9607843137255	-30.215686274509807	-375.78431372549016	-564.4509803921569	-400.45098039215685
-352	43	-380	29	-474
-351	-273	-25	-330	-511
-351	-225	-203	19	-505
-348	-281	-30	-339	-517
-348	-257	-366.75	-594.25	-166
-347.4696581196581	-277.1978632478632	-451.06837606837604	-391.4089743589743	-315.18589743589746
-346	-255	-365	-596	-167
-345	-296	-197	-570	-429
-345	-101	-17	222	-623
-344	-278	-449	-389	-313
-344	-271	-39	-345	-527
-343.5154929755188	-556.5067058676934	-39.767605367217826	-445.1782003700333	-118.18909001146693
-341	-286	-206	-576	-439
-340	-288.66666666666663	-207.66666666666669	-579	-441
-339.27094222347785	-420.2082215002119	-92.49908179121344	-200.02683994914537	-469.59542308235626
-338.46965811965816	-310.1978632478632	-41.06837606837606	164.59102564102565	-594.1858974358975
-338	-423	278	-434	-305
-338	-313	-369	-49	-239
-337.4696581196581	-564.1978632478632	-33.06837606837607	-438.4089743589744	-110.18589743589743
-337	-422	-86	-196	-462
-337	-262	-358	-589	-160
-336.83754355400697	-271.9668989547038	-389.16289198606273	-335.25130662020905	-400.4721254355401
-335	-311	-39	167	-592
-334	-6	-566	-321	-363
-334	216	-121	-33	-716
-333.1793023555155	-71.94246363753379	-290.6944265671258	-605.3606641781439	-384.9163341485391
-333	-274	-389	-331	-394
-332.4696581196581	-412.1978632478632	269.9316239316239	-436.4089743589743	-316.18589743589746
-331	-68	213	-51	-739
-329.1414141414142	-146.5515151515152	-219.6888888888886	-96.51919191919207	-517.4222222222222
-329	-413	272	-434	-314
-329	-47	-213	231	-559
-327.08474576271186	-419.93220338983053	266.44632768361583	-443.3954802259887	-320.5141242937853
-327	-150	-203	-128	-512
-326	-421	267	-443	-320
-324.2672811059908	-218.5990783410138	74.52534562211981	-408.4193548387097	-532.7235023041475
-323.7686711930165	-391.0329776915616	-289.127546071775	75.10378273520854	-430.25557710960237
-322.63245468865273	-433.2207245827767	-232.98695491795107	-330.7613153749527	-319.91539389468227
-322.12558183124554	-378.02177376526816	39.07972259535785	-450.6217862609728	-331.5494986098529
-320.4696581196581	-380.1978632478632	39.93162393162393	-444.4089743589744	-324.18589743589746
-320.46029673217015	-477.68917069179815	-77.18708601456913	-165.63542535282178	-233.97333186488146
-320.4074074074074	-81.33333333333334	-286.73251028806584	-599.9588477366256	-379.16460905349794
-319.5714285714286	-304.7142857142857	-284.2857142857143	-240.7142857142857	-655.1428571428571
-318	-392	-290	80	-425
-318	-305	-285	-240	-656
-317.79831932773106	-448.59696186166775	-225.8354880413704	-318.7142857142857	-304.4295410471881
-317	-157	-240	-476	-410
-316.4696581196581	-443.1978632478632	-226.06837606837607	-317.4089743589744	-304.18589743589746
-316.4696581196581	-221.19786324786324	75.93162393162393	-404.4089743589744	-525.1858974358975
-315	167	-491	-450	-393
-314.4696581196581	-478.1978632478632	-76.06837606837607	-154.40897435897438	-221.18589743589743
-314	-402	260	-286	-609
-312.4696581196581	291.8021367521368	-307.0683760683761	-249.40897435897432	-513.1858974358975
-312	-426	-243	-323	-303
-311.6718884489585	-449.26252367016696	-286.71475296953	-75.02771561370287	-127.74212428989497
-311	-503	435	-473	-354
-311	-479	-74	-152	-219
-311	-96	-399	-119	-448
-309.83429672447016	160.47206165703278	-487.9094412331407	-456.23121387283237	-398.1734104046243
-309.4696581196581	-373.1978632478632	-393.0683760683761	-116.40897435897438	-345.18589743589746
-309	-434	-233	-321	-312
-309	291	-305	-247	-511
-306.32275132275134	-447.4074074074074	-292.1851851851852	-70.18518518518519	-120.16931216931218
-305.23780275309286	-183.547538147512	-150.6692368008364	-326.3061882358798	-523.2947875438728
-305	-191	-141	-321	-517
-298	-197	-147	-306	-512
-298	-187	-150	-312	-511
-296.5107143610402	-538.4871448758779	-45.30866007213211	-402.8753506422289	-302.7901630354544
-294	-177	-159	-318	-521
-293.00806757696387	-30.208811684677265	-424.2886595433939	-245.00457678873798	-414.9041465382089
-292.14219435736675	-247.35310344827587	-331.3428213166144	-282.48564263322885	-467.8542946708464
-290.12	303.88	-536.58	-356.02	-375.03999999999996
-289.3445255474452	-431.34744525547444	-288.2802919708029	-538.6189781021898	-413.421897810219
-288	-264	-474	-324	-90
-287.49451597520266	-571.8733905579398	-148.58690987124464	-170.9974964234621	-39.723533619456376
-286.7846153846154	-162.52307692307693	-79.0769230769231	-19.87692307692305	-751.2769230769231
-286	-250	-327	-278	-458
-286	-26	-430	-237	-409
-285	-567	-147	-171	-38
-284.4696581196581	430.8021367521368	-350.0683760683761	-155.40897435897432	-494.18589743589746
-283.88534208968076	-234.45233353071004	-436.6318565968671	-23.300425257038274	-329.42143510792914
-281.5037362253947	-240.9007356148053	-50.19710406187306	-423.6228593027651	-652.0745500537901
-281	430	-348	-153	-492
-278	-330	-158	-139	-549
-278	-235	-434	-20	-324
-275.34462867325055	-450.26924586995256	-340.2898659055903	-55.48260396846969	-243.0428029959832
-273.32275132275134	-337.4074074074074	-164.1851851851852	-133.1851851851852	-545.1693121693122
-272.54810496822813	-333.35604882764693	-170.3980352984451	-144.86796106149674	-560.3268449502057
-271	-562	177	-518	-237
-268.6360544217687	-458.15646258503403	211.97619047619048	-422.75850340136054	-423.99319727891157
-268.4696581196581	-26.19786324786324	-441.0683760683761	-491.4089743589743	-430.18589743589746
-266	-326	-172	-136	-555
-266	-93	89	-348	-692
-265.4074074074074	-30.333333333333343	-440.7325102880658	-493.9588477366255	-433.16460905349794
-265	-487	29	-178	-421
-264	-359	-335	-370	-463
-263.51428571428573	-488.45210084033613	29.349579831932772	-179.99663865546216	-423.0235294117647
-263.4696581196581	-455.1978632478632	207.93162393162393	-418.4089743589743	-418.18589743589746
-263.056338028169	-364.38967136150234	-338.6244131455399	-376.8356807511737	-467.7605633802817
-261.8644006465153	-604.2110583069982	-52.577895447856605	-441.8269244686754	-234.34116951728464
-261.4696581196581	-170.19786324786324	-78.06837606837607	-298.4089743589744	-579.1858974358975
-260.252380952381	-176.90068027210884	-82.77210884353741	-304.5761904761905	-584.447619047619
-260	-466	213	-410	-417
-260	-456	210	-416	-416
-259	97	-253	-286	-546
-258.8076923076924	-595.9615384615383	-318.1538461538462	-398.1538461538462	-229.6538461538462
-258.8076923076923	-595.9615384615385	-318.1538461538462	-398.15384615384613	-229.65384615384616
-258.79831932773106	-604.5969618616678	-53.83548804137041	-440.7142857142857	-232.42954104718808
-255	-593	-319	-399	-225
-253	-628	-169	-236	-142
-252	-635	98	-274	-147
-250.6839149618933	-479.1351784997994	-177.58363417569194	-549.8279181708784	-251.12876052948258
-246.5661914460285	-158.36048879837068	84.33604887983708	-72.65376782077394	-748.8716904276986
-246.3361773223435	-98.93316997104031	-43.77048340387614	-468.6753397193139	-505.7055246157273
-245.40740740740742	36.666666666666686	-405.73251028806584	-658.9588477366254	-351.16460905349794
-244	-159	88	-68	-745
-242.7983193277311	-487.59696186166775	95.1645119586296	-585.7142857142857	-248.42954104718808
-242.67692307692312	-116.99560439560442	-275.75824175824175	-290.1428571428571	-517.0703296703297
-242	-117	-272	-287	-513
-241.46965811965813	-482.1978632478632	94.93162393162393	-584.4089743589743	-248.18589743589743
-241.4696581196581	-103.19786324786324	-43.06837606837607	-463.4089743589743	-497.18589743589746
-240.61247591522158	-489.1216281310212	88.20568400770713	-595.4388246628131	-255.36946050096338
-239	83	-383	21	-491
-238	-409	-246	-405	-439
-236	-220	-378	-276	-444
-235	-491	92	-591	-252
-234.19721345787386	-287.4742432288901	-108.30664459092186	-560.4610290212739	-467.9052200805973
-234	104	-629	-250	-427
-234	331	-663	-188	-168
-233.6396284829721	-499.0495356037152	-344.4941176470589	-23.97832817337462	-50.56656346749226
-233	-164	-452	-260	-458
-232	-493	-342	-23	-51
-231.46965811965813	-263.1978632478632	-112.06837606837607	-335.4089743589744	-485.18589743589746
-231	-32	-281	-533	-420
-230.11764705882354	-168.9738562091503	-452.96732026143786	-265.73856209150324	-462.640522875817
-230	-28	-265	-549	-430
-229	-104	192	146	-769
-225.46965811965813	-291.1978632478632	-99.06837606837607	-552.4089743589743	-457.18589743589746
-224.3991935483871	-477.11155913978496	81.23521505376344	-439.3387096774194	-545.3064516129033
-223	-34	-271	-534	-425
-223	-24	-274	-540	-424
-222	-521	83	-85	-327
-222	-292	-97	-550	-455
-220.03239289446185	-54.74050853361199	-302.1347962382445	-416.08220132358065	-481.90665273423895
-219.4696581196581	-28.19786324786324	-557.068376068376	-226.40897435897435	-360.18589743589746
-218	221	-480	-395	-443
-217	-250	-288	-112	-545
-216	-29	-555	-224	-358
-215	-361	-451	-105	-393
-213	-7	-36	-330	-692
-212	-147	39	-478	-499
-211.406711409396	241.18255033557045	-675.641610738255	-159.40805369127514	-412.3785234899329
-211.32275132275134	-346.4074074074074	-361.1851851851852	-308.1851851851852	-240.16931216931218
-210	-454	-218	-118	-422
-208.88574170795945	-24.656667113075315	-499.5382125797956	-169.7874425248873	-445.11387884469445
-208	-489	-68	45	-339
-206.017094017094	-491.3205128205128	-68.84188034188033	40.141025641025635	-344.47863247863245
-205.38788426763108	-86.29746835443038	-315.1672694394214	87.02350813743217	-560.4593128390596
-205.308600898353	-535.577274995841	-51.83837963733154	-239.23731492264181	-252.17443021127934
-205	-225	-215	183	-783
-205	-25	-495	-166	-439
-201	-539	-50	-232	-235
-201	-133	-139	-257	-561
-201	-85	-317	92	-555
-199	-383	-214	-86	-476
-199	99	-309	37	-557
-196.09987669543773	-375.7127003699137	-222.12700369913688	-97.23797780517882	-485.71886559802715
-195	-373	-223	-92	-486
-194.63636363636363	357.5454545454545	-522.7272727272727	-304.8181818181818	-427.8181818181818
-191.98818897637796	-85.32874015748033	-583.8956692913385	-295.21062992125985	-468.9488188976378
-190	360	-523	-301	-424
-189.7983193277311	-401.59696186166775	-29.835488041370397	-567.7142857142858	-248.4295410471881
-189	-111	-331	-18	-526
-189	92	-346	-311	-455
-187.46965811965813	-89.19786324786324	-579.0683760683761	-291.4089743589743	-464.18589743589746
-187.10074074074075	-632.9792592592593	-3.441481481481489	-668.2874074074074	-172.45629629629627
-187	82	-35	-529	-601
-185	-643	-114	-419	-332
-184	-90	-577	-289	-462
-183.73450170023543	-184.67904786816638	-50.406487052053365	-299.46037143604497	-544.11587758305
-183.46965811965813	-631.1978632478632	-0.06837606837606813	-668.4089743589743	-171.18589743589743
-183	-678	36	-256	-249
-183	-358	-400	-299	-493
-183	153	-505	46	-493
-182.52934449346046	-357.10451364183234	-407.11170907773715	-306.3174426577317	-504.38287946803973
-179.34861278648975	342.23401688781667	-408.96924004825087	-213.5494571773221	-471.55488540410136
-178.65366430260048	-207.64302600472814	-216.1855791962175	-540.0508274231679	-464.5508274231679
-178.4696581196581	-182.19786324786327	-52.06837606837607	-294.4089743589743	-539.1858974358975
-176.546875	22.453125	-426.265625	-432.625	-470
-173	54	-360	186	-536
-169	-526	35	-564	-348
-169	-206	-222	-532	-455
-168.88346568873177	-181.68247895944913	-414.4927050629238	-90.97704667176741	-554.0206579954094
-167	-241	-251	-444	-509
-165	-196	-231	-538	-465
-164	199	-97	-166	-733
-163.8181694546444	-539.375220998232	-310.3172854617163	-351.7269141846865	-281.53229974160206
-163	-448	75	-672	-383
-161.32275132275134	-540.4074074074074	-309.1851851851852	-347.1851851851852	-275.1693121693122
-159.35344827586206	583.8511273209549	-656.6256631299734	-292.3690318302387	-287.6299734748011
-158.4696581196581	582.8021367521368	-655.0683760683761	-290.4089743589743	-285.18589743589746
-158	-503	293	-235	-370
-157	-181	-149	-237	-693
-156.1168786524579	-499.7724303884496	-348.4812650395325	-203.43898246820214	61.00653145410793
-155	582	-653	-288	-283
-154	-518	-434	2	-84
-150.46965811965813	-501.19786324786327	-345.0683760683761	-200.40897435897435	66.81410256410257
-150.34772555661516	-350.6775455685883	-241.0918320994191	-358.9418099882374	-502.30216328581184
-150.32275132275134	-503.4074074074074	-344.1851851851852	-201.1851851851852	68.83068783068782
-150	-348	-242	-357	-496
-148.4696581196581	-436.1978632478632	-266.0683760683761	-218.40897435897438	-285.18589743589746
-145	-437	-264	-216	-283
-144.32275132275134	-356.4074074074074	-236.1851851851852	-353.1851851851852	-489.1693121693122
-143	469	-476	-43	-506
-142.47337462911875	-114.77986570194162	-446.1256051220655	-215.91759929207225	-517.5946072562595
-142	-535	-53	-234	-575
-141	-67	-265	-438	-436
-140.4696581196581	446.8021367521368	-650.0683760683761	-285.4089743589743	-426.18589743589746
-138.4325922680977	-366.34563574635854	-518.1920928704413	-33.59653926185521	-427.5232723688533
-137	446	-648	-283	-424
-135	-419	-240	-208	-559
-135	-357	-244	-351	-492
-134.32275132275134	-211.40740740740742	-100.18518518518519	-281.1851851851852	-533.1693121693122
-134	-360	-516	-34	-423
-134	-221	-329	-278	-526
-133.9944320712695	-421.70267260579067	-240.71269487750556	-206.38084632516706	-562.0746102449889
-133	66	-192	-416	-585
-132	-266	-88	-297	-620
-130.46965811965813	-156.19786324786327	-493.0683760683761	-76.40897435897438	-314.18589743589746
-130.4696581196581	-343.1978632478632	-427.0683760683761	-236.40897435897438	-272.18589743589746
-127	-344	-425	-234	-270
-126.25	-100.33333333333334	-162.08333333333334	-350.75	-698.6666666666666
-126	-78	171	-223	-734
-124.76392572944297	-74.29708222811672	167.29310344827587	-226.20330784833828	-737.8756436261508
-120	379	-309	159	-591
-119	-302	-91	-353	-575
-116	90	-18	97	-790
-115.74566666666666	26.503999999999998	-488.7143333333334	-117.73766666666667	-495.9803333333333
-115.09347553324969	-541.5483544059454	-421.05699256828495	-84.7308174886594	-210.56316957822605
-112	-182	-526	178	-477
-109	-541	-424	-79	-205
-109	169	-559	37	-682
-108.21062033852887	-49.97271225045777	-210.5029699432808	-392.4893483989103	-509.46089946853647
-108	-397	-79	-566	-437
-106	19	-173	-329	-635
-100	-123	120	-74	-713
-99.47050754458162	-408.31550068587103	-165.77503429355284	-553.4869684499314	-150.55829903978054
-99	-407	-166	-554	-150
-95.93063583815028	-492.38966337980276	11.586875212512751	-654.0391023461408	-485.50323019381165
-93.625	255.80357142857144	-599.0892857142858	-327.6607142857143	-464.2321428571429
-92.87262221645133	-571.7765803198511	-10.56722716353957	-547.1251271397347	-69.50291068839404
-91.32275132275132	-590.4074074074074	-104.18518518518519	-367.1851851851852	-382.1693121693122
-90.4696581196581	252.80213675213676	-598.0683760683761	-324.4089743589743	-461.18589743589746
-89.64406779661019	-4.084745762711833	-399.1412429378531	45.32768361581918	-595.7740112994351
-87	-586	-359	-300	-206
-87	252	-596	-322	-459
-86.22539112998972	-151.26931905126244	-213.99588423079967	-488.80260137719966	-516.5776587605203
-86	-304	-389	-244	-543
-84	-26	-108	-550	-636
-82.95513237969055	-120.32905167186905	-228.1518717298062	-270.9799240978195	-546.691428443107
-82.7983193277311	-537.5969618616678	291.1645119586296	-443.7142857142857	-303.42954104718814
-78	-159	-607	191	-242
-75.46965811965812	-192.19786324786324	-46.06837606837607	-97.40897435897435	-659.1858974358975
-74	-319	-554	-66	-64
-72	-193	-44	-95	-657
-72	-162	-208	-471	-506
-72	-152	-211	-477	-505
-68	-142	-220	-483	-515
-64	-500	-402	-16	-317
-61	138	-437	147	-571
-55	115	-609	-93	-489
-50.92048129741042	-97.53047345017002	-229.52864242741302	-279.9359142035051	-732.7253465864504
-50.07509025270759	-612.3051326322397	-403.43506513891066	-294.0274054308586	-128.6408099199498
-49.66126450580231	39.952781112444995	-328.78851540616245	-373.0946378551421	-507.6066426570628
-47.088158960388796	-194.4890111912826	-345.576636356943	2.3446197172728205	-629.4300544838758
-45	255	-288	2	-587
-41.469658119658106	250.80213675213676	-714.068376068376	-59.40897435897434	-391.18589743589746
-39	-195	-342	14	-625
-38	250	-712	-57	-389
-37	-306	-505	21	-473
-35	-42	-471	-299	-456
-19	221	-338	-155	-554
-17	-239	-470	-144	-391
-12.789024390243867	-82.96693766937668	-551.4647696476966	-140.78712737127373	-531.080216802168
-8	-486	-427	49	-94
-5	-656	-230	-138	-245
-5	-79	-557	-132	-524
-3.739495798319325	-155.46218487394958	-273.7647058823529	-416.1932773109244	-546.327731092437
-1.32275132275133	-641.4074074074074	-140.1851851851852	-341.1851851851852	-92.16931216931218
-0.1918767507002599	-435.55742296918766	8.068627450980394	-529.5028011204481	-381.28011204481794
0.8421052631579187	-636.1578947368421	207.89473684210523	-568.578947368421	-175.05263157894737
5	443	-307	-350	-519
5.530341880341894	-150.19786324786324	-278.0683760683761	-408.4089743589744	-537.1858974358975
7	-436	10	-526	-374
7.373266078184109	-252.19672131147541	-185.04287515762925	102.0252206809584	-696.5245901639344
8	341	-413	20	-587
9	-256	-182	105	-691
9	-151	-276	-406	-535
9.45039164490862	335.92584856396866	-416.47597911227155	14.108877284595309	-591.1028720626632
10	-197	-458	279	-555
12	-39	43	-113	-748
31	27	-286	-194	-589
37.06249999999997	-333.93749999999994	-468.06250000000006	-138.06249999999994	-254.06249999999991
37.06250000000003	-333.9375	-468.0625	-138.0625	-254.06249999999997
40	-20	-466	-167	-534
41	-337	-465	-135	-251
44	-81	-673	133	-454
44	223	-214	-385	-681
49	93	-308	-321	-556
51	-642	-255	-73	-22
51	143	-352	-28	-628
52.065384615384616	96.37692307692308	-324.8269230769231	-322.4269230769231	-558.4769230769231
53	-556	-405	-164	-16
56	87	-314	-306	-551
57.03076923076924	144.35384615384615	-366.1538461538462	-26.553846153846152	-627.7538461538461
58	137	-358	-13	-623
63.566353187042836	-416.16057122953674	-577.2884012539184	-3.3800069662138696	-510.7718564959944
66	-414	-578	0	-508
69.53034188034188	-397.1978632478632	-489.0683760683761	-202.40897435897438	-357.18589743589746
73	-398	-487	-200	-355
75.67724867724867	-680.4074074074074	144.8148148148148	-279.18518518518516	-73.16931216931218
76	302	-79	-33	-778
76	370	-417	-308	-514
78	264	-373	-1	-559
80.5303418803419	-32.19786324786324	-397.0683760683761	-467.4089743589743	-509.18589743589746
83	376	-435	-70	-724
83.67724867724867	-567.4074074074074	-53.18518518518519	-468.1851851851852	-210.16931216931218
84	-33	-395	-465	-507
86.53034188034188	-213.19786324786324	-416.0683760683761	-208.40897435897438	-571.1858974358975
90	-214	-414	-206	-569
95	-496	-421	246	-214
96	-483	93	-670	-104
107	145	-477	246	-552
122	-400	-603	65	-285
127.59178743961354	314.15182884748106	-477.03347135955835	-207.51380262249828	-541.5790200138026
137	322	-485	-200	-531
137.88401253918494	-479.7492163009404	-176.58934169278996	-449.1097178683385	-211.73040752351096
140.48905247263116	-461.3325783314458	-278.61287278218197	-222.12098905247262	-468.0637976594941
143	-458	-279	-214	-463
143	-448	-282	-220	-462
143	237	-628	-132	-487
144	-82	-135	143	-752
156.75	-9.25	-391.75	-334.75	-586.75
159	-11	-390	-333	-585
161.5303418803419	-95.19786324786325	-535.068376068376	-267.4089743589743	-543.1858974358975
165	-96	-533	-265	-541
186	178	-421	-24	-560
187	128	-433	-239	-566
208	-155	-326	-157	-614
214	-98	-649	0	-471
216	60	-148	-392	-664
216.72619047619048	59.33333333333334	-147.66666666666669	-392.83333333333337	-664.75
247	-667	117	-459	-27
257	-157	-442	108	-544
