-884.9875346260387	-331.73822714681444	103.92659279778394	-223.85041551246536
-883	-332	105	-225
-856.1969195097714	-352.51821795296456	-35.4387214309374	-510.4736667770785
-856.0667644900954	-501.0178527757398	349.4125703105894	-325.0819271215456
-855.454313425217	-353.94525267993873	-36.45686574783053	-511.4183256763655
-855.2229570146433	-354.6395843174303	-33.44496929617383	-510
-855	-500	350	-326
-853.9809240080424	-354.0140115479923	-34.999999999999986	-509.91835330881423
-853.8977406553145	-349.2637812832216	-32.65315034239597	-512.6572075670193
-853.3492695883135	-349.44446671518256	-32.87880546955624	-512.5965562414942
-853.2639041202157	-353.633373601499	-37.05090629894008	-508.93741239684874
-852.6858353079725	-353.5994893638575	-36.96169912356097	-509.3039725465801
-786.130629586637	-549.1660223591126	330.70300813604	-365.6405639515521
-784	-549	332	-369
-766	-424	178	-226
-765.0464529578826	-422.2552571152335	176.4566287993232	-224.48256692247264
-744	-233	-71	-580
-736.0018673922757	-240.97937291235593	-156.29138508063033	-756.7524961872032
-735.9932015036178	-241	-156.31240989767318	-756.7090293074061
-735.4609375	-239.90234375	-155.14453125	-757.72265625
-732.9515042993158	-243.259487213733	-151.43026227827383	-753.5376523206211
-732.8223114548655	-241.23061002272857	-153.93437698366085	-753.4629763945816
-731	-241.69697504881464	-154.15797572524406	-750.4106518456184
-730.7465329856936	-241.3737335644547	-151.949711310353	-752.834924615856
-730.3911564625851	-395.48979591836735	-230.47278911564626	-151.19727891156464
-730.3837861961849	-242.63858593037432	-153	-755.0931754660969
-730.224612579763	-394.92098450319054	-230.14092980856884	-151.49688240656337
-730.0879120879121	-396.35164835164835	-230.64835164835165	-150.17582417582412
-729.5057975639594	-396.43982428400807	-230.05592062317768	-149.6178104646271
-728.5697191323161	-394.6607570216921	-231.03014493308572	-151
-728.0442738641306	-238.97394401012554	-157.39316094212614	-753.9966300003593
-725	-285	-75	-512
-723.2561654733493	-315.40970564836914	-85.72155926809864	-340.31264916467785
-717.1315589222096	-496.02269897270935	89.49446577427275	-289.4892860848812
-717	-493	90	-292
-715	-392	-132	-752
-712.9433348815605	-401.861936832327	40.128425452856476	-242.18369716674408
-711.8950888666279	-415.16474908638105	172.1890515926707	-660.2022380484591
-711.7005988023952	-416.8191616766467	170.26706586826344	-662.8796407185629
-711.5676643536336	-458.47080226631283	-98.48726300027955	-180.12622353319625
-709.3444444444444	-458.75555555555553	-101.97777777777777	-183.13333333333333
-709	-543	82	-510
-708	-399	41	-243
-707.5659851301116	-459.7918215613382	-101.3457249070632	-178.99999999999997
-705.7062146892656	-407.92090395480227	92.15819209039546	-853.7344632768361
-705.1819757365685	-407.28249566724435	92.22183708838821	-854.3518197573657
-705.0686813186813	-406.9532967032967	90.26098901098902	-855.3708791208792
-704.7932792146498	-407	91.91945126172045	-855.7953558618085
-704.7453703703704	-408.33564814814815	91.18518518518519	-855.1319444444446
-704.6871744147709	-407	91.86040224200462	-855.3737223870755
-704.5059314586995	-460.52130931458703	-101.61731107205624	-174.28514938488573
-704.280381516198	-407.31836868936034	90.8069396480842	-854
-703.8234222295843	-408	90.33543150571477	-853.9229749875766
-703.8026525198939	-407	90.17612732095489	-854.5151193633951
-703.5764023210832	-407.2137330754352	90.27466150870407	-854.3220502901354
-703	-407.2464764523892	90.41732554142317	-854.8518391199725
-703	-404.78537809852526	94.2358330718544	-856.8846564166929
-703	-404.108280254777	95.02308917197453	-856.9185244161358
-701.5886411235679	-402.57952445484784	96.19600837747936	-857.9927313046692
-697.9488188976379	-328.06692913385825	-185.66141732283467	-184.96850393700788
-695	-106	-225	-253
-694.2022313236804	-562	240.71804305826333	-184.64138521894043
-692.6543784508168	-558.2969082040714	239.979974787272	-184.03059954737142
-690.4919788725626	-514.6347713401326	-52.97947443139935	-577.7841175362544
-690.2689965462642	-514.3006657987363	-53.84034958446739	-577.7515580958046
-690.1184278532315	-514.7589415183286	-52.93497828595097	-579.1606825210288
-690.0487542169644	-515.0856230255479	-53.28200668897705	-577.8930253216836
-689.7957416684818	-516.1155521672838	-54.17425397516881	-578.7909496841646
-687.4659060991663	-516.2862074009068	-50.92169080005852	-577
-687.454313425217	-409.94525267993873	-140.45686574783053	-371.4183256763655
-686.1598393353324	-409	-137.14789952956065	-372.7817546562492
-685.7250427368767	-415	-136.15529758456177	-367.89021808324213
-685.4456152726952	-406.4604735240951	-139	-373.34315065473305
-684.2970700416089	-406.89008321775316	-143.004160887656	-367.6360090152566
-683.488404884927	-406.98091794864285	-141.9261054757827	-365.68992910708096
-683.1753044574941	-410.2180270366137	-143.53671225318251	-368.24463011863
-683.0047320007076	-408.54121705289225	-142.25057491597383	-370
-677.5457894198302	-155	-184.37010129949863	-331.2902895733142
-676.8571428571429	-164.42857142857144	-182.85714285714283	-330.2857142857143
-675	-585	179	-278
-672.331948383607	-288	64.63014202868473	-876.0291192953173
-672.3002756911247	-290.8958696916812	62.47671801097705	-875.5186787060222
-672.2781690140845	-562.4014084507041	-117.70070422535213	-370.02640845070425
-672.108781681784	-291.15216065749905	62.444333510098986	-875.4210954517112
-670.9422749166358	-288.78033839693717	64.33083858219092	-877.3531678399407
-670.9244386900228	-288.65879664889565	61.50142574257424	-873.8659040365575
-670.8653612033002	-452.00000000000006	-162.1846346541625	-264.0819634235756
-670.5652154049978	-287.41687605646666	63.999999999999986	-876.6919000411165
-670.1078951880518	-287.424890789276	64	-875.8319163883608
-670	-562.8345144356955	-118.06745406824149	-370.24396325459315
-669.7691546545989	-453.0622973906397	-164.7938811559669	-268.3393845128427
-669	-454.8869987972988	-161.14506350327883	-263.0076739928713
-668.9999999999999	-453.79590782193355	-161.12045855841149	-263.6957392955004
-667.8631750945992	-564.2954936360509	-118.12968696250431	-369
-665.6525423728814	-564.0847457627119	-121.89830508474577	-371.2542372881356
-662.9411764705883	-577.1176470588235	102.64705882352942	-471.2941176470588
-658.6764705882352	-101.95098039215686	-265.4803921568627	-390.6960784313726
-658.1969273743017	-102.77529484792055	-264.95965238982	-389.31455617628797
-658	-102	-265	-390
-657.9442051282051	-578.6055384615385	104.82830769230769	-468.1074871794872
-657.9321644498186	-102.11318016928658	-264.95235792019344	-389.54703748488515
-656.7254522698829	-576.4666059847536	100.12208442371147	-467.664011832973
-656.6075898801598	-577.7619174434087	100.4093209054594	-466.4312916111851
-654.910625472578	-659.4677831096803	221.4394825606916	-375.5306605292656
-647	-258	-195	-429
-637.5801393728223	-525.7891986062718	-142.8205574912892	-422.698606271777
-633.4109589041096	-337.1232876712329	-291.0821917808219	-237.80821917808214
-633	-389.8501628664495	-299.92508143322476	259.9478827361563
-633	-266	-296	77
-632.8333333333334	-337.3333333333333	-291.6666666666667	-239.16666666666663
-632.5135135135135	-390.7027027027027	-298.8918918918919	259.56756756756755
-631.6973837837838	-245.46663783783782	-320.99429189189186	1.655913513513525
-631.0300751879699	-385.0857142857143	-239.71203007518798	13.188721804511289
-630.3371963488673	-336.46911448370315	-293.6588860522065	-239
-630	-388	-299	256
-630	-246	-317	-1
-629.2781252107163	-248.0910497873839	-320.07254742254474	-0.3404993829690852
-628.477537041103	-334.19732041952136	-294.7330213376558	-239.00000000000006
-627.4543024227235	-609.6265664160401	218.04862155388471	-234.00334168755222
-625.3107995452823	-335.9628647214854	-291.9552860932171	-239.55884804850322
-623.2886597938145	-594.9257731958763	-250.87835051546392	-135.58144329896908
-622.5747508305649	-593.2059800664451	-251.3953488372093	-139.38538205980063
-622.2453256936068	-593.3154402895054	-250.8002110977081	-138.00000000000003
-621.6	-596.2	-248.11428571428573	-134.74285714285713
-621	-278	-277	-367
-620.8025659301497	-593.3684960798289	-248.4641244951295	-138.00000000000003
-620.4307692307692	-593.8615384615384	-248.61538461538458	-137.99999999999997
-620	-523	-254	178
-619.2119205298013	-594.6026490066225	-248.92715231788083	-140.60264900662256
-618	-420.2659842905723	-200.80325266727692	-236.4480978108772
-616.2567955604771	-358.583272466518	-162.2406226500703	-366.1425121125492
-616.118409144512	-356.18569414810463	-162.93291574565183	-368.13290696972854
-616	-135	-376	71
-615.7377114032755	-363.7375300533117	-207.42777409296428	-341.1803155722463
-614.587360039811	-366.61106411213404	-206.34919134112963	-343.59722982499795
-614.2366533222394	-356.75577665505057	-162.19936740705828	-370
-614	-103	-251	-614
-613	-781	167	-367
-611.6950880444856	-415.8424467099166	-300.5430954587581	-305.2974976830398
-611.1780487804879	-216.68048780487806	-340.1560975609756	-113.3170731707317
-611.1428352019659	-536.6837659345722	-241.71448318230685	-363.52065734910155
-611.1066681936611	-681.5793827125146	-130.06428837289204	-43.67459558507743
-610	-357	-158	-368
-610	-218	-335	-114
-609.6508568670046	-218	-338.19478638667636	-111.39898624185372
-608.1547736124278	-558.5974886507834	420.34749643329434	-497.2709358699352
-607.539534883721	-219.50232558139535	-339.6186046511628	-116.06976744186048
-607.1317694163544	-418.293568091987	-298.7241928032442	-303.0764847800421
-607	-277	-395	230
-606.9576026113859	-393.1459100038426	-337.9065791715029	171.45378575701275
-606	-172	-379	104
-604.6881911503774	-558.008676556742	422.71521178983477	-503.8885613117075
-602.981496888762	-395.39165612734325	-334.23335214425975	172
-602.5985401459855	-201.71532846715328	-203.15693430656935	-582.7846715328467
-601	-361	-256	-322
-600.4630652059052	-202.26734991816815	-202.33500617651012	-583.0701379083079
-600.4302410678425	-548.4778725761405	-227.5081894173809	-391.0512081967206
-600.3787894703989	-548.3021387992833	-227.5666099552264	-390.9225967024937
-600	-551.4151867021527	-219.10180074843896	-388.75532688572673
-600	-548.1625437861715	-220.35656643249678	-392.995201161855
-600	-548	-226	-393
-600	-315	-235	-401
-599.6487347696434	-548.605858377242	-225.87969232573616	-394
-599.5047748747694	-549.2838474271807	-226.71080102871247	-393.08549754378276
-599.4849643295713	-553.6644348283726	-228.74157578504182	-400.3607172095199
-599	-549	-230	-395
-598.2948007497351	-202.3053744601092	-200.64285714285714	-581.1569350501181
-597.6950880444856	-257.84244670991654	-355.5430954587581	-199.29749768303984
-597	-614	-116	-267
-597	-475	-293	-13
-596.0224686314561	-621.6618033265246	-123.04756346658885	-275.4023927633499
-596	-322	-340	-295
-595.9552495697073	-281.9173838209983	-382.0671256454389	-310.3493975903614
-595.8940049082622	-284.8875774219937	-383.15437653383196	-309.9384129952086
-595.3592097703445	-202.31330124806442	-199	-578.4779166352222
-595.2644368899829	-551.2808537390779	-227.24372548264927	-401
-594.3426461784076	-302.32767910596687	-227.92596288166033	-441.37677110357214
-594.1719056974459	-367.1159135559921	-352.3565815324165	50.39341846758347
-594	-371	-314	-113
-594	-284	-379	-310
-593	-296	-188	-564
-592.0787735440242	-299.3428425052862	-188.37373812251036	-558.2103363977732
-592	-330	-325	-52
-591.8941755537326	-298.8876127973749	-194.05168170631666	-564.8712059064807
-590.8485966614853	-302.0432142109314	-189.7932585787635	-559.1111891565411
-590.7024854408577	-301.26504181386156	-189.4462834409529	-559.1539774453958
-590	-458.42105263157896	-160.49473684210525	-479.1684210526316
-590	-347	-430	-253
-589.0255964614785	-297.5409568578284	-194.65115090344096	-567.0475841126943
-589.0093626086681	-297.48208736186405	-194.4903119923467	-567.1902854462006
-586	-343	-218	-422
-584.767435572631	-632.9935921251899	-99.73213315108826	-298.53282332894867
-584	-293.63142500768345	-482.52475885764386	94.61786059743118
-584	-229	-434	39
-583.9411711711712	-318.68693693693695	-179.0117117117117	-598.5727927927928
-583.3426461784076	-458.32767910596687	-157.92596288166033	-480.37677110357214
-583.1933673469388	-637.2571428571429	-107.22857142857143	-306.23979591836735
-583	-333	-218	-433
-582.7532350779275	-290.77991204355465	-490	98.35238117781903
-582.7351504957951	-291.7084443328731	-485	94.68360085352079
-582	-461.3322436529086	-157.3116621967834	-474.7423938581233
-582	-460.4328815050788	-159.37540455128124	-474.20711967948967
-581.748386210653	-459.74658165314446	-159.00762519156046	-480
-581.6887517654959	-628.5062515918405	-273.47265507420866	-10.99085415267777
-581	-628	-272	-12
-580.3935698447893	-347.8891352549889	-219.80266075388025	-414.73835920177385
-580.2177088819449	-462.87505180500216	-163.31192934356488	-480.56589884487346
-580.0000000000001	-292.2969901801964	-486.72449539294394	94.02372390127572
-580	-293.96289048772843	-484.22776499845827	95.25411087433294
-578.8467852460969	-188.83069232340773	-241.65925226007457	-441.84170327051095
-578.8197927661408	-187.69239002779966	-241.6915030153468	-442.97153136010235
-577.8369677424744	-293.3452254166433	-486.5265491923824	95.99999999999997
-577.7118301738889	-293.77736102305244	-484.95221181436136	96
-576.6333081479564	-215.36212451123725	-304.673109691896	-434.42085548292505
-576.0442493823297	-293.63291203152386	-487.7025312977619	96.00000000000001
-576	-224	-228	-531
-575.208265802269	-122.25526742301459	-441.3654781199352	-130.12722852512155
-573.617621377952	-524.2734785875282	-319.3829065729892	-494.67193940747654
-573.5916381212221	-525.1913952915086	-312.5001056150579	-493.4109305087076
-573.3426461784076	-294.32767910596687	-25.92596288166034	-779.3767711035721
-573.2419913384473	-521.4379569214648	-320.90455918591226	-494.915316539636
-572.4870049863744	-298.019604858816	-265.2023032991245	-615.812191975416
-572.0261682242991	-517.8858644859813	-315.892523364486	-495.2726635514018
-572	-547.287864298219	339.0976451605235	-630.3368748796902
-572	-454.88797751333175	-338.1770641240142	-8.72634403577922
-572	-449.6279846580148	-336.021823914849	-8.907441266072112
-571.7950229132942	-549.9276920270856	349.01690567930507	-625.3953398235335
-570.8090669225234	-522.582633725114	-316.5404173662749	-495.03022307507797
-569.9365121672238	-298.9894621652594	-263.8307585833015	-615.4003525510027
-569	-230	-476	-128
-568.5099494733237	-455.6135360109617	-340.292482658217	-17.093929947760557
-568.0018673922757	-296.9793729123559	-260.29138508063033	-616.7524961872032
-568	-547	345	-631
-568	-122	-435	-131
-567.4609375	-295.90234375	-259.14453125	-617.72265625
-566.71308895072	-549.6678966129009	343.22007085677615	-628.6595048977586
-566.5076660988075	-389.26664691504334	-349.01548033479	299.86660247389085
-566.3705448257804	-299.5358832666201	-262.5212324011395	-618.4737373448987
-565.605577689243	-275.199203187251	-349	-370.792828685259
-565.0909090909091	-278	-346.09090909090907	-371.6363636363636
-565	-275	-349	-371
-564.4927536231885	-280.8985507246377	-402.63768115942025	-330.4492753623188
-564.4424120786389	-280.03316151986496	-403.5794827350271	-331.6359987228025
-564.0315517699357	-294.50812333789133	-268	-606.5507012250897
-563.9545454545455	-276.1818181818182	-348.5	-371
-563.6521739130435	-278.69565217391306	-345.8695652173913	-369.04347826086956
-563.6217948717948	-422.2067307692308	136.88621794871796	-730.3605769230769
-563.2523121077196	-423.7005579099834	138.2021940883	-728.8354541065394
-562.4240970569506	-422.7840840466943	137.94219540944187	-729.5550909209583
-562.1666666666666	-562.0833333333334	185.85	-490.1
-562	-345	-229	-573
-561.9325991346412	-297.5668640109117	-329.94518726164307	-374.544253345917
-561.707622360171	-280.72987958948124	-400.3222073182144	-332.2244595564151
-557.845317984685	-281.4784401786068	-405.13156081729096	-325.2047865845756
-554	-410	-19	-674
-552.4166666666667	-715.3888888888889	-370.9444444444444	-381.22222222222223
-552.0952380952381	-715.0952380952381	-371.57142857142856	-381.4761904761905
-552	-716	-371	-381
-552	-353	-235	-582
-551.9090909090909	-715.9090909090909	-370.45454545454544	-381.90909090909093
-551.7349137931035	-450.3060344827586	-238.20258620689657	-616.905172413793
-551.7235023041475	-715.5299539170508	-372.1152073732719	-381.9400921658986
-551.3888888888889	-715.8333333333333	-371.94444444444446	-380.3333333333333
-551.3636363636364	-715.9545454545454	-371.99999999999994	-380.54545454545456
-551.2704402515724	-717.5723270440252	-371.59119496855345	-379.5283018867924
-551.2320675105485	-715.620253164557	-371.6835443037974	-380.831223628692
-551.2074337177901	-450.93787497838264	-236.12039217251333	-615.8892392012876
-551.1359300476947	-716.1193693693693	-372.37387387387383	-379.9313725490196
-551.1072921504876	-716.5937761263353	-372.2936367858802	-379.9782628889921
-551.0559246099181	-718.1004171172563	-371.7186775838097	-379.26757299551986
-551.0267515923567	-716.9757961783439	-372.07770700636945	-382.43694267515923
-550.9873405581664	-717.3700968639109	-371.4298455931716	-379.7136280809437
-550.8940018085	-717.7702200341605	-371.60946448307044	-380.36797950366724
-550.7753531535639	-717.9270400547102	-371.49373478737255	-379.3177977630544
-550.7561483951646	-715.9635264693624	-372.0812838682785	-380.51646519383075
-550.6972569165582	-717.6094256279598	-370.7987551579938	-380.8029646348556
-550.6405232462159	-717.3068244257129	-370.36219942786886	-380.9989897770364
-550.6239385744892	-717.4713741704552	-370.57212794586405	-381.1062633902911
-550.5901052776439	-717.7333654441616	-371.66999243101907	-379.53953072318177
-550.554701817138	-717.4004879556644	-370.7843500916297	-381.11833476849705
-550.5412171857854	-717.3910947919305	-370.7731239976365	-381.13443909850594
-550.5380247438259	-717.4667603217326	-370.5976019580992	-380.94477105664953
-550.4515004197926	-717.5745538011538	-370.74467811391276	-380.9254868239309
-550.2533056496558	-717.8658070156266	-371.1671948420938	-379.98349907113976
-550.1966101694915	-717.5796610169491	-372.1118644067797	-379.0813559322034
-550.0290838681846	-450.41121720352436	-235.69496048496524	-616.7612042868357
-549	-216	-394	-554
-548.717166260111	-452.2541786590209	-236.8767268221125	-609.487254710753
-546.0340148007015	-462.52827014434786	-14.404328463906722	-716.673824650171
-545	-78	-490	-20
-544.401808290795	-463.8139919427575	-19.55325818303801	-719.9005835646178
-543.217620651323	-453.8225878441174	-235.67764716840975	-607.4724874789165
-542.9152902540793	-455.31404233391316	-235.08953574448918	-607.1518782941826
-542.4178802968017	-465.55417002212914	-13.844903588728528	-718.853989407851
-541.7555227765928	-163.06874696792988	-452.439350791504	-206.24275931535786
-541	-432	107	-819
-541	-312	-471	356
-539.9625675744142	-465.1860438775966	-14.234722400142687	-712.0502686437873
-539.9375026232948	-317.02818048268625	-466.86436935991605	353.53637775445964
-539.3983571908925	-469.8625708521472	-11.97872033816887	-709.0692429628207
-538.8212325209971	-455.1486723976085	-237.8950810451222	-604.0530438961981
-538.5273197542839	-311.5594333245158	-477.1617611615672	361.90957293595505
-538.4840518872384	-466.12866283620474	-19	-719.5533647342512
-538.3540718360532	-315.1910194994931	-466.55705738535846	352.7235484704526
-537.7376620889643	-466.16799119111454	-10.863229742299069	-709.8354352464846
-536.0938056371245	-467.13851572676055	-7.240105744256141	-713.0855356963938
-536	-482	-335	-544
-534.7486365889936	-482.097174020823	-339.10163609320773	-542.1685671789787
-534.387976735497	-469.61800644799706	-12.820063936903466	-722.3062514267733
-534.2764140875133	-482.58697972251866	-339.02347918890075	-542.2251867662753
-533.4472793087342	-483.3538066324147	-337.9745446053246	-541.13288183092
-532.8795860771402	-340.62935089369705	-433.98777046095955	-107.91392285983068
-532.2497393257225	-344	-432.7720771061145	-109.24424065805775
-531.9138576779026	-339	-436.1647940074906	-107.31835205992508
-531.8458210153298	-342.5302386592791	-434	-106.38700393523504
-531.524064171123	-341.59893048128345	-435.5080213903743	-105.78609625668449
-531.4476904855902	-341.751677852349	-434.8874851954205	-106.72167390446111
-531.2582582582583	-486.4984984984985	-459.2102102102102	56.55705705705705
-531.0324510236436	-485.76324061116964	-459.7207260071382	56.650310926513896
-530.5266566433859	-485.9936292257115	-459.280465280076	56.80087649545072
-530.4983552479076	-485	-459.9027431597053	56.09117226245246
-530.3072457722856	-484.1904050147442	-460.4854692536011	53
-530.1594860377028	-484.297165321087	-459.61832404637767	53.00000000000003
-527.4925373134329	-309.44776119402985	-247.29850746268656	-620.6716417910447
-526	-566	-213	-449
-526	-427	-390	-195
-526	-307	-247	-623
-525.8545889864325	-575.4416600159617	-156.32625698324023	-436.82905027932964
-525.0909090909091	-549	108.54545454545455	-621.3636363636364
-524	-144	-313	-672
-521.7160220994475	-571.2198895027625	-216.49171270718233	-454.55801104972375
-519.9495108512313	-365.588327898347	-385.38659619925784	-420.6655796694029
-519.5508896249037	-356.80589228762096	-418.7950263570676	-138.766671761296
-517.914940264362	-360.50050309269614	-420.8652055795628	-143.8815878664633
-514.2103024888384	-360.7226094371009	-417.7568535467986	-138.7794333634851
-514.1037933441937	-681.17826390505	-293.1612753083547	-451.6597626250873
-514	-571.0629035498512	-436.1529932623864	-294.4189477733962
-513.3596551724138	-572.3095689655172	-438.71137931034485	-297.75370689655176
-513	-683.4615384615383	-294.38461538461536	-452.46153846153845
-513	-577	-432.9866105817051	-293.94447567494035
-512.6361157039076	-414.15165916776607	-252.01248264498994	-663.4970633306641
-511.659570401957	-574.7747509698903	-432.06706327290635	-296.94696593160074
-511.30848557993824	-573.8709768137986	-436	-289.65467012714674
-511.0537555445323	-576.0676881458176	-430.64816728714464	-298.9862422141036
-509.946294007229	-415.4048005600731	-252.85703026630875	-660.9751880722899
-509.139767764091	-566.9638606231041	-431.33593701017196	-299.7710169235967
-508.8533847395129	-565.9462613275454	-432.69278708176694	-297.87944795165714
-508.0542399955632	-572.1889239055237	-441.2572651108495	-289.9906175244603
-507.9281039936015	-412.962020906342	-259.59177286560623	-657.0273327023814
-507.1751063931526	-575.4490030124803	-431.145746664754	-299.5864294936164
-506.95419649839806	-414.81993087362673	-261.03391661318085	-655.6887208923099
-506.8358315488936	-574.7972876516774	-433.39971448965025	-303.31691648822266
-505.79704418232245	-580	-428.4377851478319	-289.91983049085684
-503	-435.70581891024165	-493.7533700645932	-134.50720705198103
-503	-435.31051302651207	-492.1327709552776	-140.09501128581812
-503	-434.6951536381396	-496.3656231655327	-135.82565222830638
-503	-433.5458957071295	-495.4567299991263	-137.99999999999997
-502	-535	-525	-91
-499.69508804448566	-433.8424467099166	-493.5430954587581	-139.29749768303984
-499.601752340438	-437.62913509900824	-495.1879424147368	-132.11254103998866
-499	-428.8889302785059	-499.5108554928175	-139.58062766697847
-499	-313	-349	-566
-498.99814909767997	-430.1124173564924	-500.02087308356624	-141.15022013617383
-497.9341463414634	-508.52764227642274	-425.2772357723577	-519.0544715447154
-497.4363018187777	-510.80956087170244	-425.72632311977713	-523.6427576601671
-497.3731824611033	-511.28942008486564	-424.75671852899575	-523.9831966053748
-497.1018697614443	-481.1798839458414	-190.143778207608	-550.6286266924565
-496.26930167418124	-431.5209719254872	-498.38724106638847	-138.66701798512318
-495.9319872740916	-515.7242166062583	-422.2274216190922	-517.042198181934
-494.4315907804254	-516.4875401007669	-421.8473888085126	-517.8364010462217
-492.94354888139753	-528.6051486362244	242.64223107569725	-660.4883236285627
-492.47273915629233	-515.0020605633339	-421.104018978151	-519.8331526141717
-492.3526000931676	-515.1672268188405	-421.04425516401466	-519.8687400250828
-492.1187939484338	-437.380779884935	-492.58075857660344	-136.2690176859152
-490.9010948560642	-330.6879943369514	-338.0289664936291	-597.3682963662104
-490.69718032185597	-333.7498876713585	-338.9617715831461	-601.5700426390354
-490.5598302265522	-453.8838394123834	-481.79272950506163	-176.88279821708184
-489	-509	92	-669
-488.76271525831	-508.23368041649985	91.98838606327593	-668.5492591109331
-487.44500783280677	-596.5531603599603	-298.4927664588309	-418.7768301878309
-487.16937799043063	-597.0105263157895	-302.46507177033493	-424.71004784688995
-487.1547085201794	-597.0627802690583	-302.4439461883408	-424.7174887892377
-485.73267326732673	-332.04455445544556	1.7524752475247496	-816.7623762376238
-484.7293923634206	-454.86867302856183	-478.48618848093054	-169.69103794876332
-483	-332	3	-817
-481.219336492891	-281.1408530805687	-432.97270142180093	-401.73137440758296
-480.1952689171094	-247.03702221684358	-274.9796706707215	-693.4973863685161
-479.7917113042098	-203.02987739554814	-60.04433995952863	-860.0901876760704
-479.34264617840756	-204.3276791059669	-61.92596288166035	-861.3767711035721
-477	-608	344	-684
-476.9473684210526	-608.3421052631579	344.07894736842104	-684.3684210526316
-476.5920402647032	-607.165905489794	-461.98042688041755	-168.2065430142604
-476.1652556025944	-249.25681225059532	-268.0014931788327	-685.7341440427908
-475.85170112410026	-432.45695583815524	-342.97764634159387	-641.8232777522273
-475.12851405622484	-392.39759036144574	-469.75100401606426	-398.8755020080322
-474.6469920544836	-604.871736662883	-77.71623155505108	-529.77752553916
-474.4191781974707	-437.5641862346181	-342.4045147521215	-639.532824670404
-474	-439.7227836096668	-334.74402912674276	-630.1864569366776
-474	-434.8512934495244	-346.9220102108437	-639.7530547901613
-474	-241	-504	-359
-473.7467428681906	-441.3019151428239	-343.78054833938364	-646.4948977389189
-473.63401334594494	-438.09192185252425	-349.00380847592237	-634.4579722182341
-473.123595505618	-608.5146067415731	-460.9505617977528	-169.28539325842695
-473	-440	-348	-636
-472.9252777392097	-384.86940285494126	-472	-390.89755678987893
-472.33037166664224	-438.271733700466	-344.810384002476	-637.4900591993128
-472.2618218825721	-439.81062992962734	-345.3185267721925	-642.6784076973361
-472	-63	-529	-55
-471.73021924392197	-440.9598463210988	-344.26468494011846	-637
-471.5999853529777	-441.8229786914964	-341.01130812284225	-634.6717619785059
-471.05442411667696	-604.185454217418	-458.6313683884366	-170.22046160091463
-471.0173740408626	-435.50729679913707	-346.01595175217057	-636.3362274787502
-470.54553990755943	-434.313352661704	-349	-637.561376290494
-470	-605	-74	-526
-469.4682503393538	-440.6675890619099	-345.0205797628886	-633.0561343848917
-468.8340195510075	-440.8191114228092	-348.25169809325325	-636.4844132788253
-468.5734029183986	-393.3579849303334	-458.2496520315551	-387.91461383008686
-468.4814731914639	-389.5176143335691	-471.3303535432002	-392.3925890435347
-468.25360193646156	-389.6219603281889	-471.24857765156145	-392.6701190598287
-468.0638324299459	-435.95202445344216	-349	-641.255826348244
-467.9382830921672	-394.3966474912909	-458.2399537540755	-388.476847650733
-467.4714327910507	-440.41500623622073	-345.8230245664779	-639.4586750811095
-465.5084358770149	-440.68811820659795	-345.2056125138813	-644.3406493623036
-465.36877076411963	-603.345514950166	-453.9468438538206	-171.45847176079732
-461.79236516756106	-634.4922432761869	353.7970983520919	-599.3859444998496
-461.45732546222075	-634.2784679136325	354.43727193130974	-599.6109330417153
-460.5385660813482	-521.3273561332488	-219.16335054833837	-545.6330373336301
-459.83316326530615	-523.5142857142857	-225.45714285714286	-549.8010204081633
-459	-636	359	-602
-457.29077210267405	-575.0395319596437	208.31575287324426	-537.5519737722332
-455	-229	-225	-766
-453.14222563905446	-534.6484720353642	0.25773592158370295	-651.9688641168557
-452.5069315420895	-523.8959554094612	-218.34743461483492	-544.4284693440045
-452.0892602668739	-559.4798117199982	-227.28008809431273	-499.363518590491
-451.4141583679924	-566.9735404530429	-213.8978606671643	-500.75084755320745
-449.75011256312683	-562.555168475598	-218.08447464021324	-499.5198716245711
-449.1835149422808	-563.6164289567375	-210.26991908512247	-503.23223648721546
-449.09847596717464	-567.137162954279	-212.41500586166472	-501.72567409144193
-448.5728027984259	-23.340183646698733	-240.45605596851772	-861.0738959335374
-448.27139252673317	-27.137570587528558	-244.68504145139974	-861.2583443469903
-448.26235481528784	-567.6058248725726	-213.71724708173568	-497.7700202928746
-447.8374041743007	-456.7170807915261	-40.9451337247834	-695.416631488388
-446.80623792383255	-561.2612146486538	-220.5898115018379	-487.57124999877834
-444.10859905132054	-303.36110011393527	-535.8150355503344	-229.00000000000003
-443.01664050112777	-467.99723705763677	-161.30028301556635	-581.6647522269694
-442	-204	-228	-717
-438.91003460207617	-544.2710495963091	75.86851211072663	-603.4694348327566
-437.60766216197004	-472.6282384164419	-165.92789137027816	-588.3580319264825
-437.4076876050741	-543.8613021549747	75.46767537826685	-598.7206174537674
-436.9787941568467	-524.1038254971563	-437.243491112548	-331.5848299705731
-436	-387	-538	53
-435.7219512195122	-238.87073170731708	-526.3878048780488	-454.1829268292683
-435.6489945155393	-405.9725776965265	-544.8391224862888	106.43692870201095
-435	-404	-544	106
-435	-305	-223	-710
-433.9033677208687	-526.7831160580248	-435.00000000000006	-324.2437059225206
-433.86592178770945	-771.0540037243948	-82.2635009310987	-261.07448789571697
-433.69508804448566	-447.8424467099166	-309.5430954587581	-544.2974976830399
-433.4063018242123	-386.79436152570474	-540.7330016583747	52.99999999999997
-433.17391304347825	-386	-542.231884057971	54.26086956521738
-432.41554959785526	-619.1206434316354	-424.03217158176943	-189.0911528150134
-431	-527.4081259821326	-436.43715785026853	-325.8228616148034
-431	-525.4841952824145	-439.37460242483724	-325.28904580546714
-430.0558518319832	-473.06296019667116	-156.45847662302543	-576.65917430482
-430	-620	-427	-193
-429.6299599771298	-524.8155517438536	-431.1790737564322	-327.6938822184106
-429.1471633413264	-623.6182426826415	-428.6093282515421	-188.4166448795662
-428.52333200653095	-525.0080290250247	-439.52665793452275	-329.463138926568
-427.97689661415893	-620.8337859858773	-430.7213833061742	-191.6943690023538
-427	5	-544	-299
-426.91222800023183	-401.1043542433679	-125.48410311480315	-720.3913839982117
-426.06212888046093	-462.86305013459094	-425.7717150597466	-555.4105858619398
-425.7554347826087	-479.65217391304344	-237.88586956521738	-589.1630434782609
-425.2526699185188	-532.8367350026286	-354.1758353515576	-562.4540355451222
-423.5737913852957	-533.6878713458809	-353.723653414609	-563.0262132484011
-421.99999999999994	-589.4030465940879	-168.00944581318686	-453.2012509560793
-421.92001184132624	-462.2532267613973	-428	-553.7782711663706
-421.4765519568151	-463.70495951417	-420.4537786774629	-554.3660593792173
-421.38461538461536	-488.4871794871795	-144.30769230769232	-620.3846153846154
-421.16173165400295	-533.7765205888746	-354.97496788676585	-563.278278911344
-421.1592039800995	-481.9880597014925	-238.6407960199005	-596.3800995024876
-421	-585	-634	263
-420.62918249785514	-533.0838338031622	-356.0193651182743	-563.4787351391102
-420.29876665022203	-535.636225244908	-357.22783846641767	-565.6724645852421
-419	-504	-463	-443
-418.9791666666667	-525.3625	-358.6383333333333	-558.7583333333333
-418.65217391304344	-506.2608695652174	-462.47826086956525	-445.4347826086957
-417.4068965517242	-466.4689655172414	-291.24827586206897	-575.951724137931
-416.76736203700136	-530.108034994933	557.2430177985993	-731.66516249968
-416.5250606127397	-80.24700022040996	-633.8388150760414	191.82851928587172
-416.3173259296407	-591.2380196616228	-163.1498925586725	-457.81027990777136
-416.29576264033085	-492.03089389718923	-146.7305056132354	-613.9563349371149
-415.72189349112426	-546.3431952662722	-345.3905325443787	-597.5562130177515
-415.6554450395307	-81.33409844427442	-633.8977301708748	193.64575363427696
-415.6044913691972	-406.6996815820345	-483.569130216189	-210.8117982235629
-414.3659008046589	-546.9399724034687	-342.8163206132928	-596.8843248823241
-414	-532	555	-725
-413.97945180887274	-80.13847319364056	-632.7614391991842	191.8259166439271
-412.71446886446887	-386.33443223443226	-571.6166666666667	36.58351648351649
-411.808718311058	-547.1480234181038	-343.46892814694866	-596.1570631179222
-411.58596927770975	-575.957147339829	-571.1056309942066	-159.4967898836315
-411.3781902552204	-81.8677494199536	-634	191.82366589327145
-411.2431973866327	-576.1049873119061	-571.0364587700249	-159.58372972170662
-410.3049573341925	-572.2454727416823	-571.8573149509291	-163.005631254118
-409.78044684809686	-408.0503926082432	-481.39615590804453	-211.68841253823595
-409.7738192882938	-574.179813081287	-574.1380606752512	-162.14143412039968
-409.0971943108017	-581.2195455343048	-569.7282847755718	-159.4969320874548
-408.6029239958492	-574.3789630413507	-569.1921684191448	-161.72537289432557
-408.57027703154097	-574.7816866373857	-574.1923286853439	-162.20635225221386
-408.52040374909876	-547.9400144196106	-333.46921413121845	-590.7156452775774
-408.3879276936193	-583.6969866600067	-153.98349940146574	-463.10656493019974
-408.31723112328393	-472.52866506202804	-465	-253.0750991667345
-408.19343563951463	-462.16847164614364	-282.01618553566544	-683.0864146287605
-408.0073266574159	-574.6506170422045	-580.6530330318699	-162
-407.9692270240328	-571.1354300759112	-570.5941515235427	-166.61221688481197
-407.95213967872047	-595.8411956597182	-165.34915052942492	-461
-407.9150632557512	-574.685009031622	-572.6535395904582	-162.26818547247382
-407.6250126511063	-575.4904384544145	-569.4600949240634	-161.65078222247166
-407.3026031408059	-578.6080281289877	-577.1148990095385	-161.6166678249573
-407	-633.4492083400322	-222.60695526024375	-498.304790439672
-407	-631.9553494146186	-223.286743949218	-499.31178982353435
-406.5824468580389	-526.8805391061517	-94.90318432234469	-626.1900754802178
-406.47126073085064	-549.183935254626	-337.9373585148654	-588.8791453270909
-405.9457751720317	-547.8371513176635	-337.96607120043166	-592.4522713975252
-405.93286124657624	-546.6880219119514	-330.05578194936203	-600
-405.7854797605636	-577.5278208134304	-574.1570307056197	-163.97992803029607
-405.6876288939973	-630.9414371069886	-225.3204225806295	-502.64912173448795
-405.6823560111004	-585	-570	-159.3035471999638
-405.5690053424071	-579.9026231453834	-579.3802650751134	-166.623932342401
-405.12376206492655	-402.19014647465826	-498.42579947494096	-247.74212255726192
-405	-635.1872130440346	-218.01525887967216	-495.7177448150388
-405	-633.0292485777145	-222.73646029632692	-499.38548529771714
-405	-581	-567	-160
-404.9871254107101	-634.3639742508215	-224.92113746851996	-504.4972846208266
-404.57292724705235	-551.2778118385268	-333.5551124157354	-594
-404	-455	-277	-687
-403.1863333823014	-580	-573.8262167629077	-169
-402.6614390522986	-391.21696843238874	-343.6308137578246	-674.5857508245272
-402.31920850694775	-240.15469277324232	-591.9127387394182	-10.755071739663208
-402.27513765842446	-346.90246457844944	-470.1451555601318	-427.57686136664813
-402.13669508559656	-531	-90.29561078064859	-618.5330981381617
-402.0602986244245	-441.281482207078	-32.292901022935595	-706.7360518324681
-402.041113350555	-550.9676611689897	-337.77958100320774	-595.9318023107276
-401.62974239432936	-548.1225827168716	-341.474786517923	-589.9378701743535
-401.54129597655947	-459.5824387790029	-272.9883030632178	-684.75009474051
-399.7927083333333	-235.99319444444444	-594.5129861111111	-7.267222222222131
-399.5282965935338	-458.5092172480562	-274.6235098541613	-684.3941624551269
-399.5214672530892	-344.7341650958921	-469.8153965831912	-429.3295335547378
-399	-344	-470	-429
-398.3426461784075	-497.3276791059669	225.07403711833965	-722.3767711035721
-397.9201791116151	-531	-89.97539219700167	-618.8474649667156
-397	-236	-594	-6
-396.34264617840756	-389.32767910596687	-343.9259628816603	-672.3767711035721
-396.15206054140936	-439.9265246571345	-23.5176089587509	-713.2057001535541
-396.1450393553806	-388.8244407802632	-344.00000000000006	-671.4834022959898
-396.0767773848303	-388.46394791580366	-344	-673.8011201183784
-395.695988377617	-527.0042621389941	-95.55081534256874	-616.3479215529001
-395	-392.9387842465753	-347.6361301369863	-663.6446917808219
-394.93888594059206	-635.439042172768	-214.28838475769135	-492.0172450563676
-394	-559	-458	-204
-391.7493893740926	-635.3585552921912	-210.6664052267859	-497.68175526901496
-389.4918699186992	-392.1016260162602	-347.0528455284553	-668.130081300813
-388.3340294351631	-392.4359586316627	-353	-661.7136038186158
-385.25757304176375	-503.0844237318516	-498.2824879010575	-286.5077970962538
-385	-564	-378	-436
-382.80898876404495	-502.96629213483146	-495.55056179775283	-287.1573033707865
-382.69508804448566	-335.8424467099166	-478.5430954587581	-466.29749768303986
-382	-508	-496	-277
-381.6614842706182	-500.6731446617272	-499.1030001214624	-281.8456212802138
-380.7954545454545	-568.4545454545454	-384.3409090909091	-440.3295454545454
-379.9632131060563	-352.791484060893	-581.4232122412061	-41
-378	-288.2011831913823	-568.8872272972443	-260.6969707373353
-378	-287.4228386142075	-574.9941262537694	-263.52117166257887
-374.00605493995795	-504.7579993588235	-497.9141961761326	-276.5938530614472
-374	-354	-6	-832
-373.78092783505156	-293.57989690721655	-574.0927835051546	-265.64948453608247
-373.69508804448566	-579.8424467099165	-155.5430954587581	-539.2974976830399
-373	-488	3	-679
-371.85218778486785	-292.41289881494987	-574.8715132178669	-255.76321786690974
-371.3733984136669	-284.86882245271505	-573.510067114094	-268.40146430750457
-370.4069460027598	-506.8766502022586	-496.5967509661555	-271.18664964341446
-369.84205912738355	-441.13279517748174	-481.6832607500915	-499
-369	-280	-577	-261
-367.69508804448566	-438.8424467099166	-485.5430954587581	-505.29749768303986
-367.4303350970017	-444.0899470899471	-489.363315696649	-508.4144620811287
-364	-531	-153	-607
-363	-508	-15	-669
-362	-104	-608	238
-360.3720548103333	-507.6736712081141	-638.0634304721713	59.49403185008589
-360.18213356969454	-508.9985222409154	-641.7230479358988	53.38632994478348
-360.15710628482907	-508.99225562534303	-641.7453171620434	53.37748343662375
-360.0645810548466	-444.59718141204803	-486.27734240661255	-496.51922161895266
-359.3136153133683	-528.1346094473603	-404.93152207471445	-488.64791602346406
-358.02347865485626	-510.2344589898823	-640.1333610956494	61.06752900268688
-358	-504	-635	51
-357	-508	-82	-657
-356.7115218034595	-515.6499717536922	-638.9379603475641	66.55078148118258
-356	-510.8333333333333	-81.5	-663.5
-355	-793	-135	233
-350	-439	239	-747
-346	-487	-224	-618
-346	-251	-234	-781
-341.0526315789474	-526.421052631579	-620.1052631578948	29.94736842105263
-340.8421052631579	-526.3157894736842	-620.6315789473684	30.05263157894737
-340.536	-525.176	-620.176	29
-340.1796875	-525.7421875	-620	29.2890625
-340.1759776536313	-526.7118914604948	-619.7478052673583	29
-340	-526	-620	29
-340	-524.5	-618.25	27.75
-338.1790199156284	-599.9721132149514	-338.9310801530462	-496.7788187972138
-335.99288087327955	-596.3137161841481	-510.4385382059801	-206.4394874228761
-335.1994691182183	-480.7785187103457	-99.09601191246924	-657.2062022530105
-335.1366044021566	-483.18434858871666	-46.273398090106355	-703.3705143210477
-334.9010068003653	-585.9728932067371	-228.90658321087574	-537.9373861494222
-332	-586	-227	-535
-332	-517	-526	-179
-331	-560.394005890804	70.2985504175833	-613.5891694840456
-331	-478	-46	-707
-331	-472	128	-816
-330.99999999999994	-478.931280773769	-45.02815504106023	-706
-330.7167224080268	-548.3859531772575	-26.386622073578593	-663
-330.3633325385155	-225.85958696654822	-639.2797123703065	-48.2520693169573
-329.58150470219437	-476.5031347962382	-49.826018808777434	-705.4216300940438
-329	-643	-406	294
-328.5626615601219	-617.0228074225982	-501.1028416473134	-241.00598027099093
-327.8370329646183	-475.44252936450005	-40.57948960900556	-707.4911087039073
-326.12277754953067	-615.1745722295196	-499.3937696074073	-244.07345758276998
-325.8811881188119	-442.45544554455444	-345.4356435643564	-572.6336633663366
-325.794405594222	-616.2679665049253	-499.7074119450749	-243.63189522530178
-325.6874928553465	-617.7733595875534	-498.44036386291407	-236.6371602002789
-325.210123119015	-221.29909712722298	-629.5836388508892	-53.94971272229822
-324.1753901230677	-378.311914775059	-554.1146717720308	-288.579779022146
-323.10456779416404	-619.4162123224518	-499.4807443311863	-240.06072547992528
-322	-644	-401	301
-321	-719	-208	-278
-321	-562	76	-612
-320.37094354308306	-220.93344946981085	-639.572082717281	-39.73362698107013
-319.4922228207016	-624.9519922805187	-491.3773433730093	-232.244948215128
-319.3191843059726	-623.6415101447221	-489.653500953729	-234.07884574569073
-319.25	-544.25	-564.75	-234.25
-318	-149	-590	-456
-317.8761268781302	-555.9128547579298	-359.48247078464107	-578.1001669449082
-317.31158998252766	-527.3453698311007	-260.73209085614445	-618.8287711124053
-315.9846483398786	-553.6001428061406	-358.03712959657264	-580.9750089253838
-315.2203678949784	-619.9788171099096	-487.9242563294296	-238.9177224028889
-314.69306930693074	-262.44224422442244	-170.08250825082507	-729.1056105610561
-314.68120989005524	-553.4098801054673	-362	-577.8662255609174
-314	-545	-561	-229
-314	-389.2928300586005	-531.3450769327192	-313.50107329760897
-313.8903570785882	-528.4490282526543	-256.53634412195686	-615.6647664464382
-313.53354002110075	-555.9946220227041	-486.76004094711567	-458.240177446609
-312.75872981111416	-553.4575417465096	-361.2583191897071	-577
-312.75436345537	-553.448733547174	-361.2824687534565	-577
-312.58043594543994	-529.7529503209414	-258.4351681599358	-616.947688218775
-312.42496365545304	-556.7432653804459	-491.19834964674465	-467.99830600429556
-311.19892476962565	-531	-257.7019944228807	-610.7692516314828
-310.9080284023059	-155.21025887490944	-431.5547963203995	-603.8072771613539
-310.1724137931035	-544.3172413793103	-563.3379310344828	-226.24827586206897
-309.8648717586186	-557.5928317182733	-488.35738085302773	-460.36391544554743
-307.56316290996176	-481.5820498168274	-555.5114991578225	-447.4235621684213
-307.4608996045903	-508.56856227996013	-281.31936892950677	-603.573271209653
-306.0610359247231	-551.1114681221972	-609.0935738873104	67.42302819945564
-305.2183887694448	-702.1010749968383	-377.9221702289111	-149.55715189072973
-305.2053872053872	-481.89141414141415	-551.4074074074074	-454.483164983165
-304.20977957346213	-482.93330696314297	-554.5896186211215	-448.9900311262426
-304.1093409357706	-638.510062049304	-243.81858963608923	-486.9547627033372
-303.69508804448566	-483.8424467099166	-553.5430954587581	-454.2974976830398
-302.5473122657602	-485.85193672089736	-553.3438603302903	-449.65710558699647
-302.273185483871	-464.31048387096774	-424.9601814516129	-554.4964717741935
-302.2479182821319	-558.1054941545016	-481.33722774346404	-467.7067906319893
-301.859649122807	-484.04385964912285	-554.2894736842105	-456.19883040935673
-301.6656649928377	-488.47625891353283	-556.8219229618902	-460.16128417838087
-301.65889085967945	-490.80217637721813	-553.195545669775	-444.4050491442217
-300.64949854849544	-549.5752419808009	-595.4121385431042	62.976010251652696
-298.3854719246325	-174.27855299579608	-421.53187445656073	-635.9487113011431
-298	-240	-574	-299
-297.27462563796473	-157.89858649496117	-428.3002687143892	-600
-297	-556.353554981029	-602.580307418624	75.80679175022829
-296.52276178881175	-487.24781293537336	-277.7394725942289	-700.5090683167448
-296	-389	-574	-168
-295.6017684444972	-467.76334535477304	-423.8609890941377	-542.5767255172012
-295	-287	22	-856
-294.7629016912153	-488.1047158240002	-272.17014201520647	-696.447979243168
-294.2915965948539	-490.4757367920154	-271.21681306340054	-696.9556813846373
-294.2212605995091	-486.0586683383691	-272.27426700573284	-700.9485674602823
-294	-487	-272	-702
-293.92960403840084	-555.5814282020395	-603.5140268597457	71.57988639029793
-292.3257869069531	-494.7604561004144	-599.1890877619259	-154.2873338945878
-291.4003558718861	-485.47330960854094	-599.5355871886121	-148.0035587188612
-291.34258524980174	-651.9484536082474	-395.9476605868358	-231.77993655828706
-291.3120245222074	-490.92373254964673	-273.2196210840981	-697.2072624891706
-291.09072203302844	-465.59313092355774	-417.2044776204399	-545.6009429956711
-291.057551251464	-489.1211191114626	-272	-697.8775983417854
-290.95183927198156	-249.25805300505698	-623.106518433502	-4.527725991004644
-289.34264617840756	-478.32767910596687	-281.9259628816603	-695.3767711035721
-288.9636329727714	-176.42857142857142	-415.18966803431556	-639.4796717642671
-288.3350930575614	-485.34980116261704	-285.01661674161375	-686.335154943205
-288	-82.13978391826674	-347.99373956161674	-718.5077914972529
-288	-81.39514790029227	-348.76899620570174	-717.9951726552531
-288	-80.59815010367203	-351.48356410527424	-719.3900236781199
-287.99999999999994	-82.01443323538695	-346.3667784771583	-718.7489183982016
-287	-648	-396	-227
-286.9727458553521	-634.2731426818556	-490	168.53834102539076
-286.3333333333333	-478.90277777777777	-281.375	-692.4722222222222
-286	-242	-605	-6
-285.72712351429243	-486.12397984483033	-281.33541207881046	-687.2257842392116
-285.0294117647059	-82.51960784313727	-351.1078431372549	-725.421568627451
-284	-517	-256	-632
-283.110741301059	-83.48865355521937	-344.3558245083207	-720.7122541603632
-281	-591	-157	-514
-280.97539797395075	-589.1548480463097	-391.42619392185236	-455.05065123010127
-280.89090909090913	-81.26666666666665	-352.71515151515155	-725.4848484848485
-280.0348837209302	-563.9767441860465	-161.08139534883722	-603.5
-279.62843601895736	-431.64104265402847	-199.4555924170616	-726.257962085308
-276.0194174757282	-565.9320388349515	-161.37864077669903	-599.9223300970874
-276	-433.0083333333333	-196.92278079710144	-712.1945018115943
-276	-432.45354315309373	-195.79188100900677	-714.0000000000001
-274.2688210921894	-467.81705560528013	-239.35216084691208	-780.6761960084643
-274.0419681620839	-469.1476121562952	-242.12590448625184	-781.795947901592
-273.26849315068495	-211.35890410958905	-656.9917808219178	-78.8821917808219
-272	-211.7913395638173	-656.2398800956857	-76.27308610790857
-271.96284692391885	-211.28386370569086	-657.1235462542631	-78.96035755592146
-271.5214350402412	-211.88700524073974	-655.6504072676615	-78.00000000000003
-270.66877764018466	-211	-657.5407177917951	-76.49099660832005
-269.7732669475297	-602.7012638835696	-161.15702795863652	-555.6587514362313
-269.7252336448598	-603.1445482866044	-162.0523364485981	-552.5819314641744
-268.9828147077186	-470.1508395491736	-233.57233923701244	-778.397841159268
-267.3868243243243	-601.5692567567568	-160.58445945945945	-556.2128378378378
-264.79692404583477	-582.4827473285156	-61.60980464171153	-591.4273695190253
-263.69642719883865	-422.85277595214495	-617.7523378087417	-228.4261802816665
-263.60197518996495	-418.8690053764887	-619.5002659391066	-229.7723928552
-262.7052731979834	-604.1135032020711	-372.2353181632375	-485.5953127129036
-262.19776949328207	-423.93435158359534	-618.8931191461786	-228.99999999999997
-260.51976810152456	-422.08321936218476	-611.9819800364332	-231.92899329592507
-257	-419	-615	-230
-256.43823733136895	-485.54427744732624	-667.8633836523626	288.9587845737176
-255.79748435066273	-605.4010932494783	-373.74684809122164	-477.9409880389103
-255.23415816091028	-604.2608372648166	-369.37920265452226	-478.43603477235166
-254.95361362565214	-689.6870390534853	-84.32129820740766	-431.9063788984414
-254.73837209302326	-529.75	152.36627906976744	-728.3720930232557
-252.96754448398576	-486.5990035587189	-660.4790035587189	293.8214946619217
-252.79182814997617	-429.2659917552371	-617.6241173336325	-229
-251.9537936256389	-426.30137280468045	-615.573580377099	-235
-251	-694.0304025331363	-79.57604429790591	-427.3712924313926
-251	-486	-665	297
-249.2424977635322	-669.6191878336152	-492.9949589380276	-135.67675303036086
-247.91913790155286	-695.9877532972843	-78.72382164010949	-428.563918782078
-247.6220472440945	-504.45669291338584	-533.251968503937	-268.33070866141736
-244	-567	-494	-272
-243.3814218993254	-552.4206180631821	-405.6281865614302	-504.8603987400586
-242.95750755794424	-613.4514612025529	-4.246221027880438	-595.0905273765536
-242.5487469356375	-505.12837200756246	-529.1259882115728	-266.84497589609936
-242.44444444444446	-615.5	-4.944444444444457	-592.9444444444445
-242	-524	-177	-650
-242	-504	-527	-270
-241	-615	-4	-593
-240.69508804448566	-548.8424467099167	-406.5430954587581	-502.2974976830398
-240.03036876355748	-508.1518438177874	-493.9566160520608	-500.7841648590022
-237	-509	-233	-633
-231	-150	-471	-524
-228	-732	-144	-343
-225.52714899382593	-596.9941461762306	-414.39886834285363	-258.55388381653296
-224.2493965817928	-225.84870945238924	-589.9407115451692	-245.57372514823857
-224	-602	-600	176
-223.4146717055305	-605.0090045450027	-602.3025356200505	179.67064179775355
-222.00000000000003	-567.8190433682178	-26.569573361803037	-683.3094499657466
-222	-567	-32	-678
-221.6325977656805	-571.8109281312676	-32.000000000000014	-681.6901341700632
-221.19307429031608	-543.6741158311522	-197.43332662237432	-679.0450305348634
-220.7601689202953	-126.65088566683266	-419.05316050716726	-672
-218	259	-546	-469
-217.14817301145015	-588.9867917112934	-417.99735592237823	-252
-217	-670	-135	-567
-217	-192	-344	-675
-216.99999999999997	-188.01161980013944	-347.43481292121777	-676.243086218917
-214.72780678851174	-675.1755874673629	-155.34530026109658	-557.5835509138382
-214.69508804448566	-443.8424467099166	-598.5430954587581	-186.2974976830398
-214.55129148275296	-191.96562857609936	-344	-678.291646231813
-212.42688238954574	-637.2013067828251	-503.61947728686994	-255.57405102675793
-211.95221843003412	-546.3924914675767	-189.37883959044368	-676.5358361774744
-207.71531773699024	-638.0622033684741	-504.02230249065485	-256.5639044058969
-204.8501502430972	-639.4117434647477	-500.25313189151547	-249.0086238248153
-203.46264367816093	-546.8103448275863	-263.4319923371648	-622.9961685823755
-202	-735	122	-401
-199.49404761904762	-572.9440476190476	-493.5047619047619	-476.4547619047619
-198.5648375648376	-549.155849030849	-265.7699631449631	-627.5385612885614
-198.05882082504155	-628.7189263032071	-311.8676859824378	-529.6357850767442
-197.5	-570.2	-494.1	-477.55
-195.9736842105263	-572.6578947368421	-488.57894736842104	-480.13157894736844
-195.0851197438472	-174.5489688676348	-564.5829719108297	-501.03146877275066
-195	-583	-410	-275
-194.3573764534884	-741.3143168604652	121.24854651162792	-403.567132994186
-194.3414531301757	-741.4559131019664	117.37717450712704	-409.53647950238803
-194.13872602925602	-176.24400187128248	-564.0256936807762	-499.2098448901229
-194	19	-485	-546
-193.99936452812318	-176.0032523153037	-563.3262668840589	-499.8636553326402
-193.74951791388187	-573.0858715897886	-490.59754026514736	-474.8469212227457
-193.32946674603772	-175.33527170401885	-564.4591006535417	-500.2425440528215
-193	-748	-551	-614
-179.79024390243904	-573.3772357723577	32.40813008130081	-688.5886178861788
-179.70648086896284	-160.84366438463024	-393.38313794566795	-694.5189157310733
-178	-138	-166	-846
-177.74436214552156	-568.5170922920547	36.1703733604385	-690.0785968222781
-176.69508804448566	-162.84244670991657	-395.5430954587581	-698.2974976830399
-164.48336034575905	-750.9925445705023	-233.05845488924908	-69.94224743381956
-164	-609	-561	383
-161.80188751313443	-749.3611064800646	-234.26893851128642	-67.99999999999999
-161.46057018884954	-751.4199124429108	-232.73614205215569	-68.03044841460513
-160.90883407337313	-586.3400058232639	-572.4079150895327	68.3754048988208
-159	-588	-570	70
-153.26345391925153	-506.81490680275795	-561.5277323831957	-251.68123905410758
-151.3426461784075	-512.3276791059668	-43.925962881660354	-703.3767711035721
-151.1707519734109	-512.2178437889489	-44.030743664312425	-703.1305567095969
-151	-90	-313	-815
-150.17961165048544	-511.3349514563107	-44.05825242718447	-703.1650485436894
-150	-508	-553	-253
-148.3426461784075	-688.3276791059669	-104.92596288166035	-841.3767711035721
-148.1707519734109	-688.2178437889489	-105.03074366431242	-841.1305567095969
-148	-437	-158	-815
-147.17961165048544	-687.3349514563107	-105.05825242718447	-841.1650485436893
-146.5661971830986	-109.27323943661973	-626.830985915493	-273.72957746478875
-145.6460015953734	-106.74319473526774	-623.607039585203	-278.54768670854526
-145.00373827622695	-118.68569595538509	-625.5046950638646	-284.65448718126754
-144.5826250356294	-513.4431360375273	-557.4111645922917	-252.3397320897812
-143	-119	-623	-284
-136.80578093306286	-573.4748985801217	-202.64832657200813	-674.7925963488843
-130.25416666666666	-192.06416666666667	-569.4966666666667	-308.5525
-128.44042799305956	-190.50192789666474	-574.0599961442067	-311.44139194139194
-126	-191	-569	-310
-125.99999999999999	-192.20775184270934	-571.0853016189095	-309.5851772215777
-123.85929579845825	-192.80257690820832	-574	-306.67675562268363
-123.84718154272512	-576.2372368800568	-193.78418143270463	-669.0889025010333
-122.35690251433462	-215.78662358061058	-361.3505885368232	-696.3314716970676
-119.96473599695163	-575.7483894306595	-198.31750472230743	-667.1682787591621
-118.52509652509653	-136.42084942084944	-555.3745173745174	-528.5444015444016
-118	255	-691	-336
-117.93709182206123	-133.43423059284422	-555.9043163286722	-526.1998849600858
-117.02083333333334	-132.29166666666666	-563.875	-541.3333333333333
-117	-133.73402903119202	-560.4391031344535	-530.1854361034141
-115.03807808844049	-135.02524140365912	-559.2721611872819	-524.3763314138478
-115.00000000000001	-134.13755654236542	-558.2973525071712	-525.6492701208076
-115	-213	-358	-697
-114	-562	-634	36
-114	-223	-344	-697
-110.89382564784145	-214.20398655687887	-362	-686.6030921947522
-108.85650723025584	-134.86355209492027	-564.5124212087504	-524.5869484612533
-108.63638413446756	-217.28260382466345	-351.90128113149535	-692.7980088565946
-108.22692979174462	-527.8963711185934	-350.73699962588853	-647.6260132186057
-107.89624889981627	-217.99999999999997	-362	-689.7924530991843
-100.90583313831033	-216.59825259380605	-352.32820097771537	-695
-100	-423	-674	392
-99.79057453779546	-215.21452531398705	-351.05047520607434	-697
-99	-455	-413	-629
-95.06890756302522	-599.1887955182073	-645.6812324929972	-171.50196078431372
-91.76464954741238	-528.3784387149016	-338.94660977953527	-630.3709430115167
-84	-482	-226	-764
-81	-152	-584	-263
-74.41088698535506	-131.13604126370086	-651.990328820116	-500.55853366491664
-73.30953870655824	-131.1393549854957	-652.604345600364	-499.3820601786019
-51	-299	-584	-334
-10	-194	-270	-706
12.937106918238982	-146.31446540880503	-416.38993710691824	-676.433962264151
20	-493	-262	-675
27.98787936841147	-500.59448598011966	-266.8426964148408	-665.6886513604669
33	-100	-311	-756
55	-653	-112	-663
58.45016017682817	-658.8471874087168	-112.35320910559851	-662.3733844289773
65.57986057319906	-261.0240123934934	-426.1236250968242	-635.3928737412858
71.29951897757701	-610.8812320590133	-266.96280096352837	-640.6789421029989
75.11009174311926	-343.041014570966	-517.5375067458176	-626.0167296276309
81.39285714285714	-538.3928571428571	-332.1071428571429	-624.5357142857142
82.73150684931505	-307.35890410958905	-661.9917808219178	-27.882191780821927
83.4359756097561	-539	-329.5487804878049	-623.530487804878
91	-612	-265	-622
93	-464	-661	-90
116	-750	-147	-330
203	-770	-355	-231
203.84381741586824	-770.0428688247785	-355.9893611761279	-236.38286874190612
204.00191693290736	-771	-355.39776357827475	-231.86070287539937
223	-491	-217	-698
