-749	-202	-337	-213	-436
-748	-384	-345	-169	-177
-700	-402	-402	-211	-106
-698	-502	-176	-99	-112
-695	-160	-387	-88	-127
-691	-390	-266	-90	-340
-681.7692307692307	-571.5456557830659	-486.785925106069	39.74322080796901	-192.61621472053127
-678	-377	-587	-107	-351
-670.2195530889027	-69.23561493643417	-176.66714693244268	-248.30101970862933	-476.37904184772333
-664	-216	-486	-189	-249
-654	-179	-347	-251	-406
-646	-131	-537	-197	-126
-641	-373	-111	-310	-375
-630	-512	-274	-173	-23
-629	-324	-298	-122	-446
-617.16026682685	-332.2936572881549	-516.4182120201605	-296.2345450808329	-314.9124809158216
-615	-174	-600	-151	-164
-603.319694122503	-445.35273671290315	-607.0745467777499	-206.04634869600164	-230.43229093121016
-595.1305925675556	-343.5052567911338	-573.5867859747746	-138.19397648230836	-373.14802625727145
-595.0277508049267	-343.1196402105586	-575.0185516430724	-138.15674349670363	-373.5804160065416
-585	-421	-465	-258	-142
-567	-650	-184	41	-110
-564.3869212447022	-355.3533749550435	-219.3739354133608	-116.03240846905456	-361.62190068662227
-561	-188	-523	-316	-398
-550	-97	-237	-210	-444
-542.350279787842	-18.470839739826204	-374.1831690171322	155.55978410532921	-451.90897001147704
-540	-314	-247	-312	255
-536	-280	-407	-117	-510
-535.6812921628639	-334.9711712962252	-403.7424199057824	5.35496484476961	-379.35912103270243
-535	-268	-517	-467	30
-534	-485	-158	-183	-186
-526.2813641900121	-287.91595615103535	-437.83434835566385	-148.5243605359318	-506.4415347137637
-526.202977158681	-287.74591509935635	-435.6818825812759	-147.06117649379976	-506.48894658856307
-526	-339	-345	-432	-365
-521	-399	-318	-281	43
-521	-391	-582	-122	-441
-501	-459	-420	157	-312
-501	-374	-229	212	-484
-495	-397	-258	-282	-265
-492.23639817037184	53.612024034229314	-532.001596522002	-381.00305296035634	-221.82632191606743
-487.4594199691378	-201.20749402199607	-438.716713008821	-181.55175855452845	-328.78489447588333
-484.7345552919667	-198.89077574222364	-438.8788121953962	-174.67182384640228	-318.6812819117726
-484.4364916564116	-197.29744344475452	-439.1563046819454	-174.59529271644692	-321.8119069620052
-483	61	-526	-375	-222
-482	-194	-432	-182	-323
-481	-465	-384	44	-200
-478.31887004523907	-516.6785003033252	-360.6735110173878	120.014422824081	-201.74183918465474
-478	34	-170	-250	-522
-473	-461	-607	-79	-521
-468	-371	-468	-86	-490
-467	-446	-453	-330	-300
-463	-45	-406	-478	-279
-461.9785209687023	-97.42890278509603	-489.4993499076569	-293.79526212866637	-442.1699068231754
-448	-156	-581	-483	-210
-448	-152	-663	-270	-402
-441	-265	-522	-190	-606
-440	-467	-183	-208	-187
-438.70940170940173	-470.22222222222223	-694.3133903133903	-200.02564102564102	-422.8376068376068
-436.8504393518873	-292.6634791142183	-305.513556016115	-230.83161872784817	-369.6801634333058
-435.85753862504333	-468.78155641157383	-694.39607910512	-200.45735185353146	-421.7549504669276
-435	-466	-698	-197	-420
-435	-438	-171	-354	18
-426.5271761650129	-486.1761849520408	-263.980069250164	-11.744478848112394	-442.25533231681857
-422	-602	-407	-102	-369
-421.96521739130435	-602.8347826086956	-406.68695652173915	-102.1217391304348	-369.5217391304348
-420.3584701815039	-602.5172860847018	-406.7061365600691	-101.59658599827138	-368.8269230769231
-414	-223	-413	-289	-319
-413	-508	-331	-308	-148
-411.6029473901287	-322.91563133920465	-209.38947041140628	-291.4589985272016	-392.38315943963767
-411.1240980471	-347.7659994760938	-512.381821745495	-209.1636621091634	-240.44755248316403
-408.73026257573815	-295.45292194575245	-516.8296539907476	-101.62663831404497	-446.2831428928504
-406	-328	-290	162	-523
-404	-78	-318	-297	-408
-402	-494	-386	174	-437
-401	-320	-473	-312	-55
-400.52759271429244	-406.2786168623148	-382.1637102665449	-372.5551759604409	-17.939470990217245
-398	-291	-368	-253	-338
-397	-457	-530	-267	-80
-394.17874104483616	-358.28233920953073	-414.5781212267568	-527.7903485470499	-143.93697174595508
-393.6692103755297	-356.10491773499837	-415.47545861281276	-524.8508591128469	-143.66251210835327
-393	-357	-415	-526	-143
-392.0645193033711	-286.64169638139833	-649.6045065018454	-349.88915564439424	-277.69318950818223
-390	-318	-425	287	-542
-389	-475	-214	-106	-184
-384	-358	-457	-207	-194
-382	-381	-429	-511	-20
-377	-571	-255	121	-509
-368	-79	-442	-368	-223
-360	-386	-211	-333	-124
-356	-565	-565	-38	-275
-356	-157	-453	-351	-90
-355.6512487512488	-564.2217782217782	-565.0086247086247	-40.31238761238761	-275.32975357975357
-355.5984633196506	-566.9417956004631	-567.6182507104515	-40.97210819913693	-275.2868119145353
-351	-452	-357	-281	-182
-348	-683	-42	-280	-168
-348	-308	-495	-109	-449
-338.29859269399395	-204.1434119077291	-454.3143070191262	-385.05718760139837	-271.0029102384826
-336	-571	-529	-151	-163
-335	-481	-513	164	-505
-334	-530	-192	-138	-210
-334	-477	-195	-31	-412
-332	101	-311	-448	-536
-330	-382	-429	-222	-318
-329	-179	-184	-441	-221
-322	-411	-479	-513	151
-322	-286	-482	-119	-449
-320	-603	-232	114	-382
-318.2186711522288	-606.8465697464857	-499.34975369458124	56.35167607833718	-417.8363570827826
-318.2101241642788	-606.8080229226362	-499.3543457497612	56.29321872015278	-417.86819484240687
-317	-607	-498	57	-418
-317	-457	-504	-292	-92
-316	-216	-525	-175	-516
-315	-503	148	-177	-185
-314	-534	-498	-7	-297
-313	-608	-360	-476	-192
-311	-236	-371	-358	-242
-310.719990723469	-489.86325677182015	-398.4861643171168	112.65596445387249	-497.951640953581
-307	-403	-579	-365	-313
-298	-494	-337	-213	-321
-297.7655264031883	-339.45833697495146	-385.95988393434595	-389.6811748734173	-152.75337213841644
-297.67907009732073	-339.7785754570336	-385.77712740076765	-389.4058571406007	-152.97669172955617
-297	-576	-472	-60	146
-295	-72	-432	-520	-232
-293	80	-297	-352	-367
-289	-104	-450	-349	-360
-285	-328	-432	-384	-36
-284.69892473118284	-368.9946236559139	-635.0322580645161	-395.29569892473114	-342.26881720430106
-283.3333333333333	-370.1333333333333	-636.1555555555556	-396.6666666666667	-342.79999999999995
-283	-370	-635	-397	-343
-281	-450	-469	-293	-61
-277	-474	-314	72	-436
-276	-321	-601	-436	-286
-270.02081107760824	-504.44628782332205	-252.65870883187563	-283.22531787548763	-267.0793906862258
-269	-225	-411	-245	-630
-267	-292	-411	-132	-461
-264	-325	-327	133	-526
-262	-445	-245	-170	-460
-261	-226	-580	51	-562
-257.73847733698415	-491.9720073365015	-240.20793461455855	-283.47707110826093	-258.65365577898257
-257	-503	-178	170	-528
-250	-190	-445	-294	-360
-246.5558319030206	-510.62226987935065	-697.1856871310183	-283.79198980954584	-309.6982982372718
-245.79085343838426	-343.0024875950366	-243.27243496848726	-398.25160768620833	-229.9799276731323
-244	-509	-695	-284	-308
-236	-98	-218	-249	-445
-235	-405	-672	-244	-388
-233	-498	-464	-423	-220
-233	-305	-610	34	-519
-209	-434	-316	-521	-122
-202	-291	-437	-531	-317
-197	-625	-182	-194	-9
-196	-197	-254	-535	1
-187	-285	-372	-172	-478
-182	-335	-349	-117	-488
-178.12429584162038	-700.4437272080459	-381.39700091343934	-221.12224823476095	-284.9396402129323
-178	-466	-155	124	-517
-177.2253066935258	-699.7288546787366	-381.5825058613435	-221.1715446179378	-284.24110546231526
-176	-700	-382	-221	-283
-171	-380	-345	-206	-392
-170	-473	-350	-118	-409
-166	-495	45	278	-590
-158	-258	-498	-113	-711
-154	-513	9	321	-627
-150.46856988194517	-285.8716546746908	-329.1428356042702	-180.8214500451402	-529.4139456900639
-147.25953382369985	-183.2345457755943	-127.95528550174662	-325.4687219242743	-473.2012555596956
-145	-133	-612	117	-508
-144	-468	-441	57	-461
-143	-520	-192	-118	-300
-135	261	-150	-457	-392
-132	-234	-544	-132	-524
-124	-386	-540	-421	144
-118.51116759498723	-298.69811414111706	-224.88112270334847	-235.236083087709	-409.18403540337965
-118	-502	-398	60	-426
-118	-457	-333	-151	-457
-116	-448	-199	-485	-48
-112.91520420982204	-252.1541268507752	-256.88758535933545	-389.7487917757795	-537.2475418700191
-110	-476	-307	22	-437
-110	-250	-257	-388	-535
-109.42875057308981	-251.4189069916913	-258.73150284270395	-386.4298919824584	-535.1794500368669
-107	-513	-464	-260	-384
-103	-205	-289	-249	-414
-102	-418	-240	-127	-471
-83.26308282353938	-614.2004175228337	-11.340133997626111	26.626238703027603	-447.96917845222174
-80.5012653435094	-278.2644977233506	-251.64624221484542	-298.0410186506525	-370.8024928309238
-80	-611	-8	30	-448
-79.01552272603546	-278.67514899632164	-252.0173515041648	-298.3537696129429	-371.1970754378946
-78.83779923356323	-611.2758393410185	-9.638312456236974	29.15141829387962	-448.17661594071944
-68	-419	-360	-185	-461
-68	-329	-203	-89	-511
-59.28783487990219	-376.84033972787375	-553.9385904445138	3.9249128659786257	-529.313901666027
-56.886888367506515	-474.71347206637427	-359.7992451290422	20.224098065218133	-518.0810976231767
-52	-435	-303	-152	-506
-46	-435	-432	-87	-435
-44.94447531704026	-496.27842439897444	-541.6229357411403	-274.0788681978622	-508.0678881994719
-44.909949891830884	-496.1497961748725	-541.4598495086507	-273.9078198775381	-508.1258098781499
-44.596123581545605	-496.68591070984843	-541.9705955437754	-274.7234324525801	-508.7001573759628
-44	-496	-542	-274	-508
-43.86984146657275	-496.6909419402686	-542.8322944471483	-274.0445441345252	-507.67870756915744
-42	-628	-155	88	-380
-30.306440205652905	-575.607792026291	-661.829836612656	-103.08185460305091	-398.7141843761382
-30.30461538461538	-576.3230769230769	-662.3815384615384	-103.23076923076923	-399.276923076923
22	-543	-656	-34	-476
24	-321	-486	-317	-530
35	-498	-374	-124	-413
69	-361	-493	-170	-532
87	-90	-96	-397	-391
153	-336	-381	-283	-364
230	-415	-271	-335	-423
243	-245	-463	-327	-394
