-715	326	-202
-676	116	-76
-652.7949681034997	-306.92702557681986	-0.4344482203542128
-652.7248788398105	-306.9087843440765	-0.43507103764729393
-652.621625041402	-306.9499715303286	-0.22658509082383915
-652.2292241474452	-306.9600485597616	0.09480189824529361
-652.2292241474449	-306.96004855976156	0.09480189824490992
-652.2292241474449	-306.9600485597614	0.09480189824489571
-652	-307	1
-649	138	-215
-645.9425587467363	-405.30678851174935	178.1422976501305
-635	-350	20
-622	51	-34
-621.028361140526	49.9772372431315	-36.52432268651043
-617	-382	40
-609	74	-160
-604.6295982957633	304.16338200172004	-307.8361568369088
-604.6295982957618	304.16338200171964	-307.8361568369081
-602.0215384615385	228.63846153846154	-233.7123076923077
-602.0215384615368	228.6384615384612	-233.71230769230607
-602.0215384615357	228.63846153846112	-233.71230769230507
-602.0215384615315	228.63846153845913	-233.71230769230033
-601.022056885344	16.528938113390538	-189.0218256939464
-598	228	-229
-589.6856435643565	-381.6287128712871	-45.89108910891093
-588.5312392426853	-382.0000000000001	-44.889414802065524
-587.2352941176471	-378.2156862745097	-46.78431372549025
-586.4920634920636	-379.11904761904714	-45.91798941799006
-586.4920634920635	-379.11904761904765	-45.9179894179894
-586.4920634920634	-379.1190476190476	-45.917989417989446
-586.2222222222224	-379.0000000000005	-46.18518518518467
-586.2222222222222	-378.99999999999994	-46.185185185185205
-586.2222222222218	-378.9999999999992	-46.185185185186
-582	186	-236
-581	-12	-257
-576	-142	-174
-562.693170198356	-86.25770781781877	-211.5060755089484
-562.6931701983559	-86.25770781781884	-211.50607550894836
-562.0359390272033	111.55924447112088	-451.21157057828793
-562.0359390272033	111.5592444711209	-451.21157057828805
-562.0359390272032	111.55924447112086	-451.211570578288
-562.0359390272032	111.55924447112089	-451.21157057828805
-557.2764306498548	33.41998060135802	-374.640155189137
-557.2764306498545	33.419980601357906	-374.64015518913675
-557.2764306498545	33.419980601357935	-374.6401551891368
-554.3514465077501	110.3257846652748	-440.5240400811612
-553.0621538461539	-232.9796923076923	-115.06338461538459
-553.0621538461538	-232.97969230769232	-115.06338461538463
-551.8712572248055	33.26574247099216	-366.21446264829865
-550	-171	-207
-548	-218	-149
-547	-138	-220
-546	0	-377
-543	-475	119
-531	-429	87
-531	-423.00000000000006	86.83226438227662
-528	-191	-166
-527	-158	-323
-526.0068369006051	-516.8605965295733	-48.70901191459875
-526	-349	-196
-525.9999999999942	-518.1545741701939	-45.03226634431816
-525.9999999999939	-518.1545741701943	-45.03226634431837
-525.3298245614035	-348.76140350877193	-196.50877192982455
-522.7680272333503	-103.75162478498675	-325.419540247139
-522.7680272333478	-103.75162478498794	-325.4195402471375
-522.7680272333477	-103.75162478498811	-325.41954024713743
-518.449932437007	-353.5899618796949	-104.56584941876658
-517	4	-423
-510	-525	188
-508.92352401345715	-420.41679412664257	-257.8233404710952
-507.1621129326047	-421.1215846994535	-257.20810564663026
-505.41608391608537	-420.633741258742	-258.205419580418
-502.77883258499037	-571.0742783835792	75.52790250160356
-501.55875186669857	-109.32932484476947	-486.5061699284765
-500.10112359550925	-428.5056179775196	-210.74157303368526
-500.1011235955058	-428.5056179775277	-210.74157303370728
-500.10112359550567	-428.5056179775281	-210.74157303370828
-500.10112359550556	-428.50561797752835	-210.74157303370868
-500.1011235955051	-428.5056179775289	-210.74157303370907
-498.00000000000034	-110.58132045088553	-481.4617552334944
-498.0000000000002	-110.58132045088567	-481.4617552334944
-497.99999999999994	-110.5813204508857	-481.46175523349433
-497.9999999999999	-110.58132045088568	-481.4617552334944
-497.99999999999966	-110.58132045088573	-481.4617552334944
-497.4984183701653	-110.67824443732772	-481.38058139484906
-497.49841837015657	-110.67824443732795	-482.9833882940354
-497.4984183701565	-110.67824443732886	-481.3805813948482
-497.4984183701564	-110.67824443732889	-481.38058139484815
-497.49841837015623	-110.67824443732881	-481.38058139484826
-496.8210229457437	-110.96498133692315	-481.77115737876943
-496.751995248343	-111.15757090461925	-482.6377910079385
-496.1715305227061	-109.43104613171843	-483.27500745582074
-491.07057099792945	-446.6082168967884	-127.68672291650398
-491.0705709979294	-446.60821689678835	-127.686722916504
-491	-359	-261
-490.9167863582886	-110.67824443732854	-483.27637435760664
-490.91469681689773	-110.6782444373288	-483.2750074558208
-489.16679207952166	-617.4424150182992	-65.28166724476691
-487.74904378791916	-501.54945924558217	-238.07273806383603
-487.72836672710105	-621.6917127370499	-69.03961390233948
-487.72836672710105	-621.6917127370498	-69.03961390233954
-486.68199608610576	-190.823385518591	-337.79158512720153
-486.68199608610564	-190.82338551859098	-337.7915851272016
-481.5952558007239	-501.61813643110315	-229.99407815893392
-462.4235785612391	-437.8447625840637	-259.6526390870186
-456.5452667814113	-283.01549053356285	-271.8808950086059
-455.613924050633	-473.87341772151905	-262.11392405063276
-452.8213805371125	-475.8039828192134	-262.4069157013352
-448.48979591836826	-359.04081632653094	-431.38775510204175
-437.3176043557167	-406.2921960072595	-262.9063520871143
-437	-393	-338
-430.8000000000002	-157.8607142857142	-508.3178571428575
-430.8	-157.86071428571432	-508.31785714285706
-430.8	-157.8607142857143	-508.3178571428571
-430.8	-157.86071428571427	-508.31785714285724
-430.79999999999967	-157.86071428571472	-508.3178571428563
-430.5870406189556	-158.99999999999997	-506.7746615087041
-430.5870406189555	-159.00000000000006	-506.77466150870407
-430.5870406189554	-159.00000000000009	-506.77466150870407
-430.58704061895526	-159.00000000000023	-506.77466150870396
-419.5652708014573	-299.46029887052117	-476.56561859171927
-419.5652708014572	-299.4602988705212	-476.56561859171944
-419.56527080145685	-299.46029887052117	-476.5656185917196
-419.56527080145673	-299.4602988705211	-476.56561859171984
-419.56527080145656	-299.46029887052117	-476.5656185917199
-419.5652708014565	-299.4602988705212	-476.56561859171995
-415.81539471794144	-552.4450452484047	-259.00330385175766
-415.81539471794144	-552.4450452484045	-259.00330385175783
-415.815394717941	-552.445045248406	-259.0033038517572
-413.0251358005429	-303.0000000000008	-472.8221720526406
-413.0251358005422	-546.6518808794511	-259.6526390870186
-409.8731544647985	-545.0174962255048	-259.65263908701866
-403.801568587441	-588.6589953483051	-78.95181598759382
-402.42190484098694	-233.46940131196578	-483.7321265465418
-399	-664	71
-394.0000000000016	-486.11040302048957	-279.50463477499704
-394.0000000000013	-486.1104030204889	-279.5046347749977
-394.000000000001	-486.1104030204884	-279.5046347749982
-394.00000000000074	-486.1104030204875	-279.50463477499915
-392.680412371134	-487.659793814433	-295.44329896907215
-389.3483146067417	-372.3370786516853	-450.4382022471911
-389.3483146067416	-372.33707865168543	-450.43820224719104
-389.3483146067414	-372.33707865168554	-450.43820224719076
-386.2601351351354	-488.65878378378363	-301.95608108108087
-386.2601351351351	-488.65878378378375	-301.9560810810811
-386.26013513513504	-488.6587837837838	-301.95608108108115
-381.64285714285745	-407.2321428571427	-456.28571428571445
-381.64285714285734	-407.2321428571429	-456.28571428571445
-380.10487890403954	-360.8983647188635	-460.915776799806
-377.48979591836707	-408.04081632653055	-452.3877551020405
-377.42553191489367	-419.6062310030395	-360.36025835866263
-376.0930053804767	-419.69100691775566	-359.4996156802461
-376.0930053804767	-419.69100691775554	-359.49961568024617
-375.54875473227906	-432.0369886032987	-330.6160168433171
-375.5487547322789	-432.0369886032994	-330.6160168433166
-375.5487547322789	-432.03698860329933	-330.61601684331663
-375.5487547322788	-432.03698860329973	-330.61601684331634
-375.54875473227855	-432.0369886033	-330.6160168433162
-375.5487547322785	-432.036988603302	-330.61601684331566
-371.769160398455	-613.8099771859683	-237.22580620872964
-369.6500580309835	-612.5860473330978	-237.33526265327748
-366	-442	-359
-365	86	-563
-364.8	84	-564.6
-346.0965964006998	-161.93372526779078	-578.8512113490588
-346.09659640069975	-161.93372526779083	-578.8512113490586
-344.69540229885166	-555.6350574712657	-263.13218390804815
-342.4693877551026	-441.12244897959204	-429.163265306123
-341.20616474621045	-162.9085604493376	-570.8762902354218
-335.0147058823529	-454.8382352941177	-381.4411764705882
-335.0147058823529	-454.8382352941176	-381.44117647058823
-325	-478	-310
-325	78	-591
-322.0799838604073	80.19085966011009	-596.8789729825617
-321.44161333251174	77.29389436217953	-594.292530531101
-321.35407296618826	75.89445008279432	-593.2141018108005
-317.03180299006306	-164.62393806396528	-503.28994497788335
-315.7949681034995	-504.92702557681986	-334.43444822035406
-315.229224147445	-504.96004855976156	-333.9051981017551
-315	-505	-333
-305	-517	-329
-294.4768921920387	-586.9021869126948	-350.66521441995565
-294.47689219203835	-586.9021869126943	-350.66521441995576
-293.6468082772741	-309.66609023106173	-500.7087196548699
-292.0000000000001	-350.00000000000006	-483.00000000000017
-289.75206938369047	-578.3678950634893	-350.7514223313053
-288.4761478583024	-579.0326048647825	-351.4626080561684
-288.30598557798385	-578.9521190157104	-351.7816497010222
-284.5068981814571	-447.153472872371	-431.9217313035654
-278.0000000000005	-201.68872479409407	-594.2925305311024
-278.00000000000034	-205.3589779234892	-593.5777350432311
-278	-208.8560741032108	-596.8789729825617
-276.36672051696337	-490.8756058158321	-451.3747980613896
-276.36672051696326	-490.87560581583335	-451.3747980613877
-276.36672051696314	-490.8756058158322	-451.37479806138936
-276.3667205169626	-490.8756058158323	-451.3747980613882
-276.36672051696246	-490.87560581583375	-451.3747980613858
-275.8882402001672	-212.96580483736483	-600.4437030859053
-274.83363802559427	-36.266910420475355	-653.6471663619745
-273	-111	-612
-270.4117915450933	-37.98965190033739	-648.1542993697424
-269.47624059734767	-37.98965190033764	-649.5731961647773
-268.32517502941624	-321.6715733315518	-526.8389729382411
-268.32517502941494	-321.67157333155313	-526.8389729382411
-266	-324	-526
-257	-676	-197
-250.56678777516578	-360.8200470185937	-466.5780081213935
-248.36363636363637	-365.24582907728995	-467.45590738849177
-247.9943619115807	-284.8858063361375	-573.9342223017719
-247.9943619115805	-284.8858063361375	-573.934222301772
-247.99436191158048	-284.88580633613753	-573.934222301772
-242.38535978356958	-279.93922652873476	-575.4417670682733
-239.56226687870466	-135.06722567587107	-618.1376897498916
-239.56226687870245	-135.06722567587127	-618.1376897498894
-239.16320540399266	-135.0972638266219	-617.082266138598
-239.02229824824485	-287.75212962193456	-571.6658304757707
-237.8613763110183	-502.4093245817364	-403.9648979872858
-237.55911031086015	-269.896574734537	-577.1028622817714
-237.55911031086012	-269.8965747345371	-577.1028622817714
-236.7550200803212	-318.5742971887549	-575.4417670682733
-236	-319	-576
-235.52179697483257	-276.7748597529477	-580.1652966712284
-235	-615	-224
-235	-64	-623
-230	-89	-620
-228.55000000000047	-596.5700000000002	-352.0000000000004
-227.3063044379925	-715.9877644131066	29.24408958938203
-222.44308405968752	-349.2558580232063	-512.209244283238
-222.2468722293371	-349.3095261550586	-511.6465372869668
-222.14095838905016	-350.00000000000006	-512.8290003355768
-220.53962347178395	-348.2729861123218	-513
-220.24734619138954	-349.3095261550577	-514.8228751890207
-216	-354	-476
-215	-230	-592
-214.77521842732332	-358.069896743447	-480.34710087370917
-214.7752184273233	-358.06989674344726	-480.34710087370934
-214.64976078186794	-498.51593969398476	-455.7458629653954
-211	-501	-445
-208.2138682371943	-499.9999999999992	-446.4309771203431
-208.19705572392218	-340.25169094827663	-547.6292922412854
-208.19486487929905	-499.9999999999997	-446.39756462294395
-207.24695577868002	-501.00000000000006	-446.39756462294395
-205.68706048407347	-340.4607239682214	-542.6658621929922
-205.6870604840734	-340.4607239682215	-542.6658621929922
-205.68706048407336	-340.4607239682217	-542.665862192992
-204.68924965490004	-341.8259405616484	-531.8347921268909
-204.5893954246286	-342	-531.9820494481652
-204.4147005682288	-501.00000000000136	-445.75911911806975
-204.21818800388712	-339.0362011535651	-549.0000000000018
-204.21818800382675	-339.03620115357575	-549.0000000000126
-203.93180076628363	-348.4582375478926	-551.5998084291188
-203.04721871936061	-353.117906683476	-555.5831581897226
-203.0472187193501	-353.11790668348056	-555.583158189716
-202.56318779751302	-499.9999999999993	-446.4309771203367
-202.56318779750316	-500.00000000001006	-446.43097712032136
-202.24063303309038	-350.7060937276268	-555.7127895321801
-202.1965844197822	-353.8404266781596	-553.4452645189095
-202.11084292460174	-677.2226933679191	-213.00000000001046
-201.14613003095977	-355.10662538699694	-553.1943034055728
-194.99867818348355	-678.0833869912321	-207.50684727129956
-194.37632664411177	-429.3476386893451	-489.65845576308107
-194	-565	-356
-193.41806787589923	-433.6726686967651	-489.8029480559601
-192.8525246059056	-679.8662078898936	-206.96055053212783
-191.1772925764194	-439.4305676855895	-495.6668122270743
-191.1772925764193	-439.43056768558955	-495.6668122270742
-171.9326524500397	-561.2599898271582	-434.4287306763503
-171.9326524500396	-561.2599898271557	-434.4287306763544
-171.93265245003906	-561.2599898271568	-434.4287306763515
-171.932652450039	-561.2599898271568	-434.42873067635156
-164.2161022283773	-682	-4.828276469847545
-156	-682	-128
-153.55229357798294	-498.80550458715663	-478.2587155963307
-134.73609426442584	-402.53352971755345	-573.5231329059089
-128.10484945393415	-615.6406740690109	-399.40152778841224
-128.10484945393407	-615.640674069011	-399.40152778841224
-115.47272727272725	-287.2285714285714	-651.7281385281385
-115.00000000000013	-287.47986434930056	-651.5543309311856
-114.91452991452942	-286.9999999999998	-651.7777777777778
-113.76852698993602	-288.1344922232388	-651.1015553522416
-113.76852698993585	-288.13449222323896	-651.1015553522415
-113.76852698993576	-288.134492223239	-651.1015553522415
-113.76852698993486	-288.1344922232399	-651.101555352241
-113.76852698993461	-288.13449222323993	-651.1015553522409
-113.76852698993096	-288.13449222323493	-651.1015553522429
-110.41736447774356	-555.8970912296165	-449.1267078007934
-110.41736447774353	-555.8970912296166	-449.1267078007933
-109.79171817058024	-551.8893695920897	-450.9999999999991
-107	-570	-412
-102.55601205149276	-427.3949602848535	-618.4048205970967
-101.30851759550849	-427.477729935766	-615.5305527679268
-101.30851759550836	-427.47772993576564	-616.6388688930373
-101.30851759550806	-427.4777299357662	-616.6388688930373
-101.30851759550801	-427.47772993576626	-616.6388688930373
-99.7487899322362	-429.10809938689897	-617.2996127783156
-96.23906863408692	-187.74996615676187	-700.2092865845405
-95.49698145598893	-458.1558036183349	-550.9406958500808
-75.78862413528056	-620.1214450422751	-425.2667179093005
-66.46360153256762	-690.6336206896551	-210.11733716475138
-61.02395653247717	-559.4682637688318	-473.109903679921
-61.02395653247714	-559.468263768832	-473.109903679921
-53.34235387952613	-252.94884703765422	-681.8873740393883
-38.122662573262616	-522.703321239185	-555.3745464694391
-37.96250000000129	-722.9124999999993	-17.62500000000104
-37.96250000000004	-722.9124999999999	-17.624999999999986
-37.96249999999999	-722.9125	-17.62500000000001
-37.9624999999969	-722.9125000000015	-17.624999999997364
-37.96249999999633	-722.9125000000017	-17.62499999999684
-27	-727	29
-12	-695	-227
9	-657	-238
12.605347989219368	-532.2165618559425	-528.6902710986632
12.605347989219894	-532.2165618559427	-528.6902710986625
49	-376	-674
73	-711	-185
78	-579	-445
88.75340219345502	-599.4916663243671	-531.0513638790851
88.75340219345505	-599.4916663243672	-531.0513638790851
108.2241379310316	-536.0000000000005	-572.1724137931069
108.22413793103169	-536.0000000000009	-572.1724137931071
109	-636	-343
112	-221	-699
201.55997508026923	-671.6996851341796	-505.3865855181319
201.5599750802694	-671.6996851341794	-505.38658551813194
201.55997508027014	-671.6996851341794	-505.38658551813273
201.55997508027025	-671.6996851341792	-505.38658551813296
202.00576019483492	-673.7205658539901	-503.24740156174994
202.02726975832786	-675.518370346179	-506.1673334421947
203.00000000000028	-671.2550185905096	-506.820546050163
253	-410	-677
267	-759	-289
613	-813	-61
