-751	-13	-14	-37
-743	-73	-282	-264
-740	-338	-96	178
-738	-146	-136	51
-737	-137	-75	-218
-735	-228	18	-483
-732.2367417677643	-129.41767764298095	-120.25095320623916	-319.5320623916811
-728.7961576033865	-138.20742429176164	-316.07326603712147	364.62162162162167
-728.3981966713786	-136.14016213556596	-314.71032130333253	364.6051635804156
-728	-330	-275	493
-726	-383	48	53
-724	-191	8	-74
-718	-347	-226	-281
-714	-298	-255	4
-712	-351	-246	-101
-712	-106	-295	-123
-706.7503205360814	-345.8359822918935	-103.53804098023559	-330.2592108764545
-700.2513214800576	-234.75060067275348	-477.26477654973564	-247.22969726093226
-698	-564	96	-134
-695	-237	-200	-336
-694.4181655147516	-424.7874862439808	-165.0157167977734	-392.03882108732233
-694	-373	-243	-204
-694	-288	-282	107
-689.7199675641555	-421.2852354151197	-165.99113389048395	-390.31875457723265
-688	-173	-151	-472
-687	-235	-62	-405
-685	-273	-297	-97
-684	-318	-318	58
-675	-420	152	-394
-674	-171	-529	-459
-673.5404352423889	-168.71330773083986	-530.7445316413425	-460.40919463460784
-673.4959349593496	-171.52845528455282	-529.8373983739838	-459.2032520325203
-673	127	-10	-530
-668.2861867084732	-406.64568992969646	-528.169095852828	-337.2940744188325
-664.8806386585625	-402.61314675331323	-528.2824282675356	-333.6327456874982
-664.4793912167124	-265.0474010556343	-543.4413678834361	-264.4675196009771
-664.4476473353509	-402.6483113556936	-530.3594945435784	-333.3277109091849
-664.0014189582785	-403.5806695346894	-529.7331030339349	-333.8550952450765
-663.6923076923076	-205.36630036630038	-101.13553113553112	-432.53479853479854
-663.6299646420944	-403.833415074968	-528.7524723356782	-335.84711670209913
-663.6023149160915	-405.02246276969584	-528.4561012771062	-336.3034519354515
-663.0435858613711	-402.89103778396463	-529.8731019611351	-333.0749257230351
-663.0365238972821	-404.8920824814212	-529.283777688037	-334.62385592499777
-662.839268105074	-402.8563159392975	-530.4218412929139	-334.05435056382083
-662.6307882934716	-404.1119745053614	-530.1990134328964	-334.2046372258586
-662.0463409142094	-403.66499953428854	-531.0565519012918	-333.08203827786065
-662.039921644538	-501.14964117111043	-202.73731357114542	-115.18691278450189
-662	-163	-708	-144
-661.9445884510319	-404.18220008078174	-530.9691073655061	-333.30532549435236
-656	-326	-95	-422
-653	-441	-274	223
-652	-469	136	-380
-652	-406	-238	-368
-651.8456585348961	-406.8681093550263	-499.38649228004726	-191.9441544004453
-650.6899693475577	-624.650497082298	-194.02401107976527	-95.36905951709876
-649.2061348288886	-91.86826141696235	2.958109190797771	-543.0924802563809
-647	-290	-281	-385
-644	-429	-229	-219
-643.7453562191395	-478.5762990830002	-454.405831177992	-352.06607100869974
-642.346271325609	-236.68951555515008	-502.8700319313931	-372.25076179180735
-639.3112674475171	-507.6216367922763	-273.3495116566254	-465.28028290236875
-637.4136549301214	-479.7526644598581	-448.1888633443914	-345.6320089547087
-637	-528.4285714285713	-486	-168.28571428571428
-637	-204	-580	217
-636.7892307692307	-528.6723076923076	-485.6953846153846	-168.19538461538463
-635.831118116178	-480.22325508311803	-445.48820331168383	-346.51777061868484
-635.7717647058823	-363.0167226890756	-197.58235294117645	-492.04890756302524
-635.3387701755757	-203.69092826112288	-582.4854566642508	215.49389337654654
-635	-247	-592	7
-634.0724123973268	-501.62936646506233	-273.9379857029661	-459.8951694026928
-634	-167	-57	-605
-631	-403	-193	-503
-631	-253	-575	79
-629.6802852847603	-473.0290514980946	-631.9360906198651	-33.92491696675174
-628	-224	-677	-54
-623	-328	-641	36
-611	-667	-82	-89
-607	-194	-630	-134
-606	-250	-569	-85
-600.6363636363636	-328.36036036036035	-290.3374283374284	-354.7174447174447
-600	-571	-375	-163
-600	-526	-149	-338
-599.2563270603505	-577.669478693489	-376.6640709495998	-164.152930997188
-598	-291	-489	-562
-596.3707016068872	-144.2008360795611	-293.64999603189636	-592.2469476617064
-594.574751707483	-148.09764333861676	-296.8514690066067	-595.8647342551094
-594	-528	181	-255
-590	-117	-709	11
-588	-523	-26	-349
-586	-399	-185	-594
-583	-329	-611	-163
-580	-556	-404	-156
-577.1574284092148	-426.27349791499444	-625.0904705036735	-175.03056330110502
-569	-281	-634	-102
-565.666651169278	-434.20084615742246	-425.0802454786368	-551.2286484727323
-565.5212765957447	-435.82446808510633	-426.66489361702133	-550.7606382978723
-563.6818563198032	-435.53569630637855	-425.1152275651183	-552.5532228292283
-563.5371092578148	-435.62386752264956	-427.4753104937902	-550.7906641867162
-562.8031173092699	-435.9499589827728	-427.6579163248565	-551.3666940114847
-562.5068911249941	-435.79641375363633	-427.8813963469885	-551.1269969955648
-560	-193	-606	-362
-552.6666666666667	-611.074074074074	-307.7777777777778	167.70370370370364
-546	-176	-695	-38
-542.0900473933648	-512.1753554502371	-600.6066350710898	95.24644549763028
-542	-585	-104	-213
-541	-513	-599	96
-540.7562361856646	-518.5323650142091	116.91064098515945	-507.113988001263
-538	-370	-444	-371
-529.9387096774194	-570.0483870967743	-13.877419354838711	-296.7161290322581
-529	-379	3	-647
-524.399412373684	-602.3879566266393	46.00054441190741	-379.3713034015293
-524	-526	-350	-365
-521.1340609383095	-452.6333338904581	-210.95736323979213	-629.0008691146729
-518.4440176149964	-481.4517859215343	-310.38966522504717	-372.0140146664466
-516	-538	-94	-237
-515	-67	-306	-563
-513.5888451486803	-449.90311967819355	-212.5721926593904	-622.8535012670952
-513.4527061711912	-449.97884153285787	-212.59036032935057	-623.1046039276495
-512	-478	-1	-551
-504	-511	-379	-358
-501	-473	109	-694
-501	-325	-549	-216
-500.19106698717474	-498.1476639600784	-120.94845136280199	-494.559078235666
-497	-455	-525	-224
-496.2801322648771	-183.93697403897596	-379.36692574400195	-615.626941400327
-495	-185	-377	-614
-492.87558369922743	-552.3525271440185	-233.47661856710815	-384.26981230993607
-489	-527	-17	-537
-488.92843182702654	-571.0663702126685	-162.26116567085595	-467.06428416088636
-488.2829564751094	-577.6869544493104	-169.41007537164478	-465.4390323829952
-487	-308	-442	-387
-484.2980672427823	-409.5070065816748	-506.0662051673589	-313.21076530050425
-481.0149029968576	-480.5560924849071	23.968225720478937	-543.1602991748407
-481	-395	-248	-635
-470	-420	-541	-287
-469	-362	-570	-181
-462.45938214478355	-483.28632088553275	-424.511301723592	-328.28665608301543
-458	-148	-182	-642
-452	-595	-121	-381
-450	-436	-565	-37
-449	-347	-580	-324
-446.59149277688607	-502.9250936329588	-124.03611556982344	-488.15195291599787
-442	-171	135	-710
-425.4995507601842	-147.68543621283985	-694.2590322650104	-244.17158611995785
-424	-511	-488	-53
-424	-222	-666	-209
-421.74113734671556	-146.34275474122214	-695.7708067869339	-241.5463841961379
-421.713574938707	-146.2910476461955	-695.7656467944092	-241.5528696302875
-412.0093926111459	-506.721352536005	-205.1490294301816	-587.4934251721979
-410	-528	-139	-663
-410	-418	-456	-460
-410	-219	-702	29
-408	-481	-634	8
-406	-392	-520	-480
-405.9	-392.57500000000005	-520.275	-480.525
-405.80952380952374	-392.42857142857144	-520.1904761904761	-480.83333333333337
-404	-448	-349	-452
-403	-340	-647	76
-400.0896366302172	-596.0523474996912	-178.32281633771524	-132.51447889161904
-400	-619	-117	-99
-399	-496	-382	-271
-394.71927374301674	-476.22486033519556	-379.44972067039106	-355.86033519553075
-394	-384	-699	-165
-391	-557	-406	-443
-383.5327248869062	-89.85670032263712	-733.1116149695741	-81.2953636938854
-382.3793103448277	-436.67816091954023	-399.1609195402299	-529.9195402298851
-382	-467	-556	-39
-379.1099854530946	-280.8469384283386	180.31136773355007	-767.8985671234051
-378	-332	-117	-665
-376	-550	-96	-583
-375	-574	-32	-660
-375	156	-567	-370
-371.97152231927055	-530.4928005952885	3.755096507511862	-666.3581045634776
-371.91037318379637	-287.15094900289296	-72.7701443983088	-675.3298536742503
-371.78892792089516	-483.1883424408014	-312.27122040072857	-463.6290528233152
-370	-464	-481	-191
-367.8616633310678	-487.7841318374286	-448.4639199908122	-298.7883755476438
-367.0704942722575	-282.9804296772022	-70.61064533740289	-677.631875266914
-365.47959199144657	-488.09447061801876	-443.73268155480224	-293.4392286994786
-359	-631	-101	-222
-355	-677	-357	218
-354	-569	-303	-170
-352.8157258064516	-689.8653225806452	-179.49758064516126	486.2346774193548
-347	-603	-399	-221
-344	-581	-650	144
-342.37212979948134	-585.8095388702639	-652.6472895186287	140.57030805237522
-340.7263619990995	-444.04806393516435	-662.1866276452049	207.88462404322377
-339	-440	-663	212
-334.2711267605634	-454.2112676056338	-183.73591549295773	-605.8908450704225
-332.29532852702266	-301.635988377241	-600.7641929079733	-375.7183144669329
-330	-299	-598	-376
-328	-467	-27	-672
-327	-317	-577	-528
-324	-171	-670	-314
-315.6754870508766	-626.1100091987057	-76.7855923554636	-275.6997972623554
-305.65279999999996	-475.424	-333.84479999999996	-531.7103999999999
-305	-614	-300	-210
-301	-225	-384	-626
-299	-419	-324	-659
-295	-600	-528	120
-288	-559	-246	-333
-287	44	-706	-158
-280.6112592384695	-558.8319300215173	-275.0238329123398	-643.2994199644494
-276.697149052862	-598.6239780700291	-292.4012362527943	-363.99158717391913
-276.1680960285826	-599.3883170766235	-292.32303989573575	-363.8079720652195
-274.79082846877407	-598.6132782134225	-295.84749852642574	-366.4064647105425
-274.34072483618996	-601.4560396845964	-294.6932217821049	-368.4717173212898
-273	-619	-181	-378
-272.88713758165727	-691.7756132334553	-180.6410612240128	24.271485082562982
-262	-577	-588	91
-261.2857142857143	-578.2857142857142	-588.8571428571429	89.57142857142856
-241	-456	-478	-202
-232	-546	-467	-22
-228	-150	-501	-538
-226	-708	188	175
-225	-394	-494	-458
-224.62990464307995	-733.6988289813742	-23.530205864004987	466.8520310132787
-223.00012589344453	-392.9710143642647	-496.51031173699266	-457.81530722433325
-221	-94	-647	-404
-218	-639	-168	-112
-212.49688385269124	-464.18356940509915	-391.9218130311615	-515.6090651558073
-212.4562211981567	-464.1948650427913	-391.42067149440425	-516.2356813693219
-211.62911978183922	-544.2035134353437	-464.57911771592273	-185.47688239425952
-211	-650	-238	23
-207	-543	-461	-186
-200	-559	-140	-514
-196	-641	-150	-176
-183	-251	-270	-666
-170.0517866457017	-349.70874845142964	-183.8881349576505	-726.5568235514697
-169.70839529860962	-590.8781244115579	-97.44296897590141	-722.5784722151467
-162	-599	-157	-562
-149	-659	66	-253
-145	-281	-427	-616
-133	-572	-317	-262
-123	-477	-307	-506
-107	-715	101	250
-81	-666	-545	313
-75.11726021254512	-669.3426282046346	70.05375426456345	-27.74282192456846
-73.15813983056896	-670.4071979589096	74.72543642221996	-30.716503111850635
-72.7472994369192	-669.6773611342505	73.89232958676892	-31.783775220710766
-71.07009164113819	-675.2425781776453	69.51208040769623	-39.49191577932499
-66	-322	-362	-617
-56	-441	-545	-338
-54.47617911397441	-700.713274477054	-184.2617513719876	62.61218484053131
-54	-643	-176	-235
-36	-628	67	-419
-23	-678	-369	285
-21.848321803740717	-588.7779912887522	-355.95849346656416	-356.8346784524725
-19.918320131131253	-584.0080068738578	-355.99718416307917	-350.94922648294767
-18.004210526315802	-656.48	-188.2757894736842	-320.57894736842104
-8	-528	-416	-189
-4	-559	-253	-493
2	-675	-363	121
4.220955562009877	-676.2953093232645	-362.9208539064769	120.76568399651468
18	-591	-428	58
38.475205578187214	-616.2946157345559	-194.7563346314688	-314.0148201767243
71	-40	-694	-364
87	-618	-294	-273
106.33898305084747	-627.7457627118644	-221.15254237288136	-227.59322033898303
113	-748	203	275
113	-727	95	290
126.36666666666667	-616.537037037037	-271.1962962962963	-301.75925925925924
128.90320008653126	-608.4593403873478	-268.99205307571066	-301.8229026964167
134	-632	48	-618
137.92081552062615	-711.284941024333	177.26505671544442	238.5264728579547
139	-713	173	243
146	-704	35	261
155	-698	390	60
161.31178711317648	-645.3873135947093	-332.93071919243505	-26.84863001203979
163	-644	-334	-29
197	-729	206	222
213	-643	56	-398
228	-646	211	-335
229	-734	325	54
254.28131868131868	-664.4439560439561	-430.34725274725275	130.8879120879121
264	-678	-357	82
276.6425352112676	-579.9878188047202	-419.7488770460601	-91.08139703083366
278	-581	-422	-91
287	-657	-235	46
290	-630	-191	-65
338	-694	-139	-75
342	-582	-191	-455
380	-685	-127	-154
412	-709	-115	161
539.0186686500558	-650.840200818148	-363.4065823726292	100.97917441428041
