-792	75	6	-270
-776	145	-62	-563
-773.0543736140866	135.21671810989588	92.38379232908633	-270.2851881083925
-736	-4	195	-511
-725	-5	-121	-393
-713.3781319375055	-22.945927070224826	23.63717541358507	-411.3919739202054
-711	-49	-120	-309
-709.3853211009174	-230.7217125382263	79.93577981651376	-99.08868501529052
-708.7398029991944	-64.23536067591738	-115.57006877780586	-326.88931049718013
-707	-68	-110	-311
-704	-232.08648977196702	85.77771472214444	-93.48479714089598
-701.4353545251122	-232.67053336498103	85.89802546827423	-92.50344777218531
-701.4353545251122	-232.67053336498097	85.89802546827423	-92.50344777218532
-701	99	-144	-180
-700.7857934714878	-233.19221903949222	85.45674412660324	-94
-700	-33	-269	-434
-694	-267	-61	-279
-693	-175	-133	-170
-691	198	-190	-438
-689.8888888888889	197.33333333333331	-189.77777777777777	-436.8888888888889
-687	-240	-87	-194
-684	-303	-165	-15
-684	-3.975762957828806	-175.13830347924653	-679.4202603478525
-684	2.0545038202552917	-177.37545060874692	-679.3715396649059
-682.879263070459	-3.414178111466839	-174	-683.6130353787469
-682.874003378879	-146.22864651994473	-44.78721184165053	-420.2322105584229
-682.874003378879	-144.9088772979218	-47.370893117037866	-425.064860289311
-682.874003378879	-3.3777231097542995	-173.87773792939922	-683.8132428347017
-682.8685918221654	-4.518181494481212	-175.13263516238868	-678.3507237866309
-682.3358604136292	-4.136208361577076	-173.87773792939925	-678.5660376763318
-681.6872065958048	-4.319104636375073	-174	-678.7317027648685
-681.5555555555555	-47.66666666666667	-391.33333333333337	165.77777777777777
-681	-47	-392	166
-680.9712918660288	-48.224880382775126	-391.1100478468899	165.9043062200957
-680.7236038887633	-146.65984625819578	-47.526113497626056	-427.1087497173864
-679.6062861724379	-1.5112432644425553	-175.90787162856995	-683.8132428347017
-679	-52	-118	-278
-677.7824192572289	-3.4338566160038226	-173.87773792939922	-682
-677.403049729578	-2.656082806230586	-174.64589624597312	-683.8132428347017
-677.0227190010821	-3.8109284277893494	-173.8777379293992	-680.7408690135878
-676.416568456599	-4.401502472685081	-174	-680.5637165864172
-676.3596500038825	-4.199987212883855	-174	-680.7145929196463
-676.1410280961891	-4.435066889174664	-174.06524772248514	-680.6214264219079
-672.5233160621761	-285.720207253886	31.020725388601036	-501.3264248704663
-668	-196	29	-281
-662.1610110803324	-274.3036703601108	-25.83310249307479	-475.7299168975069
-660	-270	-25	-477
-659.7172855549295	-254.06262511710034	-123.81656804733728	-496.02016558139695
-659.4461325966852	-253.7361878453039	-123.6355317679558	-496.8370165745856
-657	-461	59	-371
-654	-251	-118	-497
-652.103947157821	-247.17260873295376	-119.37805301646424	-497.0886541187016
-650	-133	-385	-300
-649.6716417910447	-131.95522388059703	-385.7910447761194	-301.22388059701495
-649.0450421257291	-134.25899222294237	-384.79342190537915	-298.33352235904084
-649.0334458746571	-134.2805444186537	-384.76577336990925	-298.3227474150665
-648.568527052398	-366.1503669568186	103.9729597932363	-599
-648.0290425958071	-367.7239284283616	101.38937107758046	-600.5819201495526
-646.4370078740158	-368.0551181102362	-142.18897637795277	-349.9488188976378
-645.5957664396561	-220.2552774366418	31.744749358043933	-603.0532544378698
-645.4948630401533	-220.59559380165928	31.374186969888868	-603.0532544378698
-645.0940934065934	-221.5157967032967	30.057692307692307	-602.1957417582418
-644	6	-198	-617
-643.8809746954078	-220.12464854732897	30.00749765698219	-597
-642	-492	-91	4
-641.795918367347	-491.38775510204084	-91.46938775510205	3.265306122448976
-641.6373937677054	-491.9235127478753	-91.13314447592069	4.63739376770539
-639.1785714285713	-5.551020408163254	8.1122448979592	-639.9948979591836
-638.0440744368266	224.5847208619001	-301.6013712047013	-763.5455435847209
-637	224.28043730329637	-300.0104356468444	-762.8832201424549
-637	225	-300	-764
-636.4735815479596	224.6710059171598	-300.11319780858366	-764.1612725557823
-636	-364.68240256316665	74.56190939692583	-380.8170499249706
-632.5525473071325	-364.20960698689953	71.57874818049491	-382.85298398835516
-630.3653846153845	-152.99615384615387	-234.6384615384615	-514.3576923076923
-630.207100591716	-336.7477340757489	-48.50653398276522	-599
-630.207100591716	-191.2603550295858	-123.81656804733731	-603.0532544378698
-630.207100591716	-189.59657358958057	-120.98237892643486	-603.6949810096663
-630.207100591716	-149.93275790311782	-235.024754356441	-512.0435236957819
-630.1347517730496	-194.00000000000003	-124.20567375886525	-599.4875886524823
-629.9120600565468	-194.00000000000003	-124.68226576971824	-599.2235058984108
-629.4910295781477	-195.00000000000003	-124.5508323904962	-598.5440439631486
-629.4730007449841	-339	-50.033826136100906	-598.4326816862332
-629.3714285714286	-421.07142857142856	-214.44285714285712	-70.05714285714286
-629.1225758613755	-338.1565532115585	-51.05276630492203	-599.3713362655045
-628.8493942754118	-339.00000000000006	-47.877549891741076	-594.1221210453691
-628.7709072478459	-191.66294982260516	-123.68220983274202	-604
-628.1363886203825	-336.83623794090335	-51.248047800458664	-601.654887132541
-628	-189.75634517766503	-119.75707034082669	-604.0290065264685
-627.766104364154	-182.48693176655865	-116.55867833671522	-609
-627.5486593821984	-192.41051370835808	-123.81656804733728	-599.9428257166379
-627.3333333333333	-188.07407407407405	-116.4074074074074	-609
-627	-188.706568062171	-116.58919984502838	-604.8251441464026
-626.9323308270676	-189.61904761904762	-120.1328320802005	-605.3333333333334
-626.6153846153845	-305.9743589743589	-280.1794871794872	-218.23076923076923
-626	-403.5190947666195	-61.7963224893918	-284.30268741159836
-626	-191.2603550295858	-117.14145290980429	-605.005173776289
-625.8333333333334	-248	-407.1666666666667	-293.6666666666667
-625.7872340425532	-249.29787234042556	-409.1489361702128	-292.8510638297872
-625.3636363636364	-247.27272727272728	-408	-294.9545454545455
-625.3451589061344	-249.1692535107169	-409.5728011825573	-293.7819660014782
-625.3353601672418	-366.15439909995496	78.1314043792526	-382.05329428698417
-624.8155670640901	-249.43072548355167	-408.7532782974701	-292.4664579227566
-624.6205260888314	-405.0332039672272	-64.17335058214748	-289.74471755066844
-624	-236.88141068034832	-256.32128063934505	-505.53168531191045
-624	-236.43044877544804	-252.1058619847447	-511.7347528093045
-624	-236.24525196252213	-255.95125348189413	-513.5351987845024
-624	-194.00000000000003	-115.86575353358646	-600.2002465061726
-623.5984962406015	-236.59657992857333	-253.54688136291833	-513
-623.5984962406015	-236.0954887218045	-256.1	-514.1796992481203
-623.5984962406015	-195.00000000000006	-122.01641740816605	-599.9840474364248
-623.0351838204729	-236.36239963881133	-253.09061817595622	-514.1796992481203
-622.815251756814	-195.256731957862	-121	-595.4445966618325
-622.4887566137567	-289.6190476190476	-228.6025132275132	-367.03108465608466
-622.4774819082414	-237.01548405925553	-257	-513.4657107804723
-622.1859575476213	-237.1111223423452	-254.33599549953402	-514.1796992481203
-621.9381443298969	-194.98969072164945	-123.5360824742268	-604
-621.9333333333334	-195	-123.53939393939393	-603.9787878787879
-621.4788732394366	-232.15492957746477	-259.6901408450704	-513.6338028169014
-621.3012668657946	-237.0818827891647	-257	-514.5808013183644
-621	-483	-166	-94
-620.9485321337793	-236.13488212620038	-259.4925986782325	-506.5044959721549
-620.6351351351351	-484.64864864864865	-166.54054054054052	-92.62162162162163
-620.4898769091433	-237.99999999999997	-257.9163887859701	-513.5409246222881
-620.019261558462	-234.83076090844844	-258.5078274279532	-508.92609804297945
-619.9081039900962	-377.31568422055045	-128.91448433482526	-253.91357965908009
-619.7956875220926	-238.00000000000003	-257.8752209261223	-514.2803110639802
-619.1572327044025	-627.8037735849057	70.33459119496854	-514.0276729559748
-618.669158294727	-235.80599656446827	-258.6005413565145	-508.13554734266825
-618.3076923076924	-624.4615384615386	73.00000000000001	-516.6153846153846
-616.5147409543873	-236.3666442364164	-258.2831276170276	-508.1852635633662
-616.4078356503209	-234.6132556640373	-258.3874549075107	-510.82114690716287
-616	-624	73	-515
-615.9548048390778	-236.4699840219128	-257.94613102031497	-508.1826067107966
-615.8248823684133	-405.60539497910395	-62.2369874623725	-288.44985241254346
-615.8160499053121	-239.25294513670826	-256.7616052756059	-507.4637524185772
-614.926703932343	-238.6576760715464	-256.1	-508.5397930594588
-614.385456349371	-236.09548872180446	-261.2311375751376	-513
-614.3244744989408	-235.71872172691795	-262.16519161681293	-514.1796992481203
-614.2134038800705	-238.73368606701942	-254.5079365079365	-510.8024691358024
-614.122230710466	-377.66692131398014	-122.84873949579833	-238.02062643239117
-614.065191318777	-412.0780472177042	45.91138055103751	-550.1834738035388
-613.8566913973675	-236.62741788245452	-261.6680957360288	-514.1796992481203
-613.705732638468	-409.44418858320205	46.043509877590594	-552
-612.9696141310062	-239.21501419409108	-255.57333613710443	-509.15823782988116
-612.8309089954314	-239.12503282045893	-255.6400777188468	-509.24738749146667
-612	-415	-70	-436
-603	-403	-373	164
-601.3958820776791	-392.55451567618155	-210.79784744969584	-321.3715489003275
-601.0454545454545	-179.95454545454547	-323.1818181818182	-302.0454545454545
-600.5062732269779	-246.18642484703756	-284.5796930859557	-328.8047951786799
-600.1688311688312	-556.6493506493507	152.34199134199133	-524.5411255411256
-599.4853151570842	-556.7767710017486	152.40671296027045	-525
-599.2687648744475	-242.50619262713099	-282.4734372723299	-331
-599.2667915998586	-557.6111233800016	152.8082409666682	-524.7046150252377
-597.7580979837919	-2.8818756022988765	-334.3779175424327	-457.5627719572331
-597.0939093025956	-557.8133707221141	156.8127728908367	-519.3765638856468
-595.8785046728972	325.9672897196262	-487.31308411214957	-348.42056074766356
-595	-412	-76	-96
-592.2825112107623	329.97309417040356	-488	-349.0762331838565
-592	-492	-208	-130
-590.230616302187	327.7703777335984	-482.40954274353874	-349.69383697813123
-589.8175235336713	-424.6684840482174	-370.5222558248498	-239.3006772585935
-589.4761244475258	-425	-370.4691914377329	-239.2666608891585
-588.7279411764706	-113.41572398190044	-486.8110859728507	-67.0910633484163
-588.6862376071249	-595.8433876659385	17.667114770626796	-430.4350865400773
-588.3481001608818	-597	18.99764730244189	-430.55891014511224
-588	-292	-377	56
-587.4495436289543	-599.3663246831624	20.61643969417463	-429.81520176758704
-585.8965472716474	-343.6104640652842	-187.52720605324998	-442.04958293520644
-585.2394507913217	-224.32340425531913	-288.0565349544073	-447.3595639870035
-584.0385017786148	-344.2071563088512	-186.4266582967148	-438.1351747227453
-583.0184335051911	-14.998446217953237	-337.4746097888269	-338.83042587753374
-583	-225	-281	-446
-581.9936155755295	-221.1490245617349	-283.48163248172693	-448.61679285972895
-581	-519	-23	-238
-580.8760293473499	-344.3077201051248	-183.57239378011388	-440.68277485764344
-580.7273192156537	-218.96283855694404	-284.1544188268032	-449.5316012439064
-576.1011343246281	-279.8978454363464	-253.4856454968458	-389.0170674430635
-575.5104166666667	-426.13541666666663	-186.76041666666666	-393.21875
-575.3605275991362	-427.8770306647149	-124.43375719084864	-142.37441409762567
-575.0624182315718	-278.6750710627117	-248.20354953977224	-392.5952080522969
-574.9568329471972	-277.00349305751934	-259.31537450180593	-389.0638224047407
-574.9445697711892	-281.89413470834677	-261.2861746696745	-397.7239767966484
-574.3076923076924	61.38461538461539	-215.3846153846154	-616.3076923076924
-574	-50	74	-705
-573	-567.6689457507225	-139.1617104228288	-428.8731031088508
-572	31	-358	-510
-571.4410778851249	-575	-133.0327954567205	-427.0893495295428
-570.8484295542926	-569.6756206999701	-139	-426.52437930003
-570.6952380952381	19.214109347442673	-355.8493827160494	-524.6723104056437
-569.8439243272143	-574.0407329123661	-135.0315330072196	-424.9485176136396
-569.7388316151203	-565.4006872852234	-137.12886597938146	-434.0525773195876
-569.6948374058423	-241.97106375160757	-289.1207054932941	-327.52562924857614
-569	-86.875	-140.75	-604.5
-569	-82	-137	-605
-569	-40	-493	-161
-568.6447368421052	-382.9078947368421	-317.13157894736844	-342.35526315789474
-568	-45.46800000000002	-492.37	-168.778
-567.4234972677596	-382.6775956284153	-317.6612021857924	-339.1885245901639
-567	-253	-435	-106
-566.9296875	-382.7209821428571	-317.6674107142857	-338.9888392857143
-566.6156354961817	-283.91195636094375	-257	-392.3442033794724
-566.4950069815591	14.85826568443349	-351.54582695363285	-518.4630901824835
-566.0699708454811	-609.5685131195335	-1.9737609329446002	-241.6268221574344
-565.636018957346	-402.85876777251184	36.068246445497635	-438.95450236966826
-565	-501	-223	61
-564.5421413006579	8.369120748014254	-442.48968282922476	-624.6201669735032
-564.3303087880407	8.087038979990595	-442.5661221646795	-624.4722023449187
-562.9188793651363	12.393393407884261	-439	-625.6935480980145
-562.85559566787	-195.956678700361	-435.14440433212997	-287.68592057761737
-562	-195	-435	-288
-561	-218	-289	-406
-561	-53.497103817020616	-489.576860240606	-175.3882370414377
-560.9355770889642	-53.54810249752276	-489.5763148513398	-175.4021014106774
-560.9355770889642	153.6393553395825	-501.0002875380988	-128.73848409914314
-558	-277.5922330097087	-445.32303618711387	-171.8720211827008
-557.6903754563257	-277.91716751686295	-445.39651862775906	-171.9884534487344
-556.5294117647059	-456.94117647058823	-266.05882352941177	-315.4117647058823
-556.3	-458	-262.3	-315.2
-556	-458	-265	-317
-555.4418604651163	-460.5813953488372	-267.16279069767444	-316.8604651162791
-554.4108108108107	-539.7243243243242	-321.5405405405406	-414.8702702702702
-554.1863636363637	-540.7227272727273	-322.72727272727275	-415.75
-554.1818181818182	-540.7922077922078	-322.5649350649351	-415.5
-554	-540	-322	-416
-553.7859424920127	-540.8210862619808	-322.27795527156553	-414.758785942492
-553.6997498702157	277.1095379678135	-428.9575251309642	-639.7594506583605
-553.304586808188	-273.0810572835194	-447	-164.29863437011164
-550.9239669421488	-327.9826446280992	-380.2165289256198	-128.25289256198346
-550.8410078192876	-281.76889661164205	-435.3310165073849	-159.2806255430061
-549.8888888888889	-222.31098696461825	-262.4376163873371	-508.471756672874
-549.4375	-692.5	-152	-278.6875
-549	-693	-152	-279
-548.7307887251966	279.91442945288975	-485.7082734671822	-240.9135623536508
-547.4722146608295	-278.88851058074044	-438.21644513379806	-152.3683769454114
-546.0323739243423	-577.7986957267891	-152.76269337321338	-243.62135624800806
-543.4342424281133	-93.08178020770796	-345.8320222781447	-414.75979970108455
-543.0857497085547	79.36054107066856	-359	-634.6579541459263
-543	79.03223174214607	-358.73459812321505	-634.8419012647898
-542.9333493937204	78.83032201076043	-358.6387215931904	-634.8626836906769
-542.7142857142858	-339.2857142857143	-375.1428571428571	171.57142857142858
-542.54046692607	-581.2797665369649	-158.19182879377433	-246.16070038910505
-542.1914893617021	-259.0851063829787	-292.8085106382979	-420.59574468085106
-542	-339	-374	171
-542	-94	-344	-413
-541.4293080505655	-409.30339321357286	144.68512974051896	-700.2047571523619
-541	-94.47476320228367	-347.63721292331644	-416.82678084857923
-540.9260628465804	-557.1645101663586	-333.2476894639556	-124.06099815157117
-540.0015585618482	-407.7403458226089	146	-700.3817608186457
-538.8925382653061	-621.2611607142857	-293.1450892857143	-150.0404974489796
-538.8079306071871	-621.9999999999999	-292.7828819260046	-149.1238272260577
-538.7663551401869	-95.74098798397867	-349.00400534045394	-418.3805073431241
-536	-398	-18	-485
-535.1732739420935	-614.3515367483296	-288.2088195991091	-150.23830734966592
-534.9692307692308	-622.1384615384616	-289.4	-146.3692307692308
-534.5931087457478	-146.18051135740154	-257.0085592011412	-614.6675079556677
-530.6376404494382	-289.1573033707865	-111.05898876404494	-448.65449438202245
-530	-239	-457	-225
-527	-41	-77	-653
-526.5696140693699	-297.76730174238725	-117.39667806546166	-454.5085490962384
-525.1591183367491	-623.5167070217917	-132.80133740679472	-308.5494835416241
-524.5238095238095	-352.28571428571433	-157.69841269841268	-537.6190476190476
-524.320819112628	-352.3276450511945	-157.24573378839588	-537.1433447098976
-524.0777547950357	-619.9372884543061	-134.90344114328695	-314.18531402783003
-523.5986046511628	-212.06883720930233	-430.92279069767443	-294.75627906976746
-522.7461024498887	-212.97550111358575	-430.41648106904233	-294.02672605790644
-522.4508009153318	-212.9679633867277	-430.8100686498856	-293.3592677345538
-522	-212	-431	-296
-521.4977307110439	-212.68532526475036	-430.5839636913767	-296.8819969742814
-521.1489361702128	-213.46808510638297	-430.0851063829787	-294.82978723404256
-519.3841618734593	-214.45507395234182	-434.33290879211177	-298.85657354149544
-518.8291754616318	-214.52619376069939	-432.971623425909	-297.6346336031379
-518.6146719748342	-214.543325709084	-433.43019490807694	-297.40523077277624
-518.409314947112	-214.5816303926455	-433.3528825386277	-297.42155396799023
-518.2112061734608	-214.8030531789968	-433.4839791981211	-297.87451769837276
-518.1556603773586	-214.9433962264151	-433.39150943396226	-297.50943396226415
-517.3158273381296	-184.82086330935252	-94.57338129496402	-654.9107913669064
-516.1238938053098	-273.5486725663717	-175.7433628318584	-491.6814159292036
-514	-182	-91	-657
-512.9457917261055	-238.44222539229668	-227.9315263908702	-511.35378031383743
-511.70394736842104	-395.75657894736844	-161.27631578947367	-516.296052631579
-511.5060122009502	-59.96037446234292	-519.378931151781	10.98254533187147
-509.9701492537314	-538.4328358208955	-18.328358208955223	-625.0298507462687
-509.7831159917639	-250.23541523678796	-232.27110501029512	-519.3013040494166
-509.72413793103453	-539.7931034482758	-16.724137931034477	-624.9310344827586
-509.4375	-539.875	-17.125	-624.625
-509.41666666666663	-325.75694444444446	-312.71527777777777	-538.8472222222223
-509.19047619047615	-540.1428571428571	-16.904761904761898	-624.5714285714286
-507	-323	-311	-539
-505.7328491265461	-254.0578159123005	-415.6215356290496	-345.0042321633007
-502.6429465985372	-364.53341348562265	-50.12150586113617	-537
-502.1400568206908	29.17073788772956	-567.7292246801798	35.069046582232744
-502	-253	-417	-345
-501.5408098746426	36.836966681328335	-574.6726962832637	-149.1485319991203
-501	-263	-452	-35
-500.695652173913	-326.0434782608696	-434.04347826086956	-41.782608695652186
-500.31500513131846	-256.15211106774785	-422.540515733634	-349.3151569027073
-499.55491514569326	-27.545789305155324	-530.940548617782	-175.61287223823248
-499.01923076923083	193.03846153846158	-534.1346153846154	-469.5769230769231
-499	192	-535	-469
-498.8487394957983	192.9075630252101	-534.6218487394958	-469.88235294117646
-498	197	-538.5	-474
-495.15519854501366	-373.22855410730523	-325.8163079721128	-343.13003940588055
-493.11157601115764	-69.50906555090657	-416.5104602510461	-462.918410041841
-493	-597.2386185243328	-267.9199372056515	-321.18681318681314
-493	-595.0891702586207	-267.5175107758621	-325.1053340517242
-492.69547325102883	-68.07407407407408	-417.23045267489715	-463.9670781893004
-492.6686567164179	-68.01990049751245	-417.2716417910448	-463.99999999999994
-492.17217151503314	-599.2032994923857	-271.70804983404923	-321.7509688598204
-492.06544686840255	-597.6467276565799	-269.7576823832982	-329.5643912737509
-492	-597.7558563456403	-270.0856252365191	-327
-492	-597.1714450048669	-274.83523581983894	-327.76630386691437
-491.9957595345831	-68.3846153846154	-417.247912087912	-463.99999999999994
-491.6528950030806	-375.9694189602446	-325.4884576110725	-341.76872431347806
-491	-497	-173	-428
-490.8166909620992	-668.5382653061224	-288.8954081632653	-33.91290087463557
-490.4719593876587	-598.0279464373208	-269.61698828284574	-323.76520003919717
-490.03111227701993	-302.5647166841553	-431.83221406086045	-135.9916054564533
-489.89680144840077	-599.3663246831625	-272.9251659625831	-331.5304767652386
-489.59185079769304	224.67100591715976	-369.4321623848401	-810.8105909669689
-489.5755292389199	-70.49549228680186	-410.99466865525454	-456.5291721389934
-489.37954309449634	-488.7776739356178	-507.6995846313604	-18.20607476635515
-489.3376111903307	-257.1794662864127	-230	-542.9111835404359
-489.0385017786148	-256.20715630885127	-229.4266582967148	-545.1351747227453
-488.9630947828125	155.37040920810767	-444.5560394280709	-424.2702290923895
-486.51161101460156	224.34239914286456	-369.4321623848401	-810.2695865774207
-486.3927601809955	-484.13212669683264	-504.5556561085973	-19.96108597285067
-486.3581367211131	-471.20992135511193	-361.32819116757406	-241.60163339382942
-486.20909149282147	-603	-269.7333760245457	-318.82646542792736
-485.9190977579194	-162.82458073694121	-225.71680708890182	-669.5981761806488
-485.8425860824677	-68.38461538461539	-418.37097391813666	-466
-485.7858974959696	-603.2857142857142	-269.1926140359882	-318.96090593132664
-485.69175108538354	-600.954172696575	-275	-332.0028943560058
-485.67687687687686	-314.4054054054054	-517.869069069069	-233.5993993993994
-485.34798704303563	-147.7390097177233	-589.925497454882	253.47987043035633
-484.6653389842038	-603.2857142857142	-273.7799707673381	-328.95020048863654
-484.63476874003186	-594.2599681020733	-275.2535885167464	-335
-484.5	-600.2743902439024	-275.5579268292683	-333
-484.42255385721325	-162.83976550387973	-230	-664.9411140751628
-484.34153866039	-603	-274.5644090395788	-329.8016095457081
-484.21344384672125	-159.6150631730893	-230	-666.210396897472
-483.9844545933603	-249.48463024767258	-226.6538731775865	-545.940014052345
-483.86056187894195	-603.1987711429318	-275	-327.0797211746042
-483.7142857142857	-674.2857142857142	-371.1428571428571	-131.42857142857142
-483.68943839032056	-257.32382731230496	-224.0198547612709	-541.2667911861348
-483.6	-674.5333333333333	-370.2	-131.4
-483.4952327537858	-673.5563656758272	-370.2035894559731	-132
-483.2121212121212	-674.4848484848485	-370.7474747474747	-132
-483.1415059620197	-162.3002355365818	-229.2628625055204	-669.0545598410129
-483.0816326530612	-674.6326530612245	-369.7959183673469	-132.48979591836735
-483	-335	-204	-530
-482.9335202242691	-335.6744092911494	-205.2919503404085	-531.1217460953144
-482.875	-673.875	-370.125	-132.4375
-482.6959218481101	-596.4430632046642	-263.24412161403586	-333.2005994884816
-482.5182904496846	-167.23306085815597	-234.3628588562482	-677.3634504936349
-482.0026493256262	-472.72904624277453	-356.9503853564547	-239.51950867052022
-482	-127	-574	107
-481.9157894736842	-249.05263157894737	-229.08421052631576	-551
-481.64201809147664	-171.00000000000003	-228.32514715250352	-668.9905720473946
-481.19655271245745	-310.7454461151186	-515.8678660696471	-235.1845430970941
-480.8	-217.3	-125	-583.8
-480.4182305630027	-249.8833780160858	-226.72341376228778	-551
-480.3263537906137	-217.3083032490975	-124.6389891696751	-582.643321299639
-480.3023600494	-475.1440015767019	-356.78766694490815	-234.6866347665212
-480.2908508739699	-297.9150963204031	-357.26219096110435	-445.0380032544223
-480.189044824258	-171.00000000000003	-232.6274564316845	-673.1780133627485
-479.77777777777777	-346.55555555555554	-202.22222222222223	-446.6666666666667
-479.20690859831745	-746.0919863111365	122.68218308854985	-322.4329103094253
-479	-143	-530.17098943741	-64.37607952424244
-478.96713615023475	-295.7511737089202	-364.7230046948357	-451.0798122065728
-478.87879632005354	-170.99999999999997	-233.57368248024432	-673.5443896938096
-478.79029709228826	-745.7823957016435	123.31163084702908	-323.793615676359
-478.497572815534	-297.2368932038835	-363.36601941747574	-448.72038834951456
-478	-333	-196	-534
-478	-143.12432320940545	-530.8417663589955	-65.55304749136286
-478	63.830597014925345	-446.53115671641785	-339.4321828358209
-477.2	-466.425	-189.25	-469.1
-477.174936580416	-292.2810755961441	-366.0493150684931	-454
-477	-631	-173	-271
-476.97883349012227	-255.4165098777046	-216.39793038570085	-546.5903104421449
-476.87318786280207	-147	-529.3099416519299	-63.66709628430698
-476.8472249850806	-193.19057091704795	-530.9876666003581	80.48637358265367
-476.8201510360316	-291.6357421034409	-365.9172908379053	-454.7772394220092
-476.0581687220343	-145.71930590417986	-530.2895339954164	-65.51642475171889
-475.45706371191136	-334.72022160664824	-195.62603878116346	-531.4321329639889
-475.4177545691906	-613.1357702349869	47.14882506527417	-434
-475.10981468771445	-613.8428277282087	46.13726835964309	-433.3411118737131
-474.94796557120503	-334.10250391236303	-199.0735524256651	-539
-474.1192660550459	-375.96941896024464	-338.8532110091743	-444.98776758409787
-474.08575256811076	-466.64963403851937	-187.821950396952	-464.92307061279183
-473.9159663865546	-297.3697478991597	-359.0840336134454	-447.18907563025215
-473.0588863431374	-380	-336.8492385207917	-443.64440113211066
-472.6946107784431	-373.9820359281437	-464.688622754491	-255.562874251497
-472	-374	-464	-255
-472	64.86016260162603	-447.3406504065041	-338.00162601626016
-471.9090909090909	-297.74545454545455	-360.1272727272727	-445.1272727272727
-471.7761557177615	-71.04379562043795	-598.3503649635036	-350.9318734793187
-471.55724324922534	-300.15645750332004	-354.3969400177069	-445.58723439575033
-471	-71	-598	-351
-470.73972602739724	-71.98630136986304	-598.8493150684932	-348.86301369863014
-470.19591743642377	-419.540768616718	-426.96749914471434	-26.538715931120997
-470.0054844606947	-72.07861060329068	-598.2595978062158	-347.6215722120658
-470	-490	-456	37
-467	-378	-405	-213
-466.8333333333333	-143.25	-541	-465.75
-465.18257349808266	-144.44415743502344	-539.4138527907968	-464.60659884959523
-465	-141	-539	-466
-464.7772072888352	-366.5394140742978	-345.8147588845263	-271.3444075304541
-464.311229946524	-143.5754010695187	-539.4762923351159	-463.4859180035651
-463.9090909090909	-144.74545454545455	-540.1272727272727	-463.1272727272727
-463.4733864124365	-584.0778609653021	-100.54141721362849	-429
-463.23136321705647	-578.8042032918382	-106.7160446603725	-440.49824496346076
-463.0385017786148	-584.2071563088512	-108.42665829671479	-435.1351747227453
-463	-583.7706990676293	-111.33612396252863	-440.330298228704
-463	277	-62	-824
-462.8497715839207	-579.4947420890517	-112.00000000000001	-434
-462.77777777777777	16	-258.55555555555554	-674.5555555555555
-462.4685645001217	-589	-106.92483568338858	-429.3316995299889
-462.2405838613362	-584.0778609653021	-111.71434782330712	-440.4982449634607
-462.2405838613361	-584.0778609653021	-111.71434782330715	-440.49824496346076
-461.7036373549342	-588.5820936209985	-441.5064257340914	-117.85177973362411
-461.65541622204137	-584.3182571297734	-112	-440.53599055717854
-461.5969447708578	-588.7091656874265	-441.448883666275	-117.88954171562867
-461.307960397413	-248.1985504482167	-176.03632549026406	-695.4162606418948
-461	18	-257	-675
-460.5514089870526	-586.5300837776085	-440.73876618431075	-118.25590251332827
-460	-588	-441	-118
-459.86280825781813	-367.8982172233816	-340	-271
-459.3928576346201	-589	-108.77277600196706	-437.3274787312515
-458.5	-586.2	-439.8	-118.9
-456.89135607073285	-590.0166435506242	-104.52345968511352	-432.22146608049843
-453.78010471204186	-310.1256544502618	-381.10994764397907	-256.81151832460733
-453.71251931993817	-309.98145285935084	-381.1159196290572	-257
-453.56755447941896	-623.7676304103297	-240.69842786664432	-337.0388859158257
-453.5675544794189	-623.5167070217917	-241.35593220338984	-332.8871670702179
-452	-637	-389	-121
-451.81617647058823	-407.5989819004525	-480.3359728506787	-180.18834841628959
-449.74342105263156	-626.3223684210527	-243.03947368421055	-344.25657894736844
-449	-136	-84	-722
-446.6946107784431	-302.9820359281437	-374.688622754491	-257.562874251497
-446	78	-109	-757
-445.93573573573576	-535.918918918919	-509.27507507507505	93.63543543543544
-445	-132	-556	-176
-439.792172505492	-215.04763556480518	-232.0667707249393	-563.000115620303
-439.78635740849484	-215.05382658054415	-232.0376786063809	-563.0290663534938
-438.9845162888641	-664.0854588245893	-254.8218416044503	-387.7912457912458
-438.9187622937801	-664.5318980208149	-254.38457443204726	-387.13434350427485
-438.7406399179299	-663.888730442082	-254.89817862901694	-386.47033871937384
-438.7211596577603	-664.1605945139625	-255.01385653447517	-386.1098320490328
-438.57474226804123	-663.284793814433	-255.4458762886598	-385.83505154639175
-438.4073487231675	-664.1996756145628	-254.7279520854434	-386.0513666930292
-438.17879643710626	-663.861774929394	-255.6343145774495	-385.52922007386485
-437	-270	30	-687
-436.79654447140825	-662.2482923867497	-256.33368041090284	-389.997226074896
-436.67189788658715	-348.9303201506591	-365.79891190625654	-335.23938062356143
-436.5263522884883	-661.0166435506242	-256.7420249653259	-389.997226074896
-436.17196702002354	-356.48056537102474	-516.1001177856301	-61.359246171967015
-436.16511872376384	-661.8061552208621	-256.7420249653259	-390.52030502303177
-435.63521743462894	-662.2614080643365	-255.14439370937205	-388.1958347743006
-434.57111181501426	-661.9170098194488	-255.99049730757048	-390.1146658219829
-434.3775510204082	-660.3469387755102	-256.9591836734694	-387.3571428571429
-434.0538931703428	-662.372256178581	-257.6776508105235	-388.1777836832314
-434	-344	-672	-73
-434	-159	174	-736
-433.74545454545455	-662.0363636363636	-256.5454545454545	-389.3636363636364
-433.73165390472724	-498.4292981449978	-112	-586.8161351667642
-433.5307234794624	-499.2000551672793	-112	-586.7615524307139
-433.50392004132846	-662.4269378708916	-258.16814554876566	-387.62261605544
-433.06377313003816	-429.78868142121155	-341.6457808144555	-326.2637563239973
-433.040293182347	-501.39707593267667	-352.4584658341736	-312.89494299232143
-433	-500.11353905211865	-109.64306806437324	-593.0639241596534
-432.43491261412714	-500.5500831849083	-110.42790306516204	-592.5154233049518
-432.43004461740026	-499.2109433415026	-351.0043507042591	-313.98864188580245
-432.1408934707904	-501.94158075601376	-109.90378006872851	-591.0962199312714
-431.9491353001017	-501.51068158697865	-348.0773143438454	-310.11291963377414
-431.50160880658416	-504.02262120284206	-107.75286532676242	-582.1517384902176
-431.1353325643983	-181.40484429065742	-522.1806997308727	-275.9265667051134
-428.90131124913734	-89.05590062111798	-320.8502415458937	-466.69910282953754
-427.18666204345766	-620.3269764216362	-15.338072122052267	-391.997226074896
-426.5268264840183	-629.7482876712329	-258.5502283105023	-152.3675799086758
-424.33333333333337	-51.333333333333314	-636.6666666666666	-89
-423	-502	-436	-133
-423	128	195	-772
-421.5744680851064	-140.51063829787233	-579.3829787234042	-231.95744680851064
-420.4108863198459	-114.33477842003853	-592.2263969171483	-110.92967244701349
-420	-344	-355	-337
-419	-280	-382	-360
-417.948043862752	-408.0336752741422	-353.3400353731871	-300.66147859922177
-417	-405	-470	-266
-414.8008536585366	-594.1887804878049	-168.44146341463414	-391.41109756097563
-414.69941537145303	-408.9876657635819	-359.79830315129044	-313.302723513475
-414.1079812206573	-277.1032863849765	-587.62441314554	-76.02347417840376
-414	185	-598	-370
-413.83320475257284	-593.858437213053	-169.0254846354896	-391.997226074896
-413.1651376146789	-515.2140672782874	-536.0275229357799	109.91437308868501
-413	-775	-64	-71
-412.9003728400373	-274.7669391266939	-588.5005377500538	-78
-412.0855263157895	-279.5592105263158	-186.98684210526315	-656.9144736842105
-411.7592672259267	-272.58690040869004	-589.066250806625	-80
-411.690708081074	-593.0192155830482	-172.5551460910766	-390.8065280336931
-409	-624	-125	-439
-408.57111181501426	-590.9170098194488	-165.99049730757048	-392.1146658219829
-407.6723194748359	-649.7685995623633	-458.0683807439825	-81.57768052516411
-407.6309904510589	-705.7754097994051	-326.7106693203927	-7.664557103562405
-407.00000000000006	-634.7919342120085	-307.30111524163567	-294.0420187000112
-407.00000000000006	-631.6572037118126	-311.4642071876509	-293.70706631936804
-407	-636.4580278592375	-305.05461876832845	-301.1427785923754
-407	-635.4173979885047	-312.2302510409485	-297.9296550611782
-406.985773657289	-184.5257885763001	-500.77450980392155	-466.4346227621483
-406.95454545454544	-634.1818181818182	-313.5454545454545	-295.40909090909093
-406.712620101479	-635.0388642988233	-313.5555435604016	-297.50663931771567
-406.6424771096263	-649.9693763919822	-458.0185597624351	-80.47123236822569
-406.4101990767455	-634.8723312175418	-314	-295.7150353433352
-406.0757462701396	-634.9852680309662	-314	-294.3014372028883
-406	-341	-713	247
-405.88262910798124	-340.5399061032864	-539.5821596244132	-99.71361502347418
-405.21171303074675	-637.9532315415186	-311	-299.0541727672035
-405.21171303074664	-637.9532315415186	-311	-299.05417276720357
-404.99889274102907	-634.0322699364119	-311.4161152183862	-298.37614999075964
-404.5500866551126	-635.4235701906413	-314	-297.58128249566727
-404.5122760451228	-638.9502322495023	-309.85932315859327	-299.98274717982747
-404.3933737903489	-675.3966504208483	-243.7284371296523	-231.36613801109496
-404.3371422269865	-636.6856219400058	-311	-299.99999999999994
-404.04872239064537	-638.0166738847986	-311	-299.99999999999994
-403.5318539695925	-638.9871490350029	-303.60904810411307	-296.74205924707707
-402	7	-263	-700
-401.3473449147811	-638	-299.7960658106466	-300.032379889002
-399.3521126760563	-150.38028169014086	-572.2535211267606	-186.85915492957747
-399.19100206687585	-623.6547715399897	-311	-305.26871392164605
-399	-165	-718	34
-397.9214564369311	-463.61118335500646	-604.0197659297789	324.5368010403121
-396.1568794810516	-460.2613519972687	-603.7057016046432	321
-395.2391304347826	-338.5978260869565	-384.3695652173913	-267.8369565217391
-395	-375	-364	-373
-393.6875	-229.875	-672.625	9.416666666666657
-393.3954887218045	-247.98646616541353	-392.6	-402.4390977443609
-392.7815894583598	-248.8932024338348	-393.51614468625183	-401.21247526970024
-391	-334	-380	-268
-389.8020380973586	-488.8368577439655	-480.9103271292329	51.492066368488466
-389.40730146243783	-249.69893088282618	-394.1624772052777	-403.135445346301
-389.3479070584074	-246.24915083982663	-394.39145442013654	-396.4023423375206
-388.6153846153846	-68.38461538461539	-429.2307692307692	-551.3076923076923
-387.11104405552203	1.7742908871454404	-748.3904646952324	-201.88533494266747
-386.22362177385133	-152.96939257744685	-563.7123326646349	-183.30963311600632
-383.54285714285714	-274.6285714285715	-235.97142857142856	-566.3714285714286
-381.8302135703643	-408.1419582383936	-381.4240848780836	-243.13444551327967
-381.52578469382337	-550.0694142014977	-105.82362313452653	-473.48064156354565
-380.985773657289	-113.52578857630009	-410.77450980392155	-468.4346227621483
-380.44444444444446	-749.6666666666666	-390.44444444444446	-180
-380.27272727272725	-750.5454545454545	-391.4545454545455	-181
-380	-649	-109	-574
-379.920645595158	-751.2932078009414	-390.7545393409549	-178.73705447209147
-379.56637168141594	-751.3746312684366	-391.1474926253687	-179.22418879056045
-375	-247	-440	-318
-374.84037558685446	-361.9342723004695	-463.51173708920186	-368.53051643192487
-373	-355	-508	-226
-372.28354978354974	-306.0779220779221	-337.7229437229437	-460.55844155844153
-372	-359	-461	-369
-372	123	-53	-766
-370.0046457607433	-630.253193960511	-334.94657375145175	-230.50058072009293
-369.8970873786408	-469.11262135922334	9.011650485436888	-784.8466019417476
-369.5680751173709	-349.5868544600939	-203.50234741784038	-696.906103286385
-369.37131630648327	-469.51866404715133	10.180746561886025	-784.3163064833005
-369.13888089068047	-627.3730684326711	-333.8526730012477	-233
-369	-362	-88	-610
-369	-349	-203	-697
-368.8459244532803	-313.5208747514911	-332.47713717693836	-446.29125248508944
-368	-393.78881910287174	-311.4603436556814	-444.9877675840978
-368	-391.8218926416196	-317.0863952696126	-453.31914298228537
-366.3712395652859	-309.2312175145692	-331.2290124429044	-450.99495983619465
-366	-398	-305	-439
-365.92564242755606	-186.23801713140148	-395.2693639511573	-510.1428831784217
-365.3712036064587	-398	-307.7454842493812	-443.5651551723079
-365.33333333333337	-623.2361111111111	-331.04166666666663	-237.99999999999997
-365.300518134715	-563.6891191709844	-534.3730569948186	223.7461139896373
-365.25	-89.75	-567.75	-291
-365.20164477529084	-394.0776802933786	-318.0323019548828	-454.7772394220092
-364.82943106525084	-472.4173347199237	-137.93817968403997	-581.1061454515275
-364.76777251184836	-309.11789099526067	-331.46800947867297	-453.7843601895734
-364	-170	-543	-283
-363	-705	-433	-40
-361.66600397614314	-309.1153081510935	-330.4035785288271	-454.8846918489066
-360.4166666666667	-64.75694444444444	-183.7152777777778	-732.8472222222223
-359.2979580524789	-472.76495333115577	-129.57553622155575	-579.2577129791846
-358	-62	-182	-733
-357.84225352112674	-682.5661971830986	-306.20422535211264	-185.10422535211268
-354.0117155532584	38.8266141189645	-326.48552784597496	-662.4612568376621
-353	-528.6215726849457	-249.465080186239	-490.4604242110709
-352	-531.1027303862681	-238.93192285034422	-479.99999999999994
-352	-529.8314795654424	-247.8914899120538	-491.8936885669943
-352	-277	-525	-239
-351.92456246228124	-529.922751961376	-247.77278213639107	-492.00181050090526
-351.71998879394874	-530	-247.87372180977727	-492.02479338842977
-351.46406174626145	-530.0966393310821	-248	-492.0535455861071
-351.046511627907	-510.25581395348837	-266.8604651162791	-482.3953488372093
-350.76311010274065	-386.1538999758197	-577.440827686973	72.68975114856488
-350.4644424934153	-385.4521510096576	-402.13784021071115	-306.6918349429324
-350.125	-510.125	-268.75	-484.875
-350.00000000000006	-529.6260162601626	-248.69512195121953	-493
-349.5535553555356	-531	-248.94876987698768	-492.06765676567653
-348.43870967741935	-356.64857685009486	-506.4481973434535	-52.29905123339658
-348.4222222222222	-538.4333333333333	-388.0777777777778	-283.6222222222222
-348.0296643247463	-451.847775175644	-538.7689305230289	36.487900078064015
-347.68	-538.8499999999999	-389.2	-282.37
-347.58715596330273	-401.79816513761466	-335.43119266055044	-402.1192660550459
-345.55160726986577	-642.3536786670904	-124.1819494257048	-420.56688246243243
-345	-641	-123	-421
-345	2	-200	-709
-344.58932071358277	-460.01826946305164	-376	-300
-343.3766416858351	-531.6261779327743	-239.23751576760407	-479.92735772056096
-342.64811821765227	-403.1843880646854	-325.7320328685529	-391.2444503115982
-342.2831737978879	-403.38313756123694	-324.9198137501404	-391.24000208100364
-342	-246	227	-788
-340.12538226299694	-372.88379204892965	-92.71253822629969	-603.223241590214
-339.8924749877507	-405.27384659153773	-330.13959443013164	-393.7750399089602
-338.49295774647885	-227.73239436619718	-337.15492957746477	-609.8028169014085
-338.2624075463608	-612.6938578625791	-531.2013613463394	75.80549898167006
-337.9357273440768	-611.9684276321664	-531.4323459331425	75
-337.68678334339165	-683.2872661436331	-490.3605914302957	47.6004828002414
-337.49961905755885	-611	-531.7407034389187	73.92468298283151
-336.5482026143791	-116.05637254901961	-547.2091503267974	-308.6699346405229
-336.484126984127	-778.0138888888889	-148.70965608465607	-230.94510582010582
-334.2144449836741	-774.7869862212482	-147.12430138927297	-231
-333.58852554613554	-305.8334679047234	-362.7094827972906	-395.14585295832774
-333	12	-724	-289
-332.52333252933414	-403.8289751848016	-503.27614534413533	-60.83225266383849
-331.92535051512425	-776.1236847348447	-146.6645895400043	-231.2149418200587
-331.67647058823525	-531.3823529411765	-416.8352941176471	-151.16470588235293
-330.4443413729128	-202.21614100185525	-520.3756957328386	-298.80612244897964
-330	-643	-398	-172
-329.914884937159	-772.6488659936779	-145.0324311180681	-231.47643177915228
-329.3611111111111	-643.6111111111111	-395.80555555555554	-170.75
-329	-650.1364495275982	-402.2953754351069	-176.37354549975137
-329	-344	-499.1167102777799	-294.9616683434466
-327.28395061728395	-521.2716049382717	-489.46913580246917	-85.55555555555556
-326.622754491018	-497.7425149700599	-394.2035928143713	-199.4011976047904
-326.1644736842105	-212.69078947368422	-387.5131578947369	-497.8355263157895
-326.010127524367	-347.1157852552634	-498.9794701512831	-301.5522592279838
-325.999652199284	-347.10773755151195	-499	-301.54913627073586
-325.73621044975147	-650.0106275508142	-404.1116498969572	-179.03657008930378
-325.4112835104255	-346.85733339261105	-499.2061974836616	-301.99999999999994
-324.5084269662921	-50.86958266452646	-639.7379614767256	-106.52287319422152
-324	-562	-204	-507
-324	-358	-643	-78
-324	-217.6148042650036	-510	-269.3805771216912
-323.5176213850787	-344.6652021202111	-499	-302
-323.4375	-8.25	-149.1875	-833.1875
-323	-494	-391	-200
-322.4022044195401	-341.14759688112576	-498.37373472058056	-306
-321.99449035812677	-224	-507.305785123967	-274.76584022038566
-321.1538763999814	-524.1149369400603	-417.8868218889654	-278.9314268077676
-321.0748663101604	-227	-505.9928698752228	-272.46345811051697
-321.0057381324987	-224.1165884194053	-506.35785080855504	-269.03808033385496
-320.6768740687458	-709.7892411241844	-276.5912243744541	-201.08282381955507
-320.5530012771392	-94.22988505747126	-636.7343550446999	-83.33844189016602
-320.4735772357724	-218.59146341463412	-511.3373983739837	-279.3231707317073
-318.3489583333333	-581.0078125	-124.625	-527.5546875
-318.0805914448174	-335	-498.6745612825111	-306
-318	-580	-124	-528
-317	-553.9206406685237	-214.02846796657383	-497.6284401114206
-315.76777251184836	-164.11789099526067	-348.46800947867297	-636.7843601895735
-312.7645953244183	-556.5766500629363	-218.53579305225335	-505.7315284397156
-312	-606	-421	-235
-311.83707865168543	-464.124531835206	-555.2612359550562	126.46067415730337
-310.706649750024	-559.8447165792827	-213.98696702996023	-500.9535879279917
-310.40845070422534	79.47887323943661	-637.0140845070423	-290.4366197183099
-310.1428571428571	-518.8571428571429	-265.42857142857144	-418.2857142857143
-309.73523081886316	-556.7934057361297	-218.01587466562992	-505.73152843971565
-308.4832214765101	-519.8020134228188	-261.77852348993287	-420.9362416107383
-308	-518	-262	-420
-307.12442748091604	-562	-210.80076335877862	-498.9091603053435
-307	-280	-218	-651
-307	83	-634	-291
-306.93917525773196	-280.2783505154639	-218.03092783505156	-650.6969072164948
-306.9089347079038	-280.2972508591065	-218.00343642611682	-650.6443298969073
-306.7834518422754	-562	-211.4421460892049	-499.00840336134456
-305.82833070036867	-290.3981042654028	-563.5602948920484	-87.6187467087941
-305	69	-481	-513
-304.74124944616744	-402.4231280460789	-68.80903854674347	-619.1103234381924
-304.5663404866681	-563.1219769901693	-404.9327556365035	-329.6826747514056
-303.0156371139923	222.88582879089682	-648.0911866792304	-303.2447429000823
-301.88800000000003	68.13600000000002	-480.786	-513.88825
-300.7692307692308	-462.8974358974359	-579.6923076923077	-177.15384615384616
-300.5104652715472	-462.68049963583314	-581.0288721552741	-179.38772165776197
-298.71626342347	-463.99236641221376	-584.4294216586879	-182.6436796480787
-296.1988980590293	-180.2170960883382	-594.8210146087196	-81.70421343819301
-294.3186274509804	-645.7794117647059	-279.1960784313726	-306.78431372549016
-292.62028342896883	-2.382629107981219	-602.5796383237698	-292.8438097722135
-290	-646	-275	-303
-289.2857142857143	-625.2857142857142	-278.6428571428571	-352.57142857142856
-287.25823489868435	-131.62495598450656	-611.2097698389833	-261.01584557764335
-284.5582874816877	-2.661508081094088	-602.3936732888478	-298.7431353767561
-284.1328531412565	143.18887555022008	-514.3329331732693	-619.8787515006003
-281.9143897996357	-570.2331511839709	-491.0673952641166	27.393442622950815
-281.4076565808346	-214.50411515606856	-589.8027286387542	-260.15586367051435
-281.3602080624187	-530.851755526658	-556.1001300390117	-39.64759427828348
-280.7	-738.4	2.700000000000003	-431.3
-280.66666666666663	-737.3333333333334	2.3333333333333286	-430.4
-280.4736842105263	65.73684210526315	-487.8070175438596	-611.8070175438596
-280.42214532871975	-530.7456747404844	-554.6418685121107	-42
-280	-366	-658	237
-280	-260	-376	-504
-280	65	-486	-611
-279.8536585365854	-737.7073170731708	2.1707317073170675	-430.2439024390244
-278.51863354037266	-223.15527950310562	-430.03416149068323	-478.7360248447205
-275.45569620253167	-548.1084990958409	-238.7450271247739	-435.3544303797469
-274	-171	-293	-625
-273.31451612903226	-266.4838709677419	-512.1854838709677	-264.8790322580645
-273	-400	-679	300
-272.71626342347	-392.99236641221376	-494.429421658688	-184.6436796480787
-271.9038352627946	-266.73976644318674	-510.7771546393635	-261.0166206349926
-271	-265	-511	-266
-270.31034482758616	-435.2068965517242	-534.448275862069	-248
-270.0472972972973	241.32328482328484	-243.8128898128898	-841.0098752598752
-269.8153467836584	-266.53499692617225	-508.5314368747555	-261.20935561392724
-269.0952380952381	-435.3809523809524	-533.5238095238095	-248
-268.9516129032258	-548.1451612903226	-467.758064516129	-56.12903225806451
-268.5928143712575	-197.9760479041916	-362.251497005988	-598.0838323353294
-267.17374089325307	-279.96000950269246	-337.2949794108331	-591.4748178650617
-266.5923827889598	-568.433891768109	-285.05749065927444	-460.8739303362661
-266.40845070422534	125.47887323943661	-390.01408450704224	-747.4366197183099
-266.175	-544.8	-464.875	-56.19999999999999
-266.04	126.2	-390.36	-748
-266	-545	-465	-57
-265.2943140119765	-569	-285.2322683813163	-461.3998351601766
-265.1764705882353	-564.9411764705883	-283.47058823529414	-463.1764705882353
-263.96268656716416	-565.1716417910447	-281.8880597014925	-463.0074626865672
-263.89932272533486	-605.8859414662456	-217.6381384179565	-391.20385465357214
-263.12580627321967	-605.2329383697742	-217.83670378323535	-391.997226074896
-263.0275229357798	-171.48012232415903	-562.5045871559632	-299.7920489296636
-261.49540440001533	-198.9301946045909	-356.6049531065574	-594.1476088818439
-259.0365846470539	-163.2265018817156	-554.2823198380333	-301.46273191383386
-259	-495	-447	-142
-258.00216439981097	-267.68245538069544	-505.20502704495294	-255
-258	-55	0	-784
-257.71875	-54.75	-0.1875	-784
-256.1726519815647	-173.5361101806183	-552.1670459227088	-291
-256	-33	-354	-614
-252.7267759562842	-173.40983606557376	128.54098360655738	-799.7814207650274
-251.02017350592124	-566.5267144037455	-454.3667033874965	-126.91097493803362
-251	-175.60503299222435	134.15172292727254	-796.5691287781002
-250.52753755771238	-566.8668219957403	-455	-125.9936820137509
-250	-483	-486	-122
-247.946004535619	-304.91258334299914	-344.00857927934055	-462.59491002755766
-247	-184	-624	-204
-246.6822429906542	-184.3791722296395	-624.9425901201602	-204.5460614152203
-245	-303	-341	-463
-244.03447457425978	392.4330386281374	-712	-293.0488340354833
-243.64042075872487	391.8068326947637	-711.4828381553776	-292.2226868437634
-243	-461	-733	228
-243	400.81069322800386	-711.3697979277578	-302
-242.97146059021293	391.7163642413356	-711.7482119741069	-297.2024272359952
-242.95165690593615	404.6517463479503	-711.661882492614	-301.46273191383386
-242.43227042944147	399.254819639411	-710.1924568338798	-298.7431353767561
-242	-382	-304	-462
-241.5903575989783	391.8068326947637	-711.8293422733077	-298.7431353767561
-241.5903575989783	404.1670028639023	-711.6393000724985	-300.73267101471413
-238.3888888888889	-114.55555555555554	-566.1111111111111	-406.94444444444446
-237.44466179794819	6.7065727699530555	-576.2638671535385	-379.7469570509477
-237	-582	-323	-240
-235.83040935672517	52.32163742690059	-159.58479532163744	-812.046783625731
-233.50732158836922	51.92558712337742	-158.7621181933938	-810.8105909669689
-233.35810998134258	-70.13105298256394	-7.089438704021461	-777.2330093886512
-233.20707311411908	5.740106410077743	-571	-374.4741822427424
-233	-354	-676	93
-232.70337078651687	51.7932584269663	-158.37191011235956	-810.1329588014981
-232.24963381460557	170.88512241054613	-666.2174094998954	-296.16991002301734
-230.6599627331658	173.96662476268259	-667.4274517144406	-298.7431353767561
-230.50642494577548	-65.96926530002787	-2.72903628402679	-777.292736807672
-230	-659	-526	229
-230	-219	-730	144
-230	-26	-132	-805
-229	-525	-472	-184
-228.99999999999997	-526.1712137486574	-471.00085929108485	-181.518850698174
-228.92617237008872	-375.66191381495565	-491.11787072243345	-313.2550697084918
-226	-178	-681	-120
-225.01625749240497	-765.0068560637162	-218.72932917316695	19.99733147220626
-224.95488721804512	-557.1578947368421	-303.5338345864661	-394.64661654135335
-224.5186721991701	316.19502074688796	-578.5726141078837	-618.8340248962656
-222.12972972972972	-64.62162162162163	-417.95405405405404	-606.0864864864865
-219	-289	-606	-192
-218.58015728977614	-600.3653962492438	-442.90411373260736	-304.2186932849365
-216.71428571428572	-50.285714285714285	-377.14285714285717	-780.4285714285714
-216.07434570031634	-50.000000000000014	-376.11461029623234	-781.341170549324
-213.0590875093493	-421.13462976813764	-296.0665669409125	-641.5138369483919
-212.5263157894737	-442.2105263157894	-244.84210526315792	-647.4736842105264
-211.2566312699822	-420.41144311160195	-296.5317887250046	-641.6601582851298
-211	-494	-629	149
-211	-445	-292	-417
-210.57798165137615	192.25076452599387	-516.5963302752293	-473.29969418960246
-209.31736526946108	-26.724550898203596	-428.8922155688623	-598.9640718562874
-209	-191	-515	-312
-208.81453494102573	-442.32082662548873	-240.45040575615207	-642.6260800998784
-205	-23	-425	-599
-196	-334	-683	-34
-195	271	-403	-790
-194.68387096774194	-535.2307400379507	-306.4789373814042	-448.2204933586338
-191	-259	-267	-647
-190	-820	-156	-158
-190	-574	-371	-332
-189	-607	-454	-109
-189	-114	-271	-662
-188.95039080782954	-577.2789745559157	-377.8872992170128	-339.5280954740356
-187.92459605026932	-610.6786355475763	-455.79174147217236	-111.10771992818671
-187.7036980711226	-36.215268800851646	-581.3438268319265	-374.04141636884395
-187.5868263473054	-33.622754491017965	-650.4610778443114	-201.82035928143713
-187.4753098225214	-278.93346465728274	-473.2810922200123	-459.92507841187273
-186	-597	-565	49
-185.61823566319484	556.3389484251476	-382	-825.3538461538462
-185.44615384615415	555.6615384615383	-383.44615384615395	-825.3538461538462
-185.44615384615383	557.122008485941	-381.3988436256513	-825.696730934113
-185.4461538461538	557.1154388908077	-381.40468742290426	-825.683327576849
-184.5699481865285	556.8242327620567	-382.9374252690315	-826
-184.12158057440064	-274.8627621148143	-473.6515111160323	-463.99999999999994
-183.34765581505286	-267.1848671177676	-475	-456.6150498447844
-182.92678637016775	-74.71172923895129	-258.60460068346333	-774.4933141165621
-180.1379310344828	-356.65517241379314	-444.13793103448273	-450.48275862068965
-179.33282896759098	-273.55820322142455	-472.04942179755375	-464.00000000000006
-179.26480571162006	-280.6471596085657	-466.33730440620224	-445.8123965027286
-179.08517187234366	-274.87569889857355	-465.7715806127806	-464
-170.02332732477998	-30.51410242816246	-719.579790054077	38.770490934153315
-170	-200	-7	-698
-169.66267317947703	-75.15668826244031	-283.24330316428916	-697.0776259252804
-168.0511241592366	-79.68180687789925	-290.0367103156957	-700.4773138736326
-165.15197146819892	188.99306518723995	-558.1739647315237	-484.44422429165843
-163.5312218675833	-451.74867010393643	-511.3612406907276	-258.37474425075703
-163	136	-205	-799
-162	-624	-490	-79
-161.91463414634146	-251.65853658536585	-541.8048780487804	-229.58536585365854
-160	-665	-310	-304
-159	-606	-580	240
-155.15587151132172	-374.2203791469194	-608.9294365455503	-232.94813059505003
-154.56830031282587	-525.9092805005214	-326.3618352450469	-382.0552659019812
-153.8238683127572	-374.02222222222224	-609.8427983539095	-233.5843621399177
-153.22740667976424	-399.8030451866405	-133.04125736738703	-663.1311394891944
-153	-521	-613	327
-153	-305	-226	-667
-152.5183752417795	-374.6943907156673	-656.9477756286267	28.479690522243715
-151.9561797752809	-382.2104868913858	-682.8670411985019	79.03408239700374
-151.38095238095238	-372.57142857142856	-607.1746031746031	-233.9047619047619
-148.40758121856328	-384.739462752497	-680.5176655133416	85.42367842813353
-148	-236	-660	-181
-147	221	-530	-490
-146	-43	-449	-496
-143	-617	-293	-370
-140	-462	-471	-292
-139	82	-622	-340
-136.68360665722594	-328.4987209355443	-473.2676290104	-346.6135626513179
-134.47072655546742	-122.92533077772157	-255.54272757685015	-658.0675098461624
-133	-671	-266	-320
-131.99012345679012	-767.2926090534979	-321.73148971193416	29.589662551440327
-130	-680	-48	-527
-129.02140672782872	-288.4335626911315	-343.2346330275229	-508.72966360856265
-124	-253	-556	-270
-111.83427495291902	-82.84745762711864	-616.2504708097929	-239.8964218455744
-109	-206	-479	-414
-107	-613	-354	-186
-106	-425	-592	35
-106	-348	-688	170
-103.75757575757578	-537.3636363636364	-508.57575757575756	-72.6818181818182
-103	-213	-742	221
-101	-486	-363	-385
-100	-674	-548	73
-99	-608	-215	-398
-98.38095238095238	-336.57142857142856	-458.1746031746032	-433.9047619047619
-93	-818	-296	33
-92	297	-2	-901
-87.73863636363637	-729.7613636363636	-496.2840909090909	-187.3409090909091
-86.8419943250912	-731.1261451155249	-498.39067693554927	-189.65464126469396
-80	-177.45165272258814	51.82137184460731	-837.6297079948903
-78	-495	-642	-32
-77.54136708193266	-180.08350141717753	50	-838.2511396743787
-75.6965216198922	-183.80233567967827	58.78807477831608	-831.0452280830057
-75.69652161989214	-183.00403437913263	51.58395640897396	-841.976419090405
-75.60137990779393	-183.1333592516238	51.55969229908421	-841.9778099559036
-75.59691093344975	-183.09231767226873	51.56401259747201	-841.9999999999999
-75.31207275075033	-183.8023356796782	51.85878838633352	-841.83047814373
-75.01190993937072	-185.0999099804379	55.90121000846556	-836
-72.96022660547442	-186	53.21722464663357	-841.9790164458078
-72.8092827528744	-180.67973133573278	50	-834.4315280629336
-72.80211766818056	-181.85672714572686	53.82378399014395	-842
-69.42568864877573	-186.00000000000003	62.25625184715157	-827.8851446101528
-65	-159	-565	-343
-64.44910179640718	-440.49700598802394	-608.2814371257485	-60.76047904191617
-63.306451612903224	-662.8573200992556	-413.82630272952855	-196.6439205955335
-59	107	81	-872
-55.559633027522935	-21.318042813455662	-178.92660550458714	-799.3272171253823
-55.2259849493897	106.72216473899545	82.70919099685995	-866.6747940717316
-54.66700307244069	106.30502189393638	82.87235375147479	-866.6815901751322
-53.36479277800575	-359.97948297086583	-504.83135002051705	-314.9076733688962
-53.315960747710704	-246.7530082490351	-518.5559143311218	-291.23801115007194
-42	-384	-486	-272
-39	-463	-449	-271
-38	-507	-592	-5
-37.968867228030966	-283.64656496927125	-359	-469.8946244712268
-36.191231531060026	-463.42648657353357	-447	-268.65850074479647
-26	-543	-585	481
-25.734210526315792	-541.8026315789474	-585.7263157894737	480.5684210526316
-25.459544383346426	-542.202670856245	-585.897879025923	480.3770620581304
-24	-365	-618	-155
-23.38095238095238	-120.57142857142857	-385.1746031746032	-618.9047619047619
-21	-562	-458	-216
-21	65.27596398304607	-40.416315937834014	-846.8339490892664
-20.604596121530278	63.99999999999999	-40.1667775315976	-845.7740253552824
-20.09845548557395	65.54766359824248	-40.94338172644805	-847.8707795245335
-18.09013914095584	33.830611010284315	-503.39594676346036	-483.6742286751361
-12.38095238095238	-124.57142857142857	-417.1746031746032	-544.9047619047619
-11	-514	-424	-373
0	-214	-518	-496
0.5913290689410093	-34.37953091684435	-253.36958066808813	-813.9367448471926
15	-451	-302	-456
17	205	-544	-494
28.61904761904762	-330.57142857142856	-470.1746031746032	-356.9047619047619
31	-519	-314	-439
37.43712574850299	398.79041916167665	-762.2994011976048	81.23353293413173
40	-605	-521	-87
51.8562874251497	-241.47904191616766	-570.9700598802395	-275.32335329341316
62	-481	-509	-165
70	-822	52	331
80	-374	-331	-622
85.31914893617022	20.617021276595743	-462.7872340425532	-580.468085106383
88.14637865263802	-910	-273.11504530419927	282.07509868727936
88.40729945917937	-911.7736791798291	-274.98082250661673	279.7202075157482
89.64498872311418	-910.6621735666613	-272.25292354470275	279.6163733496654
91	-87	-310	-658
134	-400	-382	-401
146.1899288688411	-676.934333795975	-540.7526457321305	299.0472328244275
