-858	-256	-757	242	335
-848.344600685055	-92.77248963403642	-831.981341265549	82.51090679646656	172.6255633675861
-843	-88	-834	82	176
-798	-79	-576	-42	110
-796	-267	-656	180	187
-790	175	-674	-135	-224
-784	-400	-676	165	364
-780	-89	-698	136	33
-765	443	-617	-313	-200
-761	541	-232	-554	-380
-743	42	-547	-51	110
-743	64	-672	-254	160
-734	-48	-189	-389	239
-731	129	-280	-173	124
-728	-128	-499	-231	330
-725	-229	-654	-153	268
-724.344600685055	-104.77248963403642	-557.981341265549	88.51090679646657	171.6255633675861
-724	-30	-114	-472	150
-719	-100	-560	88	175
-718.8882854614977	71.17084808726042	-514.8293258068401	-191.18053074008182	-185.49409811066926
-718	-50	-613	-432	-85
-713	-198	-535	83	168
-712	79	-519	-191	-178
-710	293	-714	-245	-89
-709.344600685055	63.22751036596358	-634.981341265549	-71.48909320353346	12.625563367586096
-708	-312	-411	118	263
-706.4992756422639	-308.77636662159546	-296.90728220977405	-190.29838709677418	48.638593780181566
-706	-148	-458	109	27
-704	-270	-512	-92	395
-704	68	-637	-72	16
-703	35	-314	-511	242
-703	134	-548	-544	-63
-701	-88	-807	63	148
-700	166	-252	-313	-164
-700	169	-36	-383	-310
-699	-466	-703	179	463
-699	-436	-132	130	446
-697	-125	-550	-21	96
-695	-394	-233	-80	578
-694.344600685055	-140.77248963403642	-665.981341265549	98.51090679646656	286.6255633675861
-693.344600685055	-214.77248963403642	-158.98134126554893	90.51090679646654	-2.3744366324139174
-693	-516	-442	288	537
-693	-208	-342	-56	-199
-691	-139	-150	-95	-96
-690	-279	-353	129	-102
-689	-474	-543	78	669
-689	-418	-57	47	357
-689	-308	-543	203	359
-689	-136	-668	98	290
-688	-210	-161	90	1
-687.8447483588621	-297.3144420131291	-500.52024070021884	-206.99978118161926	315.58205689277895
-687.344600685055	-294.7724896340364	-468.9813412655489	248.51090679646654	88.62556336758608
-686	-337	-401	9	184
-685.4673097534834	-47.4905833716123	-419.6562547848722	-213.63298116674324	-364.2433011789925
-685	-219	-460	63	-5
-682	-315	-208	-526	224
-682	-295	-502	-201	316
-682	-290	-471	248	92
-682	232	-179	-225	-410
-681.344600685055	147.2275103659636	-486.98134126554896	-66.48909320353346	-322.3744366324139
-678	-432	-79	-211	-17
-678	-412	-373	114	75
-678	-40	-419	-216	-358
-676	-343	-181	75	178
-676	152	-489	-67	-319
-675	-111	-430	-31	-261
-673	-434	102	-65	183
-673	-414	-192	260	275
-673	-287	-269	-207	69
-673	-267	-563	118	161
-673	-49	-222	-156	-425
-673	81	-500	118	-222
-672	250	-104	-308	-499
-671	-218	-77	-246	172
-670.344600685055	-282.77248963403645	-678.981341265549	237.51090679646654	351.6255633675861
-670	-423	-491	233	269
-668	-654	-450	29	293
-668	-353	-257	8	449
-667	-624	-224	144	163
-667	-514	-208	93	274
-667	-494	-502	418	366
-667	-65	-644	-234	197
-666	-325	-106	-8	89
-666	-90	-638	1	-12
-665	-298	-387	-88	263
-665	-278	-681	237	355
-664	-695	-235	329	260
-664	-331	-64	-527	489
-664	43	-656	-124	225
-664	104	-592	-12	-153
-663	-244	-450	-46	-84
-662.344600685055	495.2275103659636	-119.98134126554893	-402.48909320353346	-389.3744366324139
-662	-479	-414	148	249
-662	-17	-618	-36	107
-662	17	193	-427	-93
-661.344600685055	88.2275103659636	-707.981341265549	107.51090679646656	37.625563367586096
-660	-315	-461	139	13
-660	-56	-275	-217	-93
-660	391	-721	-158	-128
-660	524	-528	-328	-195
-659	253	-495	-192	-481
-658	-437	-515	-62	381
-658	-143	-629	14	-356
-658	-119	-346	-367	-90
-658	-99	-640	-42	2
-657	500	-122	-403	-386
-656.344600685055	415.22751036596355	-429.98134126554896	-244.48909320353346	-298.3744366324139
-656	-422	-108	-76	446
-656	49	-699	163	-317
-656	93	-710	107	41
-654.344600685055	-70.7724896340364	-541.981341265549	-191.48909320353346	63.62556336758608
-654	-107	-832	312	105
-653	644	110	-626	-275
-652.344600685055	513.2275103659636	-44.98134126554896	-485.48909320353346	-478.3744366324139
-652	373	143	-490	-561
-651	420	-432	-245	-295
-650	387	-109	-684	-69
-649	-66	-544	-192	67
-647	-703	-151	-7	431
-647	518	-47	-486	-475
-645	-203	-121	-202	-266
-645	-123	-444	-209	254
-645	-100	-496	-153	-171
-645	-59	-378	-328	311
-643.2476190476191	-139.12619047619043	-455.09880952380956	-83.13333333333333	-56.06547619047619
-643	-661	-252	-217	563
-642.2817126993166	-663.0529612756264	-251.5452377562642	-223.5660948177677	560.5158385535307
-642	-315	-490	196	301
-642	-221	-653	28	46
-642	295	96	-336	-370
-641	-622	10	-51	-100
-641	-602	-284	274	-8
-641	-25	-59	-450	74
-640	-135	-202	-368	175
-640	-115	-496	-43	267
-640	-99	-669	15	290
-639.1331536718319	69.29154161817848	-625.8981441783549	-268.0257242604275	-72.55343908862619
-639	-490	-230	-34	355
-639	-386	-463	93	-19
-639	61	-909	152	-54
-639	194	-716	-18	-121
-638.344600685055	-17.772489634036404	-226.9813412655489	-274.48909320353346	-160.3744366324139
-638.344600685055	75.22751036596358	-625.981341265549	-263.48909320353346	-66.37443663241392
-638	213	55	-268	-407
-637.0802792321116	-39.89179755671901	-202.5898778359511	-362.7277486910995	-426.586387434555
-637	-300	-402	-74	184
-637	-214	-239	-83	-72
-637	-111	-614	-34	23
-636.4684779118742	-355.50054771752883	-374.29652293803235	-55.553383572251505	40.92331010255539
-636.344600685055	267.2275103659636	-695.981341265549	-114.48909320353346	-27.374436632413904
-636	-457	-474	278	78
-635	-392	155	-275	175
-635	-360	-364	14	66
-634	-66	-242	-493	-21
-634	110	119	-542	437
-634	357	287	-491	-296
-633.3696837513631	-278.42748091603056	-441.5594329334787	-333.8636859323882	40.84732824427482
-633	-258	-503	-284	316
-633	-116	146	-324	-252
-633	-13	-229	-275	-157
-633	80	-628	-264	-63
-632	-311	-189	-313	2
-631	-318	-465	-196	198
-631	-12	-71	-465	-72
-631	20	-590	-176	-181
-631	100	68	-549	-90
-631	272	-698	-115	-24
-630.4466020622401	-246.24727771361648	-512.3962150660892	-16.840805744023918	-109.91153448934573
-630	-373	-73	-382	-46
-630	-353	-367	-57	46
-630	-270	-448	-333	49
-630	-15	-492	-37	-333
-628.4057359763813	-236.6461408688317	-321.06832560101225	-157.5972163644032	-360.790383804302
-627.2268015170671	-655.2862199747156	-188.7802781289507	-7.388874841972182	-197.32793931731985
-626.344600685055	-246.7724896340364	-506.98134126554896	-13.48909320353344	-109.37443663241392
-626	-77	-360	-374	173
-625.344600685055	198.2275103659636	-451.98134126554896	-193.48909320353346	-121.3744366324139
-625	232	-244	-253	-202
-624	-610	-200	-62	163
-624	-386	-161	-208	-107
-623.344600685055	-128.77248963403642	-656.981341265549	-93.48909320353344	207.6255633675861
-622	-118	-321	-485	91
-622	11	-384	-343	-157
-621	255	-668	-206	142
-620	203	-454	-194	-118
-619	-465	-390	-58	249
-618.344600685055	-257.77248963403645	-624.981341265549	105.51090679646656	84.62556336758608
-618.0645731480638	-666.9293805719417	-26.9154713222555	4.675647239543537	72.57290957935567
-618	-124	-659	-94	211
-617.344600685055	230.2275103659636	-590.981341265549	10.510906796466557	-296.3744366324139
-617	-91	8	-265	-134
-617	-87	-646	115	-47
-616.344600685055	-256.77248963403645	-466.98134126554896	-84.48909320353346	169.6255633675861
-616.0094837231605	-83.12792370397997	-586.6452661303213	-173.2780471344593	-269.50569200987445
-616	-542	-202	-351	380
-616	-522	-496	-26	472
-616	-397	-279	-89	87
-616	-302	-237	-168	-23
-616	-220	-756	300	267
-616	-184	-621	-6	93
-616	256	-223	-474	-135
-615	-469	-448	286	99
-614	-207	-451	-129	-84
-614	-13	94	-533	347
-614	43	-523	-139	-332
-613	-598	-12	-178	-19
-613	-468	-290	96	184
-613	-253	-627	105	88
-613	-90	-382	-166	-64
-613	7	393	-506	-314
-613	66	-204	-487	-587
-612.2453837015796	-75.80038407685677	-437.463192030664	-363.5916812679713	-186.52193404955213
-612	-670	-181	197	-7
-612	-299	106	-330	-93
-612	-267	-413	-41	-202
-612	129	-538	-144	-420
-612	235	-593	10	-293
-611.344600685055	-78.77248963403642	-583.981341265549	-173.48909320353346	-268.3744366324139
-611	-278	-462	56	13
-611	-252	-469	-85	173
-611	395	-451	-297	-86
-610.344600685055	-105.77248963403642	-497.9813412655489	-46.48909320353346	126.6255633675861
-610.344600685055	71.2275103659636	-424.98134126554896	-288.48909320353346	-270.3744366324139
-610	-669	-23	7	78
-610	-230	-120	-239	-16
-610	-94	-419	-188	-65
-610	53	-271	-504	20
-610	130	-380	-334	-335
-609.344600685055	-77.77248963403642	-425.98134126554896	-363.48909320353346	-183.3744366324139
-609	-338	-424	144	-105
-609	-218	-238	-368	-266
-609	-145	-801	174	102
-608	-393	-32	-42	-349
-608	333	-208	-231	-473
-607	-531	-290	-193	496
-607	-26	-308	-219	-227
-606	-466	-246	-169	76
-606	-446	-540	156	168
-606	-289	-249	-183	-169
-606	-74	-586	-174	-265
-605	-101	-500	-47	130
-605	44	-74	-444	-47
-605	76	-427	-289	-267
-605	164	-480	-259	-398
-604	-128	-443	-307	14
-604	-73	-428	-364	-180
-604	5	169	-616	258
-604	118	-656	-25	-226
-603.344600685055	-461.77248963403645	-655.981341265549	275.51090679646654	358.6255633675861
-603	-670	-221	11	487
-603	104	-442	-171	-516
-603	304	-460	-319	-280
-601.3967874972867	-502.687812025179	-649.3385066203602	330.37784892554805	2.9196874321684163
-601.344600685055	265.2275103659636	-526.981341265549	-176.48909320353346	-187.3744366324139
-601	-83	-389	-114	-332
-601	-41	-298	26	-508
-601	7	-674	22	144
-601	86	-175	-654	85
-600	-347	-218	-23	-81
-600	-204	-358	-198	-13
-600	-185	-142	-518	-201
-600	-95	-562	-221	124
-600	216	-271	-266	-406
-599.7757255936675	-160.34300791556728	-367.06332453825854	-9.047493403693931	-440.9366754617414
-599	-628	-322	-199	619
-599	-431	-188	-284	98
-599	-411	-482	41	190
-599	-310	-153	-504	148
-598	-477	-364	-50	270
-598	-457	-658	275	362
-598	-260	-334	-346	156
-598	78	-459	-326	-223
-597.344600685055	-330.77248963403645	-631.981341265549	133.51090679646654	154.6255633675861
-597	-589	-60	-33	-44
-597	-471	-444	129	72
-597	-143	-508	-76	-150
-597	-41	-490	-324	-200
-596	-502	-199	-99	195
-596	-482	-493	226	287
-596	-456	-500	85	447
-596	-285	-826	150	-7
-596	212	342	-620	13
-596	270	-529	-177	-184
-595	-678	-97	-139	164
-595	-658	-391	186	256
-595	-299	-612	4	-297
-594.378947368421	-368.68421052631584	-408.4736842105263	-40.46315789473684	-288.2736842105263
-594.344600685055	-158.77248963403642	-623.981341265549	43.51090679646656	40.625563367586125
-594	-542	-455	314	169
-594	-379	21	-291	90
-594	-288	-217	-255	343
-594	-286	-378	-280	184
-594	-284	-668	-40	78
-594	-266	-672	45	276
-594	-243	-111	-358	-113
-593.344600685055	-94.77248963403643	-439.98134126554896	-174.48909320353346	-3.3744366324139143
-593	-677	61	-329	249
-592.4561004655191	-437.8962866731622	-426.9388870845513	141.12065605716143	-189.02111075024357
-592.344600685055	-365.77248963403645	-406.98134126554896	-38.489093203533436	-289.3744366324139
-592.2494736842106	-367.94210526315794	-254.5368421052631	-228.57157894736844	-204.99684210526317
-592	-360	-544	134	564
-592	-346	-340	-192	66
-592	-326	-634	133	158
-591.3482099248042	420.53958492246784	-423.6717550710363	-433.8283526639096	-383.7498969376827
-591.1034070531979	-430.04602510460256	-267.51823072325163	-44.198445905558856	-109.45367603108187
-591	-636	-198	-349	296
-591	-234	-94	-369	-1
-590.8828932261769	-629.5977803291236	-573.0612323000382	431.2162265595101	527.2514351320322
-590	-629	-573	433	526
-590	253	-133	-516	-397
-589.344600685055	-436.7724896340364	-417.98134126554896	146.51090679646654	-192.3744366324139
-589	-577	-230	142	-275
-589	-277	-459	-194	94
-589	-154	-626	43	44
-589	-104.21428571428572	-627.8571428571429	-318.7857142857143	-276.3571428571429
-588.344600685055	40.227510365963596	-660.981341265549	3.5109067964665535	-159.3744366324139
-588	-480	-238	-38	96
-588	-133	-699	-2	35
-588	438	-192	-654	-74
-587.7709507935031	363.80345906760004	-385.7821999645932	-348.150446036085	-495.63860125004123
-587.4968152866243	28.343949044585997	-435.1656050955414	-489.2866242038217	-341.44585987261144
-587.2500677602417	-390.57021655043906	-99.73497769558708	-163.29936192439087	-264.7544368841583
-587	-576	-72	-48	-190
-587	-361	-409	-39	-286
-587	-105	-627	-319	-275
-587	28	-434	-489	-342
-586.6500701346345	274.98874249199747	-315.0295404682835	-492.9668868614451	-228.33726966467256
-586.4345422023243	-337.18692245734786	-317.5056893900564	-193.30505758428433	-220.14238851870834
-586.3828141480908	0.6109626608536516	-280.339286969974	-356.04528514169186	-523.4815765417341
-586	-265	-35	-129	-326
-586	127	-375	-134	-667
-586	558	-266	-577	-174
-585.344600685055	427.22751036596355	-420.9813412655489	-436.48909320353346	-377.3744366324139
-585.2851282051282	-449.5005128205128	-146.0451282051282	-184.54051282051282	164.1825641025641
-585	-360	-251	-229	-201
-585	105	-701	-85	-38
-584.813183697035	-334.60954736126797	-158.81206857791017	-377.4511774533898	-139.77747689289237
-584	50	-181	-546	-242
-583	-484	-71	-501	338
-583	-355	-134	-359	90
-583	-335	-428	-34	182
-583	45	-663	3	-156
-582	-431	-262	-44	-104
-582	-201	2	-519	64
-582	137	-123	-499	-315
-581	201	-745	-36	79
-580	68	-581	-148	-300
-580	432	-423	-437	-374
-579	-490	-409	-110	458
-579	-447	-142	-188	161
-579	-410	-667	460	184
-579	-209	-282	-191	-244
-579	238	-728	-132	-279
-579	281	-471	-305	-314
-578	-382	-98	-164	-259
-578	10	-438	-169	-600
-578	340	134	-638	-383
-578	372	-385	-349	-492
-577	-550	-371	-22	340
-577	-519	-388	351	18
-577	-194	-846	279	173
-577	-56	-188	-515	150
-577	282	-313	-495	-229
-576	-381	60	-354	-174
-576	11	-280	-359	-515
-575	-347	-556	226	-351
-575	-303	-567	170	7
-575	83	-85	-696	-177
-574	-396	-624	113	248
-574	-120	136	-540	-175
-573	-294	-473	-5	274
-573	-155	-626	375	-312
-573	-60	-291	-174	-418
-573	-35	-114	-191	-503
-572.344600685055	-424.77248963403645	-627.981341265549	135.51090679646654	70.62556336758608
-572.2767756949758	31.25988905891353	-41.2936910226983	-547.9241870696251	19.9050752359092
-572	-585	-146	-194	-104
-572	-565	-440	131	-12
-572	-99	-561	-506	-70
-571.8880521750823	-443.95938949774757	-184.2136757883413	-378.54555234317223	62.731392456128546
-571	-324	-259	-197	267
-570.344600685055	-300.77248963403645	-636.981341265549	182.51090679646654	105.62556336758608
-570	-584	12	-384	-19
-570	-393	-216	-45	-65
-570	162	-311	-321	-558
-569.4722222222222	-653	0.055555555555557135	-198.66666666666663	75.55555555555556
-569	-656	-157	-9	-7
-569	-636	-451	316	85
-568	-478	-221	-226	276
-568	-392	-58	-235	20
-568	206	-707	-210	-200
-567	-655	1	-199	78
-567	-635	-293	126	170
-567	-440	-336	-190	-18
-567	-420	-630	135	74
-566	-538	-183	-138	158
-566	-88	-3	-336	-350
-566	-81	-195	-495	-101
-565	-474	-487	2	353
-565	-439	-178	-380	67
-565	-419	-472	-55	159
-565	-296	-639	182	109
-565	-23	294	-612	126
-564	-294	327	-476	-160
-564	-262	-192	-187	-269
-564	-231	-209	186	-591
-564	86	-550	-67	-399
-563.344600685055	-391.7724896340364	-531.981341265549	-14.489093203533447	135.6255633675861
-563	-552	-50	-344	-39
-563	-262	-408	-101	-330
-563	533	-429	-562	-536
-562	-280	75	-670	332
-562	-158	-409	-328	-89
-562	382	-477	-430	-476
-561.9230769230769	92.84615384615384	-528.9230769230769	-94.3846153846154	-426.8461538461538
-561.6735791248366	111.83996452997076	-289.67435346103014	-487.32364037184357	-674.6957388404927
-561.344600685055	70.2275103659636	-665.981341265549	52.51090679646656	-208.3744366324139
-561	-551	108	-534	46
-561	-138	-405	-397	286
-561	94	-528	-93	-428
-560	-527	-304	15	189
-560	-333	-419	84	-233
-560	45	-194	-640	-12
-560	250	-512	-450	-324
-559	-676	-160	264	550
-559	-288	-209	-342	24
-559	53	311	-503	-404
-559	112	-286	-484	-677
-558	-387	-534	-15	139
-558	-205	-66	-371	-283
-558	-69	-365	-320	-332
-557	67	59	-697	88
-557	405	-66	-677	-291
-556.7804427375049	271.50840224627325	-222.34756636492654	-540.1326172256478	-493.00336838061054
-556.344600685055	274.22751036596355	-220.98134126554896	-536.4890932035335	-494.3744366324139
-556	-204	92	-561	-198
-556	75	-668	52	-205
-555.0359264497879	-15.573408769448374	-836.5445544554456	57.988684582743986	107.45544554455446
-555	-271	14	-354	-245
-555	-269	-365	-56	-144
-555	-109	-576	-123	-273
-555	685	-45	-551	-675
-554	-73	248	-674	87
-553	-167	-203	-495	-65
-553	130	-510	-276	-653
-553	278	-381	-347	-576
-552	-644	-367	-20	256
-552	-469	-269	-81	251
-552	-15	-834	57	108
-551	-243	-342	27	-350
-551	-140	-419	-445	57
-551	68	-294	-261	-395
-551	279	-223	-537	-491
-550	-643	-209	-210	341
-550	-529	-231	7	133
-550	-500	-670	352	383
-550	-53	61	-523	-241
-549.763650025046	-241.75196193020537	-623.5584404742027	-95.73718483887126	13.899816329938215
-549	-435	-240	356	-317
-548	-50	-802	-28	-51
-547	-492	-648	326	354
-547	-368	-18	-360	-122
-547	-297	-383	-47	12
-547	-265	-393	-311	-27
-547	-239	-125	-150	-420
-547	-219	-419	175	-328
-547	123	112	-587	-206
-546	-443	-141	-168	-139
-546	-423	-435	157	-47
-546	-79	17	-457	-213
-546	56	-80	-387	-386
-546	102	-394	-186	-458
-545.344600685055	-305.77248963403645	-577.981341265549	1.5109067964665641	-112.37443663241392
-545	-385	-270	-281	8
-545	-264	-235	-501	58
-545	-142	-583	-135	144
-545	-135	-342	-291	-240
-545	-82	-321	-657	260
-545	129	-702	-277	-17
-544	-492	-240	-172	298
-544	-431	-446	-47	180
-544	-134	-107	-645	0
-544	165	-537	97	-422
-543	-445	-232	-193	-110
-543	-341	-335	-252	-62
-543	-321	-629	73	30
-543	-229	127	-515	-68
-542.4297658862877	-306.3812709030101	-417.64799331103677	-432.5117056856187	165.09698996655518
-542	-517	-401	182	-98
-542	-241	-618	-87	9
-542	108	-141	-177	-664
-542	287	-368	-566	-65
-541	-632	-179	-136	74
-541	247	-584	-182	-372
-540.2605304212168	-382.12324492979724	-314.3728549141966	6.078003120124805	-536.6489859594384
-540	-516	-243	-8	-13
-540	-455	-193	57	-262
-540	-301	-580	1	-109
-540	-273	-38	-441	-9
-540	-240	-460	-277	94
-540	-144	-145	-231	-307
-540	102	-675	-180	-9
-539	-113	-266	-463	15
-539	53	-507	-310	-317
-539	176	-674	-73	-367
-538	-301	-417	-434	170
-538	-300	-422	-189	-24
-538	118	111	-542	-312
-537.344600685055	88.2275103659636	-651.981341265549	31.510906796466553	-278.3744366324139
-537	-355	-30	-375	-268
-537	-252	-405	-326	-173
-536.344600685055	-314.77248963403645	-371.98134126554896	-165.48909320353346	-88.37443663241392
-536	-712	-202	322	474
-536	-413	-294	-153	-130
-536	-231	-139	-651	123
-536	379	-387	-472	-738
-535.6201117318435	-104.93296089385474	-282.4217877094972	-477.122905027933	-132.33519553072625
-535.344600685055	-37.772489634036404	-447.98134126554896	-91.48909320353344	-582.3744366324139
-535	-457	-479	-92	514
-534.443795620438	-28.376642335766434	-428.7897810218978	-117.44379562043797	-612.7182481751825
-534	-224	133	-221	-501
-534	-9	-204	-212	-597
-534	380	-229	-662	-653
-533	-526	-195	15	-74
-533	-517	-441	-4	396
-533	130	-647	-217	-305
-532.344600685055	-449.77248963403645	-646.981341265549	83.51090679646656	279.6255633675861
-532	-670	-303	112	606
-532	-205	149	-387	-84
-532	-8	-46	-402	-512
-532	93	-654	31	-275
-531	-489	-299	66	26
-531	-310	-374	-166	-85
-531	70	-609	-129	-423
-531	131	-489	-407	-220
-531	218	-124	-645	-159
-530.344600685055	-509.77248963403645	-608.981341265549	171.51090679646654	161.6255633675861
-530	-425	-110	-87	-238
-530	-150	75	-165	-313
-530	-33	-450	-92	-579
-529	-273	-478	-115	15
-529	-100	-278	-478	-131
-529	71	-451	-319	-338
-528.8608400509122	-69.13915994908781	-107.65507000424267	-138.52566822231648	-514.7123462028002
-528	32	-666	156	-103
-528	189	-698	80	-158
-527	-465	-355	-242	191
-527	-445	-649	83	283
-527	-422	-88	-320	-106
-527	-104	-461	93	-482
-527	-25	-428	-118	-608
-526	188	-88	-626	-114
-525	-623	-227	9	49
-525	-525	-317	-154	73
-525	-505	-611	171	165
-525	-494	-334	219	-249
-525	-444	-491	-107	368
-525	-421	70	-510	-21
-525	282	-520	-369	-263
-524	69	-686	62	-227
-523.344600685055	-146.77248963403642	-614.981341265549	-148.48909320353346	-38.374436632413904
-523	-622	-69	-181	134
-523	-504	-453	-19	250
-523	-168	-634	-43	-9
-523	228	-488	-479	-126
-522.1089944674716	-399.5970458365692	-425.15883700110123	-194.32725499129907	-107.29057137715989
-522	-154	-66	-305	-303
-522	-70	-104	-140	-511
-522	-40	-407	-47	-393
-522	5	-351	53	-662
-522	81	-372	-267	-343
-521.344600685055	-206.77248963403642	-576.981341265549	-60.48909320353344	-156.37443663241388
-521	-679	-463	393	106
-521	-592	-729	290	522
-521	-99	-642	88	-93
-521	219	105	-667	-474
-521	378	-564	-320	-146
-520	-701	-150	96	114
-519.344600685055	-40.77248963403642	-432.98134126554896	-301.48909320353346	-279.3744366324139
-519	-637	39	-57	-150
-519	-463	-642	212	95
-519	-415	-409	-11	7
-519	-270	39	-472	-64
-518	-691	-147	42	-15
-518	-671	-441	367	77
-518	-539	-228	-191	-194
-518	-247	5	-652	388
-518	-142	-617	-149	-35
-518	57	210	-650	20
-517	-232	217	-557	-330
-517	93	-352	-270	-363
-516.0169885224996	64.08234651120421	-456.69443432319184	-215.72217161595918	-743.6666970304245
-516	-659	-251	-114	246
-516	-514	-405	4	189
-516	-455	-620	186	66
-516	-202	-579	-61	-153
-515	-595	-62	-267	-18
-515	-134	-595	-175	-64
-514.344600685055	-158.77248963403642	-680.981341265549	128.51090679646657	96.62556336758608
-514	-513	-247	-186	274
-514	-497	-215	-270	197
-514	-477	-509	55	289
-514	-476	-328	-74	153
-514	-472	-445	272	28
-514	232	-495	-532	-382
-513	-394	-418	-187	-108
-513	-214	-183	-159	-388
-513	-113	-478	-218	311
-513	64	-637	-23	-114
-513	68	-456	-217	-741
-512	-506	-169	-461	304
-512	-486	-463	-136	396
-512	-217	-432	6	-444
-512	-148	-588	-116	17
-512	-35	-277	-492	-191
-512	94	-384	-282	-489
-511.13862707196495	-366.5527463692502	-328.3272264892204	-337.77437178193264	-43.30562730574705
-511	-215	-547	-137	59
-511	-110	-400	-300	-208
-510	-690	-262	452	303
-510	-430	-546	62	160
-510	-373	-823	317	180
-510	-112	-377	-243	-311
-509	-459	-270	32	-140
-509	-154	-683	128	100
-508	-631	-143	-327	220
-508	-611	-437	-2	312
-508	-391	-284	228	-503
-508	-372	-665	127	265
-508	-231	-380	-151	-278
-508	54	-609	92	-385
-507.344600685055	153.22751036596358	-446.98134126554896	-320.48909320353346	-323.3744366324139
-507	-422	-524	36	131
-507	-243	-449	-149	-151
-507	272	-642	-191	-340
-506	-630	15	-517	305
-506	-508	-333	-151	391
-506	-488	-627	174	483
-505	-422	-16	49	-353
-505	-162	18	-641	-132
-505	227	-464	-315	-468
-504	-687	-379	57	277
-504	-242	-799	175	-24
-504	-183	-602	-121	47
-503.3827160493827	-614	-195.20987654320987	43.74074074074075	-160.76543209876542
-503	-689	-360	85	377
-502	-410	52	-392	211
-502	-313	-517	-171	126
-502	-281	-318	60	-381
-502	-180	-324	-341	59
-502	25	-642	-151	-253
-502	158	-449	-321	-320
-502	243	-371	-296	-584
-502	255	-163	-609	-180
-501	-679	-357	31	248
-501	-280	-83	-294	-141
-500	-93	-814	49	-30
-500	217	-712	-2	-214
-499	-647	-461	-125	509
-499	-309	-586	-105	130
-498.5445454001182	-477.29561294324577	-288.92034263258245	159.654626409797	-270.35857993306695
-498	-618	-155	-342	74
-498	-498	-249	-198	447
-497.344600685055	-348.77248963403645	-589.981341265549	78.51090679646656	-91.37443663241392
-497	-608	-199	41	-154
-497	-380	-49	-427	-59
-497	274	25	-575	-191
-496	-300	-383	-260	-35
-496	129	-320	-469	-380
-495	-440	-11	-339	-177
-495	-409	-28	34	-499
-495	-392	-378	-140	-165
-495	-194	-365	43	-595
-494	-284	-630	-10	30
-494	-216	-691	92	34
-494	-34	-223	-264	-388
-493	-271	-171	-369	-170
-493	-193	-207	-147	-510
-492	-463	-389	45	-68
-492	-447	-480	21	123
-492	-397	-223	-165	-229
-492	-344	-592	78	-88
-492	-276	-653	180	-84
-492	-33	-65	-454	-303
-491.35420442189195	-267.2767306995288	-470.04077564334904	-24.111000362450163	-275.3321855744835
-491	-399	-200	-108	-332
-491	-379	-494	217	-240
-491	-276	-608	-36	1
-489	-193	-480	-339	259
-488.344600685055	-266.77248963403645	-462.98134126554896	-15.489093203533443	-277.3744366324139
-488	-470	-211	77	-235
-488	-450	-505	402	-143
-488	-391	-178	-134	-361
-487	-404	-61	-496	241
-487	-179	-673	19	21
-487	-42	-238	-109	-553
-486	-449	195	-506	-153
-486	-287	-395	-275	-181
-485.344600685055	-337.7724896340364	-473.9813412655489	169.51090679646654	-180.37443663241393
-485	-478	-286	165	-263
-485	87	-659	-140	-284
-483	-512	-324	-84	493
-483	-144	-448	-211	-195
-483	-129	-272	-186	-341
-483	-117	64	-273	-407
-483	27	-621	-52	-402
-482.35531289374217	98.31100377992442	-503.4496010079798	-142.0144897102058	-590.9514909701805
-482.05911330049264	-553.1831896551723	-626.1191502463055	247.455972906404	182.44889162561583
-482	-686	10	0	292
-482	56	-571	25	-435
-482	95	-637	-166	-313
-480.344600685055	375.2275103659636	-524.981341265549	-281.48909320353346	-305.3744366324139
-480	-596	-409	30	109
-480	-547	5	-322	-115
-480	-487	-89	225	-330
-480	-333	-476	169	-177
-480	-136	-426	-237	-224
-480	37	-264	-538	-105
-480	118	-600	-101	-542
-479.344600685055	104.2275103659636	-491.98134126554896	-145.48909320353346	-591.3744366324139
-479.344600685055	237.2275103659636	-298.98134126554896	-315.48909320353346	-658.3744366324139
-479	-465	-100	-243	-85
-479	-75	-37	-483	-275
-478	-417	56	-302	-328
-478	-118	-395	-233	-333
-477.87296819787986	-203.6416961130742	-14.636572438162545	-348.7959363957597	-360.72950530035337
-477.7681818181818	-475.65	-304.1363636363637	-289.3590909090909	101.03636363636363
-477	-667	-420	215	206
-477	-537	-346	296	-228
-477	77	-664	-391	-117
-476	-83	-32	-346	-311
-476	252	-73	-651	-442
-475	-471	-305	-291	103
-475	-451	-599	34	195
-475	-200	-11	-349	-359
-475	380	-527	-282	-302
-474	-540	-601	222	157
-474	-477	-308	-126	-46
-474	-457	-602	199	46
-474	-283	-154	-141	-247
-474	18	-415	-219	-378
-474	109	-494	-146	-588
-474	242	-301	-316	-655
-473	-514	-338	-132	264
-473	-419	-437	-239	101
-473	337	-471	-410	-456
-472.3691772996697	-427.44629767883805	-504.8453350527126	-119.58762612551466	256.7007573186733
-472	-596	-9	-65	-123
-472	-546	-149	356	-295
-472	-456	-444	9	131
-472	-242	-451	-46	-235
-471	-479	-399	-151	-17
-471	-458	-421	66	28
-471	26	-393	-245	-407
-471	38	-505	39	-491
-470.2	185.0529411764706	-666.8764705882353	-264.34705882352944	-448.3
-469	-654	-409	261	-161
-469	-52	-360	69	-630
-469	21	184	-414	-368
-468	-557	-417	81	210
-468	-554	-110	-275	9
-468	-268	69	-316	-423
-468	188	-665	-265	-446
-466	-80	-628	-96	-119
-466	50	-554	-15	-553
-465	-557	-213	14	5
-465	-537	-507	339	97
-465	-187	-23	-364	-505
-465	-154	-570	-33	-272
-465	89	-710	156	-89
-465	283	176	-550	-643
-464	-430	-566	54	-201
-463	-321	-686	158	86
-463	-139	-218	-198	-336
-463	-71	-425	-251	-284
-462	-488	-193	-318	7
-462	-429	-408	-136	-116
-462	-382	120	-489	-219
-462	-322	-547	-67	377
-462	-146	-548	-59	-301
-461	-91	-67	-315	-388
-460	-675	-336	-121	377
-460	-226	-159	-297	-345
-459.84709480122325	-489.82110091743124	-412.5	-4.692660550458726	136.04128440366972
-459.7528	-258.6288	-337.6952	169.9128	-506.9592
-459.344600685055	45.227510365963596	-712.981341265549	28.510906796466553	-231.3744366324139
-459	-286	-461	-72	-130
-459	-87	-266	-540	129
-459	243	13	-672	-380
-458	-122	-376	-438	-165
-457.625	-133.35132575757575	-183.80587121212122	-378.3323863636364	-233.7433712121212
-457	-35	104	-516	-463
-456	-413	-344	-257	102
-456	-278	-439	-98	-159
-456	-81	-771	-129	70
-456	-66	-459	-240	-401
-455.344600685055	-125.77248963403642	-259.98134126554896	-347.48909320353346	-69.3744366324139
-455.344600685055	80.2275103659636	-487.98134126554896	-201.48909320353346	-447.3744366324139
-455	-684	-139	-61	310
-455	-417	-397	-192	44
-455	-219	-384	-9	-386
-454.344600685055	372.22751036596355	-434.98134126554896	-323.48909320353346	-567.3744366324139
-454.344600685055	505.22751036596355	-241.98134126554896	-493.48909320353346	-634.3744366324139
-454	-585	-225	-324	130
-454	-256	-391	239	-356
-454	-106	-122	-348	-271
-454	27	71	-518	-338
-454	50	-715	28	-228
-453	-408	-239	-131	-206
-453	-218	-226	-199	-301
-452	-662	-325	-75	10
-452	-642.1666666666666	-238.33333333333331	-272.6666666666667	441.5
-452	-488	-408	-7	141
-452	-249	-328	174	-512
-452	168	-61	-530	-306
-451.442604094778	-316.36887508626637	-392.48435702783524	304.11214630779847	-479.56326201978374
-451	-642	-240	-271	442
-451	-418	-201	-417	172
-451	-80	-326	-397	-207
-450	-272	-587	-188	130
-450	85	-490	-202	-444
-450	146	-759	77	-111
-450	398	-778	154	-371
-449	-663	-148	-237	195
-449	-654	-303	-101	-19
-449	-484	-181	-72	-241
-449	-453	-198	301	-563
-449	-89	-280	-588	-100
-449	377	-437	-324	-564
-449	510	-244	-494	-631
-448	-545	-423	3	268
-448	-332	-549	-100	12
-447.20143415906125	-456.8983050847458	-155.53911342894392	344.9269882659713	-384.712516297262
-447	-367	-451	39	-140
-447	-237	-377	120	-574
-447	-67	-257	-161	-344
-447	93	-468	-228	-473
-446	163	-887	14	-111
-445.97459116096763	-486.3822138126774	-265.21381267738883	158.3927557778078	-82.46911744830383
-445.20907617504054	-267.8865478119935	-553.965964343598	-113.96434359805511	-184.08914100486226
-445	-621	-249	-447	327
-445	-283	-374	-427	-52
-444	-460	-154	347	-385
-444	-437	-281	95	-179
-444	-392	-2	-311	-296
-444	-319	-665	257	-63
-443	-395	-251	-146	-352
-443	-227	-125	-245	-222
-443	-69	-213	-213	-396
-442	-333	-660	166	107
-442	333	-832	-270	150
-441	-311	-643	231	-92
-441	-129	-175	-125	-514
-441	-21	-382	-563	-327
-440.4691358024691	-318	-477.1604938271605	-58.96296296296296	-148.93827160493828
-440	-36	-214	-385	-271
-439	-341	-343	-267	36
-439	-302	-449	-116	-38
-439	35	-465	-365	-563
-438.2694848084544	-580.327608982827	-347.8821003963012	-98.0112285336856	-168.2272126816381
-438	-481	-368	72	-174
-438	-146	-875	155	172
-438	-142	-674	-64	21
-437	-473	-65	19	-330
-437	-453	-359	344	-238
-437	-62	-127	-606	-142
-437	402	-619	-454	-437
-436	-265	-547	-109	-185
-436	-202	-636	24	-97
-435	-496	-324	-343	312
-435	-476	-618	-18	404
-435	-475	-437	-147	268
-435	-420	-618	23	68
-435	-257	-244	-162	-341
-435	-154	-619	-113	-246
-435	-124	-51	-332	-408
-435	-21	-426	-283	-313
-435	223	-513	-204	-566
-434.344600685055	328.2275103659636	-675.981341265549	-4.489093203533457	-304.3744366324139
-434	-424	-293	80	-325
-433	-536	-580	70	286
-433	-535	-399	-59	150
-433	-409	-243	-23	-172
-432.68421052631584	-590.9473684210527	-7.210526315789476	-244.68421052631578	-93.89473684210527
-432	-590	-7	-245	-94
-432	-461	-114	-35	-392
-432	-367	-149	-262	-228
-432	-126	-81	-8	-574
-432	-102	202	-389	-308
-432	75	-612	-24	-521
-431.8200977912662	-237.85061541055472	-297.28511212274486	-448.8339234530433	-37.61153262518967
-431.06207724041667	-433.9878901447611	-390.0324718471723	-287.278227683183	9.64173323987082
-431	-309	-482	-63	-139
-431	-58	-663	-64	-129
-431	233	-261	-569	-214
-429.24031151492676	56.21518635267941	-513.5293899499352	-193.0574819210087	-452.64685703689975
-429	-623	-698	189	643
-429	-582	15	-271	-123
-429	-15	-486	92	-428
-429	333	-678	-5	-301
-429	362	-510	-364	-360
-428.344600685055	-430.7724896340364	-542.981341265549	-97.48909320353344	-75.37443663241392
-428.3371369294606	-260.4564315352697	-409.67271784232366	74.11307053941908	-471.2951244813278
-428	-571	-355	-102	-158
-428	-399	-261	-340	114
-428	-273	-324	118	-368
-428	-233	-45	-246	-315
-428	-162	-264	-243	-228
-428	-61	-386	-320	-265
-428	-29	-71	-413	-295
-427	-109	-239	-248	-403
-427	106	-576	-239	-499
-427	317	-309	-234	-768
-426.344600685055	-429.7724896340364	-384.98134126554896	-287.48909320353346	9.625563367586086
-426	-570	-197	-292	-73
-426	-500	-614	276	67
-426	-17	-439	-522	-2
-425	-642	-366	83	-61
-425	-274	338	-549	126
-425	12	-753	120	-308
-425	107	-418	-429	-414
-424	-545	-374	-97	310
-424	-473	-448	335	-31
-424	-106	-108	-88	-665
-424	-38	-272	-153	-486
-424	-28	-181	-250	-676
-424	13	-172	-623	-163
-424	385	-784	9	-194
-423	-641	-208	-107	24
-423	-426	-545	-98	-72
-423	-190	49	-467	-161
-422	-257	-627	154	-42
-422	-164	-532	-123	0
-422	62	-511	-193	-453
-421	-579	0	-232	-140
-421	-489	-284	-264	-3
-421	-469	-578	61	89
-421	-425	-387	-288	13
-421	326	-702	-266	-199
-420	-431	-390	-123	-136
-420	-419	-228	-254	-116
-420	-280	118	-384	-214
-419.48214285714283	-300.0464285714286	-632.4107142857142	25.517857142857142	-185.02500000000003
-419	-308	-462	-149	50
-419	-254	-404	70	-472
-419	-200	11	-53	-468
-419	-156	-510	-149	-29
-418.66420493884146	-297.06231248557583	-479.84821909377644	-172.70505423494117	-97.06100469266867
-418.344600685055	-472.77248963403645	-461.9813412655489	151.51090679646654	184.6255633675861
-418	-266	-134	-578	278
-418	79	-508	-192	-466
-417	-537	-101	-442	-8
-416.9782157676349	-166.9408713692946	-287.16701244813277	-335.57572614107886	-167.4128630705394
-416	-662	-112	-428	341
-416	-642	-406	-103	433
-416	-513	-513	107	135
-416	-441	-442	22	-267
-416	-426	-50	-222	-283
-416	-64	-336	-69	-587
-416	-63	-639	16	-66
-415.344600685055	187.22751036596358	-595.981341265549	-68.48909320353344	-565.3744366324139
-415.3199822788133	-635.8733974358975	-423.01936477203117	-116.73560974008927	288.218944167323
-415	-274	-418	-250	-30
-415	-1	196	-514	-470
-415	180	-215	-243	-715
-414.94678899082567	-188.01651376146788	-403.21834862385316	-102.90550458715597	-525.5816513761469
-414	-495	-467	0	43
-414	-307	-91	-338	-249
-414	-222	-13	-313	-513
-414	-55	-574	-228	-386
-413.344600685055	-634.7724896340364	-573.981341265549	72.51090679646656	198.6255633675861
-413	-512	-453	207	-170
-413	114	-656	24	-356
-413	191	-266	-314	-747
-412	-392	-291	-438	78
-412	-274	-347	122	-303
-412	-166	-546	-171	-229
-412	-54	-416	-418	-301
-412	434	-684	-130	-463
-411.6744186046512	-352.7674418604651	-213.60465116279067	-182.90697674418604	-282.75581395348837
-411.5581283350349	64.03192001695209	-497.52330912523354	-289.3828090385467	-423.2203579202867
-411.02854330708664	-57.286417322834644	-412.3139763779527	-418.8326771653543	-307.09448818897636
-411	-163	-439	-144	-248
-411	-132	-51	-371	-477
-411	-79	-66	-249	-527
-410	-455	-30	-604	147
-410	-283	-446	296	-445
-410	121	-189	-13	-767
-410	192	-598	-69	-562
-409	-348	-209	-185	-286
-409	-104	-702	175	-142
-409	552	-845	-63	-189
-408.53203149941464	74.18504132524566	-661.298428576496	-107.59786811393708	-502.51028697101907
-408	-650	-282	-253	110
-408	-630	-576	72	202
-408	-628	-614	222	523
-408	-118	-488	29	-432
-408	-71	-44	-275	-556
-408	208	-424	-554	-576
-408	387	64	-680	-222
-407	-461	-658	324	232
-407	-204	-339	-45	-356
-407	27	-834	-34	159
-406	-649	-124	-443	195
-406	-629	-418	-118	287
-406	-506	-585	119	237
-405.344600685055	71.2275103659636	-500.98134126554896	-293.48909320353346	-413.3744366324139
-405	41	-841	43	16
-405	64	-120	-468	-563
-404.344600685055	-331.7724896340364	-541.981341265549	-159.48909320353346	-119.37443663241388
-404	-512	-493	21	324
-404	-254	-374	42	-394
-404	28	-799	54	-105
-403	-225	-334	-58	-474
-403	92	-292	-405	-408
-402	-443	-229	-80	-214
-402	-429	-350	-76	-193
-401	-268	-367	101	-313
-401	-104	-127	-287	-479
-400.88524590163934	-437.26229508196724	-174.40983606557376	-42.967213114754095	-361.0983606557377
-400	-683	-694	263	346
-400	-478	-449	-80	244
-400	-177	-548	160	-397
-400	-67	-371	-199	-344
-400	76	-503	-294	-410
-399.344600685055	222.2275103659636	-531.981341265549	-255.48909320353346	-456.3744366324139
-399	-327	-544	-160	-116
-398	-436	-172	-44	-360
-398	-176	-595	-142	-48
-398	-66	-213	-389	-259
-396	-520	-369	-129	1
-396	-387	-176	-299	-66
-396	-291	-499	-190	159
-396	-175	-437	-332	37
-396	412	-870	-87	-298
-396	545	-677	-257	-365
-394	-519	-211	-319	86
-394	-289	-408	-351	109
-394	-247	257	-518	1
-394	227	-534	-256	-453
-394	285	-733	39	-131
-393.344600685055	-181.7724896340364	-706.981341265549	203.51090679646654	-75.3744366324139
-393	-696	-430	386	320
-393	-452	-23	-247	-190
-393	-402	-163	174	-362
-393	-341	-239	-283	-322
-393	-311	-242	247	-572
-393	-271	-656	285	-182
-393	-178	-49	77	-639
-393	14	-700	175	-417
-392	-36	-416	-205	-515
-392	207	-679	-223	-95
-391	-643	43	-155	-7
-391	-404	22	-449	-253
-391	-95	-421	66	-583
-391	30	-50	-400	-718
-391	38	-228	-104	-650
-390	-81	-166	-97	-633
-389	-523	-356	-237	250
-389	-464	-788	290	4
-389	-427	-136	-336	-18
-389	-33	-117	-539	-194
-388.344600685055	161.2275103659636	-678.981341265549	25.510906796466557	-318.3744366324139
-387	-373	-209	-474	481
-387	-353	-503	-149	573
-387	1	-465	115	-466
-386	-611	-418	95	73
-385.02389502762435	-60.55331491712707	-363.37624309392265	-125.79019337016577	-475.5837016574585
-385	-531	-359	-76	219
-385	-428	-305	212	-505
-385	-420	-162	-43	-365
-385	-300	-537	-58	-193
-385	82	-437	-481	-205
-384.344600685055	58.227510365963596	-585.981341265549	-161.48909320353346	-481.3744366324139
-383	-427	-147	22	-420
-383	-212	-484	31	-516
-383	-124	-413	-6	-400
-383	22	-399	-393	-323
-383	166	-681	25	-315
-382.5615415124273	66.63703067160233	-569.839337652036	-187.87341353781068	-511.50542041248013
-382	-444	-233	28	-180
-381	-466	-608	99	159
-381	-211	-326	-159	-431
-380	-614	-367	-25	-137
-380	332	-63	-646	-539
-379	-353	-36	-254	-280
-379	-318	-667	304	-160
-379	63	-588	-162	-478
-379	129	158	-490	-537
-378	-565	24	-438	-140
-378	-425	-205	121	-268
-378	-56	120	-386	-398
-377	-685	-378	160	-40
-377	-441	-352	-213	136
-377	-146	251	-643	-161
-376	-363	3	-4	-432
-376	-319	-158	-89	-401
-376	-89	-355	-121	-378
-376	71	-566	-188	-507
-376	217	-656	-78	-530
-374	-362	161	-194	-347
-374	-318	-608	-3	17
-374	305	-285	-372	-725
-373	-512	-590	138	110
-373	-420	-166	-434	-54
-373	-218	8	-465	-384
-373	-45	-921	349	-57
-373	165	-824	-8	-126
-373	201	-758	-135	-118
-372	-668	-51	-175	404
-372	-461	-535	-47	-80
-372	-433	-512	-51	224
-372	-326	-142	-461	-180
-372	-95	-637	-31	-155
-372	17	-223	-194	-679
-372	33	-773	-69	-344
-370.344600685055	48.227510365963596	-634.981341265549	-132.48909320353346	-300.3744366324139
-370	-504	-568	112	81
-370	-394	-250	115	-439
-370	18	-65	-384	-594
-370	304	-652	-231	-672
-369.9181552452095	-291.5151023059435	-244.82689184800262	-414.36018187723283	-53.259824618382595
-369	-252	-193	-457	-27
-368.3565480696442	-96.2990158970477	-241.36184708554126	-151.56396669190005	-582.7759273277819
-368	-436	-221	-124	-334
-368	-303	-28	-294	-401
-368	-294	-365	-186	-180
-368	-91	-289	-327	-298
-367.1801573663742	-201.15664285068283	-432.20701817852944	-100.53992945645292	-258.44035452654424
-367	-443	-366	-261	-93
-367	-26	-640	-67	-66
-366.91851146132456	-287.03021419713696	-261.35101389287945	-312.30368838649247	-159.5597996029367
-366.0599078341014	-101.23502304147466	-783.9539170506912	-64.4193548387097	32.44239631336404
-366	-696	-177	219	157
-366	-435	-63	-314	-249
-366	-302	130	-484	-316
-366	-266	-380	-68	-429
-366	-98	-586	-151	-365
-365	-194	-828	51	-25
-365	-36	-157	-442	-328
-365	53	-637	-133	-297
-364.7092309887288	-622.760272506777	-196.5062063061778	-427.36317591667853	246.71302967613073
-364.2697971819576	-303.1731331192316	-429.48988803055295	152.08138761102913	-397.9669588866707
-364	-617	-352	-235	166
-364	-141	-210	-165	-428
-364	-2	-519	-243	-325
-363	-339	-644	103	-160
-363	-250	-353	-110	-265
-363	-206	-451	-67	-227
-363	-90	-564	-177	-394
-363	54	-479	-323	-212
-361	-343	12	-331	-353
-361	-147	-714	252	-121
-361	45	114	-511	-560
-360	-693	-294	-176	131
-360	-673	-588	149	223
-360	276	-486	-493	-404
-359.344600685055	27.2275103659636	-670.981341265549	-26.489093203533447	-477.3744366324139
-359	-522	-639	167	291
-359	-286	-300	238	-540
-358	381	-603	-324	-372
-357	-665	-566	123	194
-357	-295	-422	158	-402
-357	-255	-143	-206	-349
-357	-95	-335	-332	-243
-357	276	-817	-135	-28
-356	-465	-225	-387	208
-356	-287	-596	-123	94
-356	4	-4	-358	-597
-356	13	-768	130	-99
-356	190	-76	-507	-474
-354	-604	-364	-250	20
-354	-439	-118	244	-389
-354	-347	-558	-35	-24
-354	32	-673	-27	-474
-353	-427	-378	-57	-316
-353	-366	-258	-335	-113
-351	-426	-220	-247	-231
-351	-298	-383	-362	-88
-351	-266	-327	158	-631
-351	40	-651	-53	-503
-350.0209201478768	-306.0421959132072	-458.86348922776045	65.53704812944588	-436.037710472218
-350	-219	-607	-65	-27
-350	-139	-117	-236	-487
-350	-71	-281	-301	-308
-350	80	-268	-543	-365
-350	85	-643	-193	-199
-350	128	-717	22	-357
-349	-684	-387	208	420
-349	-452	-155	-388	191
-349	-153	-454	-290	140
-349	115	-85	-595	-362
-348	-340	101	-64	-518
-348	-125	-236	-55	-614
-347	-610	-27	-137	49
-346	-124	-78	-245	-529
-346	11	-782	82	-328
-345	-448	-148	-182	-317
-345	-394	-206	-318	38
-345	-12	-722	141	-164
-345	286	-8	-562	-570
-344	-456	-420	169	-289
-344	-296	-516	-210	-64
-344	-242	6	-456	-515
-344	-98	-503	-27	-494
-343	-324	-250	-171	-269
-342.344600685055	-386.7724896340364	-373.98134126554896	-142.48909320353346	-196.3744366324139
-342	-341	-258	-296	-156
-342	-265	-287	-512	-23
-342	-130	-93	-401	-404
-342	-97	-345	-217	-409
-341	-297	-465	67	-425
-341	-164	-272	-103	-492
-341	118	-547	-343	-134
-340	-383	-316	-7	-349
-339	-598	-197	38	-182
-339	-498	-533	8	439
-339	-241	-41	-131	-396
-339	14	-441	-207	-403
-338	-179	-440	-167	-183
-337	-471	-317	289	-484
-337	-382	-376	-143	-193
-337	-311	-413	-90	-259
-336.63764652327296	-177.48810743143278	-604.5305565039263	-86.58882439968136	-182.4571526118129
-336	106	-342	-238	-574
-335	-494	-576	-73	158
-335	-381	-218	-333	-108
-335	-98	-358	-256	-293
-335	354	-246	-564	-289
-334	-403	-153	-210	-382
-334	47	-279	-301	-583
-334	83	-213	-428	-575
-333	-554	-538	15	40
-333	-349	27	-210	-432
-333	30	-287	-426	-470
-333	181	-274	-668	-527
-332	-585	-206	-227	-109
-332	-326	-507	293	-398
-332	-282	-257	-603	143
-332	-153	-35	-241	-412
-332	-120	-656	-83	54
-332	116	-90	-603	-222
-331.344600685055	-297.7724896340364	-678.981341265549	176.51090679646654	38.62556336758608
-331	-348	185	-400	-347
-331	28	-612	-465	-102
-330.9299065420561	-128.20093457943926	-704.0794392523364	20.83177570093457	-589.733644859813
-330.344600685055	-388.7724896340364	-626.981341265549	193.51090679646654	2.6255633675860963
-330	-618	57	-473	220
-330	-293	260	-651	325
-329	-520	-253	-365	118
-329	-500	-547	-40	210
-329	-457	-39	-343	-51
-329	-156	-277	-200	-624
-328.344600685055	374.2275103659636	-431.98134126554896	-385.48909320353346	-535.3744366324139
-328	-278	-317	-240	-194
-328	-203	-448	-118	-241
-328	-11	-405	-273	-507
-327	-444	-630	158	-26
-326	-293	-681	176	42
-326	-263	-410	-30	-359
-326	-1	169	-427	-591
-325	-553	-268	-187	-129
-325	-136	-785	-16	-120
-324	-472	-411	-79	-146
-324	-254	-140	-224	-477
-324	-141	-205	-66	-643
-324	44	-320	-601	77
-323.3829787234043	-328.43971631205676	-608.2907801418439	-81.92907801418441	-54.85815602836878
-323	-348	-674	207	91
-323	-214	-235	-357	-423
-323	205	-632	-216	-487
-323	379	-434	-386	-532
-322.344600685055	5.227510365963596	-646.981341265549	-55.48909320353344	-279.3744366324139
-322	-606	-113	-298	-11
-322	-313	-399	-197	100
-322	-140	-47	-256	-558
-321	-543	-422	106	-49
-320	-605	45	-488	74
-320	-479	-233	-47	-313
-320	-285	-246	-172	-326
-320	-129	-576	-170	-104
-320	21	-387	63	-670
-320	57	-321	-64	-662
-319.49112426035504	-74.29881656804733	-434.2544378698225	-355.96153846153845	-331.6065088757397
-319	-481	-214	-19	-213
-319	-194	-408	-245	-127
-319	429	-305	-564	-199
-318	-698	-204	111	524
-318	-368	-89	-397	-273
-318	-158	-683	177	-30
-318	-69	-425	-353	-337
-317	-272	-204	-197	-335
-317	-259	-129	-325	-255
-317	-257	-147	-411	-58
-317	10	-649	-56	-276
-316	-531	-471	52	-111
-315.344600685055	39.22751036596358	-627.981341265549	-204.48909320353346	-377.3744366324139
-315	-314	-717	282	-135
-315	-114	83	-472	-236
-315	302	-620	-234	-484
-314	-645	-585	137	166
-314	18	-627	-82	-305
-314	69	-30	-511	-393
-313	-652	-342	-184	158
-312	-453	-655	286	205
-312	9	-34	-270	-653
-312	329	-409	-549	-651
-311	-437	-31	-317	-61
-311	-240	-371	-117	-228
-311	314	-692	-57	-374
-310	-262	-306	6	-502
-310	44	-630	-205	-374
-309	-240	-343	7	-510
-309	100	163	-552	-753
-309	351	-156	-606	-551
-308	-648	-534	17	-44
-308	-262	-669	56	119
-307.55229245794897	-442.63469886055344	-0.07630222463374992	-269.32765870862727	-126.0148534997287
-306	-647	-376	-173	41
-306	-210	-217	-19	-523
-306	-28	-62	-517	-270
-306	113	0	-645	-484
-306	130	-504	-500	-165
-306	366	-301	-582	-37
-305	-497	-1	-227	-242
-305	-167	-58	-219	-480
-305	127	-104	-524	-633
-304	-531	-632	95	214
-304	-123	-522	-79	-285
-304	-82	-455	-81	-508
-303	-496	157	-417	-157
-302	-348	133	-617	8
-301	-101	-624	-308	-432
-300	-496	-407	-135	-2
-300	-378	-211	-219	-350
-300	180	-74	-246	-724
-299	-356	-248	-218	-358
-299	-113	-511	-236	62
-299	-106	-271	-250	-316
-299	34	-941	451	47
-298	-357	-336	231	-462
-298	1	-200	-40	-678
-298	79	-199	-579	-217
-298	403	-626	-359	-646
-297	-407	-395	-195	16
-297	-320	-187	-127	-421
-297	-284	-121	-254	-413
-297	437	-438	-366	-510
-296	-265	-39	-286	-306
-296	271	-661	-379	-494
-295	-625	41	-269	164
-295	-467	-357	-107	-102
-295	-319	-29	-317	-336
-295	-283	37	-444	-328
-295	-70	-264	-361	-227
-294	-488	19	-449	153
-294	-335	-460	-142	351
-294	-161	-256	-427	-126
-293	-466	-199	-297	-17
-293	-250	160	-619	25
-293	-205	-279	-180	-401
-292	-521	193	-483	-261
-292	-155	-671	202	-243
-292	63	-137	-281	-657
-292	416	-228	-604	-721
-291	-243	-453	-70	-395
-290	-471	304	-616	195
-290	-199	-262	-52	-500
-290	64	21	-471	-572
-290	136	-105	-494	-459
-289.42517874315337	-312.7602960237488	-53.95007735083831	-203.5106409666764	-530.6247020947443
-289	-425	-388	-66	-172
-289	-306	-192	-236	-326
-289	-123	-241	-341	-150
-288	-447	-323	57	-446
-288	-195	-667	148	-318
-287	-174	177	-510	-505
-286	-79	-58	-528	-203
-285	-568	-194	-179	-177
-285	-289	-310	-164	-256
-285	-13	-299	-349	-449
-285	21	-786	263	-101
-284	-580	15	-373	-176
-284	-349	-416	494	-319
-284	-42	-843	188	-126
-283	140	-710	-75	-474
-282	-506	-529	43	-79
-282	-349	-577	-104	138
-282	-110	-334	-394	-250
-282	-29	-13	-506	-419
-282	-5	-277	-375	-478
-281	-416	-627	146	-83
-281	-196	-168	65	-560
-281	-93	-462	-345	-107
-281	-35	-23	-134	-632
-280	-339	-385	71	-348
-280	156	-617	-56	-590
-280	192	-551	-183	-582
-279	-303	-55	-207	-522
-279	-233	-1	-400	-420
-279	-208	-22	-444	-238
-278	-573	-183	-280	45
-278	-336	-693	253	63
-278	-176	-90	-534	-80
-278	-94	-444	-405	-128
-278	98	-244	-428	-382
-278	134	-178	-555	-374
-277	-427	-641	270	27
-277	-159	-394	-266	-210
-277	-46	-395	-222	-515
-277	289	-704	-236	-239
-276	-572	-25	-470	130
-276	-467	-190	-225	-213
-276	-447	-484	100	-121
-276	-154	-406	-317	-246
-276	-101	-350	-444	-57
-275	-328	-671	227	34
-275	-276	-322	-179	-402
-275	-215	-401	-2	-478
-275	-158	-236	-456	-125
-275	188	-114	-406	-733
-274.85392038065964	-290.62715377113136	-778.8605590199788	60.059688645229926	-500.5788546222958
-273	-438	-281	-55	-286
-273	-305	-88	-225	-353
-272	-304	-427	-98	-146
-272	-113	-595	-86	-401
-271	-581	172	-410	63
-271	-358	-417	-129	-176
-271	-120	-206	-252	-457
-270	-282	290	-562	-11
-270	-219	-664	20	29
-269	-271	-332	-383	-137
-269	-105	-573	-112	-430
-268	316	-799	378	-178
-267	-573	-314	-259	320
-267	-553	-608	66	412
-267	-383	-209	-102	-437
-267	-253	250	-661	-237
-267	-201	-54	-600	-184
-266.344600685055	147.2275103659636	-690.981341265549	-109.48909320353344	-288.3744366324139
-266	-441	-239	-512	93
-266	-271	-18	-462	-76
-266	-103	-364	-492	-286
-266	-77	-108	-422	-461
-266	-11	-831	68	-49
-266	25	-765	-59	-41
-265.63610066531675	-240.3670812843506	-87.49913219554527	-275.96586635811394	-326.8400347121782
-265	-345	-580	-48	-166
-265	-328	81	-450	-58
-265	316	-137	-697	-307
-264	-672	8	-211	342
-264	-107	-474	-133	-299
-264	-71	-793	156	-167
-264	267	-610	-183	-492
-263	-45	-145	44	-709
-262	-167	-436	-45	-417
-262	49	-380	-386	-482
-261	-382	-425	-80	-234
-261	-158	-795	-59	-101
-261	7	-450	-530	-290
-261	68	-298	-418	-375
-261	152	-693	-110	-285
-260	-619	-373	-185	-16
-260	-518	-408	-212	178
-260	-171	-244	-147	-451
-259.53934010152284	151.00950366610266	-257.18705583756343	-538.6409757473209	-469.16350817822894
-259	-260	-232	-490	-99
-259	-236	-633	-16	-127
-259	83	-274	-257	-697
-259	249	-637	-408	-296
-258	-372	28	-240	-357
-258	-252	-347	-255	-185
-258	-182	-637	-64	98
-258	123	-492	-321	-210
-258	242	-602	-110	-537
-257	-683	-524	68	-52
-257	-540	-13	-150	-221
-257	-441	-229	-182	-267
-257	-141	-131	-202	-542
-257	322	-638	-394	-24
-256	-526	-411	-51	147
-256	-445	-59	-321	-146
-256	2	-675	-75	-153
-256	91	-252	-283	-726
-255	-162	-208	9	-642
-255	176	-824	354	-287
-254	-319	-37	123	-537
-254	-229	-233	-88	-406
-254	-35	2	-385	-498
-254	160	-258	-538	-462
-253	-175	-42	-399	-351
-253	-161	-50	-181	-557
-251.4767337894573	-402.2749183641735	-80.67089099673457	-270.96771497434304	-208.7239737210387
-251	-268	-472	-122	-186
-251	-157	-206	-89	-578
-250	-392	-396	23	-451
-250	135	-662	-146	-441
-249	-702	-345	153	174
-249	-328	-434	-34	-304
-249	146	-233	-573	-122
-248	-488	123	-465	-205
-248	136	-504	-336	-356
-248	355	-783	75	-640
-247	-629	-166	-63	-61
-246	-565	23	-216	-325
-246	-242	-113	149	-591
-246	232	-797	210	-259
-245.5474948495592	-267.7913562428133	-438.5439404465312	-45.78006120640092	-506.6953484333078
-244	-440	-664	154	147
-244	-419	-348	-79	-221
-242.1147425936137	-168.2490350393503	-791.7177302120408	156.57000350894782	-250.52804651862255
-242	-617	-333	-138	-73
-242	-548	-213	-165	-205
-242	-310	-406	-274	84
-242	71	-278	-447	-374
-242	110	-838	105	-316
-241	-441	-646	94	126
-241	-339	-131	-547	30
-241	-241	-204	-76	-472
-240	-114	6	-470	-328
-239	-688	-344	47	24
-239	-542	160	-550	167
-239	-516	-491	-47	193
-239	-501	-608	182	8
-239	-165	-789	158	-251
-238	-624	-155	-106	-240
-238	-351	-33	-141	-384
-238	-295	-49	-294	-334
-238	-210	29	-269	-598
-238	-129	-459	-120	-425
-238	-129	-100	-437	-247
-236.92525320164054	-181.45048966267683	-225.60006696241734	-527.2963923997656	-406.3373231773667
-236	-434	-34	-369	-45
-235.340206185567	-541.4226804123712	-220.19072164948454	-181.5979381443299	-356.53092783505156
-235	-386	-252	-229	-156
-235	-180	-224	-528	-407
-235	-137	-632	-78	-171
-234	-324	-650	75	163
-234	341	-857	369	-146
-233	-459	-639	223	-62
-233	-347	-225	60	-586
-233	-283	-432	-120	-181
-233	-150	-239	-290	-248
-232	-535	-225	-180	-351
-232	-434	-260	-207	-157
-232	-305	-367	3	-455
-232	-172	-174	-167	-522
-231	-346	-67	-130	-501
-231	-329	40	-577	-4
-231	-151	-794	49	-156
-230	-637	-82	-399	110
-229	-518	-505	-95	-36
-229	-320	-492	88	-466
-229	-109	-305	-195	-459
-229	129	-343	-403	-458
-228.28350642927794	-165.3877702416278	-564.4158718383496	-2.654567613395507	-361.05443690829446
-228	-567	196	-616	63
-228	238	150	-388	-735
-227.0921122949049	-119.23439116740767	-454.89509591003673	-143.51893754192864	-497.64300089826827
-227	-469	-114	-508	-39
-227	-16	-359	127	-698
-227	20	-293	0	-690
-227	290	-683	-84	-570
-227	459	-424	-381	-629
-225	-646	115	-339	43
-225	-209	-417	-180	-163
-224	-422	-430	-32	-388
-224	-218	-137	-39	-623
-223	-540	-384	-241	376
-223	-220	180	-643	-181
-222	-676	-554	36	287
-222	-421	-272	-222	-303
-222	-288	-79	-392	-370
-222	-227	-377	-140	-435
-222	16	-640	-158	-15
-221.344600685055	24.2275103659636	-636.981341265549	-139.48909320353346	-413.3744366324139
-221	-604	14	-549	175
-221	144	-822	69	-151
-220	30	-647	-81	-158
-219	-163	-556	-223	113
-217	-324	-297	-360	133
-217	5	-427	-397	-197
-216.34460068505498	396.22751036596355	-673.981341265549	-210.48909320353346	-475.3744366324139
-216	-335	-200	-74	-556
-216	-270	-303	-184	-346
-216	29	-639	-140	-410
-215	-510	-585	168	107
-215	-254	-19	-577	86
-215	-220	-159	-130	-496
-215	-208	10	-468	-412
-215	24	-468	-151	-439
-214	-375	-64	-356	-195
-213	-275	0	-433	-235
-212	125	-683	-91	-293
-211	-190	-390	-70	-470
-211	-114	-812	272	-90
-211	91	-778	-160	-288
-211	270	-444	-619	-303
-211	401	-676	-211	-472
-211	534	-483	-381	-539
-210	-411	92	-391	-183
-210	-179	-581	-16	-146
-210	-26	-73	-549	-260
-210	37	-863	290	-22
-209	-388	-375	-129	-322
-208	-440	162	-467	-213
-208	3	-506	51	-591
-207	-56	137	-620	-370
-207	-33	-643	-99	4
-207	60	-13	-574	-216
-206.344600685055	187.2275103659636	-607.981341265549	-145.48909320353346	-463.3744366324139
-205.02143710785776	-263.82432028682405	-469.1694241111443	-10.185987451449058	-426.66951747833883
-205	-438	-364	-296	137
-205	-386	-180	-223	-460
-205	-201	-376	178	-642
-204.40355470520117	-528.6468455767586	-25.120739137002158	-222.62338250843356	-301.3042142893107
-204	-387	-293	-378	295
-204	-367	-587	-53	387
-204	-156	-425	-386	-84
-203	225	-318	-311	-706
-203	329	-895	226	-105
-202	-553	66	-394	-225
-202	-305	-260	-57	-390
-202	-286	-181	-185	-365
-202	-273	-821	174	-83
-202	-272	-387	363	-545
-202	-174	-184	-129	-599
-202	82	-677	-68	-449
-202	92	-674	-69	-420
-201.21306568630644	-436.7067703419332	-319.19045450108985	-215.03334743143444	-185.7785730552754
-201	-175	-670	30	-136
-201	192	-610	-146	-460
-200	-173	-26	-319	-514
-199	-524	-25	-224	-298
-199	-474	-283	176	-420
-199	-443	-154	-392	53
-199	16	-899	396	-199
-198	90	-504	192	-722
-197	-408	-124	-390	-139
-197	-258	-462	-5	-431
-196.39539674010388	-588.1622783449759	-206.90417338348556	-114.22434175174635	-216.61257388500803
-195	-227	-118	-377	-248
-194.3448275862069	-279.2068965517241	-325.9655172413793	-355.2413793103449	-348.65517241379314
-194	-329	-473	180	-334
-194	-111	-275	-380	-368
-194	-22	-57	-281	-557
-193	-574	180	-412	7
-191	-533	-343	307	-385
-191	-431	-324	-217	-178
-191	-79	-312	86	-616
-191	-23	-53	-578	-259
-189	-447	-596	45	38
-189	-430	-166	-407	-93
-189	-335	-182	-118	-486
-188	144	-457	-546	68
-188	295	0	-428	-712
-187	-334	-24	-308	-401
-186	-604	-152	-381	166
-186	-579	-395	87	-415
-186	-296	-422	8	-509
-185	-443	-248	-251	-105
-185	-76	-37	-297	-578
-185	45	-13	-129	-729
-185	247	-810	-109	-298
-184	-479	-226	-279	-53
-184	-159	-634	38	-394
-184	292	-790	351	-374
-183	-571	-373	61	-444
-183	-302	-240	-86	-389
-183	-279	-197	-369	-136
-183	143	-417	-371	-482
-183	179	-351	-498	-474
-182	-398	-228	-367	-113
-181.33543307086615	-48.795275590551185	-351.88346456692915	-139.5779527559055	-546.3181102362205
-180	-59	-195	-537	-407
-180	66	-530	-73	-487
-178	-592	-322	-206	-65
-178	410	-289	-657	-229
-177	-317	-683	169	-71
-177	-205	-269	6	-595
-177	-107	-586	-188	-140
-177	-72	-76	-164	-662
-177	-54	-256	-236	-652
-176	-591	-164	-396	20
-176	-465	-442	45	-367
-176	175	-853	316	-307
-175	-204	-111	-184	-510
-175	-71	82	-354	-577
-175	95	31	-497	-490
-174	-447	-294	-256	-50
-174	-28	-335	-11	-655
-174	8	-269	-138	-647
-173.58513110993317	-170.365739380488	-253.34759934853008	-364.3973211132112	-397.80734431441135
-173	-178	-536	34	-475
-172	-456	-248	-447	57
-172	-118	-373	-427	-322
-171	-312	-348	-198	-132
-171	-215	-409	-122	-261
-170.62333544705135	-299.2175015852886	-446.3084971464807	-193.26506024096386	-325.65313887127456
-170.2597494378413	-213.9123032444587	-369.314166398972	-208.23527144233856	-431.4088017989078
-170	-440	-195	-358	-23
-170	18	-349	-487	-361
-169	-275	-371	-34	-379
-169	-107	-408	-263	-136
-168	-650	-342	-286	105
-168	-370	83	-575	-70
-168	312	-70	-397	-804
-167	-571	-566	11	166
-166	-458	-412	-137	144
-166	-167	-538	-194	-46
-165	-539	-427	-29	249
-164	-278	-15	-239	-455
-163	-659	-145	-226	38
-163	-347	-176	-212	-513
-163	42	-201	-662	-569
-162	-131	-332	-250	-260
-161	-346	-18	-402	-428
-161	0	-588	-42	-502
-160	-35	-760	46	-243
-160	357	-402	-575	-317
-159	-617	-246	-436	170
-159	-482	-52	-325	-211
-159	-279	-371	-416	-209
-158	-417	-29	-217	-331
-158	104	-631	-247	-320
-158	196	25	-622	-652
-156.9100763752392	-269.70844006707966	-396.10460971519535	-289.1378940870096	-258.620806043791
-156	-201	-208	-398	-342
-155.69928701244234	343.77715643785825	-9.326855864672154	-582.5295680134209	-697.7858241297358
-155	28	-856	218	-99
-154	-217	-196	-52	-578
-152	-450	-317	-180	-100
-152	347	-6	-584	-695
-151	-428	-354	-179	-108
-151	-305	-238	-225	-390
-151	-269	-172	-352	-382
-151	-63	-264	32	-630
-150	-380	-39	-397	-147
-150	355	-416	-623	-546
-149	-321	3	-566	89
-149	-59	-420	124	-651
-147	-618	10	-145	-57
-147	-196	-758	57	-130
-147	-149	-458	-292	-318
-147	-16	-265	-462	-385
-146	-536	-407	-58	250
-146	367	-525	-293	-496
-145	-292	-401	-144	-380
-144.63259091700024	-569.2680093962067	-197.47050635113976	-283.18035496780925	-233.059987819732
-144.05001392591413	-105.1196434965981	-214.54872080531572	-521.2458122786775	-508.48987387100624
-144	-268	290	-622	94
-143	-406	-397	-38	-153
-142	-47	-271	64	-675
-141	-425	55	-553	-160
-141	-308	-279	-525	270
-141	-295	-227	-417	56
-140.34993015008783	-476.5855571873768	-519.0949958806463	-48.355876347745095	-286.30536948812556
-140	-147	-591	-140	-294
-139	-100	-214	-523	-504
-139	56	-804	286	-182
-139	67	-885	332	-139
-138.25686264504125	-214.98245804368682	-197.26261948388705	-278.8233956215435	-426.7519366348929
-138	-599	69	-527	99
-138	-187	-183	-102	-558
-138	-91	-288	-52	-573
-137	-637	-205	-96	-133
-136	-78	39	-580	-404
-135	-421	-384	-277	-144
-133.83734249713632	-437.4072164948454	-440.15864833906073	32.320160366552116	-428.41179839633446
-133	-29	-295	-190	-556
-132	-438	-567	-105	483
-131.344600685055	262.2275103659636	-649.981341265549	-280.48909320353346	-217.3744366324139
-131	-670	-389	-3	470
-131	-348	-99	-503	-114
-130	-304	-246	-137	-491
-130	306	-882	110	-301
-129	-468	-524	-48	-278
-129	160	-491	-381	-218
-128	-586	57	-542	-47
-126	-32	-852	292	-396
-126	267	-652	-281	-214
-123	-344	-206	-174	-443
-122	-626	-573	83	45
-120	-645	-121	-432	38
-120	-625	-415	-107	130
-120	-190	-293	-179	-443
-120	2	-88	-252	-531
-117	-322	-549	-90	-21
-116	-287	-347	-172	-336
-116	-226	-227	-450	-133
-115	-298	-137	-459	-206
-115	-273	-158	-503	-24
-114	-286	-189	-362	-251
-114	28	-172	38	-749
-114	64	-106	-89	-741
-112	243	-858	266	-188
-111	-346	-715	221	75
-110	-104	-654	-2	-218
-109	-513	-335	-143	-17
-107	-358	-345	-331	192
-107	-206	-629	-43	13
-106	136	-919	313	-10
-105	-619	-248	181	-72
-105	-295	17	-529	-227
-104	-385	-545	-108	141
-104	-52	-11	-314	-589
-103	-291	-13	-163	-607
-102	-336	-154	-521	138
-102	-142	-244	-481	-247
-102	-26	-436	-96	-554
-101	-290	145	-353	-522
-101	5	-68	-281	-530
-99	-393	-173	-345	-189
-97	-392	-15	-535	-104
-96	-412	-379	45	-442
-96	-184	-464	-49	-291
-96	22	-226	-521	-359
-95	-446	-403	-329	65
-95	-350	-191	-53	-522
-95	152	-289	-151	-770
-93	-506	-365	-241	-53
-93	-349	-33	-243	-437
-93	-345	-217	-275	-176
-92	-619	-161	-316	130
-90	-134	-300	25	-552
-89	-412	-325	-419	151
-89	-380	-185	-360	-335
-88	-511	-145	-322	-423
-84	-515	-159	-408	-29
-83	-477	-99	-530	133
-82.58508120045947	-332.13070005648177	-566.4682858103863	-106.35499736630005	-291.43048237959545
-81	-228	-58	-512	-293
-81	-22	-637	-56	-223
-79.88571635864761	-296.7227630693735	92.7118999564684	-567.8598678222328	-171.9309232656615
-76	-612	-191	-414	94
-76	-483	-298	-204	-204
-76	-22	202	-531	-498
-76	3	-358	-422	-397
-75	350	-684	-126	-516
-75	386	-618	-253	-508
-73	-518	-636	178	134
-73	-235	-202	-461	-330
-72	-290	93	-570	-167
-72	-182	-547	-129	-82
-72	274	-909	339	-295
-69	-41	-384	-557	-13
-68	-600	-361	-239	-137
-65	-239	-338	-144	-455
-65	485	-431	-455	-524
-64	-426	-47	-375	-267
-64	79	-643	-181	-385
-63	-238	-180	-334	-370
-62.965811965811966	-69.26685660018993	-454.7977207977208	-154.90028490028487	-469.318138651472
-62	-180	-229	-26	-528
-61	13	-865	283	-135
-60.39628092720256	-495.447961983803	-689.6806215558977	-151.39353680030342	-101.51972201771412
-60	-448	-234	-391	-95
-59	-285	-339	-97	-503
-59	-248	-232	-189	-501
-59	461	-677	-253	-418
-57.21567671006716	-175.5258902104987	-604.6662976998987	-74.61947018873587	-340.7654309406777
-57	222	-278	-603	-189
-56	385	-902	212	-197
-54	-176	-595	34	-425
-54	-103	-422	-185	-415
-54	192	-824	4	-488
-51	-457	-72	-464	-124
-51	-307	-410	-79	-416
-51	2	-649	-12	-265
-49	-560	-29	-320	-47
-49	564	-861	-67	-550
-46	-202	-236	150	-646
-46	-162	-600	-75	-330
-46	398	-673	-271	-256
-45	-198	-463	-47	-377
-43	-424	-355	-93	-399
-42	-458	-356	-213	-172
-42	-6	-339	80	-656
-42	30	-273	-47	-648
-41	255	-849	74	-267
-40	-416	-333	-119	-428
-39	-380	-626	204	-151
-38	-468	-408	-68	-303
-38	-213	-64	-118	-560
-35	98	-800	33	-66
-33.77360559351661	-374.58231368186875	-588.4383362466233	-28.46009852216747	-262.93877324010805
-31	-688	-347	-58	224
-30	-407	-134	-573	234
-29	-254	32	-504	-327
-27	-58	54	-290	-591
-26	-488	-157	-329	-120
-22	4	-819	182	-472
-20	-643	-373	-162	-116
-19	-210	-44	-147	-559
-17	-635	-351	-188	-145
-16	-220	-162	-165	-514
-14	-583	-213	151	-203
-9	-654	-172	-103	81
-6	-466	-26	-425	-53
-6	208	-437	-405	-416
-5	-477	-302	-253	-93
-2	10	-291	26	-670
-1	-307	-66	-403	-187
1	-468	-318	-303	100
1	-412	-312	-271	-299
1	-252	-361	-120	-609
3	-411	-154	-461	-214
4.534280573307697	-87.87534901036173	-621.7447415772166	16.33684928957001	-487.7057765092759
8	-638	-300	-242	20
9	391	-703	10	-549
10	-568	-22	-459	-27
11	-470	-332	-351	-129
11	-154	-233	-445	-282
13	-282	-399	-147	-408
13	-149	-206	-317	-475
15	530	-700	-150	-343
20	64	-331	138	-711
27	128	-789	173	-382
28	-442	-214	-120	-388
28	-309	-46	-496	-277
28	-259	-55	-548	73
29	-231	-472	-195	-199
36	-501	-417	-216	-125
36	-368	-224	-386	-192
37	2	84	-373	-516
38	-328	-261	-162	-340
39	-7	-201	-291	-510
43	416	-761	1	-517
46.50331125827816	-525.9728638345987	-502.8109352285576	-81.23162655467614	-204.00387659505733
47	-114	179	-598	-364
48	-195	-151	-233	-506
50	-304	-375	-176	-210
52	-230	-421	-209	-107
55	295	-688	-14	-475
65	-464	-215	-355	-12
71	-414	-169	-302	-223
73	-523	-393	-245	73
86	-428	125	-553	-64
91	-392	-353	-121	-176
91	73	-866	241	-81
97	-426	-163	-396	-250
99	-562	-197	-319	-33
103	137	-859	169	-295
107	-385	-383	-219	-212
107	-349	-317	-346	-204
110	-587	-161	-385	-137
113	-496	48	-453	-85
116	1	-785	69	-408
121	373	-822	-2	-470
123	-274	-376	-346	-114
131	233	-776	321	-533
132	-493	68	-482	-84
136	-337	-372	-364	48
152	-290	-194	-271	-373
165	-222	-400	-189	-354
167	-221	-242	-379	-269
171	-287	-174	-300	-372
173	-286	-16	-490	-287
175	-509	-212	-340	-90
188	-441	-418	-258	-71
189	-341	-354	-335	-111
191	-68	-657	-51	-277
194	-506	-192	-369	-89
208	-408	-352	-416	144
209	-640	-174	-314	131
217	458	-873	130	-553
