-837.216457960644	-195.13416815742397	-27.189624329159244	40.83720930232556
-833.1428571428572	-137.28571428571425	-70.76190476190476	-317.2857142857143
-832.8416714337719	-137.99813432835816	-70.55049556225839	-316.8715839357221
-832	-195	-25	37
-830.6716417910447	-137.99813432835822	-70.5149253731343	-313.07276119402985
-830.6053226161198	-138.41065323016014	-73	-310.3564473236958
-829.2504139834407	-139.34837166513336	-70.90781968721251	-315
-828.5725341214757	-140.33055124601805	-70.51492537313428	-315.83857114467503
-827.0661780104713	-140.61989528795812	-64.36712041884817	-315
-819	-163	-75	-66
-803.2731277533039	-239.8193832599119	-137.54625550660793	-28.515418502202635
-803	-239	-137	-29
-798	249	72	-525
-795	245	42	-457
-787	147	-86	-173
-780.1310207429979	-95.45892417672566	-294.67197937419434	-229.23180592991912
-779	-271	67	42
-777.3235294117648	-214.23529411764707	20.764705882352928	-307.6470588235294
-776.781512605042	-214.85714285714283	20.445378151260513	-308.7563025210085
-772	112	-162	-555
-771.7457627118645	111.15254237288136	-161.4915254237288	-555.0338983050847
-763.9214803512605	-222.11244792470063	-362.5860168881024	-338.5963465960863
-763.5	-278.8	-317.15	9.900000000000006
-763	-279	-317	10
-762.03125	-222.69791666666666	-362.21875	-343.8958333333333
-762.0107655502392	-221.83373205741628	-362.3056220095694	-340
-761.8258620689655	-222.73850574712645	-362.0913793103448	-343.98735632183906
-761.6509366194368	-222.94816070078218	-362.7797978044865	-341.54815321146305
-761.650786192589	-222.56856205324132	-362.24527822282477	-343.8958333333333
-761.6023498602028	-222.312573298579	-362.3085309869931	-342.1679849752728
-761.6020499498751	-222.3086500234084	-362.3056220095694	-342.1718109959908
-761.2818615751789	-220.6250596658711	-363.25059665871123	-340
-759.9820628526331	-220.91048230860466	-363.1260266825925	-338.3338007621686
-759.2014413385953	-221.24238132677567	-363.1260266825925	-338.9837087812398
-757.5379581151833	-223.8416230366492	-361.7578534031413	-340
-757.3880918220947	-223.93376374940217	-361.6061692969871	-340.0389765662363
-753.4275189542877	-100.732529746931	-251.2838938357004	-660.2654632909203
-753.4144773959331	-101.73230565007987	-250.56810047319956	-660.3227786098041
-753.4144773959331	-98.90235975176154	-251.2838938357007	-659.7096916623733
-753.4144773959331	-98.90235975176	-251.28389383570044	-659.7096916623739
-753.3908770899475	-99.96876889839223	-251.28389383570044	-660.0263758337836
-753.3824790076442	-99.20890348714488	-251.28389383570047	-659.5633475029099
-753.3142068119055	-99.57103405952748	-251.51610923596195	-659.953053083768
-753.3088531187122	-101.92555331991952	-250.70321931589535	-660.5432595573441
-753.267301325458	-101.8743609864207	-250.62445683926745	-660.6694957563654
-753.2593880683955	-101.86461175388769	-250.60945706006143	-660.6935365838533
-753.1463307932162	-101.72532376455771	-250.39515413119793	-661.0370096225018
-752.9152770753432	-100.08044847821947	-250.37222355054055	-661.037009622502
-752.8564601883877	-101.46513278342331	-251.28389383570044	-658.9759291717677
-752.7019152536598	-101.4703373388376	-251.28389383570044	-659.4583582426319
-752.6193515915985	-100.35751698389024	-251.28389383570044	-660.6221188289603
-752.0318672150371	-101.17233524899675	-250.72480157016255	-660.6694957563654
-751.8674627723699	-101.92555331991952	-250.83229011596228	-661.1080856138966
-751.8189935460514	-101.92555331991949	-250.75635921311357	-661.2169199079798
-751.731744602727	-101.92555331991952	-250.6681586032402	-661.1757978955222
-751.6663113529609	-101.10289178243818	-250.31811962489923	-661.8323586744639
-751.5387966529854	-101.92555331991952	-250.35115657328836	-661.3917762064658
-751.3791150790286	-101.92555331991949	-250.69089510684614	-661.4390047378804
-750.975073066134	-101.92555331991952	-250.35419818179147	-661.5372196683752
-732.8321472772277	-302.8756961633663	-83.15238242574259	-138.66344368811883
-732	-307.32833583208395	-87.54858934169275	-142.0177184135205
-732	-306.76895306859205	-87.39350180505414	-142.50180505415162
-727.8823456329978	-309.5874021617592	-86.00000000000003	-152.6844328488011
-727	-311.69840620539054	-81.69190326498722	-144.9546964125903
-727	-309.1389192139738	-84.93204148471617	-156.29039301310044
-727	-302.8756961633663	-87.78966958597005	-143.62339957740838
-727	-297.59836655699394	-79.35340861263364	-156.65126845988038
-726	-312.2384274446202	-82.11327682818555	-145.39798125936395
-726	-311.0613510427157	-78.31017601227074	-150.86012481406414
-726	-308.52019002375295	-83.40380047505937	-160.20902612826603
-724.3541178510658	-313.29922931307516	-79	-145.49611130149256
-724	-314.6404868841723	-82.23607728269849	-149.82225093989575
-724	-312.30563198796585	-76.23049973318493	-154.71026615934343
-724	-308.94871794871796	-82.9047619047619	-163.003663003663
-723.5492957746479	-309.2723004694835	-82.9906103286385	-163.17370892018778
-723.5492957746478	-309.9739153180531	-82.9047619047619	-152.0194387367096
-723.5492957746478	-309.2723004694836	-82.9906103286385	-163.1737089201878
-721	-313.37579531267096	-73.61201601476341	-160.99564556384095
-720.4705120958099	-314.9912285377486	-75.39464689760692	-146.94928571837374
-720	-383	-127	-75
-719.5818855002233	-314.3666486267584	-86	-145.45574570540694
-719.2248082635102	-308.5323846256151	-81.23699960101078	-167
-719	-313.37579531267096	-74.81225428595013	-153.56366094765903
-719	-313.2992293130752	-74.80966636555931	-153.57581019623734
-718.9206831719371	-313.2992293130752	-75	-153.67152785351897
-718.4636267408309	-313.37579531267096	-74.69283156772144	-154.03140980457857
-718.2923737463416	-314.5805135239232	-74.99999999999997	-153.621511294369
-718.2402088772845	-312.4114882506527	-75	-154.08877284595303
-718	63	-378	-200
-717.7154539222407	-312	-72.84506904318874	-162.99999999999997
-717.322684763868	-315.889754425619	-72.91529252883888	-163.94958678477954
-717.1910669270934	-316.4547068722172	-73.15153051389996	-162.99999999999997
-717.127443726677	-314.9912285377486	-73.97727903937005	-161.5579855028781
-717.1165489185267	-316.4547068722172	-73.5145768719932	-161.6996476319588
-717.0913559239002	-312.30563198796585	-74.41834396808846	-155.08583112058477
-717.0203550502335	-314.5805135239231	-74.06922104641129	-161.49955845010817
-716.9468905937595	-310.1870776763918	-70.58529096078794	-168.35116508923667
-716.9405476481334	-316.99999999999994	-73.67669728494411	-161.18220123931843
-716.2264957264957	-300.12393162393164	-86	-155.26923076923077
-716.1480282040093	-314.9912285377486	-75	-161.14641944523748
-715	-312	-68	-165
-715	-310.1870776763918	-74.47562371873704	-162.99999999999997
-714.7650543034629	-310.1870776763918	-74.37683969000679	-163
-714.2878627204412	-314.5805135239231	-77.99999999999997	-151.40847767999983
-714.0720758421119	-314.9912285377486	-78.99999999999997	-151.16452063553587
-714.0720758421119	-313.2992293130752	-79.19830143566017	-155.4220919427318
-713.2109544966654	-316.6302321140474	-82.9906103286385	-150.19098313415375
-712.7645122092302	-317.31613445567746	-86.00000000000003	-149.12024334612346
-712.5824723271417	-312.5520813500518	-71.28427995386267	-168.3511650892367
-712.4846033506577	-309.27230046948364	-76.23049973318493	-160.87885833274638
-712.4688362388688	-317	-76.04490516433685	-150.19381361038415
-711.4363769798061	-311.0116863899425	-71.93248616977573	-166.99999999999997
-711.0460098528041	-175.50373533401046	-580.5784574186324	-256.422187619019
-710.9687538431516	-309	-82.99061032863852	-156.50295675171282
-710.7100305261663	-174.89617338080853	-580.7410319464329	-258.6862250827471
-710.675375571522	-177.12214239059438	-583.912475506205	-257.4805682560418
-709.5143654502101	-170.91266319514986	-584.15906247661	-255.48126129401322
-708.3850191400365	-312	-73.25942425981623	-162.99999999999997
-705.8087995226088	-174.61058229085873	-579.114136571041	-259.8481101662578
-705.759740834477	-177.12214239059438	-578.7071647108405	-259.2501041178597
-704.5	-173.83333333333334	-581.8333333333334	-260.16666666666663
-703	28	-454	-582
-702.6511627906976	26.83720930232559	-453.3023255813954	-582.046511627907
-701	-298	15	-221
-700.5616942909761	29.61694290976058	-454.27624309392263	-579.8011049723757
-699.903448275862	-233.6551724137931	-400.80689655172415	-519.5462068965517
-699.4237288135594	-235.2542372881356	-399.8474576271187	-519.6101694915254
-699.4038461538462	-229.375	-401	-519.0096153846155
-699.3964285714286	-228.68492063492064	-401	-519.4230158730159
-698.9172240076435	-233.6551724137931	-399.16120906801007	-520.2757752106314
-698.7850386604906	-229.41079249499847	-400.4426472973704	-520.6057026476578
-698.6109693228105	-235.0572046843177	-399.59857433808554	-520.6057026476578
-698.5072463768116	-233.7246376811594	-401.2173913043478	-518.840579710145
-698.4595982090532	-233.6551724137931	-401.15647342881925	-518.9064324058229
-698.2961038961039	-229.64588744588747	-399.86147186147184	-521
-698.2890625	-234.97916666666666	-399.5	-521
-698.1400437636761	-234.42450765864334	-401	-520.3566739606126
-698	-227.22395833333334	-399.50520833333337	-521.109375
-697.9954670552048	-233.6551724137931	-401.0700987534402	-520.4639792779667
-697.7	-225.66666666666666	-397.26666666666665	-523.8
-697.4397590361446	-233.33433734939757	-401	-520.882530120482
-697.3139137376189	-232	-397.82758620689657	-521.0887072813639
-697.2511759172155	-232	-398.2116650987771	-521.698024459078
-697.2081457384515	-233.6551724137931	-401.3197267404034	-520.9030839297333
-697.1941214143661	-233.6551724137931	-401.25219941348973	-521.050476960933
-697.0618181818181	-231.71636363636364	-398.0690909090909	-521.88
-696.5189856823188	-231.38070767167528	-398.899674267101	-521.8222603401988
-695.7692307692307	-232.5	-400	-521.9230769230769
-695.4666666666667	-232.5	-399.76666666666665	-522.5666666666666
-694.6007416563659	-231.43943139678615	-401	-525
-692.8275862068965	-233.6551724137931	-397.82758620689657	-527.6896551724138
-691	-307	12	-225
-682	-268	-248	-101
-676	-270	-250	-111
-675	-277	-249	-96
-671.8893241919686	-419.1508325171401	-111.94711067580803	-298.5837414299706
-666	-411	-104	-300
-660.062567325514	-396.1657385518088	-379.5858954215537	-170.32454893202794
-658.7940786749482	-382.57162131092423	-369.54979889027277	-184.12205217446652
-657.7861677674526	-400	-378.4710410201691	-170.73382958311404
-657	-382.5791063446535	-369.38861770880595	-184.96071549173166
-657	-381.6706831420307	-372.40668876883853	-187.15639818251464
-656.0331367484195	-399.2681429742077	-378.2284546805349	-172.71996279941612
-656	-420	-107	-304
-654.3918182731932	-397.45136697155493	-381	-172.20835259825108
-653.5114609593763	-399.0692017631168	-381	-168.32175495685482
-653.3417697881985	-385.1417515128525	-369.65408704545865	-190.00000000000003
-653.3417697881985	-380.8069089594666	-369.27770081015217	-191.50062188802718
-653.3417697881985	-270.92587864987377	-269.7423390734769	-490.3750806650395
-653.1537571574241	-273.4264125290871	-269.58469945355193	-490.0188446152639
-652.9333573254478	-384.9975923076828	-369.5933764600809	-190.6423850133241
-652.9316810758885	-270.06583413384567	-268	-492.138623118796
-652.9170648299029	-270.03312377202224	-267.90031766200764	-492.1676449468448
-652.8184122904802	-396.1657385518088	-373.0133413278932	-178.22331734421357
-652.770859096727	-384.9402345685578	-369.56922106942005	-190.89797571229275
-652.6254262702023	-273.1210618852198	-269.58469945355193	-490.5111888819674
-652.527657066053	-388.1432809026105	-373	-190
-652.4929078014185	-381.0992391261884	-369.354790866992	-192.7171671468989
-652.4929078014185	-269.28166160081054	-266.7294832826748	-492.99999999999994
-652.4929078014185	-269.1284249893424	-269.64260938650546	-491.3978897802581
-652	-277	-267.01161202185796	-491.1994535519126
-652	-273.0045792787636	-263.1774470520893	-491.5535203205495
-652	-270.2631939919756	-268.4608895442543	-491.1968725352354
-652	-268.08469945355193	-269.58469945355193	-491.99180327868856
-651.4061040303066	-384.4585107634088	-369.3663499855612	-193.04457573429534
-651.3004885276123	-267.659406773479	-267.7066827419911	-495.31556543837365
-651.25	-274.90909090909093	-264.0956937799043	-492.61722488038276
-651	-273.18506448799735	-263.90581539450125	-492.99999999999994
-650.5858585858587	-277	-268.125	-490.94444444444446
-650.0900289945029	-276.1929177425304	-267.53989392794585	-492.2671550552168
-650.0223181936757	-271.7785381369321	-269.58469945355193	-493.18783268022787
-649.7386156648452	-277	-268.2049180327869	-491.1821493624772
-649.7268093781855	-277	-268.1651376146789	-491.32517838939856
-649.4250200481155	-277	-268.70669607056936	-491.932437850842
-649.3584631276766	-276.0918185091063	-267.90031766200764	-492.6931870911572
-649.2755178494572	-268.7228868196763	-267.706682741991	-495.3155654383736
-649.1830985915494	-269.9329771733851	-260.4445523717015	-493.47628298526797
-649.1830985915493	-270.7692034210465	-261.89072600654765	-494.3463251726009
-649.1830985915493	-270.32394366197184	-263.1267605633803	-493.6056338028169
-649.0504620939142	-276.55787306352767	-268.19181113980073	-492.67542381166106
-649.050391223296	-273.15204604748544	-263.1267605633803	-494.440839332637
-649	-389.2364850029795	-371.11050388249964	-190
-649	-274.23398983481576	-267.90031766200764	-495.3155654383736
-649	-269.28166160081054	-268.18272533953984	-493.81965420055053
-649	-268.08469945355193	-269.1297468276882	-495.37053514468727
-649	-265.76255872093765	-263.1267605633803	-495.4127033139265
-649	-263.6011111111111	-266.40111111111116	-495.51666666666665
-648.8829864344434	-269.59233426109114	-268.19181113980073	-493.80922065761615
-648.8470588235293	-277.3205882352941	-268.5764705882353	-492.83235294117645
-648.636815920398	-277	-266.42025981205086	-493.3202045328911
-648.6096530583216	-276.1929177425304	-269.3393325607631	-491.9828387767255
-648.5934065934066	-277	-268.3539377289377	-493.6062271062271
-648.5335032568678	-267.6708581138488	-269.61212121212117	-496.21931464174463
-648.1096724693457	-270.6693853427896	-261.96078823786615	-496.9732788201098
-647.7128587078818	-273.29941463847933	-266.40111111111116	-495.61925909476713
-647.644521138913	-268.18313623982806	-269.58469945355193	-493.75059635588485
-647.0908635525219	-391.8910851708065	-370.20247557884943	-187.15639818251464
-647.0908635525219	-388.7846758979948	-370.34271966864935	-190.64238501332412
-647.0908635525219	-385.9560326781797	-370.2598896402215	-191.60237665653108
-647.0908635525219	-385.4842349933991	-370.5106996058163	-190.89797571229275
-647.079197676685	-389.0658816574325	-373.60184393580994	-193.08428921188377
-647.07526647086	-392.86301000448043	-370.5106996058163	-187.1563981825146
-647.07526647086	-385.85998833561877	-372.40668876883853	-193.6695913667158
-647	135	-484	-350
-646.8764094765102	-273.46555064713635	-269.58469945355193	-492.281204142384
-646.6852459016393	-273.74972677595633	-269.58469945355193	-492.5661202185793
-646.5725471471416	-269.95940493020373	-269.58469945355193	-494.8917496013207
-646.5724750190996	-270.8220191904138	-264.58632944295255	-495.86158392434993
-646.4772552043177	-269.6939090208173	-262.3816499614495	-497.5050115651503
-646.4149352823785	-269.77064963790696	-268.19181113980073	-495.81584896840764
-646.3926868470575	-399	-379.16810178336084	-177.83995053162366
-646.3924451825799	-391.19524314989366	-371.0573653550045	-190
-646.3924451825799	-389.4004844741964	-370.5498685778699	-190.89797571229275
-646.3924451825799	-386.79426937693836	-370.9924078652134	-194.43277263008392
-646.3924451825799	-273.5529818091897	-269.584699453552	-494.0507620632177
-646.3924451825799	-272.44475870630146	-267.90031766200764	-496.2881581875248
-646.3922438710174	-276.1929177425304	-262.91409193427916	-495.92626823462916
-646.171637969413	-269.99404009809643	-268	-495.82721688535946
-646.1147309956064	-277	-268.3875579135465	-494.9962051083662
-646.1106119974447	-274.42839414246714	-269.58469945355193	-493.350011596255
-646.0661302583137	-400	-382.2074744894018	-177.37339246405463
-646	-391.470075448307	-371.56628513170983	-193.04457573429534
-646	-273.5431129855978	-269.58469945355193	-494.30278893108465
-646	-272.56427888021483	-267.9003176620077	-495.3888722907778
-645.9909577793424	-274.23398983481576	-264.0382833820036	-495.88750605141644
-645.9780787268799	-276.1929177425304	-267.87141861785904	-495.07607923041337
-645.786701609398	-123.69936100572217	-430.57740557905277	-290.872648602675
-645.7822233661245	-388.1716102249994	-373	-195.2445337258667
-645.7294375377708	-393.48465843540083	-373	-189.79926960662192
-645.6452097931196	-273	-267.90031766200764	-495.3913312665012
-645.556107492519	-270.91621332617734	-269.58469945355193	-497.89500695257607
-645.4361111111111	-274.50178484955626	-266.4011111111112	-496.05529698102407
-645.4361111111111	-268.51125370569	-260.4815734099052	-501.01247015895353
-645.3979808714134	-123.80063761955367	-430.45547290116895	-292.2269925611052
-645.1913123517542	-126.22251920557935	-433.1180125323043	-290.64854674832725
-645.1570214810324	-274.23398983481576	-267.01161202185796	-495.63459290058637
-645.1215431330056	-276.1929177425304	-267.9353032649629	-496
-645.0728399809364	-273.4477147505171	-269.58469945355193	-494.5264354096917
-645.0550717189824	-400	-379.3974404524024	-178.98279402071546
-645.0280759204156	-273.4930346438634	-269.58469945355193	-494.88548899695763
-644.9626248708232	-272.3287977953841	-267.7066827419911	-498.815535652773
-644.9626248708232	-267.03243884188834	-266.38401180048686	-503.40470155989055
-644.5234030683403	-266.82874291168673	-266.0222258496971	-504.059982340362
-644.2083333333334	-275.8525641025641	-267.775641025641	-497.2532051282051
-644.1674185508981	-387.887857341077	-373.60184393580994	-194.43926115005672
-644.1156840201077	-390.00250508111344	-372	-194
-643.1921788215575	-275.0984513318891	-267.90031766200764	-499.6288539127687
-643.1906050073276	-391.1509797282245	-375.6653726780164	-188.97706858513234
-642.9147714293952	-389.71353507836744	-373	-191.5099374936741
-642.4948966513806	-393.57354853978984	-372	-190
-642.2316225077687	-391.16097313337497	-375.6653726780164	-188.68048207841036
-642.176299028649	-274.56502151727506	-268.19181113980073	-497.77118406492013
-642	-269.6199195378585	-260	-506.4964410975861
-642	-267.4429800518575	-260.1384529363074	-505.8510179637436
-642	-265.65847556071844	-263.9437047627558	-507.82468054686797
-641.9544589931943	-272.355187081154	-268.19181113980073	-500.9559467342318
-641.9110102845827	-399.99999999999994	-378.45253183549744	-179.219165780355
-641.682405016599	-276.1929177425304	-268.19181113980073	-499.709701217263
-641	-267.2283463433887	-260.13160347105355	-507.16157159459055
-640.6606487564698	-394.3755986680365	-379.2513082298137	-187.50403219754287
-639.7147612659612	-273.38475679435584	-259.42743578277936	-504
-639	-266.7650333320779	-260.2125569658393	-509.5762494821287
-638	-268.62722760217116	-260.2125569658393	-511.06868432455616
-637.306222194373	-495	-106.85537940973745	-233.56638887148318
-637.0978854024556	-495	-110.17735334242839	-232.07605729877216
-635.752187346597	-495.87020299731455	-111.15038549276657	-232.88706650111172
-635.752187346597	-495.8702029973145	-111.15038549276662	-232.8870665011117
-635.4064198408403	-495.6117266720286	-110.87227440986814	-233.40145684460515
-635.3686420632387	-269.9066720489456	-261.3964853556485	-504.60216398696264
-635.1130864112578	-495.00000000000006	-106.78136902406717	-234.092144483247
-635.1130864112578	-491.7720249232691	-104.93814935442775	-235.85815663033432
-634.9421472410703	-495.2646626086869	-110.49884615726387	-234.092144483247
-634.0132540935238	-492.4630082170679	-104.99213604951206	-237.0317474778409
-633.6570282440889	-490.5903802025877	-106.10618764040515	-237.0317474778409
-633.6359392591796	-492.5035572741668	-104.78281833052007	-237.0317474778409
-633.5181453938881	-269.9066720489456	-256.5062583973238	-512.7239780969851
-633	-491	-105	-237
-632	-382	-277	-248
-630.9064521607709	-493.6675044911353	-111.43185260898773	-232.8870665011117
-630.9064521607709	-483.8240857026062	-109.39648535564852	-237.0317474778409
-630.2	15.333333333333314	-592.2666666666667	-365.8
-627	10	-588	-369
-625.9193932148703	8.032103436669434	-586.0689655172414	-368.5473485068304
-625.3313229143737	7.166277790006589	-585.1965661457186	-369.271186440678
-624.9661016949153	3.2203389830508655	-583.9322033898305	-369.271186440678
-624.9661016949153	4.365834396452129	-583.4130773748052	-369.4435534495676
-624.8666666666667	14.8	-589.0666666666666	-367.4
-624.0285714285715	7.257142857142867	-582.5142857142857	-371.2857142857143
-623.9163636363636	4.7927272727272765	-583.1418181818182	-370.28
-623.8665758306258	3.931034482758598	-584.9194004821297	-369.91059637354573
-623.7496271109313	3.9310344827586157	-583.3443725351401	-371
-623.5914390447754	4.75862068965516	-583.9322033898305	-370.3452260980755
-623.5086206896551	3.931034482758612	-583.1658423546502	-371
-623.2452472645027	4.228498074454443	-582.8759704138395	-371.2857142857143
-623.0410005823442	-496.5104098523737	-109.39648535564851	-233.99026381269275
-622.8284826794518	5.039773110946072	-583.9322033898305	-372.175366331285
-622.5862068965517	4.758620689655146	-586.0689655172413	-370.65517241379314
-622.5862068965517	4.758620689655174	-586.0689655172414	-370.65517241379314
-622.0832115568664	-495.76141021357614	-111.15038549276659	-235.00950929647937
-622.0344827586207	3.931034482758605	-583.0344827586207	-372.8620689655172
-621.9791970717092	-492.3043009568967	-106.74996808792449	-237.03174747784092
-621.9452111298109	-492.31600392260094	-106.74312687112419	-237
-620.7198025057132	-491.4964013785033	-106.92702459633736	-237.0317474778409
-617.1526717557252	-98.43426632739607	-270.85750636132315	-572.4314390726604
-617	-283	-308	-222
-616.1459537572255	-232	-436.6257225433526	-438.27384393063585
-614.3376477713367	-98.90235975176	-270.4059764192211	-569.5740391669287
-613.4615271470334	-100	-270.4245343727592	-568.4177866848075
-611.1034482758621	-233.5	-441	-441.4310344827586
-608.4008340684898	-245.8927740797177	-432.0139546074264	-442.7998235624348
-607	-292	-311	-226
-605	-232	-429	-448
-604.5534188034188	104.39102564102564	-476.1666666666667	-562.5064102564102
-604.4736842105264	106.99999999999997	-474.8947368421053	-563.5263157894738
-604.2208580452539	-232	-425.07356442095596	-451.7362621731653
-604.1683504113148	104.11314764035217	-475.75606148073314	-562.4279838360513
-604	-466	-279	-168
-604	107	-475	-563
-602.5175985467071	-234.4222529141726	-431.6327478470263	-452.6733768886286
-601	-283	-401	59
-600	-142	-464	-415
-599.4419889502763	-234.60773480662982	-431.4088397790055	-458.52486187845307
-599.2978614962328	-451.1876856576488	-283	-172.64353828705714
-599	-242	-419	-450
-599	-143	-470	-416
-598.5246810560096	-239.17225950783	-431.6754229612709	-449.2451139134265
-597.4426567656766	-280.90016501650166	-403.5519801980198	51.691419141914196
-597.25	-140	-464.5	-417
-595.8475091043249	-454.3104086830267	-277	-177
-595	-241	-432	-452
-594.2277413308341	-450.2985941893158	-277.4738519212746	-172.77563261480788
-594	-457	-275	-175
-593.9351230425056	-239.17225950782998	-431.66666666666663	-454.668903803132
-590	-133	-460	-422
-589.6511627906976	-134.1627906976744	-459.3023255813954	-422.04651162790697
-588	-467	-265	-177
-587.5616942909761	-131.38305709023942	-460.27624309392263	-419.8011049723757
-586	-337	-164	-495
-580	117.45248226390208	-623.8173828568495	-133.13405390036192
-579.4589048734248	107.23683134455968	-625.2104754470095	-138.1682465335861
-578.967055622132	112.00000000000001	-625.9377594008217	-134.32383428117367
-578.375321888412	109.2077253218884	-627.4051502145923	-134.22360515021458
-578	-364	-74	-557
-577.8176959619952	107	-624.953919239905	-133.50332541567695
-573.8630136986302	107	-621.2054794520548	-135.4986301369863
-573.7002200220022	111.9834197705485	-622.0665566556655	-139
-572.9436040534587	111.74137171390805	-620.9249522690557	-147
-570.5888744900408	-475.44016318694577	-506.3862155027612	-325.76551955843513
-570.5888744900408	-475.44016318694526	-506.38621550276	-325.76551955843536
-570.2432800421644	-474.2812280393535	-508.40174806746313	-327.72562368236123
-569.7358881652818	-475.4240556927914	-505.9439086009432	-327
-569.7210610932476	-475.208838754697	-508.03112391559296	-325.76551955843536
-569.7210610932476	-475.1569100536215	-509.9590095906638	-329.3769424166061
-569.7210610932476	-474.9292935387681	-510.3180715001387	-327.4906543399379
-569.7210610932475	-475.70141973924586	-506.39544407288423	-326.4212719485266
-569.6829268292684	-474.9756097560975	-510.0752032520325	-329.5121951219512
-569.6805946462783	-475.7825162922944	-506.769498632274	-327
-569.4903454551661	-475.64360305758396	-509.7122093023256	-328.55685309219757
-569.4790446125639	-475.63912755812925	-509.7415544831089	-328.5863998412201
-569.2610626662683	-475.92083634962205	-510.4872988646573	-326.5787140529686
-568.9935576807311	-476.53111563346465	-508.9823943661972	-327.9079944495896
-568.9464437684836	-476.69840116279073	-510.1790755971956	-324.28178441679574
-568.6812672507866	-476.96253965391554	-510.8045112781955	-324.4634556035144
-568.3679901284364	-476.0789297304488	-507.39642705642444	-328.17957746478874
-568.3324376255715	-476.4527359045179	-511.1338844142998	-324.77313436923146
-568.2394366197183	-476.90140845070425	-510.887323943662	-324.76056338028167
-568.2194767441861	-477.833770533602	-510.065618335212	-325.378490155916
-568.2194767441861	-476.85260671398567	-510.66242972124815	-324.85176396678105
-568.2194767441861	-476.69840116279073	-509.7122093023256	-327
-568.2194767441861	-476.44087212151607	-510.2983462073249	-330.0284853091183
-568.1651022065707	-477.4164212510308	-507.1293283568209	-326.50613177424657
-568.1651022065707	-476.8571749250029	-510.7098878097855	-324.8580094906987
-568.1651022065707	-476.69840116279073	-510.4609042868148	-329.49460935406677
-568.0451127819549	-478.29486197559896	-510.4465323998662	-325.2903204927671
-568.0451127819549	-478.09999075016185	-510.52147944553826	-325.2694477846638
-568.0451127819549	-478.05263157894734	-510.8045112781955	-325.70676691729324
-568.0451127819549	-477.4164212510308	-510.7010087900249	-327.92697161292335
-568.0451127819549	-477.4164212510308	-508.38346359218264	-327.951160843248
-568.0451127819549	-476.69840116279073	-510.39674373062337	-329.81118068730007
-568.0262316058861	-476.86884197056946	-510.8310940499041	-324.8739603326935
-567.9050669848294	-476.4733451539937	-510.1168956172841	-330.27321734868906
-567.8586964918295	-477.61921721668614	-508.346499592694	-327.5077143235965
-567.7431506880534	-478.27896374676806	-511.13388441429987	-325.0662493619973
-567.6981055152071	-477.9301755991487	-510.6760883567613	-325.7067669172933
-567.6878586309432	-478.7224224318747	-511.13388441429987	-325.1584633653333
-567.6478418110912	-476.7237008539926	-510.2518502298076	-330.27321734868906
-567.5477297302024	-477.6192172166862	-510.3177037034878	-326.5008408406658
-567.4300441826215	-478.8262150220913	-510.53902798232696	-325.66568483063327
-567.4300441826215	-478.0526315789474	-510.88184039773324	-327.8757360094116
-567.3802816901409	-477.35915492957747	-508.9823943661972	-328.17957746478874
-567.3802816901409	-477.2186509566259	-510.42837585835196	-330.1969000969798
-567.3802816901409	-476.734536382865	-510.4760696654562	-328.7149926977856
-567.1614173228347	-477.42149780591313	-510.46228794728273	-330.2408231346725
-567.1022959183674	-478.1196428571428	-510.52117346938775	-326.6658163265306
-567.0632090116626	-478.16355530788525	-510.53902798232696	-326.68029295864346
-567	-478.7036146086236	-509.7415544831089	-325.70676691729324
-567	-478.20392840562374	-507.15283256826643	-325.80471118205946
-567	-478.0526315789474	-511.2943910150396	-325.66568483063327
-567	-478.0526315789473	-510.8456159534977	-329.0067336191765
-567	-477.9869964489359	-511.2700014974173	-325.70676691729324
-567	-477.57110185412074	-510.48729886465736	-330.27321734868906
-567	-477.1414080353851	-510.53204570586064	-329.32682639144855
-567	-476.0841636589855	-510.53742892103935	-329.9738408859549
-566.8764011025387	-476.8534988006324	-509.8545755857141	-330.3170918367347
-566.7813775510205	-478.1718316511591	-511.32764756456606	-325.80471118205946
-566.7813775510205	-477.7737244897959	-510.52117346938775	-330.31709183673473
-566.7522703518755	-477.79999999999995	-510.50909302055516	-330.33155847172225
-566.6656545255339	-478.61019059477064	-510.72062694512647	-326.82753536091343
-566.5956823154238	-478.1153477590242	-510.6760883567613	-329.90850442435027
-566.5626657844166	-478.05263157894734	-510.53902798232696	-330.1912563334986
-566.5255803156416	-478.8262150220912	-510.7851530479336	-324.3030140782191
-566.486526401404	-478.05263157894734	-510.4157873333191	-330.4269600393827
-566.4733690462704	-478.82621502209133	-510.80846105293824	-326.89875220508503
-566.4718340296788	-477.8302117850453	-510.5157758248091	-330.32797867742397
-566.4417427873639	-478.3985500968242	-510.8045112781955	-329.5697894690011
-566.3614814302443	-478.20392840562374	-510.415110527669	-330.3785171622498
-566.3452995389928	-478.5759766080522	-510.88496835029736	-329.35758425454117
-566.2302823844568	-479.35963971880966	-510.88496835029736	-327
-566.2012541748709	-478.6963913822468	-511.53296960074874	-325.66568483063327
-566.2	-478.67409386247215	-511.4824578176251	-325.80471118205946
-566.1877330996416	-479.1619425189618	-511.1338844142998	-327.1833657182674
-566.1243464744948	-479.3712272333863	-510.8310940499041	-327.48902604113573
-566.1243464744948	-479.36644987306346	-510.8045112781955	-327.50469594627975
-566.1243464744948	-477.5847816871556	-511.13388441429987	-327
-566.103391018901	-478.6101905947707	-510.53902798232696	-330.0079644493634
-566.0910463176292	-478.68252959402554	-510.0880273297847	-329
-566.0469258453315	-479.12489428142555	-511.1338844142998	-328.70106910473197
-566.040898538583	-479.3120769504809	-511.00600930953624	-327.0589264671915
-566.0257107148818	-478.61019059477064	-510.41329316936054	-330.2484383645319
-565.9656694567367	-478.8620497355928	-511.5295182357813	-325.80471118205946
-565.8935298728379	-479.42477713670274	-510.8849683502973	-327.6566546046248
-565.8533419935872	-479.2214582063692	-510.52117346938775	-328.478916160939
-565.8471691758587	-478.8262150220913	-510.4123268136466	-330.1792707222205
-565.8179893007921	-479.440290217079	-511.13388441429987	-327.2146395822058
-565.667462796982	-478.727622094374	-509.64741000354604	-330.3170918367347
-565.6527003159628	-479.15371515852183	-510.7785158297313	-327.8895618097613
-565.5764943308245	-479.15371515852183	-510.41086178660277	-330.0744103016906
-565.5439423261466	-478.4924994801996	-510.53187535986183	-330.3170918367347
-565.4969475300798	-479.9231824044784	-511.2544807578648	-327.2603898036742
-565.4456102525305	-479.3120769504809	-510.4101533767974	-330.0237053331929
-565.3846223910332	-479.2647585420323	-510.52117346938775	-328.478916160939
-565.3659386375318	-478.8160193677996	-511.17804358562637	-328.08168594920437
-565.3613656199512	-477.8091432842473	-510.6703593015914	-330.3170918367347
-565.3551919991108	-478.93729401945444	-511.6662833682128	-325.63561755482704
-565.3468259519027	-479.92318240447844	-510.0375651504424	-326.9760516062811
-565.3450418513617	-478.87725340432036	-511.2220592724468	-327.8895618097613
-565.3113964253836	-479.9231824044784	-510.39552335844485	-327.95594701002244
-565.1964325563513	-479.3120769504809	-511.19126341772477	-327.6311971393407
-565.1452174731689	-479.25430709847484	-511.3971238938053	-325.85967802673696
-565.1281095916535	-480.21329132297683	-510.8849683502973	-327.7554100451465
-565.0541331925876	-479.84503425156146	-511.13388441429987	-327.2652365403036
-565.0304522339767	-479.9193845299096	-510.88496835029736	-327.9911901747531
-565.0000555462982	-480.2681775259679	-511.33183358329177	-327.47269899461185
-564.9711737481682	-479.79801452469343	-510.8045112781955	-328.061537570548
-564.9405390917575	-479.9231824044784	-510.40741968017517	-329.8280389264771
-564.8465647367593	-479.9231824044784	-510.88268810633616	-327.9752259969756
-564.7755731952844	-479.39753128359825	-510.53902798232696	-328.29366208121564
-564.7468978455902	-479.13360890033414	-510.5211734693878	-328.478916160939
-564.7328241104667	-480.2681775259679	-510.53118866460005	-329.4779110985867
-564.3044850025525	-480.8283221252709	-510.93571711589675	-328.2269503845213
-564.1295541839386	-481.08071622609344	-510.4410019784217	-327.9982492656196
-563.9833216355287	-477.9704278384884	-511.7114840373069	-326.2360883266507
-562.7320563207654	-480.1534903855856	-511.13388441429987	-328.0297572539308
-562.1716285169474	-480.6298966898287	-511.13388441429987	-328.7205807613569
-561.8895900291006	-478.61019059477064	-511.4261197045894	-327.3309168794995
-561.6637154403065	-480.8991879331701	-511.13388441429987	-328.55686243383207
-560.6080259424402	-133.25699229833805	-129.8313741386299	-550.2971220105392
-560	-23	-301	-568
-558.4325091203891	-130.2934738548845	-127.69071747061207	-550.4560194568302
-558.4184100418411	-133.19246861924688	-131.02092050209205	-544.9246861924687
-558.1526717557252	-129.43426632739607	-127.85750636132315	-551.4314390726604
-556	-302	-282	-343
-535.4325091203891	38.706526145115525	-617.6907174706121	-67.45601945683016
-531.3580574532655	95.45548965536355	-615.4264581572274	-343.53190000415725
-531.0091573555007	89.76190476190476	-611	-346.17649655287335
-531	-161	-544	-354
-528.4498812998049	-159.96331634736063	-544.0345364643975	-372.6873724161916
-528.4230376980038	87.833675457564	-610.1207102968526	-350
-527.4426567656766	-158.90016501650166	-546.5519801980198	-361.3085808580858
-526.5116732697966	-165.18453406922836	-545.9583294943044	-372.7811686079044
-526.4438397860171	87.02260918206011	-609.3663677706393	-350
-525.7142857142858	89.76190476190479	-611.3809523809524	-354
-519.4014745077275	-151.74112230088477	-548.1663553322174	-365.1531356889692
-517.920942408377	-160.58551483420595	-548.8080279232112	-361.9282722513089
-517.0322645720282	-166.54497120548714	-541.194347419532	-362.5151508999951
-516.9340243678892	-157.0946700694368	-551.3213790145094	-363.73062715694545
-512.95	-112.30000000000001	-151.70000000000002	-618.6
-512	-266	-279	-401
-511.04124155769506	-267.81980169564594	-283.94654404368447	-411.8429372036212
-511	-267	-285	-402
-510.67796610169495	-165.40677966101697	-712.3559322033898	-282.5762711864407
-510.147562156926	-162.50597352276395	-711.0663545366484	-283.58960284145945
-509.752187346597	-266.87020299731455	-284.15038549276653	-413.8870665011117
-509.47439674495536	-159.8731107914968	-713.0536585365853	-281.74646044021415
-509	-161	-711	-284
-508.81813744631006	-162.32526356891836	-711.5384615384614	-283.50751659508006
-508.2635815894804	-163.6146350401441	-709.8083776336266	-286.49450549450546
-508.23000159580056	-163.60706719419807	-709.837220115888	-286.49450549450546
-508.22300107289544	-115.75116807532079	-149.6189173849201	-613.4924075449319
-508.20631599268876	-167.3560975609756	-710.3519429057178	-281.57805519487596
-508.17221312965995	-160.61175083781464	-711.371278544151	-286.49450549450546
-507.8461538461538	-161.73626373626374	-711.5384615384614	-286.49450549450546
-507.7118067890875	-163.86173145006188	-708.8819872352415	-284.8780487804878
-507	-262	-278	-418
-506.86729521878647	-162.62479120410094	-710.1544629408897	-286.49450549450546
-506.82451649431243	-162.087745351472	-710.4569448126374	-286.49450549450546
-506.76429589735466	-165.40677966101697	-708.6090606684619	-283.64929510533824
-506.4182820115197	-116.06414765175012	-154.1411719096145	-616.1411407565352
-506	-153	-450	-429
-505.77451892369925	-161.73626373626374	-713.5003055960433	-284.54861499156584
-505.7219512195122	-167.3560975609756	-713.0536585365853	-284.8780487804878
-505.5246548002118	-165.62435745998127	-714.387910879394	-284.367072624333
-505.47295762482696	-166.5803885164451	-713.0536585365853	-285.3257015777174
-504.3348101265823	-258.468164556962	-278.08582278481015	-415.7813291139241
-503.53976458324286	-166.08225935555132	-712.8199564410745	-286.49450549450546
-499.4196668457818	-63.99408919935517	-487.0381515314347	-401.9134873723804
-498.5089995814148	-258.2561741314357	-285.19924654667227	-406.7488488907493
-497.4426567656766	-60.900165016501646	-487.5519801980198	-403.3085808580858
-496.28000000000003	-119.65454545454546	-535.28	-644.5636363636364
-495.98326898326894	-118	-532.8333333333333	-648.055341055341
-495.96271844660197	-119.92543689320382	-535.28	-644.7308737864078
-495.9523305084745	-120.06355932203391	-535.361581920904	-644.6754943502825
-495.80917813458774	-119.61835626917537	-535.0603520536463	-644.9953043237656
-495.71653483992463	-120.08715630885132	-535.361581920904	-644.4882109227872
-495.6679627783317	-120.07833167165177	-535.361581920904	-644.8638418079096
-495.5441176470588	-118	-533.8235294117646	-646.8529411764706
-495.50082417582416	-118.12527472527472	-533.8714285714286	-646.9763736263736
-495.5	-116.80000000000001	-533.15	-647.1
-495.4822262118492	-120.62841799370844	-535.6281169837157	-644.9591465704108
-495.4822262118492	-118.41180270078434	-533.4630295863063	-648.0722761674455
-495.4822262118492	-118.22344445475198	-533.0531512899288	-648.1808294179814
-495.4822262118492	-117.73398484617962	-533.2990387974318	-648.6232884398868
-495.3862801143324	-120.77613114208233	-535.6888210172941	-644.9141244121736
-495.3862801143324	-117.71798298855984	-533.2627419008796	-648.6703182897204
-495.38628011433235	-119.55048306082733	-534.6095671030714	-646.7741472172352
-495.3862801143323	-118.54133897826156	-533.4619440867743	-648.0009950315152
-495.3780466180466	-118.60444444444445	-533.3370370370371	-647.918426998427
-495.3142857142857	-120.96000000000004	-535.7371428571429	-644.6971428571429
-495.3130050933785	-118.37403508771934	-533.916038483305	-647.3511035653652
-495.2407619047619	-119.18933333333322	-535.28	-645.3794285714287
-495.2318267419962	-119.47758945386073	-535.361581920904	-645.2943502824859
-495.19420783645654	-121.07183468411964	-535.8103430208711	-644.823995592854
-495.19420783645654	-117.68594923916496	-533.1900799815205	-648.764466260503
-495.19420783645654	-117.51738138909607	-533.4272713913276	-648.1592273486782
-495.1942078364565	-119.66218883050362	-534.5690684425883	-646.9632503062473
-495.1942078364565	-118.72916903274651	-533.4424758659852	-647.9164111300397
-495.0822535211268	-120.96000000000004	-535.7352112676057	-644.8569014084507
-495.00000000000006	-118.60444444444445	-533.3466666666667	-648.0866666666667
-495.00000000000006	-117.41025904315606	-533.3401476433844	-648.3468050334152
-495	-230	56	-604
-495	-121.06666666666666	-535.7185185185185	-645.1481481481482
-495	-119.4250839360171	-534.2198779094579	-647.6856899488928
-495	-118.80430879712745	-533.6732495511669	-648.6277678037104
-495	-118.31843053516616	-533.2452956092352	-648.9362071266515
-495	-118.00000000000003	-533.4097435752772	-648.6757031227961
-494.88264878457676	-118.60444444444448	-533.1783672677313	-648.8222077214962
-494.88264878457676	-118.30835812118858	-533.3466666666666	-648.94408916822
-494.8826487845767	-121.05101983794356	-535.6541926671013	-645.3611188724349
-494.8826487845767	-118.60444444444443	-533.8259125926338	-647.8662888439542
-494.88264878457665	-118.93008738888281	-533.6991637333879	-648.6559995144225
-494.88264878457665	-118.43918760353662	-533.8105726872246	-648.9271798327832
-494.870169271597	-118.21899650313767	-533.6612788472817	-649.1470089730808
-494.8346766073774	-118.30797230802	-533.3466666666667	-648.9626112827068
-494.71096774193546	-118.60444444444445	-533.7450896057347	-648.2430107526882
-494.5733695652174	-118.54076086956525	-533.741847826087	-649.2934782608695
-494.3492378752886	-118.8034050330703	-533.7243257298084	-648.0866666666667
-494.3492378752886	-118.60444444444443	-533.428224198235	-648.8021568848567
-494.34923787528857	-120.97989838337182	-535.361804464973	-646.3291608929947
-494.34923787528857	-119.90058307295209	-534.2742185391478	-648.0866666666666
-494.3488318827302	-120.9798442510307	-535.361581920904	-646.3298976943043
-494.30683877218917	-120.04307194927017	-535.0603520536463	-646.731977306822
-494.2000000000003	-120.96000000000004	-535.2800000000002	-646.5999999999995
-494.20000000000005	-118.90949076836526	-533.6710298856062	-648.8308130316927
-494.2	-120.96000000000004	-535.28	-646.6
-494.2	-119.70746018440903	-534.3480153050898	-647.8873695694351
-494.2	-119.707460184409	-534.0178621781592	-648.6395763280696
-494.2	-118.80000000000001	-533.6	-649
-494.19999999999993	-120.96000000000001	-535.28	-646.6000000000001
-494.19999999999993	-119.70746018440906	-533.9572845977306	-648.4963929561472
-494.19999999999993	-118.80630359229394	-533.8105726872246	-649.1578892693753
-494.176933638444	-120.90118077803203	-535.2111853546911	-646.7326315789473
-494.13043478260875	-120.78260869565216	-535.072463768116	-647
-493.9414492753623	-120.30069565217389	-534.5086570048309	-648.0866666666667
-493.8754578754579	-117.67216117216117	-532.8919413919414	-649.5
-493.86806305854003	-120.11356079927708	-534.2897214579777	-648.5086374133949
-493.79370310840847	-119.9239429264415	-534.0678809400852	-648.9362071266517
-493.7890713937225	-117.60479752805333	-532.8076923076923	-649.5194503171247
-493.757041917725	-119.83045689019895	-533.9585083878799	-649.1470089730808
-493.73818589025757	-119.7366927958193	-533.8912280701754	-649.2002986188877
-493.688800561141	-119.41980360065457	-533.6978021978022	-649.2537993920972
-493.59914893617025	-118.84453900709224	-533.3466666666667	-649.3509219858156
-493.57326696406005	-118.67846301938533	-533.2452956092352	-649.3789607889349
-493.56173160173165	-118.60444444444443	-533.2001154401155	-649.3914574314574
-493.5391644908616	-117.40992167101825	-532.5639686684074	-649.5757180156659
-493.5171580054805	-118.31843053516616	-533.025535521465	-649.4397454940629
-493.51063829787233	-118.27659574468086	-533	-649.4468085106382
-493.46153846153845	-117.96153846153848	-532.8076923076923	-649.5
-493.19399538106234	-117.41570438799073	-532.5242494226328	-649.5658198614319
-491	22	-760	-284
-486	-558	15	-49
-485.2102564102563	-365.0923076923077	-332.7282051282051	-375.6051282051282
-485.1439393939394	-362.32575757575756	-331.6136363636364	-378.1060606060606
-484.26717557251914	-363.4351145038168	-330.99236641221376	-375.9465648854962
-484	-363	-331	-376
-483.87546699875475	-362.5902864259029	-330.8941469489415	-376.7409713574097
-474.1588618850029	-234.9893301719028	-453.46473029045643	-357.34617664493186
-470.15267175572524	-230.43426632739607	-449.85750636132315	-360.43143907266045
-469	-220	-601	-363
-461.4434389140271	-203.69230769230768	-118.85067873303166	-552.9502262443439
-460	-277	-419	-628
-459.8	-277.66666666666663	-418.6	-628.0266666666666
-459.23809523809524	-277.9047619047619	-418.66666666666663	-628.2857142857143
-458.6	-276	-419.3	-626.2
-458.21428571428567	-277.92857142857144	-418.3571428571429	-626.5
-456.5882352941177	-573.0588235294117	425.6470588235294	77.94117647058823
-455.71473592006123	-561.1729231572933	-55.85062860167231	110.52886429929285
-455.1042824435219	-561.3256826802433	-55.85062860167233	106.90965488458193
-454.74558496203355	-560.898986183418	-55.93014011763427	106.20312740457706
-454.7455849620335	-560.8989861834178	-55.93014011763424	106.203127404577
-454.3478224548829	-560.508827499992	-55.65180858632168	105.33371963441702
-453.8893241919686	-561.1508325171401	-55.947110675808034	110.41625857002938
-450.9708038113853	-559.4899828976302	-57	109.4401417053506
-450.2940047520558	-561.2497832293396	-55.93014011763424	109.71243942855213
-447.77394432991673	-558.2135479676999	-57.17416741674168	112.82468166171472
-447.4260127531883	-558.0744873718429	-57.19186046511629	113.19482995748943
-445.70321085090677	-559.7199638662438	-57.17416741674168	114.10755813953489
-445.62271714051076	-559.6024207109616	-57.22079699659771	114.6448320362911
-445.068582302569	-77.54968601332065	-630.4614272121789	-325.8799238820171
-444.5397030342156	-555.6862491930277	-51.44544867656552	99
-444.41888111888113	-554.8055944055944	-52.55174825174825	99
-443.4325091203891	-363.2934738548845	-94.69071747061207	-468.4560194568302
-443.3348101265823	-361.46816455696205	-96.08582278481015	-472.7813291139241
-443.15267175572524	-362.4342663273961	-94.85750636132315	-469.43143907266045
-443.06694951819355	-189.67057385301308	-441.58284193873146	-644.6081547533438
-442.8352	-195.57120000000003	-441.39200000000005	-643.3504
-442.4434389140271	-195.69230769230768	-442.85067873303166	-642.9502262443439
-441.70974413235854	-191.51505386687188	-440.3235138514814	-643.8203155059639
-441.65054168460324	-191.75625986511693	-440.96055746879034	-643.6954907447266
-440.83838408524366	-562	-50.2038955960702	108.1613715235349
-440.6888217522659	-75.48640483383686	-627.4954682779456	-328.04229607250755
-440.6295001028595	-193.2459713364877	-441.31680724130837	-644.8861345402181
-439.78137755102046	-72.77372448979591	-627.5211734693878	-327.3170918367347
-439.76807265071704	-193.04205948346706	-439.8763792832805	-646.0897515212514
-439	-10	-563	-415
-432.93220338983053	-442.5593220338983	-240.864406779661	-369.54237288135596
-431	-439	-239	-371
-413	-210	-567	-470
-412.43292682926835	-211.5548780487805	-566	-470.25
-412.43292682926835	-210.9111184355086	-566.3866457921335	-470.0137057789497
-412.43292682926835	-210.82014045110105	-566.3116823052333	-470.2224351764148
-411.98581560283685	-210.0721040189125	-566.7021276595744	-469.04137115839245
-411.5162374020157	-211.25811870100785	-566.452967525196	-470
-410.9868628481345	-212.26878612716763	-566	-470.6376773515502
-410.97848520634284	-212.28478049184724	-565.9928315412187	-470.6477689443379
-410.6141732283465	-212.98031496062987	-565.6811023622047	-471.0866141732283
-410.61417322834643	-212.98031496062993	-565.6811023622047	-471.0866141732283
-410.54878048780483	-215.91463414634148	-563	-471.5
-410.5	92.5	-568	-577.5
-409.875	95.375	-569	-576.375
-409.2338907601136	-215.3805176521831	-561.6344209919866	-471.50000000000006
-409	-541	202	-244
-409	90	-566	-579
-408.9139784946236	90	-565.9928315412187	-579.0143369175627
-408.8255813953488	89.41860465116278	-565.6511627906976	-579.0232558139535
-408.68518518518516	-216.0279931093885	-562.119437266724	-473.7331323571634
-408.68518518518516	-214.40677407498535	-563	-471.5447835886407
-408.68333333333334	89.45833333333334	-565.4888888888888	-579.0944444444444
-408.1655814209821	-216.96906959039842	-561.6344209919866	-472.720789246526
-407.52316564779096	-218.51374369644978	-559.1301775147929	-473.4275388885979
-407.4434389140271	-333.6923076923077	-267.85067873303166	-413.95022624434387
-407.1353383458646	-316.6992481203008	-284.203007518797	-607.6165413533835
-407	-220	-559	-476
-407	-219.31341329282984	-561.6344209919866	-473.4275388885979
-406.55980495680103	-219.09376461613175	-559.3085235702872	-473.42753888859795
-406.2189349112426	-224.5042829983124	-555.7958473073719	-475.1590156580437
-406.2189349112426	-219.7396449704142	-559.1301775147929	-476
-404.2307692307692	-224.75384615384615	-553.5461538461539	-478
-404	-370	50	-432
-403.1770491803279	-226.45573770491805	-552.9770491803279	-477.5868852459016
-403	-14.702662915182184	-728.0563158215664	-228.2818752776592
-402.93983152827917	-225.66305655836342	-553.447653429603	-478
-401.3852264844844	-524.1431020717997	-71.51729553574934	-129.72383420367245
-401.3852264844844	-518.7342495251509	-66.31116714154724	-130.06115767873564
-400.7165354330708	-221.11811023622047	-555.5511811023622	-478
-399.55967078189303	-227.74897119341563	-556.1728395061729	-478
-399.3820817732126	-524.2891982824885	-71.03367034671233	-131.59221502308847
-398.09726658200896	-313.56967265684125	-286	-602.1946951039622
-397.3575349228937	-523.2867017105684	-70.11486074405366	-134
-397.14836263987274	-516.6207974482442	-63.859225266972274	-136.03378323004733
-396	-38	-554	-628
-395.9332070000377	-522.5531555772304	-69.75498890422055	-135.33499968336284
-395.18766606098075	-522.169192962783	-69.56661993026168	-136.03378323004733
-395.0299479077234	-526	-69.99744125759332	-130.21045490716313
-391.07922757624976	-393.00063165493594	42.20528785417795	-449.0444865547735
-391.0060523233112	-525.2620070285045	-76.17825068332681	-117.60035142522452
-391	-317	-279	-611
-389.779157782748	-289.49534728032484	-546.186657486131	-490.3446652450268
-389.752187346597	-400.87020299731455	40.84961450723341	-449.88706650111175
-389.751982137975	-526	-76.20454752574503	-117.19260913150461
-389.44845262277454	-526.1786205042418	-76.2109122953758	-117.09392101804278
-389.4014616769553	-289.1168388000536	-545.762017740826	-491
-389.4014616769553	-285.00946591031976	-543.931002240473	-492.0977823169166
-389.4014616769553	-281.3247548282406	-539.5759221461813	-492.64091268950233
-389.3583124020015	-526.1712930923841	-76.20454752574506	-117.1830592142946
-389.13709662481773	-288.8519051335775	-545.4647949029795	-491.4586957715713
-389.12242931034507	-288.83720627164695	-545.4483045961257	-491.4841448053015
-389.0415281212822	-288.7561310748031	-545.3573482431434	-491.6245152250607
-388.82984505929494	-288.5439927104855	-545.1193552107846	-491.9918032786885
-388.1725253571236	-287.88525920038205	-544.380337607391	-493.1323086727207
-387.8303797261891	-281.2345825992027	-539.1150662181708	-494.57178311712244
-387.5234030683404	-283.43374860371154	-541.7841496161244	-495.472619428186
-387.52340306834026	-283.3277631223588	-542.0913375429856	-495.34602848513583
-387.34289761662507	-287.0538470401006	-543.4475958951512	-494.57178311712244
-387.28042427958354	-281.88051652581254	-544.706688716994	-494.57178311712244
-387.1348241392035	-286.84532602408876	-543.2136610806219	-494.9328082356004
-387.1108830045657	-284.01052924453074	-542.104517125158	-495.94183427671135
-387.1108830045657	-282.05446843691794	-544.8158049967719	-494.5717831171224
-387.0580033719181	-291.42716021913805	-542.4409480344361	-490.05460565240776
-387	-396	47	-454
-387	-284.1227825393662	-542.1073350607933	-496.027705800279
-386.999673254997	-286.70988444816635	-543.0617123679743	-495.1673064743365
-386.99377240876663	-290.9164005554342	-542.2875291928208	-490.336609749211
-386.9881275778612	-290.8715132955608	-542.2740462341958	-490.36139320819996
-386.7522754145525	-286.4619544876164	-542.783565587152	-495.5965626955737
-386.5197580672626	-286.228937026198	-542.5221487877254	-496
-386.50020708311405	-511.99999999999994	-62.71019725666329	-136.11037803203862
-386.30704727072646	-287	-543.8773324427873	-494.9328082356004
-385.6355029585799	-285.50414201183435	-542.1420118343195	-497.08441814595665
-385.5592757089171	-285.68026089829914	-542.7395759879655	-496.49530955736657
-385.559275708917	-285.6810917562649	-542.7759201046292	-496
-385.559275708917	-285.6032114793304	-542.2757772463273	-497
-385.559275708917	-284.0173277232046	-543.1898654889993	-496.00000000000006
-385.559275708917	-282.21220452107605	-544.2958352003303	-494.5717831171223
-385.55927570891697	-285.6032114793304	-542.2757772463274	-497
-384.8112296239117	-287.68490065929547	-544.8158049967719	-493.1323086727207
-384.80487364331384	-526	-74.00000000000001	-120.50191768052011
-384.3348101265823	-392.46816455696205	46.91417721518985	-451.7813291139241
-384.0088568685541	-293.20030527243546	-541.3196809190554	-490.7721753859073
-384.0088568685541	-290.9164005554342	-539.0389277811886	-493.45240282991267
-383.9906949434868	-286.5244480964207	-542.3326603709856	-495.5965626955737
-382.9751434718706	-291.48056821227544	-543.8737864434427	-490.47964718998537
-382.79123528139206	-291.00949909618646	-539.6894063989704	-491.0059893253991
-382.7894736842105	-393.4753228539555	42.85118767629393	-455.6890299985279
-382.7122235031827	-399.1692108934475	36.95237497124248	-444.0789837105829
-382.28607809847205	-293.5725943370393	-540.5370776055644	-491.4841448053015
-382.28607809847205	-291.4805682122755	-542.0289030432416	-491.70672178213425
-382.28607809847205	-289.11683880005364	-546.7965115574564	-490.3446652450268
-382.28607809847205	-288.23451997874537	-546.0170814499457	-491
-382.2860780984719	-293.5725943370393	-540.5370776055652	-491.4841448053013
-382.12442148538616	-293.5725943370393	-542.4621889848894	-490.91153405073896
-382.12140175219025	-500.1230705047977	-389.36065915727994	-215.1436517869559
-382.1159565840122	-293.5725943370393	-542.2921075865588	-491.2199561004935
-382.1082870488043	-293.5725943370393	-542.3198061180385	-491.2034981498319
-382.0059868485622	-501.00000000000006	-389.74232014918044	-214.2310334674649
-382	-286.8230253208732	-542.2453759354764	-495.16730647433656
-381.95646731193165	-293.5725943370393	-542.7912051203067	-490.6682765217859
-381.33001974497193	-498.7211779602897	-388.2504190706438	-217.92190837435487
-381.3173381620643	-504.3023992756904	-389	-210.32940998943715
-381.0268704940738	-291.7613255360624	-544.3964853556486	-490.44687257682796
-381	-506.10531432274786	-391.1359364873623	-214.0597321235688
-381	-505	-391.19208844901027	-213.52256117932012
-381	-505	-390.6803623653613	-215.76028960696198
-381	-505	-390.4950059453032	-216.64673008323425
-381	-504.2996525882839	-390.1073249297856	-218.21229384908224
-381	-497.06560044893376	-389.03198653198655	-220.88184624017958
-380.886564167315	-290.9164005554343	-542.8508360098436	-493.3098735263719
-380.7000802855999	-291.4805682122755	-545.1771799870046	-490.3052234028483
-380.4446581284262	-293.5725943370393	-543.9400933048803	-491.58120096088595
-380.11802236845404	-285.3014486951735	-546.2597267745891	-491.6245152250607
-380.00000000000006	-498.60926725620186	-389.363258023849	-221.6135605786256
-380	-508.46497827175455	-391.69548312120224	-216.96906120380044
-380	-501.1069694529805	-390	-221.26607980576472
-379.9155435042667	-508.4539656346255	-391.69850958642627	-217.2125081451924
-379.6352104924021	-292.1282039566526	-544.8798875159454	-490.4900642318191
-379.62519747622207	-285.3014486951735	-544.9583448628615	-492.19946790097003
-379	-522	89	-244
-379	-509.60605624985504	-392.299682348304	-217.9079830276612
-379	-261	-594	-218
-378.99860413177	-261.26754987056495	-591.7398609207654	-226.12958733059236
-378.9677054192155	-291.7613255360624	-545.796382169369	-491.0950614170817
-378.763117870423	-285.3014486951735	-544.9583448628616	-492.0611690657015
-378.7615286411512	-291.7613255360624	-546.3352818552146	-490.67207866018816
-378.74047822429725	-510.09593176794317	-392.5544832712785	-217.83212592674704
-378.697046084543	-510.06628437637494	-392.4983409357203	-217.92190837435487
-378.56237114632995	-511	-391.94131436713445	-217.04160331775813
-378.558942582398	-510.21811272143844	-392.6108140225788	-217.75194175794996
-378.4430490607341	-504	-388.8059258671202	-218.2696326124539
-378.1152703505645	-511	-392.6108140225787	-210.1782531194296
-378.1152703505645	-510.4818091315417	-392.5544832712785	-216.80915648575396
-378.0542199542109	-500.99149909691164	-389.99999999999994	-223
-377.97037037037035	-511	-392.55555555555554	-210.26666666666665
-377.8880285325086	-502.4526954156309	-390	-219.2492612024637
-377.7238491870099	-286.3766780381906	-544.4600372158966	-493.9595055602322
-377.56962025316454	-288.43197230977023	-542.300641668452	-494.9328082356004
-377.56962025316454	-287	-542.0283066578619	-494.9836056145835
-377.5503922904211	-512	-392.659661780906	-214.5289529671956
-377.4405034420882	-287	-544.9583448628615	-493.1323086727207
-377.07494611930383	-291.76132553606243	-546.5789808831297	-491.6228707179176
-376.9821080058853	-288.43197230977023	-539.0389277811886	-495.3002422402236
-376.91473714409665	-513	-392.72167292930567	-212.50430687630762
-376.83968707314045	-286.1853967465541	-538.8230473115609	-497
-376.68497438117566	-288.15661765453217	-538.400805298766	-496
-376.62759825846575	-291.4805682122755	-546.41526447428	-492.0660386615132
-376.6192468619247	-288.8033472803347	-537.6359832635983	-495.6108786610879
-376.58760107816715	-288.9784366576819	-537.5808625336927	-495.2654986522911
-376.5425000278678	-291.42716021913805	-546.3841209773894	-492.1503417534898
-376.39275819252987	-288.43197230977023	-539.5362735674446	-496.3302163307858
-376.34495735072755	-289.1472654290015	-537.6675865529353	-495.3855995985951
-376.0442098706319	-500.6615266411508	-388	-223.7449787245673
-376	-290.9164005554342	-546.1733441491454	-492.79513925336954
-376	-288.43197230977023	-543.4197292985666	-494.75091538716435
-376	-287.325947239421	-543.462614663526	-494.9328082356005
-376	-287.1568254259442	-542.5528216652526	-496
-375.8397226801232	-287.655320905488	-542	-495.16730647433656
-375.7286753344336	-290.9164005554342	-546.0862846224938	-492.9565622530379
-375.6571537106612	-290.8715132955608	-546.0601097719488	-493.02741559493256
-375.49763070427593	-507.98409989220266	-390.2797565576716	-223
-375.4193681922768	-288.1305009925405	-543.8646854333131	-494.9328082356004
-375.13601190476186	-288.2184523809524	-542.5565476190477	-496
-375.0151099576709	-287.47041596894826	-538.4008052987662	-497
-375.0072226276018	-289.3104122092089	-540.4614813807091	-496
-374.87111308056393	-289.26664389270184	-542	-495.59656269557365
-374.77130263042545	-289.2460434924013	-542.2757772463273	-495.5965626955737
-374.6356483730792	-289.3327203357543	-542.5277298147892	-495.59656269557377
-374.36685587067683	-288.43197230977023	-544.1528598157009	-493.4910596934994
-373.1966554507335	-289.00735556543765	-535.4374614710749	-497
-372.41055408970976	-507.6263852242744	-394	-217.24306068601584
-372.07922757624976	-385.00063165493594	-281.794712145822	-539.0444865547735
-372	-387	-278.165873015873	-535.2073412698413
-371.99428301998	-516.0183591677963	-388.42629810809217	-208.50188601402724
-371.99428301998	-511	-393.4396754434185	-213.12962840596336
-370.9505581614759	-263.02578780786934	-594	-217.53806889931764
-370.5115313344638	-391.85389610389615	-277.52875358510016	-529.7804787608635
-370.20630112087247	-392	-277.54256285973946	-529.7264465313541
-369.93140613311925	-507.63491632443726	-393.580972958296	-217.83212592674704
-369.5695415938046	-508.81510741943544	-394	-216.65213589807647
-369.38961038961037	-391.8538961038961	-282.17207792207796	-528.7694805194805
-369.10732129131435	-509.21800538047654	-394.1506533435819	-214.858954650269
-368.96425587239185	-261	-586.0999391334879	-226.80409262135356
-368.78545048656565	-513	-390	-216.49821142022398
-368.6151681360021	-380.93581828102117	-279.9248485196565	-541
-368.5234030683403	-389.27960948396094	-279.39648535564857	-532.2822315202231
-368.417120867555	-388.1156661717446	-282.17207792207796	-531.6264354314281
-368.3263398782144	-510.0959317679431	-394.0651957582045	-212.5374284867011
-368.316212665786	-389.99999999999994	-282.17207792207796	-531.1492185261307
-368.1088858437862	-386.12659428691893	-282.6689153578581	-536.3967534520923
-367.9762071621365	-256.0197625699287	-586.3039897758931	-234
-367.52210333231426	-511	-393.97719351880164	-210.14677468664019
-367.3027746531684	-377.2748406449194	-275.80164979377577	-544
-367	-385.94592569741303	-282.2863690449958	-536.7056542241418
-367	-279	-449	-555
-366.8750378948645	-379.77305880213	-279	-543
-366.63836940914655	-389.07990185242954	-282.17207792207796	-533.7136423444056
-366.5845584587995	-379.77344682669855	-279	-543.339983489268
-366.41606660384775	-382.93667515837785	-278.0778231992029	-539.9210810991616
-366.2131890519126	-255.9590055430818	-587.3996535766516	-229.5999442147455
-365.5040191396895	-390	-277.34308039742655	-531.746725913208
-365.4325091203891	-386.2934738548845	-275.69071747061207	-537.4560194568302
-365.15267175572524	-385.4342663273961	-275.85750636132315	-538.4314390726604
-365.0526315789474	-388.04565280604834	-282.9197441116604	-532.594649607444
-364.89498492249095	-379.5461792079004	-277.0767937501471	-546.0974880382776
-364.7852075047473	-386.3935507319329	-282.2110825899444	-535.4850993377484
-364.7492279265767	-386	-277.0901020351232	-538
-364.6109244318075	-387.6696479544881	-282.4764011114469	-533.4443009669749
-364.54524142349584	-386.1573184227386	-281.96035004950784	-536
-364.4086321700762	-386.1288247091857	-277.1093140794224	-539
-363.63744422705895	-389.27960948396094	-282.51838922430886	-531.5250511825687
-363.4663362247005	-380.67616687319287	-277.54068566707974	-545
-363.14495945638964	-381	-277.586208258847	-545
-362.8877599457319	-382.1894305232985	-279.41190352786583	-542.0424223784081
-362.81125027311623	-390	-282.2840760919362	-530.9006138947427
-362.4279774170232	-381	-277.7030806448828	-545.8717557251908
-361.8559517407084	-382.93667515837785	-275.7619261258068	-542.8209207298834
-361.7600924081508	-383.24	-275.53107769898065	-542.4539499247724
-361.5235732367221	-383.9884105960265	-274.96149227436206	-541.5485020309937
-361.4657890164025	-384.25366953879336	-274.78225523645847	-541.2220340796914
-361.1601299765923	-383	-277.86735671463424	-545
-361.00989086482934	-384.38643014228285	-275.80164979377577	-540.4357585464438
-361	-289	-439	-557
-360.79517498455033	-384.25366953879336	-277.74477565528184	-544
-360.327868852459	-481.5737704918033	-430.655737704918	50.37704918032787
-359.49726439155063	-389.27960948396094	-278.21655895939546	-533.4443009669749
-359.25	-187	-484.5	-524
-356.9268607259529	-390	-276.38832719647405	-538
-356.5234030683403	-118.27960948396097	-611.3964853556486	-401.28223152022315
-356	-504	-295	-282
-354.71875	-120.15625	-614.1875	-400.40625
-353.8275862068965	-119.58620689655173	-613.448275862069	-405.1379310344828
-352.37574875440856	-121	-613.8027207076079	-400.7453955102726
-352	-180	-480	-529
-349.41216264820787	-125.36443651636813	-614.3210540563841	-396.3087324093664
-349.0434782608696	-120.60869565217389	-611.1304347826087	-402.8782608695652
-348.8739375312615	-125.36443651636813	-609.6655482655432	-397.94139665497585
-348.3305720172476	-117.74502432082244	-602.0314790033773	-407
-347.5064425793715	-118.69974144936099	-602.2501157067923	-405.181795580036
-347.24401270591716	-118.699741449361	-602.3200118194577	-407
-346.97454936211443	-125.36443651636813	-611.3964853556486	-399.4016929881674
-346.8296131004039	-121	-602.1084368634235	-402.15792996288326
-346.539367258417	-120.99999999999999	-601.7849433856247	-402.74001810084224
-346.03017708613686	-121	-607.5855629109485	-403.38919165024026
-345	-114	-608	-413
-344.54805591175096	-121.03329003597649	-604.5206677947982	-407
-343.4494301191084	-125.36443651636813	-611.5911537613925	-405.49342055954503
-341	-121	-609	-407
-334.2256222191942	-357.34293297628426	-449.73980840210675	-488.9097167503007
-329.8140313380315	-358.8932364164881	-450.0187184682938	-493.45240282991267
-328.1828442979714	-361.5577764932444	-446.18419195318074	-493.45240282991267
-326.3702960143851	-369.9812814546174	-448.77947398987806	-480.28223152022315
-325.86366160406135	-370.5057430112648	-447.96202531645577	-480.28223152022315
-325.8194391420539	-362.42182348245586	-443.4830979071947	-488
-325.49886955329777	-369.9812814546174	-449.29991829149805	-477.89722674291045
-325.1603347179877	-370.41029614855853	-447.96202531645577	-480.5063278213531
-325.1603347179877	-369.9812814546173	-441.15754734172003	-483.53046033527494
-325.0593732820231	-359.38427707531605	-450.7960417811985	-492
-324.72084990546716	-370.41029614855853	-443.06695040676124	-483.2077614757815
-324.56962025316454	-380.0069003765573	-351.45146409852373	-542.9480865082048
-324.56962025316454	-379.2650660429279	-351.80049532195926	-543.339983489268
-324.56962025316454	-379.2648186465433	-351.45958191333983	-543.5939964703018
-324.56962025316454	-370.4102961485586	-441.2719009617824	-483.30697123331873
-324.56962025316454	-370.41029614855853	-444.0807688168443	-481.2343194578327
-323.9754269797641	-359.9271619827392	-448.3372772629174	-493.45240282991267
-323.38299401826004	-380.89870395634375	-354.2974079126876	-542.1470511071466
-323.26575373374214	-362.24189499733467	-451.31905003995826	-488
-321	-381	-357	-544
-321	-379.36778846153845	-353.49495192307694	-544.826201923077
-321	-379.36698499317873	-354.2974079126876	-545.394270122783
-320.56068702290077	-380.7849236641223	-357.47557251908404	-543.0534351145038
-320.04001757742265	-380.97930049666985	-357.47557251908404	-543.266278347196
-319.8453816112906	-364.3193928295879	-450	-491.4841448053015
-318.8293328955281	-370.41029614855853	-443.1029569629069	-488.94565911657264
-318.54545454545456	-384.2215909090909	-357.2556818181818	-542.1420454545455
-318.4646153846154	-383	-357.3076923076923	-543.0646153846153
-318.26354895104896	-383	-356.78583916083915	-543.0817307692307
-318.23434747226247	-384.98940512132395	-357.7109743050293	-543.2346052088468
-318.00307692307695	-381	-356.53846153846155	-544.603076923077
-317.8	-380.12	-356.20000000000005	-545.28
-317.70103092783506	-379.78350515463916	-355.680412371134	-545.6082474226804
-317.6180189778592	-384.989405121324	-358.113621199347	-543.3464824811592
-317.6069315300084	-381	-356.15807269653425	-545.7497886728656
-317.4395604395604	-380.27472527472526	-355.87912087912093	-546.3076923076924
-317.4178520625889	-386	-358.9150071123755	-543.3705547652916
-317.18931297709923	-381	-356.5213740458015	-545.612213740458
-316.89473684210526	-381	-356.2894736842105	-546.0974880382776
-316.42857142857144	-387	-359.4761904761905	-544.7619047619047
-316.212213740458	-383	-357.47557251908404	-545.8717557251908
-316.1707317073171	-387.1463414634146	-359.6341463414634	-545.219512195122
-316	-386.99999999999994	-359.44444444444446	-545.6666666666667
-315.3283084535391	-384.989405121324	-357	-546.077357989489
-312.25	166.5	-589.5	-558.5
-310	169	-587	-560
-309.327868852459	-146.5737704918033	-580.655737704918	-455.62295081967216
-308	-141	-580	-457
-303.62605042016804	-542.2549019607843	-86.0840336134454	70.77310924369749
-302.7894736842106	-487.421052631579	-92.47368421052634	-592.4210526315791
-302.7246770166106	-487.4024535881012	-92.48268374769296	-592.4850993377484
-302.6	-487.3666666666667	-92.50000000000001	-592.6083333333333
-302.5727272727273	-487.5	-92.49090909090908	-592.4181818181818
-302.54098360655746	-487.34972677595636	-92.50819672131148	-592.6666666666666
-302.45989698307574	-487.3370125091979	-92.53642384105962	-592.4841795437823
-302.39839999999987	-487.30879999999996	-92.52800000000003	-592.8076000000001
-302.33774834437077	-487.2913907284768	-92.53642384105962	-592.8675496688743
-302	-487.7086092715232	-92.53642384105962	-592.41059602649
-302	-487.1997541451592	-92.47368421052632	-592.8776609999651
-302	-486.98275862068965	-92.56896551724137	-593.1465517241379
-301.9619360029709	-487.7143652905861	-92.53642384105963	-592.3868292381012
-301.87190632318504	-487.15767681498824	-92.60112412177985	-593.328
-301.8474411437509	-487.55580290287764	-92.5	-592.4850993377484
-301.33333333333337	-487.5	-92.5	-592.6666666666666
-301.33333333333337	-486.9884105960265	-92.64355855117302	-593.2133551707668
-301.26200331125824	-487.4408112582781	-92.5364238410596	-592.6833609271523
-300.395072591289	-485.98020237571495	-92.73119225692916	-593.3479982402112
-300.34038517835273	-486.9884105960265	-92.82686476067687	-592.9573365019346
-300.23526567552767	-487.68699362544044	-92.53642384105962	-592.7185709415131
-294.51169241912123	-208.53235876388214	-568.7613387252536	-472.1212168034766
-292.9530278993824	-208.84624938947144	-568.7595807553672	-469.0582725811793
-289.0110242657715	-208.85508664577424	-564.444699062318	-473.685523528756
-287.88144479031905	-204.8046363107685	-562.5695589824771	-476.3368246777061
-287.5841656911273	-206.2463156065541	-564.0490071757672	-481.590603175815
-286.6457856130743	-199.0967754484685	-569	-469.1796006147683
-284.41841004184107	-308.1924686192469	-365.02092050209205	-494.92468619246864
-284.3110542714713	-200.76777996518356	-570.1157662115138	-463.92460817470675
-283.50281275043153	-203.0146574382537	-565.9928315412187	-477
-283.4461163425294	-203.19241668495704	-565.4907407407408	-477
-283.30885311871225	-303.9255533199195	-360.70321931589535	-497.5432595573441
-283.2523678183788	-207.67393521213071	-570	-464.46522484786976
-283.2523678183788	-202.902616305406	-572	-468.9707657020402
-282.61540287735625	-205.7576563316082	-568.8813731541712	-467.65624614215847
-281.62084908145584	-204.74006171292197	-567.9753610595335	-477
-279.92094240837696	-207.58551483420592	-568.8080279232111	-468.9282722513089
-276.9527672158851	-225.20473172792566	-586.1011406844107	-386.22087029995777
-276	-219	-612	81
-272	94	-585	-487
-268	-457	-265	-539
-265.54545454545456	-460.2215909090909	-265.2556818181818	-537.1420454545455
-264	-218	-580	-394
-254.9971052761278	-271.2481852379161	-564.6754851332512	-393.235715501674
-251.6283001597358	-277.8684064109697	-564.4808047813056	-403.75395301254554
-250.00742833228708	-275.90782590500106	-567.7621887424148	-389.01841389412016
-249.7787901467574	-581.5224688333351	54.51365949441541	55.00502887691421
-249.77879014675736	-583.7341772151899	54.38812057314543	55.704033928823236
-249.66838046272494	-583.0000000000001	54.385604113110574	55.59897172236504
-249.03742539119213	-277.85142764962086	-565.3853847394741	-385.43636070333923
-248.5315092597756	-583.7341772151899	53.197420026394525	56.35759028978234
-248	-584.6899224806201	52.6046511627907	56.20930232558139
-248	-583	56	54
-247.7722730003514	-277.96722197242485	-561.7363437479927	-398.1966417163217
-247.62605042016804	-586.2549019607843	53.915966386554615	53.77310924369748
-246.42372881355934	-279.2542372881356	-558.8474576271186	-393.6101694915254
-245.68882175226585	-278.4864048338369	-559.4954682779456	-399.04229607250755
-243.5696202531646	-583.7341772151899	55.03797468354429	53.03797468354432
-236.27226643553172	-283.46902004044864	-561.4381451422269	-393.9926325742652
-233	-247	-603	-132
-207.25	-387.25	-563	-290.75
-205	-391	-560	-293
-204.71638247355926	-391.1851931793654	-560.0530973451328	-292.49298510684224
-204.68333333333334	-391.54166666666663	-559.4888888888889	-293.09444444444443
-204.68141592920352	-390.89380530973455	-560.0530973451328	-293
-204.67469879518072	-391.2530120481928	-560	-292.5301204819277
-204.0986452801539	-391.60172775960143	-559.1301775147929	-293.42477876106193
-204.0626399402921	-392.25413157053	-559.2123893805309	-293.0899882716708
-204.04295621571265	-392.86999275437324	-558.1185177517856	-293
-203.8590822295053	-392.4868995748253	-557.8583245157865	-293.42477876106193
-203.8351273219833	-391.80912883096073	-558.7763270716667	-293.42477876106193
-203.81227173119066	-392.7246165084003	-558.6128560993426	-293
-203.716109584183	-393.1964713183793	-557.7615036794043	-293
-203.59673757117585	-393.0161889339681	-558.6128560993426	-293.51616253179265
-201.5309734513274	-392.4424778761062	-559.2123893805309	-293.42477876106193
-201.53097345132738	-392.4424778761061	-559.212389380531	-293.42477876106193
-184	-377	-376	-452
-166.7722730003514	-196.96722197242485	-647.7363437479927	-361.1966417163217
-166.2769784172662	-64.52086330935252	-747.1	-330.4446043165468
-166.15267175572518	-195.43426632739607	-645.8575063613232	-362.43143907266045
-166.07095293493927	-64.73578292106117	-747.1326536860217	-333.9455771899637
-166.04199999999997	-65.43577015431029	-748.3698107844108	-332.5290998442059
-166.04199999999997	-64.704	-747.1	-334
-165.67347725622386	-65.32480004401118	-749.0993811055209	-332.3536715172114
-165.67347725622386	-65.22911776824323	-749.0240589179707	-332.5063278213531
-165.67347725622386	-64.70400000000001	-749.3842469458109	-331.4801988491388
-165.55040535631997	-65.27052469817849	-749.3294760580255	-332.3225523305079
-165.52340306834031	-65.27960948396094	-749.3964853556486	-332.28223152022315
-164.93853107089214	-63.689891450495644	-746.3518267896666	-335.610370551547
-164.5769882950753	-65.20954318411728	-749.8946751526701	-332.2937336507134
-164.14389588030434	-64.54326759605576	-748.0219352859252	-334
-164	-65.27960948396094	-749.8946751526701	-332.3225523305079
-164	-65.22911776824321	-749.563430551139	-332.4178420754614
-163.7769707563653	-62.76738774263593	-745.9291687139291	-336.96452506015993
-163.65327185855523	-62.66914687605255	-745.8841582762742	-337.10873403328435
-163.53054570703893	-62.57167855829993	-745.8395017927547	-337.2518089725037
-163.44209361932118	-65.27960948396094	-749.5178853116967	-332.3783852081349
-162.96470717130688	-62.12229324379275	-745.6336095771724	-337.9114671880313
-162.90363914456566	-62.07379341094214	-745.6113886951839	-337.98266068759347
-161.9948243792565	-64.70400000000001	-747.5225963922082	-333.9455771899638
-161.9618609968556	-65.22911776824321	-748	-334.32179734848523
-160.6068494558782	-64.54326759605576	-746.296209526813	-337.014940183563
-159.65030272452069	-62.72063572149345	-747.1	-334.6316347124117
-158.23520171157864	-64.54326759605576	-746.5502902126066	-337.01494018356294
-157.60323931803742	-65.22911776824321	-743.8672471193732	-334.5063504045705
-157.34558823529412	-64.54326759605576	-745.4431740904454	-337.9114671880313
-156.95069090810856	-62.67165993543421	-748	-336.4026109977983
-156.57490246157315	-65.27960948396094	-745.0806443074868	-337.6175410046681
-156.21935331075412	-65.27960948396094	-745.3464681364641	-336.43953707861874
-155.82006726154697	-65.27960948396094	-748	-333.9455771899637
-155.6819860103388	-64.54326759605576	-745.6061405301657	-337.8311232223675
-141	-294.5092084886437	-600.443158577438	-326.6216835163749
-141	-294.4967604267701	-600.4976915615907	-326.55786614936954
-141	-294.4167871079875	-600.4092335041651	-326.6470702524807
-135.19152276295134	-346.3956043956044	-581.2260596546312	-511.3657770800628
-133.00754804376984	-303.47081566049434	-607.5888409571871	-333.1501631835139
-133.00000000000006	-32.10511754607495	-583.3391314217613	-613.2738532695828
-133	-32	-584	-613
-132.68882175226585	-302.4864048338369	-605.4954682779456	-335.04229607250755
-132.68333333333334	-32.54166666666666	-583.4888888888889	-613.0944444444444
-132.37078602332372	-349.3960007831166	-579.5744260557881	-508.1570565484277
-132.37078602332372	-347.0977927512603	-581.0652943217858	-507.4385322160632
-132.37078602332372	-346.8914275776697	-581.1007311491267	-507.939023056583
-132.37078602332372	-342.8858468020542	-580.1723842220648	-511.3708209871312
-132.37078602332372	-340.4648797914758	-579.011389012408	-512.8051799802527
-132.37078602332372	-339.4483553228907	-577.4152166413921	-515.1792730937996
-132.37078602332372	-32.20617315119924	-582.9345429871466	-613.4340246182701
-132	-303.82416434980126	-601.9517743189679	-331.69807981323146
-131	-347.86072423398326	-578.8698404659408	-513.2524689794884
-131	-32.42632975327385	-582.0531191918618	-613.7829689428656
-130.54545454545456	-35.22159090909091	-584.2556818181818	-611.1420454545455
-130.52270363951476	-301.31815169906383	-605.6528918196585	-338.2424434303448
-129.14449183397483	-305.2977218350151	-604	-336.5585145115989
-128.19889958734524	-32.876203576341126	-580.2519944979367	-614.4960110041266
-127.10928726827426	-304.5509829210146	-606.8602806112478	-337.23699534920075
-126.2906289001031	-305.39422920397203	-607.5888409571871	-339.8459628845841
-124.98741328139204	-350.34515778086654	-578.3704252178175	-508.3454259112581
-124	-351	-578	-505
-122.17053571428572	-520.2276785714287	-449.44732142857146	-59.58348214285715
-122	-307	-607	-335
-122	-134	-742	-261
-121	-523	-450	-58
-121	-351	-580	-514
-120.327868852459	-320.5737704918033	-622.655737704918	-245.6229508196721
-119	-315	-622	-247
-113	-403	-339	-378
-112.80000000000001	-403.66666666666663	-338.6	-378.0266666666667
-109.12278106508877	-526.4127218934912	-84.00000000000001	7.711538461538474
-102.03083700440537	-377.6255506607929	-607.9052863436124	-256.5814977973569
-102.03083700440527	-377.625550660793	-607.9052863436124	-256.58149779735675
-101.95474637569164	-377.90777204208007	-608	-256.25011076422163
-101.38058311239811	-379.11460597301806	-608.4757051187946	-254.90276249230232
-100.48308577162642	-379.2468594109721	-608.4757051187946	-255.67120779813794
-100.44376899696049	-378.677811550152	-607.1686930091186	-257.8571428571429
-100.44376899696049	-370.6557816091915	-602.450098485349	-262.5122291437286
-100.35373120751682	-378.6405915853195	-607.0998425078881	-258
-100.35373120751682	-370.66891478144714	-602.7280398937133	-262.8062366845178
-100.3537312075168	-371.23596549792165	-606.447931212623	-258.8690465915108
-98.51559015128353	-377.8807379072937	-605.6942445491187	-260.91645964527123
-98.50497057682266	-377.8763479706858	-605.6861239252228	-260.93330903790087
-98.45033217551963	-375.6967835725967	-604.7544654255804	-260.9384705636095
-98.20717985920537	-377.75324676944985	-605.4584079817679	-261.4057943282555
-98.01964152710626	-377.67572187497393	-605.3150003276623	-261.70334928229664
-97.6134835246712	-377.50782363290847	-605.0044176021285	-262.3477739414864
-96.66485760255563	-375.55251468861	-606.6266061063806	-260.91645964527123
-96.46264033605908	-369.68404005938135	-605.1483960810651	-264.5741511049804
-96.1526717557252	-375.4342663273961	-603.8575063613232	-262.43143907266045
-95.99999999999999	-379.2049627513271	-607.9052863436124	-258.1320874092986
-95.8136058586001	-379.2874993451492	-607.9052863436124	-258.24587502166037
-95.55414606896964	-376.43062200956933	-604.3312486857451	-264.4716755729905
-95.1894701953539	-375.69678357259664	-604.4950459443351	-264.60730656546974
-95.12169520588483	-377.6255506607929	-607.1686930091186	-259.4088631619861
-94.77110666908958	-369.4657847384859	-605.6546092694654	-264.81238997094493
-94.44867141763962	-375.3143938798267	-607.0998425078881	-260.1910846754541
-93.91198127202995	-378.677811550152	-604.170582087352	-259.42994479436453
-93.33514011599546	-369.94883191500895	-605.9713805626321	-265
-93.29988903668648	-378.6405915853195	-604.5411676984933	-261.4676389542963
-93.2511013215859	-369.04669603524223	-606.126872246696	-265
-93.2429006174396	-369.2824488056775	-606.0973908828468	-265
-89.71516407602118	-379.16914214827534	-607.1686930091186	-259.01415580942194
-79	-374	-512	-326
-79	-162	-733	-474
-78.8873417721519	-164.44177215189873	-734.1848101265823	-473.1025316455696
-78.68333333333334	-162.54166666666666	-732.4888888888888	-474.09444444444443
-66.04725022693216	-116.91271840540556	-602.3023058454498	-514.792973428797
-62	-131	-588.8269047386842	-522.1561121766739
-59.72794117647058	-116.24632352941177	-606.3235294117648	-518.5551470588235
-59.72794117647058	-114.5461289582745	-604	-520.007600192493
-58.554313301994654	-117	-604	-519.0123237199848
-58	-118	-592	-526
-53.58248732603076	-124.07762402197656	-600.3424465830384	-527.1838605048764
-52.39622641509433	-131	-599.2264150943396	-527.3584905660377
-52	-128	-582	-528
-48	-127	-595	-530
-45.78770949720672	-131	-592.608938547486	-531.8994413407821
-34	47	-605	-594
-30	-202	-594	-446
-29	-203	-600	-447
-28.433334334845597	-203.50914881471022	-605.2067622109386	-447
-28.41604714874498	-204.43637561567192	-607.5888409571871	-443.735126583003
-26.421936241867883	-205.4759316517494	-604	-447.19491306870214
-25.523403068340315	-199.27960948396094	-595.3964853556486	-451.28223152022315
-24	-187	-592	-460
-22.432509120389142	-196.29347385488447	-591.6907174706121	-456.4560194568302
-22.297265437009912	-189.85610893529315	-601	-449.5816949883089
-22.15267175572518	-195.43426632739607	-591.8575063613232	-457.43143907266045
-21.93961394448658	-190.32989033417678	-600.3424465830384	-450.48944840899907
-21.423728813559336	-198.25423728813558	-590.8474576271186	-451.6101694915254
-20.719035856789986	-197.95687030274775	-601	-448.96583569776
-20.719035856789986	-195.7258639549973	-600	-452.2573689831644
-20.688821752265852	-197.48640483383684	-591.4954682779456	-457.04229607250755
-20	-236	-643	-228
-18.04347826086959	-201.60869565217394	-595.1304347826087	-452.8782608695652
5	-294	-623	-239
218.8612836438923	-209.90260499763377	-662.0593885123506	-288.11063961550167
218.86128364389234	-225.59316770186334	-665.5703933747412	-289.8850931677018
220	-222	-659	-290
221	-223	-665	-291
224.47659693165969	-219.27960948396094	-660.3964853556486	-295.28223152022315
235.65964096764847	-225.5931677018633	-652.2535729913112	-291.18274394367313
236	-223	-645	-299
238.0461986505783	-220.6109316800356	-652.490290780727	-297.052979411043
