49	409	431
71	230	366
77	270	272
78	291	248
84	210	314
90	276	221
91	282	215
108	136	358
111	148	323
113	122	421
117	245	189
122	168	263
123	270	170
124	255	174
129	109	393
130	186	223
134	107	378
139	118	326
146	119	307
162	98	348
166	86	411
169	204	159
171	95	342
178	272	120
179	100	310
181	170	179
184	365	98
193	154	185
197	131	216
199	371	92
203	155	176
211	207	127
222	151	166
234	156	153
247	74	314
265	61	461
274	196	108
305	164	116
308	91	208
311	136	137
316	156	119
320	127	144
337	56	362
354	140	123
354	462	57
381	475	55
395	52	430
