-566.2727272727273	361.27272727272725	370.3636363636364	68.81818181818183
-566	378	379	63
-561	379	370	82
-539.7344224756705	263.7498348672333	-1.2934959707604818	-152.97815843938525
-513.5971074380166	349.349173553719	-248.986914600551	99.29476584022038
-504.73442247567044	113.74983486723326	30.706504029239497	96.02184156061473
-499.73442247567044	103.74983486723326	-82.2934959707605	-155.97815843938525
-494.73442247567044	-63.25016513276674	198.70650402923948	-75.97815843938525
-490.73442247567044	75.74983486723326	141.70650402923948	-81.97815843938525
-480.4268656716418	18.937313432835808	-342.6985074626865	-126.65373134328358
-478.33927624836554	13.041629854754916	-346.7545676220094	-133.24483160759092
-450.73442247567044	76.74983486723326	-2.293495970760489	-362.97815843938525
-436.51967993079586	89.83866782006922	-362.90960207612454	-14.169117647058826
-424	-145	173	-213
-421.73442247567044	3.749834867233247	-93.29349597076049	-60.978158439385254
-421.675153643547	-78.12115891132572	-180.44951712028097	-174.1422300263389
-421.47867298578194	-78.0568720379147	-180.60663507109004	-174.1563981042654
-415.73442247567044	-145.25016513276674	165.70650402923948	-209.97815843938525
-415.73442247567044	53.74983486723325	-63.2934959707605	-193.97815843938525
-415	-68	-259	8
-412	-69	-278	-19
-411.73442247567044	-6.250165132766739	108.70650402923948	-215.97815843938525
-409.76802015585633	-66.1669654889553	-276.30106052616156	-19.310329876369607
-394.73442247567044	-236.25016513276674	-93.29349597076049	-179.97815843938525
-386.675153643547	-169.12115891132572	9.550482879719056	-283.1422300263389
-386.47867298578194	-169.0568720379147	9.393364928909932	-283.1563981042654
-381.85741846037627	436.38285457099107	-348.9330087052496	-45.06671989180069
-376.0627009646302	-165.65916398713824	-465.14790996784564	-204.54662379421222
-375	-172	253	-420
-367	2	319	-442
-364.3493150684932	193.26027397260273	-184.08219178082192	-306.06164383561645
-362	-32	-244	-432
-346	-245	162	-118
-344.73442247567044	79.74983486723325	-280.2934959707605	-240.97815843938525
-343.73442247567044	75.74983486723326	-45.29349597076049	-462.97815843938525
-340	-195	192	-251
-337.675153643547	-243.12115891132572	155.55048287971906	-114.1422300263389
-337.478672985782	-243.05687203791467	155.39336492890993	-114.1563981042654
-334.675153643547	-95.12115891132572	-111.44951712028097	-412.1422300263389
-334.47867298578194	-95.0568720379147	-111.60663507109004	-412.15639810426535
-333.73442247567044	-101.25016513276674	122.70650402923948	-634.9781584393852
-332.7724477244773	-14.290282902829006	-368.09102091020907	-299.4538745387454
-331.73442247567044	-195.25016513276674	184.70650402923948	-247.97815843938525
-326	-76	-185	-249
-321	-243	96	-169
-321	-167	-199	-136
-319.4268656716418	-70.06268656716419	-193.69850746268656	-246.6537313432836
-317.73442247567044	-76.25016513276675	-192.2934959707605	-245.97815843938525
-317.3392762483655	-75.95837014524508	-197.7545676220094	-253.24483160759092
-315	-76	-193	-250
-312.73442247567044	-243.25016513276674	88.70650402923951	-165.97815843938525
-307.73442247567044	-253.25016513276674	-24.29349597076049	-417.97815843938525
-305	-253	-25	-422
-303.73442247567044	-114.25016513276675	-81.2934959707605	-423.97815843938525
-303.675153643547	-273.1211589113257	52.550482879719056	-245.1422300263389
-303.478672985782	-273.0568720379147	52.39336492890993	-245.1563981042654
-303	51	-309	-314
-298.675153643547	-279.1211589113257	200.55048287971906	-343.14223002633884
-298.47867298578194	-279.0568720379147	200.39336492890996	-343.15639810426535
-294	-138	-359	-408
-287	-197	-302	-267
-282.73442247567044	-175.25016513276674	-385.29349597076055	-435.97815843938525
-279	-195.77142857142857	-308.91428571428577	-262.4285714285714
-279	-108	510	-502
-278	-281	4	-486
-274	-142	-53	-492
-267.73442247567044	-253.25016513276674	-315.2934959707605	188.02184156061477
-259.2442418684935	-172.55218728086737	201.0112735314742	-519.2965100598738
-259	-148	86	-528
-245.24424186849348	-210.55218728086737	312.0112735314742	-697.2965100598738
-243	96	-491	-375
-242	-325	63	-303
-241.67515364354696	-172.12115891132572	-1.4495171202809445	-440.1422300263389
-241.478672985782	-172.0568720379147	-1.6066350710900679	-440.15639810426535
-235	-339	50	-298
-233.73442247567044	-325.2501651327667	55.70650402923951	-299.97815843938525
-233	-329	45	-314
-228	-363	174	-481
-222	-243	-300	-311
-219.73442247567044	-363.2501651327667	166.70650402923948	-477.9781584393852
-217	-247	-298	-321
-216	-257	-322	-329
-213	-108	-490	-156
-211.24535632800968	-253.24198765266405	-318.22951281707157	-331.5675345591196
-210.54830357624468	-254.05167484761853	-318.0875451750364	-331.5969577647122
-210	-261	-311	-316
-208	-251	-316	-332
-208	-112	-488	-166
-207	-424	-130	-493
-207	-122	-512	-174
-201.24535632800968	-430.2419876526641	-150.22951281707157	-503.5675345591196
-200.73442247567044	-254.25016513276674	-67.29349597076049	-517.9781584393852
-200.54830357624468	-431.05167484761853	-150.08754517503638	-503.5969577647122
-198	73	-419	-308
-182	-217	261	-568
-180.73442247567044	-270.2501651327667	-246.2934959707605	-49.978158439385254
-179	-219.7714285714286	-388.91428571428577	-397.4285714285714
-176.73442247567044	-292.2501651327667	-170.2934959707605	122.02184156061475
-171	-217.7714285714286	-597.9142857142857	-137.4285714285714
-169	24	-411	-257
-164.16548512387345	-285.8900128209963	-49.64999622911873	-587.2522153927373
-163.73442247567044	-55.25016513276674	81.70650402923945	-599.9781584393852
-162.77244772447725	31.709717097170994	-409.09102091020907	-264.45387453874537
-161	-288	-41	-577
-160	-107	-309	-485
-157	-139	-100	-586
-157	-85	-478	-587
-147.73442247567044	-473.2501651327667	41.70650402923951	-110.97815843938525
-147.34931506849318	-85.73972602739727	-487.0821917808219	-586.0616438356165
-147	-316	68	-758
-143	-103	-406	-409
-142.67515364354696	-296.1211589113257	-224.44951712028094	-114.1422300263389
-142.478672985782	-296.0568720379147	-224.60663507109007	-114.15639810426539
-140	-387	-360	-65
-133.73442247567044	-511.2501651327667	152.70650402923948	-288.9781584393852
-124.06270096463022	15.340836012861757	-490.14790996784564	-186.54662379421222
-123	-393.7714285714286	-318.91428571428577	-127.42857142857139
-121	-129	-419	-404
-120	-139	-443	-412
-119.73442247567044	-387.2501651327667	86.70650402923948	-612.9781584393852
-116.16183424886555	-88.90976833054694	-683.7680917124433	-353.2240745163602
-114.33922829581994	-96.16881028938906	-690.6720257234726	-361.7009646302251
-114	-258.7714285714286	-508.9142857142857	27.571428571428612
-109	-269.7714285714286	-384.91428571428577	-451.4285714285714
-109	-97	-312	-478
-107.28571428571428	-271.75102040816324	-385.8530612244898	-453.87755102040813
-106.06270096463022	-143.65916398713824	-586.1479099678456	-304.5466237942122
-104	-97	-685	-362
-99	-446.7714285714286	-216.91428571428574	-623.4285714285713
-99	-274	-144	-650
-97.28571428571428	-448.75102040816324	-217.85306122448978	-625.8775510204082
-96.73442247567044	-519.2501651327667	1.706504029239511	-103.97815843938525
-90	-126	-9	-704
-86	13	-66	-710
-85.73442247567044	-507.2501651327667	201.7065040292395	-441.9781584393852
-83	-157	-398	-469
-71.67515364354696	-439.1211589113257	-358.449517120281	-121.14223002633892
-71.478672985782	-439.0568720379147	-358.60663507109007	-121.15639810426538
-71	-125	-291	-543
-69	-195	-287	-647
-63.05483607166754	-327.61785740837115	-234.96238197903503	-638.2022749237974
-63	-330	-234	-635
-61	-302	-123	-715
-50.67515364354696	-604.1211589113257	9.550482879719056	-631.1422300263389
-50.478672985782	-604.0568720379147	9.393364928909932	-631.1563981042653
-47.73442247567044	-458.2501651327667	217.70650402923948	-674.9781584393852
-47.349315068493155	-109.73972602739728	-567.082191780822	-721.0616438356165
-43	-127	-486	-544
-23	-297.7714285714286	-363.91428571428577	-38.42857142857139
-20.734422475670442	-490.2501651327667	-180.2934959707605	257.0218415606148
-20	-422	-74	-634
-19.85692464358453	-418.20162932790225	-67.86863543788189	-635.070264765784
-18.938970622528327	-421.4265779401554	-77.06230705492578	-638.0672925817297
-18	-308	-442	-262
-11.669387755102044	-142.85306122448978	-505.0897959183673	-530.0612244897959
-11.349315068493155	-153.7397260273973	-508.0821917808219	-538.0616438356165
-11	-384	47	-710
-9	-422	-70	-639
-9	-173.77142857142857	-429.91428571428577	-362.4285714285714
-3	-231	-406	-519
-1.6693877551020435	-319.8530612244898	-337.0897959183674	-702.0612244897959
-1	-326	-335	-705
-1	-171.7714285714286	-638.9142857142857	-102.42857142857143
0	-483.7714285714286	-280.9142857142857	-429.4285714285714
0.714285714285694	-173.75102040816324	-639.8530612244898	-104.87755102040818
1	-350.7714285714286	-261.9142857142857	-534.4285714285713
10.22479338842976	-521.9499572527785	-45.55599886007407	-208.76289541179824
11	-373	8	-777
13	-209.7714285714286	-527.9142857142857	-280.42857142857144
18	-282	-412	-455
21	-278	-179	-714
30	-341	-401	-30
36.94516392833246	-351.61785740837115	-314.96238197903506	-773.2022749237974
37	-354	-314	-770
41	-449	-236	-592
41.32484635645304	-522.1211589113257	-19.449517120280937	-73.14223002633886
41.521327014218	-522.0568720379147	-19.606635071090054	-73.15639810426538
43	-180	-526	-479
44	-190	-550	-487
45.943203863170076	-349.1530264755551	-359.20327350630134	-95.79635315627135
47	-347.7714285714286	-359.91428571428577	-92.42857142857139
49	-240	-434	-417
50	-194	-539	-474
53	-225	-419	-421
54	-235	-443	-429
55	-190	-546	-492
55.943203863170076	-526.1530264755552	-191.20327350630137	-267.7963531562714
57	-524.7714285714286	-191.91428571428574	-264.4285714285714
65	-235	-439	-434
66.14307535641547	-404.20162932790225	-258.8686354378819	-592.070264765784
71	-562.7714285714286	-80.91428571428571	-442.4285714285714
72.28741566146743	-400.1618986713627	-260.63015246641874	-591.1338913046984
80.14307535641547	-442.20162932790225	-147.8686354378819	-770.070264765784
85	-391	-395	-80
89	-150.7714285714286	-825.9142857142857	-295.42857142857144
90	-395	-393	-90
90	-330.7714285714286	-528.9142857142857	-392.4285714285714
90.7142857142857	-152.75102040816324	-826.8530612244898	-297.8775510204082
91	-405	-417	-98
91.71428571428572	-332.75102040816324	-529.8530612244898	-394.87755102040813
97	-409	-406	-85
99	-399	-411	-101
100	-572	-225	-262
102	-505	-358	-563
108.84858514345834	-566.3401573767617	-231.25842228700438	-256.3895842009513
110	-568	-229	-256
111.1165644171779	-570.9018404907976	-231.65030674846628	-260.60122699386505
114.14307535641547	-562.2016293279023	-32.86863543788186	-599.070264765784
119	-560	-39	-604
123	-528	82	-674
129.87538940809966	-148.1651090342679	-508.8785046728972	-668.5420560747664
138	-479	-134	-653
139.06102937747167	-478.4265779401553	-137.06230705492578	-657.0672925817297
143	-473	-134	-659
152.56183745583039	-195.7173144876325	-611.5406360424029	-606.9399293286219
153	-200	-610	-608
153	-199.25	-610.5	-610.5
153.06102937747167	-516.4265779401553	-26.062307054925782	-835.0672925817297
162.56183745583039	-372.7173144876325	-443.54063604240287	-778.9399293286219
163	-377	-442	-780
163	-376.25	-442.5	-782.5
168.94320386317008	-609.1530264755552	147.7967264936986	-219.79635315627138
171	-91	-465	-732
184	-541.7714285714286	-413.9142857142857	103.57142857142861
187.1686660442756	-374.98092843575955	72.81824507184325	-923.4345263926
188	-236	-453	-420
193.16182915071425	-374.6480299466133	69.73073439039234	-926.0665697646622
196	-292	-550	-460
196.45421245421247	-239.15750915750917	-355.4908424908425	-877.3186813186812
198	-413	-285	-592
203.94320386317008	-708.1530264755552	-45.2032735063014	-409.7963531562714
209.22479338842976	-582.9499572527785	-189.55599886007406	-149.76289541179824
214.14307535641547	-586.2016293279023	-112.86863543788189	-734.070264765784
220.28741566146743	-582.1618986713627	-114.63015246641874	-733.1338913046984
246	-408.7714285714286	-503.91428571428577	-33.428571428571416
250	-239.7714285714286	-676.9142857142857	-415.42857142857144
251.7142857142857	-241.75102040816324	-677.8530612244898	-417.8775510204082
256	-585.7714285714286	-335.9142857142857	-205.42857142857142
260	-416.7714285714286	-508.9142857142857	-587.4285714285714
260	-284.7714285714286	-569.9142857142857	-357.4285714285714
261.71428571428567	-418.75102040816324	-509.8530612244898	-589.8775510204082
261.7142857142857	-286.75102040816324	-570.8530612244898	-359.8775510204082
270	-461.7714285714286	-401.9142857142857	-529.4285714285713
271.7142857142857	-463.75102040816324	-402.8530612244898	-531.8775510204082
280.8485851434583	-661.3401573767617	-180.25842228700438	-453.3895842009513
281	-478	-156	-629
282	-663	-178	-453
283.11656441717787	-665.9018404907976	-180.65030674846628	-457.60122699386505
342	-532.7714285714286	-270.9142857142857	-591.4285714285713
366	-246	-591	-425
376	-423	-423	-597
379	-591	283	-879
380	-284	-480	-603
388	-119	-663	-642
514	-428	-445	-567
