-3694.967801176669	-1064.141705744657
-3694.9522011303484	-1065.1939260781528
-3694.9303039648603	-1065.8974814747753
-3694.836720846124	-1067.2598502236483
-3694.7038824677265	-1068.8315830559513
-3694.7035165085367	-1068.8353831374202
-3694.4925180232176	-1070.9298113865368
-3694.381509996424	-1072.001791887967
-3694.2766937969986	-1073.007410889542
-3694.114568981424	-1074.5491362172693
-3694.088040138129	-1074.7764912006471
-3694.0527522145817	-1075.0343891926523
-3693.887186635574	-1076.234682507967
-3693.8604430561063	-1076.4253212215285
-3693.795684972213	-1076.7759304265946
-3693.4317113917705	-1078.5686556498356
-3692.9615027286663	-1080.7529514810935
-3692.961502728666	-1080.7529514810942
-3692.7394316217205	-1081.743784027073
-3692.73943162172	-1081.7437840270738
-3692.7394316217196	-1081.743784027075
-3692.6653661127702	-1082.047701225603
-3691.9231036010524	-1085.0236440723486
-3691.642135164826	-1086.0875303878884
-3690.9043288056337	-1088.4053350460588
-3690.3223740102167	-1090.0996291596696
-3690.311462239706	-1090.1290231917085
-3690.087492118436	-1090.700044694554
-3689.445059688441	-1092.1223697520172
-3688.8542078195624	-1093.2578929464414
-3688.6287217893464	-1093.6242241376813
-3688.614513863402	-1093.6445505892223
-3688.545906718632	-1093.7403118014736
-3688.313992980642	-1094.0389340857482
-3687.4753986221695	-1095.1187449028087
-3687.2159757864365	-1095.3711408367733
-3686.276089945838	-1096.2855682960503
-3686.2189558146583	-1096.3400187620382
-3686.1094324216797	-1096.43693527027
-3683.872696325675	-1098.4137739504386
-3682.967801176669	-1216.141705744657
-3682.952201130349	-1217.1939260781528
-3682.9303039648603	-1217.8974814747753
-3682.836720846124	-1219.2598502236483
-3682.7038824677265	-1220.8315830559513
-3682.7035165085367	-1220.8353831374202
-3682.4925180232176	-1222.9298113865368
-3682.381509996424	-1224.001791887967
-3682.2766937969986	-1225.007410889542
-3682.114568981424	-1226.5491362172693
-3682.088040138129	-1226.7764912006471
-3682.0527522145817	-1227.0343891926523
-3681.887186635574	-1228.234682507967
-3681.8604430561063	-1228.4253212215285
-3681.795684972213	-1228.7759304265946
-3681.4317113917705	-1230.5686556498356
-3680.9615027286663	-1232.7529514810913
-3680.961502728666	-1232.7529514810942
-3680.73943162172	-1233.743784027075
-3680.6653661127702	-1234.047701225603
-3680.5061493015683	-1234.686046989936
-3680.506149301568	-1234.686046989938
-3680.5061493015673	-1234.6860469899382
-3680.414969455237	-1235.0516130897631
-3679.9231036010524	-1237.0236440723486
-3679.642135164826	-1238.0875303878884
-3678.9043288056337	-1240.4053350460588
-3678.3223740102167	-1242.0996291596696
-3678.311462239706	-1242.1290231917085
-3678.0874921184354	-1242.700044694554
-3677.445059688441	-1244.1223697520172
-3676.8542078195624	-1245.2578929464414
-3676.6287217893464	-1245.6242241376813
-3676.614513863402	-1245.6445505892223
-3676.545906718632	-1245.7403118014736
-3676.313992980642	-1246.0389340857482
-3675.4753986221695	-1247.1187449028087
-3675.2159757864365	-1247.3711408367733
-3674.276089945838	-1248.2855682960503
-3674.2189558146583	-1248.3400187620382
-3674.1094324216797	-1248.43693527027
-3671.872696325675	-1250.4137739504386
-3668.3199398597726	-1253.512363560989
-3668.2172833084232	-1253.5977602329065
-3667.7735473691505	-1253.9640898645016
-3667.387859361545	-1254.251537112677
-3664.7065335234824	-1256.1198271481285
-3664.040376699644	-1256.5735137294673
-3663.5113525106563	-1256.9254591603226
-3663.2413855882123	-1257.1039890859547
-3663.037422558089	-1257.2260493190204
-3661.24057831824	-1258.2458795848352
-3660.917677593422	-1258.4156357679853
-3658.8728308036384	-1259.4774394860592
-3657.3050284583496	-1260.1856616164246
-3656.871514047132	-1260.3724460366998
-3656.785187994905	-1260.409248023011
-3656.7286282709156	-1260.4329768621947
-3655.4797640583893	-1260.875626957018
-3655.355589313768	-1260.91350625354
-3655.178185373199	-1260.9609469663883
-3654.1556261868755	-1261.233592256785
-3653.609770583916	-1261.3665977072399
-3651.8598198798045	-1261.7386506769622
-3650.168692973214	-1262.0874627520352
-3649.7477146070814	-1262.1723750826138
-3648.8574893256196	-1262.3503224799667
-3648.6401297816337	-1262.3934045680926
-3642.9978596230007	-1262.9474215986347
-3625.188731671399	-1348.3054079163721
-3625.1593694601697	-1352.4811592063388
-3625.128768207079	-1354.4475306032364
-3625.125522101005	-1354.5859112545813
-3625.0929234863715	-1355.2346607813877
-3624.8684172295707	-1359.4789518551613
-3624.830853565465	-1360.1562316428217
-3624.7916711994753	-1360.645279016705
-3624.7146125671743	-1361.3004322879092
-3624.533856763458	-1362.7414196801835
-3624.286223849672	-1364.6454415236835
-3624.090080338785	-1366.072985292933
-3624.057159284252	-1366.270566744638
-3624.0268313800834	-1366.4489693986498
-3623.9479569958125	-1366.8845869849488
-3623.8902786229373	-1367.2021977755244
-3623.7616232002215	-1367.8587182399972
-3623.586151741188	-1368.6942680587122
-3623.532689065107	-1368.9438608771898
-3623.485650350215	-1369.103602991957
-3622.910646322939	-1371.0502806410955
-3622.722140607483	-1371.6884472812917
-3622.691977312854	-1371.789471228153
-3620.9043288056337	-1377.405335046059
-3620.3223740102167	-1379.0996291596696
-3620.311462239706	-1379.1290231917083
-3620.0874921184354	-1379.700044694554
-3619.445059688441	-1381.1223697520172
-3618.8542078195624	-1382.2578929464414
-3618.6287217893464	-1382.6242241376813
-3618.614513863402	-1382.6445505892223
-3618.545906718632	-1382.7403118014736
-3618.313992980642	-1383.0389340857482
-3617.2159757864365	-1384.4527891059292
-3616.657161737609	-1385.1723425450296
-3615.530932464294	-1386.4039876785318
-3610.2207970864665	-1390.9456666112642
-3610.0393453840175	-1391.0999472149406
-3608.58792084208	-1392.2469000512224
-3608.2428928109844	-1392.5070749211259
-3607.634567817636	-1392.9441640793518
-3605.9954768519037	-1394.0574329422222
-3605.773180047705	-1394.200011857725
-3603.4177572703447	-1395.6836941149622
-3602.500591274321	-1396.256285157293
-3601.9581159894087	-1396.5470439074743
-3601.9224696263277	-1396.5637262925857
-3599.40385951327	-1397.3072235761326
-3597.436786252033	-1397.884356643951
-3596.5401942933277	-1398.1213721793779
-3595.401678133271	-1398.403073237036
-3595.248143920885	-1398.440255016398
-3594.8102561669366	-1398.5460539827936
-3594.5286645948086	-1398.605798690845
-3593.563680628341	-1398.8044605012174
-3592.049106041637	-1399.1027184548132
-3590.3237449719554	-1399.4070728013198
-3590.095116171241	-1399.4442281363906
-3589.871107112097	-1399.4735414408212
-3589.666652753922	-1399.4964037544014
-3589.3232537560125	-1399.5304611619285
-3588.8803545101614	-1399.572914165104
-3587.83456810109	-1399.6626798795967
-3586.2318854739106	-1399.8001647405033
-3585.961836043621	-1399.8160142183815
-3585.6363205011967	-1399.831086043288
-3584.696188382748	-1399.8515408869566
-3584.4166956632507	-1399.854451262252
-3583.7299784072666	-1399.8591072840989
-3562.845301571928	-1421.0605491683293
-3562.844717203392	-1421.1688985459673
-3562.82195030778	-1423.0668245784113
-3562.805328204805	-1423.9256373567434
-3562.798058202038	-1424.1723549960604
-3562.7212905344363	-1425.9465145910171
-3562.6592641319958	-1427.258668950214
-3562.6343764387025	-1427.5151049032131
-3562.594819943711	-1427.9143347498384
-3562.4925180232176	-1428.9298113865368
-3562.381509996424	-1430.001791887967
-3562.2766937969986	-1431.007410889542
-3562.114568981424	-1432.5491362172693
-3562.088040138129	-1432.7764912006471
-3562.0527522145817	-1433.0343891926523
-3561.887186635574	-1434.234682507967
-3561.8604430561063	-1434.4253212215285
-3561.795684972213	-1434.7759304265946
-3561.4317113917705	-1436.5686556498356
-3560.9615027286654	-1438.7529514810942
-3560.7394316217205	-1439.7437840270738
-3560.6653661127702	-1440.047701225603
-3559.9231036010524	-1443.0236440723484
-3559.6421351648255	-1444.087530387888
-3558.9043288056337	-1446.405335046058
-3558.3223740102167	-1448.0996291596696
-3558.311462239706	-1448.1290231917085
-3558.0874921184354	-1448.700044694554
-3557.445059688441	-1450.1223697520172
-3556.854207819563	-1451.2578929464414
-3556.6287217893464	-1451.6242241376813
-3556.614513863402	-1451.644550589222
-3556.545906718632	-1451.7403118014736
-3555.4753986221695	-1453.1187449028087
-3555.184580353125	-1478.9894421108136
-3555.131719836125	-1481.1157679380772
-3555.10935707756	-1481.8831426452175
-3555.099749302339	-1482.0681804669762
-3555.0453180459535	-1483.1161209791599
-3554.9665507737027	-1484.4241953914316
-3554.6572475308894	-1489.061691745724
-3554.616964675384	-1489.565101275747
-3554.5691338101506	-1489.99989799134
-3554.4287291761025	-1491.0933588702492
-3554.4190472417204	-1491.1644596304795
-3554.413894859833	-1491.1983305729714
-3554.4029765375826	-1491.2600027931876
-3554.357121773137	-1491.433104197181
-3554.350917583566	-1491.456258455622
-3554.3459846540736	-1491.4743914300054
-3554.1616253797383	-1492.094876018315
-3554.129274755521	-1492.1991009544345
-3554.0656267826716	-1492.401781048252
-3553.9904667144974	-1492.6324866282775
-3553.952668097788	-1492.7476648359502
-3553.924011760907	-1492.833120201998
-3553.6645531066156	-1493.5941513106036
-3553.626527283578	-1493.7028884433446
-3551.304804519949	-1499.9760442751312
-3551.3048045199484	-1499.9760442751317
-3550.915671926252	-1501.0060279574393
-3550.8900819988075	-1501.0655842599645
-3550.8662326553003	-1501.117266254886
-3550.618314831449	-1501.62454134734
-3550.319259500696	-1502.236451044675
-3550.236952869281	-1502.4048621069046
-3548.8730197664872	-1505.062587068289
-3548.832504928399	-1505.1294867708202
-3548.78179546541	-1505.2132202410648
-3548.194213703291	-1506.0751684098059
-3548.132291912161	-1506.166004065217
-3548.068081204478	-1506.2548025918745
-3547.1918348876725	-1507.4665846252628
-3546.360095275578	-1508.3316672583014
-3544.855463559679	-1509.5163920414623
-3544.447305628051	-1509.8374201759261
-3543.291565013309	-1510.7434425115425
-3541.7995252673527	-1511.8767122022973
-3539.988410725649	-1513.2469469899415
-3539.4187109288614	-1513.6682199383713
-3537.9691200021844	-1514.7164434295867
-3537.4577407841693	-1515.0862303117879
-3536.634420900391	-1515.6786250496236
-3535.7479684201653	-1516.309147054214
-3533.3330835079973	-1518.0268229698895
-3532.427179606506	-1518.4953203282316
-3532.201911552061	-1518.5935395904687
-3532.1653319436373	-1518.6069595883464
-3531.0803805561554	-1518.9872735623221
-3530.9250725471543	-1519.0367370255103
-3530.0558278549015	-1519.3045130808418
-3527.5916658258097	-1519.9593223019256
-3525.809791975752	-1520.3923150863352
-3524.765635344459	-1520.6408207623394
-3524.478376049671	-1520.704742937261
-3523.7850640968572	-1520.8544410139025
-3523.3774338338444	-1520.9264529340765
-3523.3352098594987	-1520.9335516083643
-3522.2595401206127	-1521.1092176314232
-3521.1941868555505	-1521.2763282925216
-3521.102103282854	-1521.289450439238
-3521.0039879622827	-1521.303028765908
-3519.3126018630774	-1521.5270922595416
-3519.231115572711	-1521.535940334945
-3519.222306633088	-1521.5368968413914
-3518.8597570750762	-1521.573191831781
-3518.6628000634946	-1521.5910117693097
-3516.710541848074	-1521.7255968512536
-3515.278593429252	-1521.8174635958937
-3514.1347101098313	-1521.8746804422601
-3514.1091466793887	-1521.8754762311096
-3513.2578207670736	-1521.8793332802106
-3494.3831898053495	-1540.478946093557
-3464.184580353125	-1618.9894421108136
-3455.1776293553194	-1643.9833150068116
-3435.184580353125	-1684.9894421108136
-3435.131719836125	-1687.1157679380772
-3435.10935707756	-1687.8831426452175
-3435.099749302339	-1688.0681804669762
-3435.0453180459535	-1689.1161209791599
-3434.9665507737027	-1690.4241953914316
-3434.6572475308894	-1695.061691745724
-3434.616964675384	-1695.565101275747
-3434.5691338101506	-1695.99989799134
-3434.4287291761025	-1697.0933588702492
-3434.4190472417204	-1697.1644596304795
-3434.413894859833	-1697.1983305729714
-3434.402976537583	-1697.2600027931876
-3434.357121773137	-1697.433104197181
-3434.350917583566	-1697.456258455622
-3434.3459846540736	-1697.4743914300054
-3434.1616253797383	-1698.094876018315
-3434.129274755521	-1698.1991009544345
-3434.0656267826716	-1698.401781048252
-3433.9904667144974	-1698.6324866282775
-3433.952668097788	-1698.7476648359502
-3433.924011760907	-1698.833120201998
-3433.6645531066156	-1699.5941513106036
-3433.626527283578	-1699.7028884433446
-3431.304804519949	-1705.9760442751317
-3430.915671926252	-1707.0060279574393
-3430.8900819988075	-1707.0655842599645
-3430.8662326553003	-1707.117266254886
-3430.2369528692816	-1708.4048621069037
-3430.236952869281	-1708.4048621069046
-3429.2037385210365	-1710.4181570098322
-3428.8730197664872	-1711.062587068289
-3428.832504928399	-1711.1294867708202
-3428.78179546541	-1711.2132202410648
-3428.132291912161	-1712.166004065217
-3428.0771977057593	-1712.2421951637482
-3428.0680812044784	-1712.2548025918745
-3427.1918348876725	-1713.4665846252626
-3426.360095275578	-1714.3316672583014
-3424.8554635596784	-1715.5163920414623
-3424.447305628051	-1715.8374201759261
-3423.291565013309	-1716.7434425115425
-3421.7995252673527	-1717.8767122022973
-3419.988410725649	-1719.2469469899415
-3419.4187109288614	-1719.6682199383713
-3417.4577407841693	-1721.0862303117879
-3416.634420900391	-1721.6786250496239
-3414.6348110742056	-1723.1009212517658
-3412.504077823369	-1724.3610040854976
-3412.4659427656807	-1724.3797497332907
-3412.324431661317	-1724.4341787327949
-3409.079615720756	-1725.2482249156092
-3407.8078421137375	-1725.5526015732794
-3406.377737566957	-1725.8829038520614
-3403.705680407469	-1726.4961356476417
-3402.51356211012	-1726.7603760123907
-3401.9365391022507	-1726.8822447110358
-3401.6986637058667	-1726.9242226035308
-3401.4499794495237	-1726.9634488930717
-3401.1167278107177	-1727.0109272680575
-3400.949358660381	-1727.0300156970097
-3399.512963737529	-1727.1653923321608
-3398.123154997711	-1727.2846942554202
-3396.4904773735134	-1727.3043272747366
-3396.4654025441223	-1727.304433085785
-3395.6535212379395	-1727.3060766543172
-3336.184580353125	-1812.9894421108136
-3321.133752609961	-1828.3778230781202
-3297.3831898053495	-1855.478946093557
-3267.184580353125	-1933.9894421108136
-3267.131719836125	-1936.1157679380772
-3267.10935707756	-1936.8831426452175
-3267.099749302339	-1937.0681804669762
-3267.0453180459535	-1938.1161209791599
-3266.9665507737027	-1939.4241953914313
-3266.6572475308894	-1944.061691745724
-3266.616964675384	-1944.565101275747
-3266.5691338101506	-1944.99989799134
-3266.4287291761025	-1946.0933588702492
-3266.4190472417204	-1946.1644596304795
-3266.413894859833	-1946.1983305729714
-3266.402976537583	-1946.2600027931876
-3266.357121773137	-1946.433104197181
-3266.350917583566	-1946.456258455622
-3266.3459846540736	-1946.4743914300054
-3266.1616253797383	-1947.094876018315
-3266.129274755521	-1947.1991009544345
-3266.0656267826716	-1947.4017810482517
-3265.9904667144974	-1947.6324866282775
-3265.952668097788	-1947.7476648359502
-3265.924011760907	-1947.8331202019983
-3265.6645531066156	-1948.5941513106036
-3265.626527283578	-1948.7028884433446
-3263.631310440747	-1954.0938448354516
-3263.304804519949	-1954.9760442751317
-3262.915671926252	-1956.0060279574393
-3262.8900819988075	-1956.0655842599645
-3262.8662326553003	-1956.117266254886
-3262.2369528692816	-1957.4048621069037
-3262.236952869281	-1957.4048621069046
-3261.2037385210365	-1959.4181570098322
-3260.8730197664872	-1960.062587068289
-3260.832504928399	-1960.1294867708202
-3260.78179546541	-1960.2132202410648
-3260.132291912161	-1961.166004065217
-3260.1035279305734	-1961.2057824647695
-3260.0771977057593	-1961.2421951637482
-3260.0680812044784	-1961.2548025918745
-3259.1918348876725	-1962.4665846252626
-3258.360095275578	-1963.3316672583014
-3256.8554635596784	-1964.5163920414623
-3256.447305628051	-1964.8374201759261
-3255.291565013309	-1965.7434425115425
-3253.7995252673527	-1966.8767122022973
-3251.988410725649	-1968.2469469899415
-3251.4187109288614	-1968.6682199383713
-3249.4577407841693	-1970.0862303117879
-3248.634420900391	-1970.6786250496239
-3246.6348110742056	-1972.1009212517658
-3244.504077823369	-1973.3610040854976
-3244.4659427656807	-1973.3797497332907
-3244.324431661317	-1973.4341787327949
-3241.079615720756	-1974.2482249156092
-3239.8078421137375	-1974.5526015732794
-3238.377737566957	-1974.8829038520614
-3235.705680407469	-1975.4961356476417
-3234.51356211012	-1975.7603760123907
-3233.9365391022507	-1975.8822447110358
-3233.6986637058667	-1975.9242226035308
-3233.4499794495237	-1975.9634488930717
-3233.1167278107177	-1976.0109272680575
-3232.949358660381	-1976.0300156970097
-3231.512963737529	-1976.1653923321608
-3230.123154997711	-1976.2846942554202
-3228.4904773735134	-1976.3043272747366
-3228.4654025441223	-1976.304433085785
-3227.6535212379395	-1976.3060766543172
-3181.747505608264	-2030.8519212450406
-3181.7464700934643	-2030.9651156069865
-3181.7153449498937	-2033.6488254385117
-3181.714597424909	-2033.695041993253
-3181.713367296515	-2033.7616129963242
-3181.70236788855	-2034.19187658569
-3181.6980900597323	-2034.2938856848446
-3181.6519992106855	-2035.1437072632425
-3181.482591167898	-2037.8473631436534
-3181.208302619457	-2041.9598714117537
-3181.129624021127	-2042.6329670134373
-3181.124999040372	-2042.6689860206125
-3181.087174221894	-2042.89762011091
-3180.8744775281625	-2044.051847641007
-3180.864611198742	-2044.103772721971
-3180.716678865326	-2044.8153259746894
-3180.504320034324	-2045.7850063792368
-3180.4915487369635	-2045.8267071725077
-3180.4804970711793	-2045.8624688520222
-3180.4681685787236	-2045.8988731783759
-3180.255578420616	-2046.5083496795714
-3179.090489803748	-2049.8251261801033
-3178.859765374137	-2050.4765732903097
-3178.304804519949	-2051.9760442751317
-3177.915671926252	-2053.006027957439
-3177.8900819988075	-2053.0655842599645
-3177.8662326553003	-2053.117266254886
-3177.236952869281	-2054.4048621069046
-3175.8730197664872	-2057.062587068289
-3175.809684996234	-2057.1671679450687
-3175.78179546541	-2057.213220241065
-3175.132291912161	-2058.166004065217
-3174.98446143202	-2058.3704423794056
-3174.1918348876725	-2059.466584625263
-3173.360095275578	-2060.3316672583014
-3171.8554635596784	-2061.5163920414625
-3171.447305628051	-2061.837420175926
-3170.291565013309	-2062.7434425115425
-3168.7995252673527	-2063.8767122022973
-3166.988410725649	-2065.2469469899415
-3166.4187109288614	-2065.6682199383713
-3164.4577407841693	-2067.086230311788
-3163.634420900391	-2067.678625049624
-3160.3330835079973	-2070.0268229698895
-3159.427179606506	-2070.4953203282316
-3159.201911552061	-2070.593539590469
-3159.1653319436373	-2070.6069595883464
-3158.0803805561554	-2070.987273562322
-3157.9250725471547	-2071.0367370255103
-3157.0558278549015	-2071.304513080842
-3154.5916658258097	-2071.9593223019256
-3152.809791975752	-2072.392315086335
-3152.768852718129	-2074.1301105161583
-3123.304804519949	-2079.9760442751317
-3122.915671926252	-2081.006027957439
-3122.8900819988075	-2081.0655842599645
-3122.8662326553003	-2081.117266254886
-3122.236952869281	-2082.4048621069046
-3121.3831898053495	-2092.478946093557
-3111.988410725649	-2093.2469469899415
-3111.4187109288614	-2093.6682199383713
-3109.4577407841693	-2095.086230311788
-3108.634420900391	-2095.678625049624
-3105.3330835079973	-2098.0268229698895
-3104.427179606506	-2098.4953203282316
-3104.201911552061	-2098.593539590469
-3104.1653319436373	-2098.6069595883464
-3103.0803805561554	-2098.987273562322
-3102.9250725471547	-2099.0367370255103
-3102.0558278549015	-2099.3045130808414
-3099.5916658258097	-2099.9593223019256
-3096.765635344459	-2100.6408207623394
-3095.7850640968572	-2100.8544410139025
-3094.693239346062	-2101.1092176314232
-3094.6345381556225	-2101.2763282925216
-3094.090489803748	-2102.8251261801033
-3093.859765374137	-2103.4765732903097
-3093.304804519949	-2104.9760442751312
-3093.1941868555505	-2105.2688349360806
-3092.915671926252	-2106.006027957439
-3092.8900819988075	-2106.0655842599645
-3092.8662326553003	-2106.117266254886
-3092.236952869281	-2107.4048621069046
-3091.3126018630774	-2109.2060287016848
-3043.067181342326	-2153.643165216932
-3043.0638489839766	-2156.840823198108
-3043.063138707187	-2157.0980078650173
-3043.038363445106	-2159.9610319475278
-3043.0362281562443	-2160.074772371231
-3043.0337794451398	-2160.153532207357
-3043.021023656111	-2160.3670473025704
-3042.847317795282	-2162.265498644263
-3042.8214275828404	-2162.458089976616
-3042.7755321417226	-2162.7085511113846
-3042.10252567859	-2165.9581419855385
-3041.89765461187	-2166.9448341887273
-3041.716678865326	-2167.8153259746896
-3041.504320034324	-2168.7850063792366
-3041.476361347487	-2168.8762969808886
-3041.4410046765834	-2168.980477859807
-3040.090489803748	-2172.8251261801033
-3039.6867259829687	-2173.9651475237297
-3038.915671926252	-2176.006027957439
-3038.8900819988075	-2176.0655842599645
-3038.8662326553003	-2176.117266254886
-3037.747505608264	-2178.4063407449744
-3031.129624021127	-2178.6329670134373
-3031.124999040372	-2178.6689860206125
-3031.087174221894	-2178.8976201109103
-3030.8744775281625	-2180.051847641007
-3030.864611198742	-2180.103772721971
-3030.738732263199	-2180.709249320399
-3030.72199439168	-2180.7888096677616
-3030.666852015721	-2181.042847097566
-3030.504320034324	-2181.7850063792366
-3030.4915487369635	-2181.8267071725077
-3030.4804970711793	-2181.862468852022
-3030.4681685787236	-2181.8988731783757
-3030.255578420616	-2182.5083496795714
-3029.090489803748	-2185.8251261801033
-3028.859765374137	-2186.4765732903097
-3028.304804519949	-2187.9760442751317
-3027.915671926252	-2189.006027957439
-3027.8900819988075	-2189.0655842599645
-3027.8662326553003	-2189.117266254886
-3027.236952869281	-2190.4048621069046
-3025.8730197664872	-2193.062587068289
-3025.8096849962335	-2193.167167945069
-3025.78179546541	-2193.213220241065
-3025.44578353577	-2193.7061301407593
-3024.98446143202	-2194.3113674634333
-3024.783321307359	-2194.575255773884
-3024.47343289588	-2194.900924801581
-3020.623012080009	-2198.4261859531366
-3019.818154633431	-2199.103018478777
-3018.7995252673527	-2199.8767122022973
-3016.988410725649	-2201.2469469899415
-3016.4187109288614	-2201.6682199383713
-3014.4577407841693	-2203.086230311788
-3013.634420900391	-2203.678625049624
-3010.449225651897	-2205.944212588597
-3010.209964383608	-2206.0762952318164
-3009.488530655452	-2206.4561387123003
-3009.4113411132544	-2206.4942783125184
-3009.231662092635	-2206.5712508058045
-3009.102136198665	-2206.624840570261
-3008.3317594920163	-2206.871803561042
-3007.2842277345635	-2207.2044787304358
-3005.5671687732242	-2207.6628019226405
-3004.6998558329274	-2207.890902243666
-3004.0614736399516	-2209.926544208537
-3002.4577407841693	-2211.086230311788
-3001.634420900391	-2211.678625049624
-2998.3330835079973	-2214.0268229698895
-2997.427179606506	-2214.4953203282316
-2997.201911552061	-2214.593539590469
-2997.1653319436373	-2214.6069595883464
-2996.0803805561554	-2214.987273562322
-2995.9250725471547	-2215.0367370255103
-2995.0558278549015	-2215.304513080842
-2992.5916658258097	-2215.9593223019256
-2990.809791975752	-2216.392315086335
-2989.478376049671	-2216.7047429372606
-2988.3774338338444	-2216.926452934076
-2986.102103282854	-2217.289450439238
-2983.8597570750762	-2217.573191831781
-2981.7105418480737	-2217.7255968512536
-2979.1347101098313	-2217.87468044226
-2976.552606602586	-2217.926544208537
-2915.067181342326	-2270.643165216932
-2915.0638489839766	-2273.840823198108
-2915.063138707187	-2274.0980078650173
-2915.038363445106	-2276.9610319475278
-2915.0362281562443	-2277.074772371231
-2915.0337794451398	-2277.153532207357
-2915.021023656111	-2277.3670473025704
-2914.847317795282	-2279.265498644263
-2914.8214275828404	-2279.458089976616
-2914.7755321417226	-2279.7085511113846
-2914.1025256785906	-2282.9581419855367
-2914.10252567859	-2282.9581419855385
-2913.89765461187	-2283.9448341887273
-2913.738732263199	-2284.7092493204
-2913.504320034324	-2285.7850063792366
-2913.4410046765834	-2285.9804778598063
-2912.090489803748	-2289.8251261801033
-2911.6867259829687	-2290.9651475237297
-2910.915671926252	-2293.006027957439
-2910.8900819988075	-2293.0655842599645
-2910.8662326553003	-2293.117266254886
-2909.545127576751	-2295.8204349518837
-2909.160785371975	-2296.587417122795
-2908.9139872032683	-2296.9949400168994
-2908.78179546541	-2297.213220241065
-2908.44578353577	-2297.7061301407593
-2908.3661744577703	-2297.8105742695734
-2907.783321307359	-2298.575255773884
-2907.47343289588	-2298.900924801581
-2903.623012080009	-2302.4261859531366
-2902.818154633431	-2303.103018478777
-2901.7995252673527	-2303.8767122022973
-2900.321502176547	-2304.9949400168994
-2899.988410725649	-2305.2469469899415
-2899.4187109288614	-2305.6682199383713
-2897.4577407841693	-2307.086230311788
-2896.634420900391	-2307.678625049624
-2896.3661744577703	-2307.869425220528
-2893.449225651897	-2309.944212588597
-2892.8064328280916	-2310.299062229819
-2892.4113411132544	-2310.4942783125184
-2892.231662092635	-2310.5712508058045
-2891.6897920822194	-2310.7954429370757
-2891.265386820043	-2310.968986764978
-2891.027522437265	-2311.0631201903516
-2891.01972689791	-2311.0661422566077
-2888.8168568894307	-2311.8054543903154
-2888.2833446214854	-2311.9783907272495
-2887.951208608236	-2312.0791750388635
-2887.9486955910756	-2312.079903676638
-2887.9436554907525	-2312.0812556910278
-2887.2081704581096	-2312.270499784991
-2886.3661744577703	-2315.9949400168994
-2874.3661744577703	-2323.9949400168994
-2853.3661744577703	-2324.9949400168994
-2832.3661744577703	-2350.9949400168994
-2820.3661744577703	-2358.9949400168994
-2777.3661744577703	-2378.9949400168994
-2753.0671813423264	-2414.6431652169313
-2753.067181342326	-2414.643165216932
-2753.0638489839766	-2417.840823198108
-2753.063138707187	-2418.0980078650173
-2753.038363445106	-2420.9610319475278
-2753.0362281562443	-2421.074772371231
-2753.0337794451398	-2421.153532207357
-2753.021023656111	-2421.3670473025704
-2752.847317795282	-2423.265498644263
-2752.8214275828404	-2423.458089976616
-2752.7755321417226	-2423.7085511113846
-2752.1025256785906	-2426.9581419855385
-2751.89765461187	-2427.9448341887273
-2751.738732263199	-2428.709249320399
-2751.72199439168	-2428.7888096677616
-2751.666852015721	-2429.042847097566
-2751.504320034324	-2429.7850063792366
-2751.476361347487	-2429.8762969808886
-2751.4410046765834	-2429.9804778598063
-2750.090489803748	-2433.8251261801033
-2749.6867259829687	-2434.9651475237297
-2748.915671926252	-2437.006027957439
-2748.8900819988075	-2437.0655842599645
-2748.8662326553003	-2437.117266254886
-2747.545127576751	-2439.8204349518837
-2747.160785371975	-2440.587417122795
-2746.9139872032683	-2440.9949400168994
-2746.78179546541	-2441.213220241065
-2746.44578353577	-2441.7061301407593
-2746.3661744577703	-2441.8105742695734
-2745.783321307359	-2442.575255773884
-2745.47343289588	-2442.900924801581
-2743.884105910518	-2444.356036579369
-2741.623012080009	-2446.4261859531366
-2740.818154633431	-2447.103018478777
-2739.7995252673527	-2447.8767122022973
-2739.6432570743464	-2447.9949400168994
-2737.988410725649	-2449.2469469899415
-2737.4187109288614	-2449.6682199383713
-2735.4577407841693	-2451.086230311788
-2734.634420900391	-2451.678625049624
-2731.449225651897	-2453.944212588597
-2730.8064328280916	-2454.299062229819
-2730.4113411132544	-2454.4942783125184
-2730.231662092635	-2454.5712508058045
-2729.6897920822194	-2454.7954429370757
-2729.265386820043	-2454.968986764978
-2729.027522437265	-2455.0631201903516
-2729.01972689791	-2455.0661422566077
-2726.8168568894307	-2455.8054543903154
-2726.2833446214854	-2455.9783907272495
-2725.951208608236	-2456.0791750388635
-2725.9486955910756	-2456.079903676638
-2725.9436554907525	-2456.0812556910278
-2725.2081704581096	-2456.270499784991
-2723.8555002424037	-2456.610110420681
-2722.814157762333	-2456.866400401207
-2722.6223999047115	-2456.912817430183
-2722.5953010404523	-2456.918242131872
-2722.386531826105	-2456.9484323802485
-2718.7076963587074	-2457.4535399789193
-2718.509322722361	-2457.4793954640877
-2718.3169351210763	-2457.500153897281
-2718.24166916543	-2457.5054114509276
-2716.833309012275	-2457.6027356615996
-2716.3661744577703	-2457.6349195699586
-2716.013494755718	-2457.659217946307
-2714.400792655015	-2457.7570713619352
-2713.4575426754186	-2457.8085125854614
-2712.1347101098313	-2457.87468044226
-2710.8155025216092	-2457.915747336273
-2709.552606602586	-2457.926544208537
-2673.3661744577703	-2467.9949400168994
-2631.067181342326	-2496.643165216932
-2611.9530654021187	-2521.604148286354
-2609.038363445106	-2521.9610319475278
-2609.0362281562443	-2522.074772371231
-2609.0337794451398	-2522.153532207357
-2609.021023656111	-2522.3670473025704
-2608.847317795282	-2524.265498644263
-2608.8214275828404	-2524.458089976616
-2608.7755321417226	-2524.7085511113846
-2608.1025256785906	-2527.9581419855385
-2607.89765461187	-2528.9448341887273
-2607.738732263199	-2529.709249320399
-2607.72199439168	-2529.7888096677616
-2607.666852015721	-2530.042847097566
-2607.504320034324	-2530.7850063792366
-2607.4763613474875	-2530.8762969808886
-2607.4410046765834	-2530.9804778598063
-2606.090489803748	-2534.8251261801033
-2605.6867259829687	-2535.9651475237297
-2604.915671926252	-2538.006027957439
-2604.8900819988075	-2538.0655842599645
-2604.8662326553003	-2538.117266254886
-2604.7393962541437	-2538.3767915529215
-2603.98940519621	-2539.9113798182707
-2603.545127576751	-2540.8204349518833
-2603.160785371975	-2541.5874171227956
-2602.78179546541	-2542.213220241065
-2602.44578353577	-2542.7061301407593
-2601.783321307359	-2543.575255773884
-2601.47343289588	-2543.900924801581
-2597.623012080009	-2547.4261859531366
-2596.818154633431	-2548.103018478777
-2595.7995252673527	-2548.8767122022973
-2593.988410725649	-2550.2469469899415
-2593.4187109288614	-2550.6682199383713
-2591.4577407841693	-2552.086230311788
-2590.634420900391	-2552.678625049624
-2588.9558019776186	-2553.872604638761
-2588.6348110742056	-2554.1009212517656
-2586.504077823369	-2555.3610040854974
-2586.4659427656807	-2555.3797497332907
-2586.324431661317	-2555.434178732795
-2583.079615720756	-2556.248224915609
-2581.8078421137375	-2556.5526015732794
-2580.377737566957	-2556.8829038520616
-2577.705680407469	-2557.4961356476415
-2576.51356211012	-2557.760376012391
-2576.0484937880906	-2557.858631510122
-2575.9365391022507	-2557.882244711036
-2575.6986637058667	-2557.924222603531
-2575.449979449523	-2557.9634488930715
-2574.7895154176376	-2558.0575452314506
-2574.455282223197	-2558.098400349091
-2573.9824436573927	-2558.15387300768
-2571.775528804138	-2558.3720135550248
-2571.2296959784358	-2558.4232791064815
-2570.704593052674	-2558.465471649154
-2570.61504978674	-2558.471723492453
-2570.3831898053495	-2558.478946093557
-2554.847317795282	-2559.265498644263
-2554.8214275828404	-2559.458089976616
-2554.775532141722	-2559.7085511113846
-2554.10252567859	-2562.9581419855385
-2553.72199439168	-2564.7888096677616
-2553.504320034324	-2565.7850063792366
-2553.4763613474875	-2565.8762969808886
-2552.090489803748	-2569.8251261801033
-2551.6867259829687	-2570.9651475237297
-2550.915671926252	-2573.006027957439
-2550.8900819988075	-2573.0655842599645
-2550.8662326553003	-2573.117266254886
-2549.545127576751	-2575.8204349518833
-2549.160785371975	-2576.5874171227956
-2548.78179546541	-2577.213220241065
-2548.44578353577	-2577.7061301407593
-2547.783321307359	-2578.575255773884
-2547.4734328958793	-2578.900924801581
-2543.623012080009	-2582.4261859531366
-2542.818154633431	-2583.103018478777
-2539.988410725649	-2585.2469469899415
-2539.4187109288614	-2585.6682199383713
-2536.634420900391	-2587.678625049624
-2533.449225651897	-2589.944212588597
-2532.8064328280916	-2590.299062229819
-2532.4113411132544	-2590.4942783125184
-2531.6897920822194	-2590.7954429370757
-2531.01972689791	-2591.0661422566077
-2528.8168568894307	-2591.8054543903154
-2527.9486955910756	-2592.079903676638
-2525.8555002424037	-2592.6101104206814
-2524.5953010404523	-2592.918242131872
-2520.7076963587074	-2593.4535399789193
-2520.3169351210763	-2593.500153897281
-2514.1347101098313	-2593.87468044226
-2511.5526066025855	-2593.926544208537
-2451.0671813423264	-2639.6431652169313
-2451.067181342326	-2639.643165216932
-2451.0638489839766	-2642.840823198108
-2451.063138707187	-2643.0980078650173
-2451.038363445106	-2645.9610319475278
-2451.0362281562443	-2646.074772371231
-2451.0337794451398	-2646.153532207357
-2451.021023656111	-2646.3670473025704
-2450.847317795282	-2648.265498644263
-2450.8214275828404	-2648.458089976616
-2450.7755321417226	-2648.7085511113846
-2450.1025256785906	-2651.9581419855385
-2449.89765461187	-2652.9448341887273
-2449.738732263199	-2653.709249320399
-2449.72199439168	-2653.7888096677616
-2449.666852015721	-2654.042847097566
-2449.504320034324	-2654.7850063792366
-2449.4763613474875	-2654.8762969808886
-2449.441004676584	-2654.9804778598063
-2448.090489803748	-2658.8251261801033
-2447.6867259829687	-2659.9651475237297
-2446.915671926252	-2662.006027957439
-2446.8900819988075	-2662.0655842599645
-2446.8662326553003	-2662.117266254886
-2445.545127576751	-2664.8204349518837
-2445.160785371975	-2665.5874171227956
-2444.9139872032683	-2665.9949400168994
-2444.78179546541	-2666.213220241065
-2444.44578353577	-2666.7061301407593
-2444.3661744577703	-2666.8105742695734
-2443.9809763265266	-2667.315939791316
-2443.783321307359	-2667.575255773884
-2443.47343289588	-2667.900924801581
-2439.623012080009	-2671.4261859531366
-2438.818154633431	-2672.103018478777
-2437.7995252673527	-2672.8767122022973
-2435.988410725649	-2674.2469469899415
-2435.4187109288614	-2674.6682199383713
-2434.2563616773714	-2675.508734160685
-2433.4577407841693	-2676.086230311788
-2432.634420900391	-2676.678625049624
-2429.449225651897	-2678.944212588597
-2428.8064328280916	-2679.299062229819
-2428.4113411132544	-2679.4942783125184
-2428.2316620926354	-2679.5712508058045
-2427.6897920822194	-2679.795442937075
-2427.265386820043	-2679.968986764978
-2427.01972689791	-2680.0661422566077
-2424.8168568894307	-2680.8054543903154
-2424.2833446214854	-2680.9783907272495
-2423.951208608236	-2681.0791750388635
-2423.9486955910756	-2681.079903676638
-2423.9436554907525	-2681.0812556910278
-2423.2081704581096	-2681.270499784991
-2421.8555002424037	-2681.6101104206814
-2420.814157762333	-2681.866400401207
-2420.5953010404523	-2681.918242131872
-2420.3865318261055	-2681.9484323802485
-2416.7076963587074	-2682.4535399789193
-2416.509322722361	-2682.4793954640877
-2416.3169351210763	-2682.500153897281
-2414.013494755718	-2682.659217946307
-2412.400792655015	-2682.7570713619352
-2411.4575426754186	-2682.8085125854614
-2410.1347101098313	-2682.87468044226
-2408.8155025216097	-2682.9157473362725
-2407.5526066025855	-2682.926544208537
-2366.0571937455843	-2696.7850063792366
-2366.038363445106	-2698.9610319475278
-2366.0362281562443	-2699.074772371231
-2366.0337794451398	-2699.153532207357
-2366.021023656111	-2699.3670473025704
-2365.847317795282	-2701.265498644263
-2365.8214275828404	-2701.458089976616
-2365.775532141722	-2701.7085511113846
-2365.1025256785906	-2704.9581419855385
-2364.738732263199	-2706.709249320399
-2364.72199439168	-2706.7888096677616
-2364.666852015721	-2707.042847097566
-2364.504320034324	-2707.7850063792366
-2364.4763613474875	-2707.8762969808886
-2364.4410046765834	-2707.9804778598063
-2363.090489803748	-2711.8251261801033
-2362.6867259829687	-2712.9651475237297
-2362.5125435343425	-2713.4261859531366
-2361.915671926252	-2715.006027957439
-2361.8900819988075	-2715.0655842599645
-2361.8662326553003	-2715.117266254886
-2360.545127576751	-2717.8204349518833
-2360.160785371975	-2718.5874171227956
-2359.78179546541	-2719.213220241065
-2359.44578353577	-2719.7061301407593
-2358.783321307359	-2720.575255773884
-2358.4734328958793	-2720.900924801581
-2356.669410342818	-2722.5526015732794
-2354.623012080009	-2724.4261859531366
-2353.818154633431	-2725.103018478777
-2352.7995252673527	-2725.8767122022973
-2350.988410725649	-2727.2469469899415
-2350.4763613474875	-2727.6255894828755
-2350.4187109288614	-2727.6682199383713
-2348.4577407841693	-2729.086230311788
-2347.634420900391	-2729.678625049624
-2345.6348110742056	-2731.1009212517656
-2343.504077823369	-2732.3610040854974
-2343.4659427656807	-2732.3797497332907
-2343.324431661317	-2732.434178732795
-2340.079615720756	-2733.248224915609
-2339.818154633431	-2733.3108010309115
-2338.8078421137375	-2733.5526015732794
-2337.377737566957	-2733.8829038520616
-2334.705680407469	-2734.4961356476415
-2333.5135621101194	-2734.760376012391
-2333.0484937880906	-2734.858631510122
-2332.9365391022507	-2734.882244711036
-2332.6986637058667	-2734.924222603531
-2332.449979449523	-2734.9634488930715
-2331.7895154176376	-2735.0575452314506
-2331.455282223197	-2735.098400349091
-2330.9824436573927	-2735.15387300768
-2328.775528804138	-2735.3720135550248
-2328.2296959784358	-2735.4232791064815
-2327.704593052674	-2735.465471649154
-2327.61504978674	-2735.471723492453
-2327.3831898053495	-2735.478946093557
-2311.847317795282	-2736.265498644263
-2311.8214275828404	-2736.458089976616
-2311.7755321417226	-2736.7085511113846
-2311.1025256785906	-2739.9581419855385
-2310.89765461187	-2740.9448341887273
-2310.738732263199	-2741.709249320399
-2310.72199439168	-2741.7888096677616
-2310.666852015721	-2742.042847097566
-2310.504320034324	-2742.7850063792366
-2310.4763613474875	-2742.8762969808886
-2310.441004676584	-2742.9804778598063
-2309.090489803748	-2746.8251261801033
-2308.6867259829687	-2747.9651475237297
-2307.915671926252	-2750.006027957439
-2307.8900819988075	-2750.0655842599645
-2307.8662326553003	-2750.117266254886
-2306.545127576751	-2752.8204349518837
-2306.160785371975	-2753.5874171227956
-2305.9139872032683	-2753.9949400168994
-2305.78179546541	-2754.213220241065
-2305.44578353577	-2754.7061301407593
-2305.3661744577703	-2754.8105742695734
-2304.783321307359	-2755.575255773884
-2304.47343289588	-2755.900924801581
-2300.623012080009	-2759.4261859531366
-2299.818154633431	-2760.103018478777
-2298.7995252673527	-2760.8767122022973
-2296.988410725649	-2762.2469469899415
-2296.4187109288614	-2762.6682199383713
-2294.4577407841693	-2764.086230311788
-2293.634420900391	-2764.678625049624
-2290.449225651897	-2766.944212588597
-2289.8064328280916	-2767.299062229819
-2289.4113411132544	-2767.4942783125184
-2289.2316620926354	-2767.5712508058045
-2288.6897920822194	-2767.795442937075
-2288.265386820043	-2767.968986764978
-2288.01972689791	-2768.0661422566077
-2285.8168568894307	-2768.8054543903154
-2285.2833446214854	-2768.9783907272495
-2284.951208608236	-2769.0791750388635
-2284.9486955910756	-2769.079903676638
-2284.9436554907525	-2769.0812556910278
-2284.2081704581096	-2769.270499784991
-2282.8555002424037	-2769.610110420681
-2281.814157762333	-2769.866400401207
-2281.5953010404523	-2769.918242131872
-2281.3865318261055	-2769.9484323802485
-2277.7076963587074	-2770.4535399789193
-2277.509322722361	-2770.4793954640877
-2277.3169351210763	-2770.500153897281
-2275.013494755718	-2770.659217946307
-2273.400792655015	-2770.7570713619352
-2271.1347101098313	-2770.87468044226
-2269.8155025216097	-2770.9157473362725
-2268.5526066025855	-2770.926544208537
-2239.038363445106	-2770.9610319475278
-2239.0362281562443	-2771.074772371231
-2239.0337794451398	-2771.153532207357
-2239.021023656111	-2771.3670473025704
-2238.847317795282	-2773.265498644263
-2238.8214275828404	-2773.458089976616
-2238.775532141722	-2773.7085511113846
-2238.10252567859	-2776.9581419855385
-2237.89765461187	-2777.9448341887273
-2237.738732263199	-2778.709249320399
-2237.72199439168	-2778.7888096677616
-2237.666852015721	-2779.042847097566
-2237.504320034324	-2779.7850063792366
-2237.4763613474875	-2779.8762969808886
-2237.441004676584	-2779.9804778598063
-2236.090489803748	-2783.8251261801033
-2235.6867259829687	-2784.9651475237297
-2234.915671926252	-2787.006027957439
-2234.8900819988075	-2787.0655842599645
-2234.8662326553003	-2787.117266254886
-2233.545127576751	-2789.8204349518837
-2233.160785371975	-2790.5874171227956
-2232.9139872032683	-2790.9949400168994
-2232.78179546541	-2791.213220241065
-2232.44578353577	-2791.7061301407593
-2232.3661744577703	-2791.8105742695734
-2231.783321307359	-2792.575255773884
-2231.47343289588	-2792.900924801581
-2227.623012080009	-2796.4261859531366
-2226.818154633431	-2797.103018478777
-2225.7995252673527	-2797.8767122022973
-2223.988410725649	-2799.2469469899415
-2223.4187109288614	-2799.6682199383713
-2221.4577407841693	-2801.086230311788
-2220.634420900391	-2801.678625049624
-2217.449225651897	-2803.944212588597
-2216.8064328280916	-2804.299062229819
-2216.4113411132544	-2804.4942783125184
-2216.2316620926354	-2804.5712508058045
-2215.6897920822194	-2804.795442937075
-2215.265386820043	-2804.968986764978
-2215.01972689791	-2805.0661422566077
-2212.8168568894307	-2805.8054543903154
-2212.2833446214854	-2805.9783907272495
-2211.951208608236	-2806.0791750388635
-2211.9486955910756	-2806.079903676638
-2211.9436554907525	-2806.0812556910278
-2211.2081704581096	-2806.270499784991
-2209.8555002424037	-2806.610110420681
-2208.814157762333	-2806.866400401207
-2208.5953010404523	-2806.918242131872
-2208.3865318261055	-2806.9484323802485
-2204.7076963587074	-2807.4535399789193
-2204.509322722361	-2807.4793954640877
-2204.3169351210763	-2807.500153897281
-2202.013494755718	-2807.659217946307
-2200.400792655015	-2807.7570713619352
-2198.1347101098313	-2807.87468044226
-2196.8155025216097	-2807.9157473362725
-2195.5526066025855	-2807.926544208537
-2169.3661744577703	-2824.9949400168994
-2147.9139872032683	-2843.9949400168994
-2147.78179546541	-2844.213220241065
-2147.44578353577	-2844.7061301407593
-2146.783321307359	-2845.575255773884
-2146.47343289588	-2845.900924801581
-2142.623012080009	-2849.4261859531366
-2141.818154633431	-2850.103018478777
-2140.7995252673527	-2850.8767122022973
-2138.988410725649	-2852.2469469899415
-2138.4187109288614	-2852.6682199383713
-2135.634420900391	-2854.678625049624
-2133.6348110742056	-2856.1009212517656
-2131.504077823369	-2857.3610040854974
-2131.324431661317	-2857.434178732795
-2126.8078421137375	-2858.5526015732794
-2122.705680407469	-2859.4961356476415
-2120.9365391022507	-2859.882244711036
-2119.7895154176376	-2860.0575452314506
-2118.9824436573927	-2860.15387300768
-2116.2296959784358	-2860.4232791064815
-2115.3831898053495	-2860.478946093557
-2022.9974230877624	-2867.3735559581537
-2022.9872958196277	-2870.878657144881
-2022.9486119443463	-2872.4828542270407
-2022.8696968882691	-2873.5694201459
-2022.8221174991882	-2874.0701334194687
-2022.4059478212712	-2877.527792397619
-2022.229032798449	-2878.807580947981
-2021.555507117483	-2882.468758816639
-2021.2008051311605	-2884.00124572041
-2020.6705043952427	-2885.470733568046
-2018.6888784610042	-2890.3080840944517
-2017.9300098323265	-2892.1467246058564
-2017.6811564940435	-2892.6312547535
-2016.9170489545727	-2893.6951011683823
-2014.7958517444565	-2896.1246351173663
-2013.835427098571	-2897.175292387268
-2012.9974230877624	-2901.3735559581537
-2009.5706579335933	-2901.6191361600036
-2008.1805042346505	-2902.975282913685
-2007.6779958409659	-2903.400076110596
-2006.3661744577703	-2910.9949400168994
-2006.0631387071874	-2911.0980078650173
-2006.038363445106	-2913.9610319475278
-2006.0362281562443	-2914.074772371231
-2006.0337794451398	-2914.153532207357
-2006.021023656111	-2914.3670473025704
-2005.847317795282	-2916.265498644263
-2005.8214275828407	-2916.458089976616
-2005.7755321417224	-2916.7085511113846
-2005.1025256785904	-2919.9581419855385
-2004.8976546118702	-2920.9448341887273
-2004.738732263199	-2921.709249320399
-2004.7219943916798	-2921.7888096677616
-2004.666852015721	-2922.042847097566
-2004.5043200343239	-2922.7850063792366
-2004.4763613474875	-2922.8762969808886
-2004.4410046765838	-2922.9804778598063
-2003.090489803748	-2926.8251261801033
-2002.6867259829685	-2927.9651475237297
-2001.9156719262517	-2930.006027957439
-2001.8900819988075	-2930.0655842599645
-2001.8662326553003	-2930.117266254886
-2000.5451275767512	-2932.8204349518833
-2000.160785371975	-2933.5874171227956
-1999.9139872032686	-2933.9949400168994
-1999.78179546541	-2934.213220241065
-1999.4457835357698	-2934.7061301407593
-1999.3661744577703	-2934.8105742695734
-1998.783321307359	-2935.575255773884
-1998.4734328958798	-2935.900924801581
-1994.6230120800094	-2939.4261859531366
-1993.818154633431	-2940.103018478777
-1992.7995252673527	-2940.8767122022973
-1990.988410725649	-2942.2469469899415
-1990.4187109288612	-2942.6682199383713
-1988.4577407841693	-2944.086230311788
-1987.6344209003912	-2944.678625049624
-1984.4492256518968	-2946.944212588597
-1983.8064328280916	-2947.299062229819
-1983.4113411132544	-2947.4942783125184
-1983.2316620926354	-2947.5712508058045
-1982.6897920822196	-2947.795442937075
-1982.2653868200434	-2947.968986764978
-1982.0197268979098	-2948.0661422566077
-1979.8168568894305	-2948.8054543903154
-1979.2833446214854	-2948.9783907272495
-1978.951208608236	-2949.0791750388635
-1978.9486955910756	-2949.079903676638
-1978.9436554907525	-2949.0812556910278
-1978.2081704581096	-2949.270499784991
-1976.8555002424039	-2949.610110420681
-1975.8141577623328	-2949.866400401207
-1975.5953010404523	-2949.918242131872
-1975.3865318261055	-2949.9484323802485
-1971.7076963587074	-2950.4535399789193
-1971.509322722361	-2950.4793954640877
-1971.3169351210765	-2950.500153897281
-1969.013494755718	-2950.659217946307
-1967.400792655015	-2950.7570713619352
-1965.1347101098313	-2950.87468044226
-1963.8155025216097	-2950.9157473362725
-1962.5526066025855	-2950.926544208537
-1918.9974230877624	-2956.3735559581537
-1916.6705043952427	-2974.470733568046
-1908.1028760139002	-2987.9945866445723
-1907.5471679207785	-2988.5781172264396
-1905.5706579335936	-2990.619136160003
-1905.1578881016421	-2991.024501943765
-1904.7268380347746	-2991.44454088893
-1904.1805042346505	-2991.975282913685
-1903.6779958409659	-2992.400076110596
-1902.7600547991942	-2993.0344129156474
-1901.4855739612617	-2993.899232137397
-1901.3103046716524	-2994.0138160684173
-1898.4299480290256	-2995.883353151803
-1897.88244980424	-2996.238232000024
-1897.5580783819037	-2996.440954029386
-1896.8400042864166	-2996.87414526431
-1896.3520034681374	-2997.133014537343
-1895.9579875427637	-2997.3362372961415
-1895.7705801057	-2997.4320499891346
-1894.70174102167	-2997.9147059672287
-1894.5244590263972	-2997.992801889919
-1893.8674979829013	-2998.2650876736725
-1893.542704503955	-2998.3988429214896
-1891.4816376790443	-2999.099229796705
-1891.3868333064993	-2999.1301473945673
-1891.094994550806	-2999.2228394418594
-1890.9622719307677	-2999.2636221088183
-1890.5139957461424	-2999.3987186597565
-1890.4856745202774	-2999.40532237129
-1890.2259625735517	-2999.4604732839307
-1887.8487527009	-2999.954404141216
-1887.5367830923883	-3000.0173236452856
-1887.1505591460186	-3000.081554742699
-1885.762136915982	-3000.275707520905
-1884.57125946003	-3000.3957021125534
-1881.1455866904787	-3000.7090087074375
-1880.9898688286573	-3000.7213281731397
-1880.400792655015	-3000.7570713619352
-1879.4575426754186	-3000.8085125854614
-1878.1347101098313	-3000.87468044226
-1876.8155025216097	-3000.9157473362725
-1875.5526066025855	-3000.926544208537
-1851.5451275767512	-3002.8204349518833
-1851.1607853719747	-3003.5874171227956
-1850.78179546541	-3004.213220241065
-1850.4457835357698	-3004.7061301407593
-1849.783321307359	-3005.575255773884
-1849.4734328958798	-3005.900924801581
-1845.6230120800094	-3009.4261859531366
-1844.818154633431	-3010.103018478777
-1843.7995252673527	-3010.8767122022973
-1841.988410725649	-3012.2469469899415
-1841.4187109288612	-3012.6682199383713
-1839.4577407841693	-3014.086230311788
-1838.6344209003912	-3014.678625049624
-1835.4492256518968	-3016.944212588597
-1834.8064328280916	-3017.299062229819
-1834.4113411132544	-3017.4942783125184
-1833.6897920822196	-3017.795442937075
-1833.0197268979098	-3018.0661422566077
-1830.8168568894305	-3018.8054543903154
-1830.2833446214854	-3018.9783907272495
-1829.951208608236	-3019.0791750388635
-1829.9486955910756	-3019.079903676638
-1829.9436554907525	-3019.0812556910278
-1829.2081704581096	-3019.270499784991
-1827.8555002424039	-3019.6101104206814
-1826.8141577623328	-3019.866400401207
-1826.5953010404523	-3019.918242131872
-1826.3865318261055	-3019.9484323802485
-1822.7076963587074	-3020.4535399789193
-1822.509322722361	-3020.4793954640877
-1822.3169351210765	-3020.500153897281
-1820.013494755718	-3020.659217946307
-1818.400792655015	-3020.7570713619352
-1817.4575426754186	-3020.8085125854614
-1816.1347101098313	-3020.87468044226
-1814.8155025216097	-3020.9157473362725
-1813.5526066025855	-3020.926544208537
-1713.9974230877624	-3058.3735559581537
-1713.9964454987553	-3060.675499423157
-1713.9962814339679	-3060.7063598901304
-1713.9953564454522	-3060.8353961500407
-1713.9872958196277	-3061.878657144881
-1713.9486119443463	-3063.4828542270407
-1713.8696968882691	-3064.5694201459
-1713.8221174991882	-3065.0701334194687
-1713.775699355419	-3065.4920768884767
-1713.4059478212712	-3068.527792397621
-1713.3572691298955	-3068.8946325906677
-1713.229032798449	-3069.807580947981
-1713.0703958642705	-3070.7149940982845
-1712.555507117483	-3073.4687588166394
-1712.2727578584768	-3074.70669377169
-1712.2008051311605	-3075.00124572041
-1712.1278274092888	-3075.2216790691164
-1711.6705043952427	-3076.470733568046
-1709.6888784610042	-3081.3080840944526
-1708.9300098323265	-3083.1467246058564
-1708.7472892844999	-3083.5062812324777
-1708.6811564940435	-3083.6312547535
-1707.9170489545727	-3084.6951011683823
-1705.7958517444565	-3087.1246351173663
-1704.835427098571	-3088.175292387268
-1703.1028760139002	-3089.9945866445723
-1702.5471679207785	-3090.5781172264396
-1700.9070474016303	-3092.271767678303
-1700.5706579335936	-3092.619136160003
-1700.1578881016421	-3093.024501943765
-1699.7268380347746	-3093.44454088893
-1699.1805042346505	-3093.975282913685
-1698.6779958409659	-3094.400076110596
-1697.7600547991942	-3095.0344129156474
-1696.4855739612617	-3095.899232137397
-1696.3103046716524	-3096.0138160684173
-1693.4299480290256	-3097.883353151803
-1692.88244980424	-3098.238232000024
-1692.5580783819037	-3098.440954029386
-1691.8400042864166	-3098.87414526431
-1691.3520034681374	-3099.133014537343
-1690.9579875427637	-3099.3362372961415
-1690.7705801057	-3099.4320499891346
-1689.70174102167	-3099.9147059672287
-1689.5244590263972	-3099.992801889919
-1688.8674979829013	-3100.2650876736725
-1688.542704503955	-3100.3988429214896
-1686.4816376790443	-3101.099229796705
-1686.3868333064993	-3101.1301473945673
-1686.094994550806	-3101.2228394418594
-1685.9622719307677	-3101.2636221088183
-1685.5139957461424	-3101.3987186597565
-1685.4856745202774	-3101.40532237129
-1685.2259625735517	-3101.4604732839307
-1682.8487527009	-3101.954404141216
-1682.5367830923883	-3102.0173236452856
-1682.1505591460186	-3102.081554742699
-1680.762136915982	-3102.275707520905
-1679.57125946003	-3102.3957021125534
-1676.1455866904787	-3102.7090087074375
-1675.9898688286573	-3102.7213281731397
-1675.400792655015	-3102.7570713619352
-1674.4575426754186	-3102.8085125854614
-1673.1347101098313	-3102.87468044226
-1671.8155025216097	-3102.9157473362725
-1670.5526066025855	-3102.926544208537
-1608.5526066025855	-3122.926544208537
-1564.9974230877626	-3128.3735559581537
-1564.9964454987553	-3130.675499423157
-1564.9872958196274	-3131.878657144881
-1564.9486119443463	-3133.4828542270407
-1564.8696968882691	-3134.5694201459
-1564.8221174991882	-3135.0701334194687
-1564.775699355419	-3135.4920768884767
-1564.4059478212712	-3138.527792397621
-1564.3572691298955	-3138.8946325906677
-1564.2290327984488	-3139.807580947981
-1564.0703958642705	-3140.7149940982845
-1563.555507117483	-3143.4687588166394
-1563.2727578584768	-3144.70669377169
-1563.2008051311605	-3145.00124572041
-1563.1278274092888	-3145.2216790691164
-1562.6705043952427	-3146.470733568046
-1560.6888784610042	-3151.3080840944526
-1559.9300098323265	-3153.1467246058564
-1559.7472892844999	-3153.5062812324777
-1559.6811564940438	-3153.6312547535
-1558.9170489545727	-3154.6951011683823
-1556.7958517444565	-3157.1246351173663
-1555.835427098571	-3158.175292387268
-1554.1028760139002	-3159.9945866445723
-1553.5471679207785	-3160.5781172264396
-1551.9070474016303	-3162.271767678303
-1551.5706579335936	-3162.619136160003
-1550.1805042346505	-3163.975282913685
-1549.6779958409657	-3164.400076110596
-1547.4855739612615	-3165.899232137397
-1543.88244980424	-3168.238232000024
-1542.8400042864166	-3168.87414526431
-1541.7705801057	-3169.4320499891346
-1540.5244590263972	-3169.992801889919
-1539.542704503955	-3170.3988429214896
-1537.4816376790445	-3171.099229796705
-1536.5139957461424	-3171.3987186597565
-1533.8487527009	-3171.954404141216
-1533.1505591460186	-3172.081554742699
-1531.762136915982	-3172.275707520905
-1526.9898688286573	-3172.7213281731397
-1524.1347101098313	-3172.87468044226
-1521.5526066025855	-3172.926544208537
-1436.9974230877626	-3186.3735559581537
-1436.9964454987553	-3188.675499423157
-1436.9962814339679	-3188.7063598901304
-1436.9953564454522	-3188.8353961500407
-1436.9872958196274	-3189.878657144881
-1436.9486119443463	-3191.4828542270407
-1436.8696968882691	-3192.5694201459
-1436.8221174991882	-3193.0701334194687
-1436.775699355419	-3193.4920768884767
-1436.4059478212714	-3196.527792397619
-1436.3572691298955	-3196.8946325906677
-1436.2290327984488	-3197.807580947981
-1436.0703958642707	-3198.7149940982845
-1435.555507117483	-3201.4687588166394
-1435.2727578584768	-3202.70669377169
-1435.2008051311605	-3203.00124572041
-1435.1278274092888	-3203.2216790691164
-1434.6705043952427	-3204.470733568046
-1432.6888784610042	-3209.3080840944526
-1432.4891896565239	-3209.7919042336916
-1431.9300098323265	-3211.1467246058564
-1431.7472892844999	-3211.5062812324777
-1431.6811564940438	-3211.6312547535
-1430.9170489545727	-3212.6951011683823
-1428.7958517444565	-3215.1246351173663
-1427.835427098571	-3216.175292387268
-1426.1028760139002	-3217.9945866445723
-1425.5471679207785	-3218.5781172264396
-1424.0264156444814	-3220.1485035180885
-1423.9070474016303	-3220.271767678303
-1423.5706579335936	-3220.619136160003
-1423.1578881016421	-3221.024501943765
-1422.7268380347746	-3221.44454088893
-1422.1805042346507	-3221.975282913685
-1421.6779958409657	-3222.400076110596
-1420.7600547991942	-3223.0344129156474
-1419.4855739612615	-3223.899232137397
-1419.3103046716524	-3224.0138160684173
-1415.88244980424	-3226.238232000024
-1415.5580783819037	-3226.440954029386
-1414.8400042864166	-3226.87414526431
-1414.3520034681374	-3227.133014537343
-1413.957987542764	-3227.3362372961415
-1413.7705801057	-3227.4320499891346
-1412.70174102167	-3227.9147059672287
-1412.5244590263972	-3227.992801889919
-1411.867497982901	-3228.2650876736725
-1411.0905103123848	-3228.5850638590255
-1408.9980570336343	-3229.4181954379324
-1408.545146259563	-3229.5827109332095
-1408.3892178403712	-3229.62804464459
-1407.4026181349104	-3229.8848734512117
-1407.1868633115623	-3229.9273988632535
-1406.8238185716361	-3229.9856113698033
-1406.301857483129	-3230.0682198142613
-1405.7470932458568	-3230.136357342722
-1404.2481632818583	-3230.2841574090053
-1403.4692812301348	-3230.3574649679276
-1401.8171765787833	-3230.5057831955473
-1395.6241332435302	-3231.058968726268
-1394.1441368674168	-3231.1900301224237
-1393.7277435901942	-3231.210088531577
-1393.5486275383582	-3231.2106179036105
-1328.1110604184482	-3236.070133419468
-1327.7268380347746	-3236.44454088893
-1327.1805042346505	-3236.975282913685
-1326.6779958409657	-3237.400076110596
-1325.7600547991942	-3238.0344129156474
-1324.4855739612617	-3238.899232137397
-1324.3103046716524	-3239.0138160684173
-1323.5184321021673	-3239.527792397619
-1322.9532490971228	-3239.8946325906677
-1321.4299480290256	-3240.883353151803
-1320.8824498042402	-3241.238232000024
-1320.5580783819037	-3241.440954029386
-1319.8400042864166	-3241.87414526431
-1319.3520034681374	-3242.133014537343
-1318.957987542764	-3242.3362372961415
-1318.7705801057	-3242.4320499891346
-1317.70174102167	-3242.9147059672287
-1317.5244590263972	-3242.992801889919
-1316.867497982901	-3243.2650876736725
-1316.542704503955	-3243.3988429214896
-1314.4816376790445	-3244.099229796705
-1314.3868333064993	-3244.1301473945673
-1314.094994550806	-3244.2228394418594
-1313.9622719307677	-3244.2636221088183
-1313.527826588846	-3244.394674159729
-1313.5139957461424	-3244.3987186597565
-1313.4856745202774	-3244.40532237129
-1313.2259625735517	-3244.4604732839307
-1310.8487527009	-3244.954404141216
-1310.5367830923883	-3245.0173236452856
-1310.1505591460186	-3245.081554742699
-1308.762136915982	-3245.275707520905
-1307.57125946003	-3245.3957021125534
-1305.9315614264747	-3245.5463586945352
-1304.5664558020994	-3245.670740423955
-1304.1455866904787	-3245.7090087074375
-1303.9898688286573	-3245.7213281731397
-1303.400792655015	-3245.7570713619352
-1302.4575426754184	-3245.8085125854614
-1301.1347101098313	-3245.87468044226
-1299.8155025216097	-3245.9157473362725
-1298.5526066025855	-3245.926544208537
-1267.2008051311605	-3246.00124572041
-1266.6705043952427	-3247.470733568046
-1263.9300098323265	-3254.1467246058564
-1263.6811564940438	-3254.6312547535
-1262.9170489545727	-3255.6951011683823
-1260.7958517444565	-3258.1246351173663
-1259.835427098571	-3259.175292387268
-1255.9070474016303	-3260.9945866445723
-1255.5706579335936	-3263.619136160003
-1253.6779958409657	-3265.400076110596
-1246.8400042864166	-3269.87414526431
-1244.5244590263972	-3270.992801889919
-1240.545146259563	-3272.5827109332095
-1239.4026181349104	-3272.8848734512117
-1237.9495695824355	-3273.114987686619
-1226.314900080133	-3274.175089120562
-1225.5486275383582	-3274.2106179036105
-1114.8696968882691	-3276.5694201459
-1114.775699355419	-3277.4920768884767
-1114.4059478212714	-3280.527792397619
-1114.229032798449	-3281.807580947981
-1114.0703958642705	-3282.7149940982845
-1113.555507117483	-3285.4687588166394
-1113.2727578584768	-3286.70669377169
-1113.2008051311605	-3287.00124572041
-1112.6705043952427	-3288.470733568046
-1110.6888784610042	-3293.3080840944526
-1109.9300098323265	-3295.1467246058564
-1109.7472892844999	-3295.5062812324777
-1109.6811564940435	-3295.6312547535
-1108.9170489545727	-3296.6951011683823
-1106.7958517444565	-3299.1246351173663
-1105.835427098571	-3300.175292387268
-1103.5471679207785	-3302.5781172264396
-1101.5706579335936	-3304.619136160003
-1099.6779958409657	-3306.400076110596
-1098.7600547991942	-3307.0344129156474
-1097.4855739612617	-3307.899232137397
-1097.3103046716524	-3308.0138160684173
-1094.4299480290256	-3309.883353151803
-1093.8824498042402	-3310.238232000024
-1093.5580783819037	-3310.4409540293864
-1090.5244590263972	-3311.992801889919
-1086.545146259563	-3313.5827109332095
-1085.1868633115623	-3313.9273988632535
-1081.9489370705687	-3314.313072700158
-1071.5486275383582	-3315.2106179036105
-1044.555507117483	-3317.4687588166394
-1044.2727578584768	-3318.70669377169
-1044.2008051311605	-3319.00124572041
-1044.1278274092888	-3319.2216790691164
-1043.6705043952427	-3320.470733568046
-1041.6888784610042	-3325.3080840944526
-1040.9300098323265	-3327.1467246058564
-1040.7472892844999	-3327.5062812324777
-1040.6811564940435	-3327.6312547535
-1039.9170489545727	-3328.6951011683823
-1037.7958517444565	-3331.1246351173663
-1036.835427098571	-3332.175292387268
-1035.1028760139002	-3333.9945866445723
-1034.7552758810748	-3334.3595899804523
-1034.5471679207785	-3334.5781172264396
-1032.9070474016303	-3336.271767678303
-1032.5706579335936	-3336.619136160003
-1032.1578881016421	-3337.024501943765
-1031.7268380347746	-3337.44454088893
-1031.1805042346507	-3337.975282913685
-1030.887630367608	-3338.2228625120288
-1030.6779958409657	-3338.400076110596
-1029.7600547991942	-3339.0344129156474
-1028.4855739612617	-3339.899232137397
-1028.3103046716524	-3340.0138160684173
-1024.8824498042402	-3342.238232000024
-1024.5580783819037	-3342.440954029386
-1023.8400042864166	-3342.87414526431
-1023.3520034681372	-3343.133014537343
-1022.9579875427638	-3343.3362372961415
-1022.7705801057	-3343.4320499891346
-1021.7017410216698	-3343.9147059672287
-1021.5244590263972	-3343.992801889919
-1020.8674979829012	-3344.2650876736725
-1020.0905103123849	-3344.5850638590255
-1017.9980570336342	-3345.4181954379324
-1017.5451462595628	-3345.582710933209
-1017.3892178403712	-3345.62804464459
-1016.4026181349104	-3345.8848734512117
-1016.1868633115622	-3345.9273988632535
-1015.8238185716361	-3345.9856113698033
-1015.301857483129	-3346.0682198142613
-1014.7470932458568	-3346.136357342722
-1013.2481632818583	-3346.2841574090053
-1012.9489370705686	-3346.313072700158
-1012.4692812301348	-3346.3574649679276
-1010.8171765787832	-3346.5057831955473
-1004.6241332435302	-3347.058968726268
-1003.1441368674169	-3347.1900301224237
-1002.7277435901942	-3347.210088531577
-1002.5486275383581	-3347.2106179036105
-933.5706579335936	-3347.619136160003
-933.1578881016421	-3348.024501943765
-932.1805042346507	-3348.975282913685
-931.6779958409658	-3349.400076110596
-930.7600547991942	-3350.0344129156474
-929.4855739612616	-3350.899232137397
-929.3103046716524	-3351.0138160684173
-925.8824498042402	-3353.238232000024
-925.5580783819038	-3353.440954029386
-924.8400042864166	-3353.87414526431
-924.3520034681372	-3354.133014537343
-923.9579875427638	-3354.3362372961415
-923.7705801057	-3354.4320499891346
-922.7017410216698	-3354.9147059672287
-922.5244590263972	-3354.992801889919
-921.8674979829012	-3355.2650876736725
-921.0905103123848	-3355.585063859026
-918.9980570336342	-3356.4181954379324
-918.5451462595628	-3356.5827109332095
-918.3892178403712	-3356.62804464459
-917.4026181349104	-3356.8848734512117
-917.1868633115622	-3356.9273988632535
-916.8238185716361	-3356.9856113698033
-916.301857483129	-3357.0682198142613
-916.0637956713147	-3357.102006366168
-915.9495695824355	-3357.114987686619
-915.7470932458568	-3357.136357342722
-914.2481632818583	-3357.2841574090053
-913.9489370705686	-3357.313072700158
-913.4692812301348	-3357.3574649679276
-905.6241332435302	-3358.058968726268
-904.3149000801329	-3358.175089120562
-904.1441368674169	-3358.190030122424
-903.9729982695574	-3358.1997822547128
-903.7277435901942	-3358.210088531577
-903.5486275383581	-3358.2106179036105
-783.1314893718029	-3358.210617903611
-783.1278274092886	-3358.2216790691164
-782.6705043952427	-3359.470733568046
-780.6888784610044	-3364.3080840944517
-779.9300098323266	-3366.1467246058564
-779.7472892844999	-3366.5062812324777
-779.6811564940436	-3366.6312547535
-778.9170489545726	-3367.6951011683823
-776.7958517444565	-3370.1246351173663
-775.835427098571	-3371.175292387268
-774.1028760139001	-3372.9945866445723
-773.5471679207786	-3373.5781172264396
-771.9070474016305	-3375.271767678303
-771.5706579335937	-3375.619136160003
-771.1578881016421	-3376.024501943765
-770.7268380347747	-3376.44454088893
-770.1805042346507	-3376.975282913685
-769.6779958409657	-3377.400076110596
-768.7600547991942	-3378.0344129156474
-767.4855739612616	-3378.899232137397
-767.3103046716524	-3379.0138160684173
-763.8824498042402	-3381.238232000024
-763.5580783819038	-3381.440954029386
-762.8400042864166	-3381.87414526431
-762.3520034681372	-3382.133014537343
-761.9579875427637	-3382.3362372961415
-761.7705801057	-3382.4320499891346
-760.7017410216698	-3382.9147059672287
-760.5244590263972	-3382.992801889919
-759.8674979829012	-3383.2650876736725
-759.0905103123848	-3383.585063859026
-756.998057033634	-3384.4181954379324
-756.5451462595628	-3384.582710933209
-756.3892178403712	-3384.62804464459
-755.4026181349104	-3384.8848734512117
-755.1868633115622	-3384.9273988632535
-754.8238185716361	-3384.9856113698033
-754.301857483129	-3385.0682198142613
-753.9495695824355	-3385.114987686619
-753.747093245857	-3385.136357342722
-752.2481632818581	-3385.2841574090053
-751.4692812301348	-3385.3574649679276
-749.8171765787832	-3385.5057831955473
-743.6241332435302	-3386.058968726268
-742.1441368674169	-3386.190030122424
-741.7277435901942	-3386.210088531577
-741.5486275383581	-3386.2106179036105
-440.5486275383581	-3387.2106179036105
