796706.2799999998	700913.7099999997
797392.3799999997	700086.9099999998
797584.0999998985	699958.9053294092
797640.6	693627.7599999999
797640.6000000001	693627.7599999998
797856.1799999999	693180.0199999999
798429.1799999997	692656.0199999998
798808.9799999953	688573.1199999953
798914.1861951222	688505.0199999998
798914.1861951224	688505.0199999997
798914.1861951225	688505.0199999996
798914.1861951228	688505.0199999993
799125.6799999999	688368.1199999999
799595.4800000002	688106.0128259512
799595.4800000007	688106.0128259507
799606.58	688099.8199999998
799865.9263553523	687958.4904545458
799865.9263553525	687958.4904545457
799865.9263553527	687958.4904545456
799865.926355353	687958.4904545455
800040.8799999999	687880.9099999999
800090.3799999997	687867.3099999996
801129.7999999006	687707.1970346498
801207.2999999949	686477.811622441
801263.8000000006	685382.959999996
801364.8999999984	684655.9599999983
801364.9000000003	684655.9599999981
801424.6999999998	684255.2599999998
801471.9799999997	684054.0199999998
801471.9800000004	684054.0199999993
801640.2799999998	683807.5199999997
802121.1799999999	683539.2199999999
802309.279999987	683455.8100000059
802309.2799999871	683455.8100000056
802358.7800000978	683442.209999985
802479.9287253948	683423.548167754
802479.9287253955	683423.5481677537
802479.928725397	683423.5481677535
802479.9287253981	683423.5481677534
802479.9287253985	683423.5481677533
802479.9287253997	683423.5481677531
802479.9287254	683423.548167753
802479.9287254016	683423.5481677528
802479.9287254035	683423.5481677526
802479.9287254054	683423.5481677523
802481.3760732145	683423.3252173092
802481.3760732147	683423.3252173091
802481.3760732152	683423.325217309
802481.3760732159	683423.3236767859
802481.3760732166	683423.3236767761
802481.3760732167	683423.3236767753
802481.3760732174	683423.3236767654
802481.3760732175	683423.3236767646
802481.3760732181	683423.3236767562
802481.3760732182	683423.3236767555
802481.3760732191	683423.3236767431
802481.3760732192	683423.3236767419
802481.3860742542	683423.1931740554
802481.3860742543	683423.1931740532
802481.3860742544	683423.1931740524
802481.3860742553	683423.1931740396
802481.3860742555	683423.193174038
802481.3860742556	683423.1931740373
802482.2332706108	683412.1381781349
802482.2332706109	683412.1381781341
802482.233270611	683412.1381781326
802482.2332706117	683412.1381781218
802482.233270612	683412.1381781197
802553.9999999991	682475.660000013
802553.9999999997	682475.6599999997
802601.2799999985	682274.4200000064
802601.2799999999	682274.4199999999
802769.58	682027.9199999999
802847.9000000004	679084.0599999985
802895.1799999999	678882.8199999998
802895.1800000004	678882.8199999995
802895.1800000006	678882.8199999991
803063.479999999	678636.3199999989
803320.0799999998	678379.7199999997
803989.0799999837	678028.0100000072
804484.8961240323	677845.3333623193
804484.896124033	677845.333362319
804484.8961240336	677845.3333623188
804484.8961240341	677504.3099999874
804490.18	677481.82
804658.4800000001	677235.32
804915.0800000001	676978.72
805395.9800000001	676710.4199999999
805423.0799999888	676698.4029292979
805423.0799999894	676698.4029292976
805917.7999999973	675225.8600000361
805917.7999999975	675225.8599999973
805965.0799999996	675024.6199999996
806133.3799999999	674778.1199999999
806389.9799999997	674521.5199999998
807058.9799999914	674169.8100000038
808443.4799999904	673659.7100000035
808492.9799999979	673646.1099999978
810087.9799999911	673400.4151127005
810087.9799999925	673400.4151127003
810087.979999994	673400.4151127001
810087.9799999956	673400.4151126998
810087.9799999972	673400.4151126996
810087.9799999986	673400.4151126994
810087.98	672245.11
810926.6999999981	670705.7600000257
810926.6999999982	670705.7600000239
810926.6999999983	670705.760000022
810973.9799999997	670504.5199999998
811879.7799999936	669733.1200000028
811879.7799999937	669733.1199999938
812067.8799999931	669649.710000003
812067.8799999983	669649.7099999981
812495.7587315309	669492.06396103
812495.7587315313	669492.063961029
812495.7587315333	669492.0639610286
812507.6141836833	669487.6959825952
812507.6141836836	669487.6959825951
812507.6141836839	669487.695982595
812507.6141836843	669487.6959825949
812507.6141836846	669487.6959825947
812507.6141836877	669487.6959825936
812507.6141836881	669487.6959825935
812507.6141836883	669487.6959825933
812507.6141836888	669487.6959825931
812507.9426686827	669487.574956811
812507.9426686831	669487.5749568079
812507.9426686915	669487.5749568078
812507.9517701846	669487.5716034877
812507.951770185	669487.5716034876
812507.9517701853	669487.5716034875
812507.9520223653	669487.5716034858
812507.9523219876	669487.5676193051
812507.9523219877	669487.567619303
812507.9523219878	669487.5676193016
812507.952321988	669487.5676193
812507.9625839482	669487.4311624732
812507.9625839483	669487.4311624718
812507.9625839485	669487.4311624685
812507.9625839486	669487.4311624666
812507.9625839487	669487.4311624654
812507.9625839489	669487.431162464
812507.962583949	669487.4311624625
812507.9625839491	669487.4311624609
812507.9625839492	669487.4311624594
812507.9625839493	669487.4311624579
812508.332951512	669482.5062571516
812508.3329515121	669482.5062571497
812508.3329515122	669482.5062571479
812508.3329515123	669482.506257147
812508.3329515124	669482.5062571438
812508.3329515127	669482.5062571423
812508.3329515128	669482.5062571404
812508.3329515129	669482.5062571386
812508.332951513	669482.506257138
812508.3329515131	669482.5062571367
812508.3329515132	669482.5062571348
812508.3329515134	669482.5062571329
812508.3329515135	669482.5062571315
812508.3329515136	669482.5062571298
812508.3329515137	669482.5062571283
812508.3329515138	669482.5062571267
812508.3329515139	669482.5062571252
812508.332951514	669482.5062571237
812508.3329515142	669482.5062571221
812508.3329515143	669482.5062571206
812508.3329515144	669482.5062571191
812568.9799999984	669103.5199999984
812993.8799985643	668600.4200014357
812993.8800204969	668600.4199885644
813662.8799998913	668248.7100000482
813662.8799998915	668248.710000048
813662.8799998916	668248.7100000479
813948.4820294718	668143.4838568193
813948.482029472	668143.4838568192
813948.4820294722	668143.4838568191
813948.4820294727	668143.483856819
813948.4820294728	668143.4838568189
814234.0840584862	668038.2577138073
814234.0840584864	668038.2577138072
814234.0840584866	668038.257713807
815096.8799991721	667725.0100002275
817748.099999881	667642.8440909127
817748.0999998888	667642.8440909125
817748.0999998999	667642.8440909123
817748.0999999075	667642.844090912
817748.0999999185	667642.8440909116
817748.0999999264	667642.8440909113
817748.0999999347	667642.8440909111
817748.0999999411	667642.8440909109
817748.0999999469	667642.8440909107
817748.0999999471	667642.8440909106
817804.6000000001	665535.8799999999
817804.6000000002	665535.8799999997
817851.8800000113	665334.6399999887
817851.8800000115	665334.6399999885
818777.4799997676	664726.330000103
820161.9800053816	664216.2299997112
820333.8888694341	664207.0036157682
820333.8888694351	664207.003615768
820333.8888694367	664207.0036157679
820333.8888694402	664207.0036157677
820333.888869443	664207.0036157676
820333.8888694448	664207.0036157675
820333.8888694472	664207.0036157673
820333.8888694493	664207.0036157672
820333.8888694518	664207.0036157671
820333.8888694558	664207.003615767
820333.8888694581	664207.0036157668
820333.8888694586	664207.0036157551
820342	664161.8799999999
820389.28	663960.6399999999
820870.1799999698	663960.6399999997
821362.9183007886	663592.5800000024
821362.9183007928	663592.5800000022
821362.9183007972	663592.5800000019
821362.9183008015	663592.5800000017
821362.918300806	663592.5800000015
821362.9183008103	663592.5800000012
821362.9183008146	663592.580000001
821362.9183008189	663592.5800000008
821362.9183008232	663592.5800000005
821362.9183008272	663592.5800000003
821362.9183008311	663592.5800000002
821362.9183008319	663592.5800000001
821362.9183008348	663592.5799999998
821362.9183008398	663592.5799999997
821362.9183008404	663592.5799999996
821362.9183008439	663592.5799999995
821362.9183008444	663592.5799999994
821362.9183008486	663592.5799999993
821362.9183008493	663592.5799999991
821362.9183008525	663592.579999999
821362.9183008535	663592.5799999989
821362.9183008571	663592.5799999988
821362.918300858	663592.5799999987
821362.9183008623	663592.5799999984
821362.9183008665	663592.5799999982
821362.9183008702	663592.5799999981
822969.1999999519	663506.3705322195
822969.1999999562	663506.3705322193
822969.1999999606	663506.3705322191
822969.1999999649	663506.3705322188
822969.1999999692	663506.3705322186
822969.1999999735	663506.3705322184
822969.199999978	663506.3705322181
822969.1999999823	663506.3705322179
822969.1999999866	663506.3705322177
822969.1999999909	663506.3705322174
822969.199999994	663506.3705322173
822969.1999999953	663506.3705322172
822969.1999999987	663506.3705322171
822969.1999999991	663506.370532217
822969.2000000033	663506.3705322169
822969.2000000038	663506.3705322167
822969.2000000073	663506.3705322166
822969.200000008	663506.3705322165
822969.2000000115	663506.370532216
822969.2000000149	663506.3705322158
822982.0658002441	663505.6800220828
822982.0658002484	663505.6800220825
822982.0658002527	663505.6800220823
822982.065800257	663505.6800220821
822982.0658002613	663505.6800220818
822982.0658002658	663505.6800220816
822982.0658002701	663505.6800220814
822982.0658002744	663505.6800220811
822982.0658002787	663505.6800220809
822982.0658002823	663505.6800220808
822982.0658002825	663505.6800220807
822982.0658002873	663505.6800220804
822982.0658002916	663505.6800220802
822982.0658002953	663505.6800220801
822982.0658002961	663505.68002208
822982.0658002963	663505.6800220796
822982.0658003058	663505.6800220795
822982.1688511795	663505.674491318
822982.1688511838	663505.6744913177
822982.1688511883	663505.6744913175
822982.1688511926	663505.6744913172
822982.1688511969	663505.674491317
822982.1688512012	663505.6744913168
822982.168851205	663505.6744913119
822982.1688512968	663505.6744913117
822982.1726876452	663505.6742854142
822982.1726876495	663505.6742854139
822982.1726876538	663505.6742854137
822982.172687656	663505.6742854135
822982.1726876594	663505.6742854133
822982.1726876602	663505.6742854132
822982.1726876642	663505.674285413
822982.1726876689	663505.6742854128
822982.1726876722	663505.6742854126
822982.172687674	663505.6742854125
822982.1726876744	663505.654315189
822982.5447790587	663503.1610540333
822982.5447790588	663503.1610540326
822982.5447790631	663503.1610540038
822982.5447790632	663503.1610540035
822982.5447790682	663503.1610539694
822982.5447790683	663503.1610539684
822982.5447790684	663503.1610539678
822982.5447790686	663503.1610539667
822982.5447790687	663503.1610539661
822982.5447790688	663503.1610539656
822982.5447790689	663503.1610539649
823076.2799999984	662990.6400000069
823076.2799999985	662990.6399999985
823745.2799998048	662638.9300000865
825689.5617548077	662534.5800000036
825689.5617548118	662534.5800000033
825689.5617548142	662534.5800000031
825689.5617548182	662534.580000003
825689.5617548184	662534.5800000029
825689.5617548228	662534.5800000026
825689.5617548266	662534.5800000025
825689.5617548273	662534.5799999908
825689.5617550514	662534.5799999905
827112.3066669639	662458.2209891703
827112.3066669694	662458.2209891699
828271.0682450823	662396.0300179422
828271.0682450888	662396.0300179417
828271.0682450952	662396.0300179415
828271.0682451017	662396.030017941
828271.0682451082	662396.0300179408
828271.0682451148	662396.0300179404
828271.0682451149	662396.0300179403
828271.0682451186	662396.0300179402
828271.0682451202	662396.0300179401
828271.0682451215	662394.13912244
828271.0682451229	662394.1391224399
828271.0682451273	662394.1391224397
828271.0682451285	662394.1391224395
828306.2999999967	662394.1391224388
828306.3000000021	662392.2482269396
828306.3000000091	662392.2482269392
828327.5414275744	662392.2482269385
828327.5414275745	662392.2482269382
828327.7382113169	662390.9296442361
828327.738211317	662390.9296442358
828327.7382113234	662390.9296441925
828327.7382113235	662390.9296441912
828327.7382113236	662390.929644191
828327.7382113237	662390.9296441902
828327.7382113239	662390.9296441871
828327.7382113242	662390.929644187
828327.7382113243	662390.9296441863
828327.7382113244	662390.9296441855
828327.7382113246	662390.9296441849
828366.0999999869	662133.8800000872
828413.3799999986	661932.6399999987
828894.2799999975	661664.3400000014
828894.2799999976	661664.3400000012
829082.3799999708	661580.930000013
831151.4982450815	661469.8800000022
831151.4982450858	661469.880000002
831151.4982450901	661469.8800000018
831151.4982450946	661469.8800000015
831151.4982450989	661469.8800000013
831151.4982451032	661469.880000001
831151.4982451076	661469.8800000008
831151.4982451119	661469.8800000006
831151.4982451162	661469.8800000004
831151.4982451206	661469.8800000001
831151.4982451241	661469.88
831151.4982451248	661469.8799999999
831151.4982451258	661469.8799999992
834223.4682450817	661305.0067409202
834223.4682450861	661305.00674092
834223.4682450905	661305.0067409198
834223.4682450948	661305.0067409195
834223.4682450991	661305.0067409193
834223.4682451034	661305.0067409191
834223.4682451078	661305.0067409188
834223.4682451121	661305.0067409186
834223.4682451156	661303.1158454183
834258.6999999888	661301.2249499183
834258.6999999925	661301.2249499181
834284.0666664417	661299.9063671699
834284.0666664419	661299.9063671695
834365.78	660867.94
834846.6799999948	660599.6400000029
835034.779999928	660516.2300000319
835034.7799999282	660516.2300000318
835034.7800009097	660516.2299997137
835350.6799997777	660416.8300000699
842039.6799999371	660057.8300000033
842039.6799999706	660057.8299999712
849059.6799999124	659840.2680165316
849059.6799999201	659840.2680165314
849059.6799999238	659840.2680165312
849059.6799999275	659840.2680165311
849059.6799999299	659840.268016531
849059.6799999338	659840.2680165276
857167.5786444738	659605.3300055746
