59	438	288
59	443	287
60	411	322
60	422	281
61	390	342
61	400	295
61	435	258
63	395	294
63	404	265
63	416	256
64	380	333
64	408	253
65	434	244
65	470	235
66	346	330
66	363	277
66	377	260
66	389	251
66	425	246
66	454	228
66	494	227
68	331	338
68	358	258
68	471	217
69	350	259
69	378	242
69	391	235
69	409	227
69	441	218
70	323	348
70	391	232
70	428	224
71	309	386
71	313	322
72	307	326
72	341	267
72	352	245
72	390	235
72	398	218
72	440	206
73	307	307
73	317	276
73	328	258
73	372	229
74	356	235
74	422	217
75	294	308
75	313	268
75	376	219
75	388	218
76	276	401
76	284	364
76	294	293
76	305	275
76	310	272
76	402	203
77	322	246
77	376	215
77	380	211
77	388	209
77	497	186
78	264	397
78	278	367
78	295	279
78	307	270
78	398	199
78	419	191
78	483	187
79	282	330
79	283	291
79	296	267
79	307	266
79	308	257
79	326	235
79	380	204
79	394	202
79	445	185
80	370	211
81	251	379
81	384	196
82	245	397
82	294	252
82	350	211
82	368	206
82	371	203
82	379	201
82	416	193
83	401	185
83	519	167
84	273	273
84	483	166
85	246	317
85	314	242
85	366	206
85	400	181
85	424	170
86	295	247
86	310	224
86	339	217
86	348	203
86	369	202
86	383	186
87	235	325
87	271	258
87	299	231
88	343	209
88	362	192
88	434	167
89	297	233
89	329	211
89	465	154
90	269	269
90	284	235
90	291	234
90	447	154
90	480	151
92	276	248
92	408	173
92	485	150
93	345	194
93	408	169
93	447	151
93	466	146
93	504	144
94	440	151
94	468	143
95	256	271
95	261	241
95	287	216
95	382	184
95	409	167
95	457	143
96	275	224
96	356	184
96	397	164
97	193	387
97	201	341
97	320	194
97	423	153
97	432	152
97	438	150
97	456	142
98	232	287
98	249	245
98	319	200
98	341	187
98	422	147
98	458	139
98	473	136
98	480	134
98	514	133
99	195	368
99	225	283
99	285	208
99	478	132
100	264	222
100	483	131
101	252	230
101	322	187
101	407	153
101	418	148
102	265	221
102	311	203
102	319	184
102	404	161
103	176	418
103	178	388
103	207	313
103	332	181
104	174	419
104	183	342
104	262	214
104	290	200
104	315	185
104	373	155
105	184	331
105	250	222
105	306	193
105	458	127
105	476	123
105	503	122
106	233	269
106	333	170
106	516	119
107	261	213
107	282	209
107	319	183
108	163	417
108	179	334
108	183	317
108	187	316
108	237	256
108	302	197
109	177	410
109	226	268
109	240	223
109	275	196
109	329	167
109	341	162
109	432	139
110	210	261
110	246	214
110	272	210
110	423	142
111	158	399
111	161	377
111	233	253
111	388	137
111	454	123
112	178	315
112	198	270
112	372	147
112	448	117
112	480	113
113	170	343
113	258	201
113	287	187
113	357	147
113	380	138
113	493	110
114	196	274
114	204	254
114	266	194
114	395	131
114	442	116
115	155	372
115	167	335
115	211	245
115	344	151
115	353	148
115	455	111
116	149	392
116	299	173
116	305	170
116	365	139
116	441	126
117	231	214
117	300	171
117	324	162
117	336	154
117	354	147
117	449	110
118	144	413
118	162	322
118	188	305
118	193	262
118	210	231
118	323	157
118	436	119
118	439	117
119	163	311
119	188	283
119	194	248
119	216	222
119	335	151
119	356	144
119	372	133
120	206	238
120	337	150
120	433	122
121	150	390
121	290	171
121	409	121
121	476	100
122	151	379
122	152	335
122	176	265
122	204	245
122	325	156
123	146	367
123	205	242
123	259	200
123	408	130
123	436	116
123	457	109
123	470	99
124	167	295
124	216	220
124	344	144
124	385	123
124	419	116
124	433	113
125	149	365
125	194	237
125	207	232
125	208	229
125	215	221
125	415	116
125	479	96
126	133	405
126	158	300
126	168	294
127	154	301
127	169	282
127	229	212
127	234	203
127	312	151
127	345	143
127	404	121
127	410	114
127	412	111
127	473	95
128	163	271
128	242	190
129	131	393
129	162	289
129	197	222
129	362	125
129	427	108
130	132	382
130	149	307
130	185	245
130	211	217
130	229	208
130	265	174
130	295	156
130	308	150
130	318	145
130	408	115
130	434	100
131	147	353
131	180	264
131	262	173
131	421	106
131	427	103
132	179	239
132	214	211
132	253	180
132	377	118
133	166	258
133	210	216
133	328	141
134	125	392
134	148	320
134	160	294
134	184	230
134	227	193
134	257	174
135	126	381
135	145	361
135	153	279
135	211	203
135	252	181
135	328	134
135	382	115
135	384	112
135	431	99
135	497	89
136	150	295
136	164	265
136	209	207
136	221	199
136	271	168
136	305	149
136	343	125
136	366	121
136	472	89
137	201	219
137	207	211
137	226	196
137	232	185
137	262	169
137	284	153
137	294	148
137	312	142
137	407	101
137	422	98
138	137	325
138	315	141
138	329	133
138	423	95
139	350	119
140	207	199
140	252	168
140	271	156
140	295	147
140	405	109
141	124	401
141	152	286
141	174	237
141	185	228
141	319	131
142	142	299
142	304	137
142	384	103
143	159	265
143	371	117
143	372	114
144	116	398
144	165	248
144	238	172
144	341	118
144	372	110
144	462	94
145	117	382
145	205	202
145	248	169
145	446	94
145	508	83
146	149	292
146	173	246
146	195	222
146	201	214
146	244	166
146	336	123
146	454	85
146	462	84
147	113	405
147	146	268
147	160	256
147	384	101
148	125	329
148	142	275
148	196	199
148	291	152
148	361	115
148	400	95
148	473	82
149	135	305
149	150	258
149	182	227
150	164	249
150	218	178
150	261	164
150	272	151
150	302	130
150	363	107
151	172	232
151	427	89
151	432	85
152	110	413
152	224	172
152	283	138
152	361	109
153	183	207
154	115	379
154	125	305
154	258	165
154	271	148
154	316	119
156	107	399
156	178	209
156	201	184
156	311	120
156	384	92
156	415	91
156	447	80
157	163	226
157	172	216
157	229	171
157	240	169
157	266	156
157	338	106
158	141	268
158	154	248
158	183	206
158	256	148
158	455	78
159	104	406
159	119	350
159	168	217
159	186	202
159	197	194
160	130	302
160	137	262
160	189	199
160	281	144
160	345	100
160	370	95
161	119	306
161	124	302
161	151	253
161	188	192
162	101	426
162	178	204
162	214	180
162	236	164
162	419	89
163	112	344
163	123	291
164	106	364
164	112	328
164	178	200
164	236	154
164	246	149
164	365	92
165	99	414
165	107	353
165	233	158
166	126	282
167	144	248
168	101	380
168	103	376
168	117	326
168	124	279
168	169	207
168	210	174
169	104	365
169	128	266
169	136	250
169	205	170
169	212	168
169	220	167
169	256	138
169	286	131
169	393	82
170	166	207
170	329	100
171	116	304
171	151	224
171	160	214
172	119	288
172	121	279
172	265	136
172	355	94
173	108	332
173	156	215
173	277	135
173	303	119
173	336	94
174	94	421
174	102	347
174	127	258
174	165	206
174	192	175
174	392	81
174	408	77
175	103	336
175	277	128
176	223	161
177	266	135
177	305	103
177	359	86
177	374	82
178	245	146
178	269	127
178	296	110
179	99	404
179	179	183
179	243	141
180	286	117
180	312	97
181	123	253
181	131	251
181	143	242
181	217	152
181	253	136
182	94	417
182	140	226
182	160	211
182	169	191
182	273	125
182	377	80
182	398	78
183	144	224
183	289	111
184	92	388
184	283	124
184	434	69
185	89	431
185	148	213
185	165	204
185	276	121
186	104	295
186	204	157
186	393	74
187	91	411
187	167	198
187	187	169
187	192	165
187	238	142
187	336	86
188	97	362
188	117	254
188	128	250
188	252	135
188	254	124
188	381	75
188	423	69
189	110	287
189	153	203
189	160	201
189	242	136
189	289	104
190	131	237
190	225	149
191	93	346
191	133	231
191	139	225
191	166	192
192	87	434
192	225	147
192	288	101
193	87	395
193	91	378
193	107	270
193	122	239
193	132	225
193	138	222
193	163	195
193	178	184
194	132	224
194	161	189
194	177	186
194	214	149
194	248	135
194	312	89
194	378	73
194	411	69
195	158	197
195	179	178
195	216	144
196	84	432
196	184	174
196	269	114
197	93	321
197	118	253
197	187	162
198	94	310
198	400	69
199	84	396
199	128	238
199	213	153
199	250	118
200	111	251
200	141	216
200	208	151
200	359	74
201	82	414
201	100	289
201	111	250
201	145	201
201	215	147
201	429	66
202	107	257
202	118	243
202	151	198
202	179	170
202	249	118
202	266	110
202	431	65
203	95	294
203	165	178
203	201	154
203	283	102
203	341	85
203	398	68
204	89	385
204	95	292
204	224	138
204	256	115
204	276	107
204	328	83
205	184	166
205	357	73
206	85	372
206	89	319
206	122	234
206	156	194
206	160	184
206	207	150
206	288	93
206	420	65
207	104	258
207	157	183
207	169	176
207	175	174
207	214	147
207	222	135
207	335	77
207	461	64
208	128	224
208	229	124
208	276	96
209	244	117
209	272	102
210	129	212
210	164	182
210	221	142
210	300	89
210	416	65
211	80	385
211	98	267
211	200	141
211	253	108
211	367	70
211	418	64
212	79	403
212	112	249
212	169	168
212	179	163
212	209	140
212	333	76
213	84	348
213	149	198
213	197	148
213	263	101
214	78	386
214	141	195
214	148	193
214	167	173
214	178	166
214	311	86
215	80	356
215	86	337
215	194	157
215	242	117
215	436	63
216	205	134
216	222	123
216	232	118
216	340	74
217	78	364
217	95	285
217	113	233
218	107	245
218	154	191
218	159	180
218	247	106
218	270	95
218	332	81
218	343	73
219	311	81
219	403	67
220	93	283
220	182	157
220	238	116
220	393	65
221	75	415
221	80	331
221	85	303
221	104	244
221	147	192
221	155	188
221	209	128
221	219	123
221	281	93
221	306	80
221	387	66
222	81	320
222	103	245
222	154	189
222	276	88
223	78	339
223	97	257
223	316	77
224	74	394
224	76	374
224	79	328
224	90	298
224	154	174
224	164	169
224	170	161
224	295	84
224	377	69
225	294	84
225	376	67
226	120	209
226	182	147
226	379	66
226	415	64
227	150	184
228	261	100
228	353	72
229	112	223
229	137	207
230	90	290
230	177	159
230	373	68
231	72	404
231	80	324
231	138	186
231	188	146
231	235	105
231	301	81
232	76	360
232	95	266
232	151	175
232	161	170
232	201	140
232	275	92
232	283	87
232	337	75
233	179	154
233	291	85
233	303	78
234	80	312
234	96	260
234	351	70
234	385	65
234	405	61
235	107	224
235	146	184
235	281	85
235	329	75
235	353	67
236	77	357
236	96	250
236	103	231
236	163	158
236	222	110
236	232	105
236	338	74
237	85	284
237	264	93
237	286	84
237	330	72
238	96	244
238	133	205
238	135	185
238	233	104
238	340	70
238	423	60
239	89	275
239	176	150
239	191	131
240	95	248
240	122	206
240	146	178
240	199	124
241	75	325
241	273	91
241	378	65
242	153	170
242	254	90
242	328	71
242	329	70
243	112	221
243	380	62
244	69	379
244	77	307
244	113	213
244	149	175
244	157	163
244	244	102
244	278	87
245	203	118
245	213	113
245	238	103
246	133	191
246	152	173
246	164	154
246	174	149
247	67	397
247	71	378
247	112	213
247	270	84
247	410	59
248	144	176
248	148	164
248	158	159
248	164	151
248	316	73
248	374	66
249	72	335
249	130	198
249	311	74
250	69	354
250	84	265
250	114	200
250	176	137
250	186	132
250	239	94
250	356	65
251	80	282
251	236	98
252	125	192
252	143	175
252	162	156
253	67	372
253	89	258
253	131	189
253	269	87
253	365	63
254	95	240
254	107	208
254	147	172
254	163	154
255	132	176
255	182	136
255	259	87
255	321	71
256	223	103
256	287	77
257	78	286
257	100	225
257	104	222
258	89	247
258	122	197
258	128	190
258	346	69
259	82	275
259	88	257
259	104	209
259	154	158
259	204	113
260	69	349
260	97	222
260	100	216
260	118	190
260	160	146
260	170	141
260	341	66
261	130	177
261	195	126
261	238	96
261	309	74
262	76	303
262	90	235
262	110	198
262	146	169
262	180	134
262	189	125
262	297	74
263	71	342
263	233	94
264	85	260
264	86	255
264	116	196
264	135	172
264	224	100
265	64	378
265	83	252
265	153	155
265	154	154
265	185	125
265	189	121
265	199	116
265	204	111
265	217	110
265	364	62
266	86	249
267	152	161
267	218	98
267	235	91
267	375	61
268	66	340
268	185	121
268	272	83
268	417	58
269	98	213
270	94	220
270	116	189
270	158	144
271	68	322
271	258	87
272	73	289
272	87	233
272	153	148
272	200	111
272	272	82
275	80	250
275	124	174
275	382	59
276	123	174
276	174	137
276	199	106
277	93	228
277	249	85
277	264	82
277	337	65
278	75	275
278	105	195
278	119	186
278	130	172
278	138	168
279	138	162
279	151	148
280	90	225
280	166	137
280	212	98
281	131	169
281	150	157
281	181	129
281	278	76
282	139	158
282	173	133
282	190	114
284	139	157
285	74	277
285	150	156
285	160	142
285	186	120
286	64	337
286	178	124
287	117	182
287	150	150
287	174	132
287	204	101
287	296	73
289	84	233
289	96	209
290	60	410
290	64	317
290	87	223
290	167	130
290	243	85
291	65	308
291	139	155
291	144	152
291	164	137
292	87	222
292	124	173
293	62	330
293	66	299
293	73	279
293	84	227
293	289	73
293	346	62
294	67	290
294	78	265
294	272	76
294	286	74
295	151	138
295	270	80
296	139	151
296	142	146
296	158	136
296	185	109
296	253	82
297	184	123
297	320	66
297	334	64
297	366	59
298	72	272
298	73	263
298	90	221
298	98	198
298	154	132
299	77	254
299	288	73
300	69	274
300	128	163
300	198	101
300	215	94
300	268	78
301	142	142
301	167	126
303	85	223
303	96	194
303	184	114
303	323	65
304	65	303
304	67	284
304	92	201
305	137	155
306	84	219
306	168	117
306	285	74
307	64	295
307	359	59
308	59	406
308	71	273
309	77	236
309	83	230
309	136	151
309	327	64
311	63	297
312	380	57
313	315	66
314	59	337
314	88	216
315	58	380
315	158	128
315	321	65
316	60	310
316	233	85
316	317	65
317	122	165
318	119	180
318	362	58
319	71	271
320	59	312
320	69	263
320	117	180
321	102	178
321	151	126
321	200	99
321	219	92
322	56	376
322	74	249
322	85	213
322	111	172
323	108	174
323	183	106
323	293	68
324	61	299
324	66	278
324	118	170
324	122	162
324	139	136
325	73	248
325	131	155
325	208	93
326	56	356
326	82	215
326	284	74
327	159	118
327	323	64
328	64	276
328	119	169
328	315	65
329	81	214
330	76	237
330	131	151
330	157	122
330	174	112
331	77	229
331	97	181
331	207	93
332	56	331
332	63	278
332	74	231
332	106	175
333	128	144
333	368	57
334	60	295
334	66	260
334	70	242
334	93	191
334	136	138
334	277	74
334	313	64
334	325	63
335	57	314
336	87	212
336	91	194
338	65	262
339	86	198
339	192	105
339	204	97
339	251	77
339	304	66
340	117	155
341	59	302
341	89	197
341	183	102
342	65	259
342	95	184
342	110	160
342	366	57
343	119	154
343	163	116
343	280	69
344	117	153
344	242	79
344	309	65
345	109	160
345	195	97
345	381	56
346	64	261
346	76	221
346	130	142
346	270	76
347	54	333
348	152	122
349	58	297
349	90	193
349	222	85
349	238	84
349	283	68
350	66	249
350	75	218
350	164	110
350	261	73
350	456	55
351	60	282
351	79	210
351	136	130
351	294	67
351	323	63
352	75	217
352	160	117
352	424	55
353	60	281
353	68	244
353	89	195
353	108	159
353	153	121
354	71	228
354	83	205
354	99	180
354	135	130
354	177	102
354	186	98
354	203	91
355	112	158
355	252	75
356	132	134
357	144	122
357	274	72
359	87	194
359	99	170
359	116	150
359	329	60
360	142	126
360	410	55
361	251	75
362	63	260
362	117	147
362	154	116
363	65	252
363	183	100
364	68	234
364	72	222
364	195	96
365	201	95
365	218	88
365	360	58
366	68	233
366	93	183
367	92	185
367	139	126
369	89	189
369	294	66
370	114	149
370	232	80
371	277	71
372	176	105
372	197	92
374	171	105
374	226	81
374	299	64
375	136	125
376	101	166
376	287	66
377	56	305
379	57	295
379	58	287
379	115	145
380	135	128
380	148	120
381	54	327
381	89	184
381	242	76
384	88	183
385	84	190
385	193	95
385	236	77
386	64	258
387	64	250
387	116	143
387	141	123
387	183	95
390	77	205
392	97	174
393	93	181
395	56	301
395	101	163
395	221	86
396	96	166
396	121	135
397	92	173
397	110	158
397	154	110
398	81	196
400	216	82
400	313	61
400	325	60
401	52	391
401	166	105
403	68	228
403	152	119
404	83	189
404	106	155
404	171	103
405	85	186
406	113	146
407	170	101
408	81	195
411	77	202
411	118	141
411	226	78
411	292	64
412	61	275
412	103	153
412	180	99
412	199	90
413	62	256
413	73	213
413	280	66
415	95	165
416	91	172
417	129	125
418	210	83
422	172	98
424	64	245
426	99	157
426	157	105
427	143	122
427	257	72
428	66	240
429	60	270
429	149	119
429	194	92
432	168	103
433	142	120
435	150	117
435	190	90
438	114	135
440	100	155
440	144	111
441	78	197
441	91	169
442	87	176
442	122	128
443	74	208
443	105	147
443	152	107
443	171	98
447	156	105
449	81	189
451	197	87
453	127	123
454	93	165
457	97	158
457	106	145
457	139	113
480	121	127
481	109	142
