44	297	243
44	302	219
46	235	232
46	238	222
46	274	190
47	270	206
47	282	184
48	220	230
48	230	220
48	253	202
48	293	179
49	202	229
50	185	231
50	214	217
50	249	192
51	178	219
51	192	213
51	202	201
51	217	185
51	228	181
51	263	170
51	274	166
52	167	239
52	183	217
52	193	205
52	285	161
53	160	227
53	170	217
53	184	209
53	194	199
53	217	179
53	218	176
53	229	172
54	186	196
54	203	192
54	216	189
55	151	244
55	161	218
56	187	187
56	190	185
57	144	283
57	177	209
57	229	163
58	164	211
58	178	200
58	182	192
58	185	189
58	191	176
58	222	166
58	254	148
59	145	281
59	156	217
59	165	205
59	267	141
60	134	300
60	161	195
60	182	190
60	209	154
61	135	265
61	146	227
61	152	206
61	160	199
61	176	188
61	182	171
61	194	169
61	204	166
61	222	147
62	144	257
62	162	186
62	207	163
63	128	288
63	137	244
63	147	218
63	151	216
63	167	182
63	183	162
63	219	149
64	126	297
64	135	247
64	145	239
64	149	212
64	161	188
64	203	157
64	232	142
65	141	221
65	146	212
65	150	206
65	157	193
65	161	185
65	167	176
65	181	156
65	187	152
65	240	136
66	135	236
66	139	230
66	148	204
66	160	185
66	174	172
66	178	171
66	190	148
66	206	140
67	117	323
67	121	280
67	132	247
67	136	227
67	150	186
67	157	182
67	172	164
67	175	159
67	197	144
67	219	133
67	291	131
68	119	289
68	126	253
68	136	219
68	138	216
68	142	207
68	157	169
68	167	162
68	190	144
69	127	250
69	138	206
69	148	180
69	166	162
69	189	151
69	196	139
70	119	276
70	121	262
70	133	233
70	136	209
70	158	160
70	183	150
71	126	252
71	142	183
71	155	164
71	244	124
72	115	283
72	118	272
72	121	251
72	124	246
72	129	241
72	130	240
72	131	239
72	152	163
72	169	155
72	179	149
72	182	144
72	187	134
72	293	116
73	153	158
73	170	154
73	173	151
73	200	127
74	106	300
74	112	268
74	117	267
74	127	215
74	137	181
74	161	153
74	167	149
74	208	125
75	127	209
75	147	161
75	168	140
75	174	136
75	193	133
75	243	123
76	120	227
77	102	305
77	134	187
77	225	118
77	284	115
78	113	250
78	137	177
78	141	168
78	159	150
78	163	138
78	169	134
78	179	129
78	266	111
79	125	220
79	126	210
79	129	180
79	151	148
79	207	122
79	232	115
80	125	216
80	188	125
81	103	283
81	106	273
81	167	131
81	174	127
81	224	117
81	275	103
82	102	285
82	106	242
82	117	210
82	125	185
82	180	124
82	288	96
83	133	167
83	256	106
84	103	252
84	124	202
84	129	172
84	247	105
85	99	279
85	100	267
85	106	233
85	114	222
85	116	208
85	117	186
85	128	179
85	153	139
85	182	120
85	185	117
85	188	116
85	213	109
85	255	103
86	116	201
86	130	163
86	147	155
86	226	102
87	157	136
87	183	118
87	197	114
87	234	100
88	96	272
88	112	225
88	114	206
88	152	142
88	224	107
88	269	90
89	121	173
89	137	162
89	142	153
89	178	116
89	199	106
89	221	105
89	277	88
90	92	285
90	93	265
90	134	150
90	140	146
90	262	96
91	193	114
92	103	217
92	112	199
92	119	173
92	156	135
92	245	96
93	93	262
93	98	251
93	101	238
93	130	160
93	151	140
93	164	132
93	189	106
93	215	101
94	94	241
94	128	167
94	279	82
95	87	268
95	90	257
95	92	249
95	101	227
95	110	205
95	115	192
95	125	167
95	128	158
95	137	147
95	144	136
95	185	109
96	86	270
96	93	224
96	96	213
96	109	210
96	145	134
96	150	128
96	232	95
96	243	90
97	102	194
97	109	190
97	129	149
97	134	147
97	140	143
97	175	121
97	208	104
97	214	97
97	249	87
98	87	237
98	117	177
98	165	116
98	180	114
98	211	92
98	266	85
98	267	82
99	141	134
99	164	117
99	196	99
100	116	183
100	120	171
100	127	149
100	142	127
100	148	123
100	182	105
100	192	103
100	209	93
100	254	80
101	138	142
101	152	120
101	194	100
101	233	89
101	304	76
102	96	208
102	131	140
102	134	139
102	252	81
103	86	247
103	104	182
103	190	100
104	91	211
104	110	177
104	123	168
104	139	135
104	167	104
104	178	103
104	186	99
104	230	86
105	80	275
105	85	248
105	88	214
105	101	198
105	163	118
105	246	82
105	258	77
106	86	231
106	94	202
106	100	198
106	136	133
107	91	202
107	124	165
107	137	126
107	143	122
107	166	115
107	197	91
108	111	176
108	114	159
108	147	119
108	158	115
108	169	101
108	192	95
109	124	153
109	126	139
109	246	77
110	102	188
110	202	90
110	219	88
111	82	237
111	86	225
111	87	208
111	131	130
111	166	108
111	191	95
111	192	91
111	206	89
112	82	227
112	98	186
112	101	181
112	111	166
112	124	139
112	153	113
112	158	112
112	163	107
112	189	96
112	193	89
112	223	87
112	264	76
112	283	71
113	86	208
113	123	154
113	159	108
113	161	103
113	204	86
113	231	76
113	261	75
114	90	193
114	121	155
115	79	237
115	98	181
115	146	119
115	181	91
116	78	256
116	81	214
116	100	174
116	131	125
116	151	111
117	76	233
117	123	152
117	155	104
117	163	100
117	164	98
117	225	83
118	168	95
118	211	78
119	84	199
119	108	164
119	129	125
119	149	117
119	151	107
120	81	212
120	107	162
120	117	156
120	122	149
120	186	90
120	188	89
120	216	76
120	255	71
121	73	268
121	76	231
121	123	145
121	127	136
121	288	70
122	74	251
122	95	189
122	98	180
122	105	173
122	106	164
122	112	156
122	116	152
122	141	118
122	152	101
123	77	223
123	80	213
123	82	204
123	84	197
123	97	177
123	110	158
123	112	155
123	147	103
124	92	185
124	159	97
124	175	90
124	240	70
125	70	261
125	163	94
125	203	86
126	68	271
126	89	182
126	113	153
126	271	67
127	75	226
127	81	207
127	103	156
127	115	150
127	122	142
127	157	97
127	162	94
127	205	77
127	247	68
128	77	205
128	118	141
128	119	139
128	146	116
128	167	91
128	182	87
128	190	85
128	195	83
129	66	281
129	88	188
129	94	177
129	95	174
129	134	123
130	85	193
130	96	170
130	142	102
131	68	264
131	69	258
131	81	200
131	119	138
131	192	84
131	202	80
132	83	195
132	86	190
132	182	85
133	68	248
133	92	181
133	105	154
133	153	96
133	202	76
133	211	73
134	74	207
134	75	201
134	85	186
134	93	174
134	108	142
134	114	138
134	157	93
134	232	68
134	271	63
135	72	228
135	79	199
135	124	125
135	188	84
136	64	287
136	151	96
137	81	189
137	92	164
137	161	90
137	221	71
137	264	65
137	298	62
138	69	244
138	172	87
138	177	86
138	256	62
139	91	180
139	136	101
139	169	87
140	63	268
140	64	262
140	70	240
140	110	140
140	198	79
141	83	186
141	88	177
141	176	84
141	181	83
141	190	80
141	218	71
142	67	248
142	119	130
142	150	94
143	73	202
143	90	165
143	109	140
143	110	133
143	154	91
143	223	69
144	68	244
144	97	150
144	211	70
145	59	305
145	69	241
145	78	183
145	132	117
146	70	230
146	72	212
146	121	123
146	125	117
146	134	115
146	158	88
147	63	245
147	64	239
147	68	234
147	133	114
147	141	97
147	180	80
147	218	68
147	227	65
148	59	287
148	86	182
148	156	90
148	163	87
149	71	198
149	89	165
149	133	101
149	192	78
149	202	75
149	238	64
150	68	216
150	91	160
150	103	141
150	114	126
150	148	96
150	265	58
151	62	252
151	66	235
151	81	175
151	104	140
151	123	117
151	130	113
151	132	112
152	120	122
152	148	95
152	164	84
152	245	63
153	77	188
153	86	164
153	109	133
154	102	145
154	106	135
154	125	113
154	176	80
154	184	79
155	59	264
155	89	157
155	121	117
155	126	110
155	131	101
155	189	77
156	93	155
156	135	97
156	151	91
156	196	75
156	209	69
156	218	66
156	249	58
157	65	234
157	148	94
157	239	61
158	69	206
158	155	88
158	160	87
158	189	74
158	227	62
159	62	226
159	63	220
159	84	164
159	126	108
159	139	94
159	173	83
160	54	308
160	73	192
160	74	180
160	117	116
160	122	103
160	135	95
160	247	58
161	68	209
161	114	121
161	149	90
161	162	86
161	208	73
162	67	216
162	84	157
162	90	153
162	97	148
162	111	132
162	141	93
162	148	90
162	246	57
162	277	55
163	59	252
163	98	141
163	122	101
164	58	267
164	59	240
164	67	213
164	70	186
164	100	139
164	114	120
164	183	77
165	63	217
165	157	84
166	55	276
166	83	171
166	102	136
166	105	132
166	115	112
166	136	94
166	198	71
167	58	245
167	98	136
167	130	94
167	140	91
167	169	80
167	182	74
167	218	63
168	68	199
168	81	171
168	83	166
168	110	127
168	145	89
169	96	142
169	162	81
169	223	62
170	55	260
170	100	132
170	109	128
170	114	116
170	144	88
170	187	73
170	225	61
170	234	58
170	272	53
171	65	208
171	108	126
171	121	110
171	127	97
171	141	88
171	175	76
171	206	67
172	61	231
172	106	129
172	121	97
172	178	75
172	205	66
173	57	249
173	114	109
173	119	101
174	56	253
174	59	217
174	83	164
174	112	117
174	151	85
175	49	326
175	50	305
175	73	177
175	98	127
175	171	77
176	66	201
176	109	123
176	150	84
176	157	80
176	166	78
176	195	70
176	224	61
176	256	53
177	56	246
177	76	176
177	81	159
177	86	145
177	133	93
177	191	72
178	55	249
178	77	169
178	104	126
178	139	90
178	169	76
178	221	60
178	234	57
179	53	266
179	54	260
179	66	183
180	56	231
180	76	169
180	91	139
180	214	63
180	254	53
181	76	160
181	101	123
181	103	118
181	148	83
181	160	78
181	196	67
181	234	55
182	50	288
182	61	198
182	146	87
182	218	60
182	253	52
182	284	50
183	47	318
183	55	235
183	71	177
183	129	96
184	53	242
184	56	224
184	108	103
184	147	86
184	183	73
185	54	234
185	79	158
185	84	142
185	91	136
185	98	125
185	100	119
185	116	99
185	135	90
186	56	218
186	95	134
187	55	231
187	87	133
187	96	129
187	168	75
187	233	56
188	64	184
188	95	123
188	98	118
188	104	109
188	112	101
188	191	67
189	48	285
189	55	229
189	140	89
189	141	85
189	143	84
189	159	79
190	45	323
190	127	94
190	129	92
190	176	73
190	211	62
190	246	54
191	56	209
191	71	167
191	94	132
191	116	94
191	172	74
192	67	182
192	91	131
193	46	309
193	47	303
193	50	260
193	69	178
193	98	117
193	102	112
193	147	80
193	186	72
193	189	71
194	50	259
194	58	199
194	68	179
194	79	151
194	99	114
194	134	87
194	232	57
194	265	49
195	52	234
195	82	146
195	98	111
195	164	75
195	174	72
195	212	59
196	55	225
196	89	124
196	107	97
197	69	172
197	130	89
198	43	315
198	67	174
198	89	122
198	97	120
198	168	71
199	49	239
199	52	228
199	62	180
199	68	172
199	74	156
199	83	145
199	96	116
199	98	110
199	104	103
200	48	261
200	57	199
200	73	165
200	77	151
200	143	80
200	158	76
201	47	264
201	96	114
201	241	50
201	302	47
202	51	228
202	52	220
202	56	204
202	74	149
202	80	145
202	88	132
202	96	112
202	101	101
202	128	93
202	204	63
203	47	258
203	130	88
203	142	82
204	43	288
204	44	282
204	93	113
204	96	107
204	205	61
205	59	187
205	71	161
205	79	145
205	80	142
205	87	128
205	112	95
205	119	90
205	134	83
205	225	53
206	60	177
206	82	140
206	221	54
207	46	271
207	84	137
207	133	86
207	157	75
207	163	72
207	286	47
208	48	255
208	59	180
208	84	125
209	46	246
209	57	193
209	58	187
209	72	160
209	81	138
209	102	99
209	132	86
209	201	60
210	54	219
210	103	98
210	123	89
210	175	68
211	46	240
211	55	211
211	70	158
211	78	148
211	98	103
211	192	66
212	55	203
212	57	188
212	98	101
212	100	99
212	184	63
213	45	276
213	54	195
213	82	128
213	91	109
213	218	55
213	253	47
214	45	251
214	62	166
214	79	142
214	82	127
214	146	76
215	79	129
215	104	97
215	219	54
216	39	307
216	61	173
216	90	118
217	43	277
217	48	217
217	54	191
217	78	139
217	89	118
218	43	255
218	52	211
218	57	180
219	39	285
219	45	243
219	61	166
219	65	156
219	150	75
220	93	106
220	199	58
221	44	240
221	67	154
221	116	89
221	213	57
222	47	228
222	59	174
222	77	145
223	52	195
223	80	122
223	88	109
224	43	251
224	68	150
224	92	106
224	96	100
224	112	90
224	164	70
224	191	60
226	37	307
226	50	205
226	77	134
226	81	120
226	94	105
226	153	73
226	188	61
226	228	49
226	286	45
227	46	217
227	52	191
227	67	146
227	74	140
227	82	118
227	104	95
227	128	82
227	297	43
228	41	255
228	57	171
228	79	123
228	95	100
229	37	285
229	90	103
229	115	89
230	55	190
230	81	116
230	118	87
230	211	55
230	212	52
231	97	99
232	55	186
232	56	175
232	70	136
232	167	66
232	271	44
233	39	269
233	44	238
233	63	157
233	66	154
233	77	132
233	78	121
233	153	72
234	50	202
234	93	100
234	175	63
234	203	57
235	71	132
235	99	98
235	210	55
236	43	244
236	49	208
236	55	182
236	85	109
236	110	89
236	134	78
236	149	73
236	185	59
236	240	46
237	44	227
237	51	190
237	68	142
237	95	99
237	197	56
238	66	147
238	131	80
238	147	72
240	39	267
240	88	104
240	97	98
240	206	53
240	217	50
241	45	212
241	51	186
241	62	151
241	155	69
242	42	249
242	74	122
242	85	105
242	270	45
243	60	170
243	146	74
244	56	172
244	69	136
244	72	125
244	102	96
244	201	53
245	78	118
245	104	93
245	243	45
246	41	244
246	77	117
247	82	115
247	98	97
248	49	197
248	74	118
249	126	83
249	170	64
249	253	44
250	126	81
250	157	68
250	165	65
250	172	63
251	175	60
252	84	112
254	139	75
254	213	50
254	235	45
255	47	204
256	48	200
256	94	97
256	186	58
257	82	107
257	93	97
257	103	92
257	173	60
257	255	42
257	290	40
258	57	162
258	60	155
258	65	138
258	66	133
258	219	48
259	51	177
259	90	98
259	102	91
259	109	88
259	276	40
260	40	239
260	106	90
262	127	80
264	37	267
264	63	144
264	115	82
264	144	73
264	148	68
265	147	69
265	156	65
265	196	53
266	49	188
267	107	87
267	132	74
268	82	106
268	106	87
268	217	48
268	275	40
269	187	55
271	233	46
272	56	157
273	130	74
274	71	119
274	195	53
275	141	72
275	250	41
277	129	74
278	142	69
278	179	56
280	146	66
281	64	141
281	68	129
281	176	58
282	259	40
282	274	38
283	79	108
283	100	88
284	97	93
285	44	215
285	60	144
285	140	71
286	99	92
286	144	66
286	238	42
287	162	63
287	170	58
287	182	55
288	111	83
288	173	57
290	95	94
291	89	97
292	58	155
293	63	142
293	262	39
295	154	62
296	114	80
297	69	121
298	63	136
298	190	53
299	142	68
303	177	55
304	251	40
306	77	110
306	198	50
307	96	89
307	136	69
312	156	60
312	168	57
320	110	81
324	180	54
