53	421	348
53	426	331
59	349	259
62	286	317
62	291	295
62	298	274
62	303	257
63	281	287
63	288	276
63	329	234
63	358	225
64	262	345
64	277	285
64	293	255
65	257	349
65	290	267
65	294	244
65	403	212
66	261	290
66	268	275
66	292	255
66	320	221
66	349	212
67	266	287
67	278	249
67	286	247
68	251	289
68	263	264
68	283	240
68	341	215
69	238	348
69	278	247
69	291	238
69	300	236
70	233	357
70	237	323
70	241	297
71	228	361
71	237	293
71	243	269
71	267	249
71	301	219
72	273	232
72	318	200
72	327	196
72	356	187
73	226	283
73	233	277
73	299	209
74	275	230
74	288	226
74	306	201
75	216	291
75	239	252
75	353	195
75	354	185
76	208	335
76	215	296
76	268	231
76	287	211
77	222	266
77	229	260
77	263	242
77	272	221
78	203	325
78	297	201
78	318	184
79	212	274
79	235	258
79	241	236
79	262	215
79	271	212
80	199	310
80	207	283
80	211	279
80	229	246
80	269	207
80	289	205
80	297	189
81	235	238
81	283	201
82	197	291
82	222	252
82	247	229
83	216	245
83	240	226
83	246	221
83	301	187
83	346	180
83	382	167
84	225	229
84	254	206
85	207	251
85	261	198
86	190	293
86	193	274
86	215	237
86	238	213
86	287	190
86	354	160
87	217	236
87	313	167
88	206	264
88	219	229
88	229	215
89	236	207
89	275	190
89	299	181
90	332	157
91	169	372
91	186	267
91	246	200
92	181	278
92	209	238
92	277	176
92	417	146
93	212	216
94	205	234
94	219	208
95	160	319
95	193	236
96	165	282
96	193	234
96	312	166
96	351	152
97	158	300
97	380	140
98	177	237
98	194	225
98	199	221
98	256	179
98	276	168
98	281	166
98	343	156
99	174	267
99	182	228
99	215	210
99	219	207
99	316	161
100	148	352
100	161	265
100	202	215
100	245	205
100	266	178
101	147	339
101	152	290
101	184	222
101	300	156
101	307	151
101	341	145
101	346	143
101	358	137
102	216	198
103	151	309
103	154	268
103	231	188
103	316	144
103	333	138
103	411	132
104	200	201
104	248	184
104	256	178
104	360	133
105	142	313
105	147	297
105	177	216
105	235	186
105	253	164
105	273	153
105	278	151
106	222	191
106	246	184
106	250	174
106	335	134
107	136	364
107	141	302
107	160	265
108	165	230
108	175	210
108	222	182
108	238	179
108	297	141
109	133	344
109	143	280
109	149	276
109	345	133
110	200	188
110	246	178
110	259	163
111	131	325
111	159	252
111	189	199
111	249	163
111	350	126
112	136	294
112	144	277
112	238	172
112	246	166
112	268	145
113	138	291
113	145	259
113	159	232
113	230	169
113	238	168
113	246	162
113	308	132
114	128	325
114	150	258
114	164	215
114	183	202
114	237	168
114	255	158
114	257	157
114	301	137
114	327	131
114	366	120
115	139	285
115	214	180
115	238	156
115	263	153
115	370	119
116	177	194
116	341	121
117	136	278
117	139	258
117	154	220
117	213	179
117	259	153
117	263	151
117	331	130
118	128	302
118	163	203
118	212	171
118	252	153
118	274	134
118	279	132
118	397	116
119	145	251
119	323	121
120	134	266
120	150	242
120	194	187
120	227	154
120	242	150
121	122	331
121	149	234
121	275	130
121	280	128
121	298	122
121	325	119
121	356	116
122	143	254
123	141	257
123	143	232
124	121	326
124	192	186
124	223	160
124	236	145
125	175	183
125	197	179
125	258	143
126	128	293
126	139	254
126	210	164
126	251	135
126	256	133
126	274	127
126	373	111
127	122	307
127	137	231
127	161	192
127	165	191
127	218	161
127	320	121
128	116	343
128	177	179
128	289	120
128	407	108
129	117	310
129	129	287
129	206	164
130	132	239
130	152	207
130	193	177
130	198	175
130	310	114
131	123	274
131	192	172
131	283	122
131	302	118
132	114	355
132	199	161
132	287	118
133	212	149
133	279	126
134	215	146
134	238	135
134	243	133
134	261	128
135	111	323
135	149	199
135	276	125
135	283	121
135	300	116
136	111	316
136	126	266
136	134	231
136	157	197
136	171	171
136	250	129
136	273	124
136	280	122
136	303	114
137	123	260
137	148	212
137	187	158
137	266	124
137	299	117
138	127	251
138	144	216
138	162	189
138	181	170
138	213	144
138	263	124
138	303	111
138	344	110
139	150	196
139	173	167
139	276	119
139	390	101
139	410	100
140	125	236
140	140	202
140	160	191
140	260	126
140	280	115
140	295	114
141	121	247
141	156	190
141	181	159
141	197	150
141	261	125
142	148	193
142	237	142
143	138	205
143	154	184
143	327	104
144	126	233
144	162	183
144	169	178
144	232	131
144	237	129
144	258	123
145	109	304
145	111	292
145	155	178
145	257	127
145	273	118
145	315	106
146	102	373
146	154	182
146	180	163
146	226	141
146	256	123
146	294	109
146	407	96
147	102	330
147	121	233
147	145	186
147	148	183
147	186	152
147	386	97
148	128	220
148	132	210
148	263	117
148	268	115
149	138	191
149	158	174
149	170	161
150	249	122
150	289	112
151	114	244
151	320	101
151	352	100
152	179	158
153	120	242
153	124	222
153	180	153
153	181	151
153	193	145
154	103	286
154	135	201
154	203	144
154	248	128
154	257	120
155	98	330
155	155	171
155	174	158
155	213	134
155	261	116
155	279	113
155	280	110
155	285	107
156	260	116
156	329	100
157	95	378
157	114	238
157	131	212
157	144	189
157	191	143
157	435	89
158	99	306
158	110	241
158	151	171
158	425	89
159	137	185
159	169	155
159	242	121
159	311	99
159	332	96
159	418	91
160	101	279
160	119	217
160	144	176
160	156	170
160	232	130
160	258	116
160	260	112
161	125	208
161	130	197
161	299	101
162	95	329
162	161	163
162	362	92
162	428	86
163	130	192
163	136	189
163	180	145
163	210	130
163	234	124
163	244	118
163	249	116
164	108	270
164	154	168
164	279	108
164	320	98
164	411	86
165	117	225
165	122	203
165	129	202
165	199	142
166	121	211
166	127	193
166	386	87
166	431	84
167	95	323
167	125	200
167	158	163
167	357	92
168	97	279
168	102	256
168	103	246
168	243	114
168	248	112
169	113	215
169	199	132
169	214	126
170	94	363
170	120	200
170	122	198
170	143	170
170	233	123
170	238	119
170	278	111
170	308	99
171	90	386
171	418	83
172	93	302
172	320	93
172	341	90
173	96	284
173	99	260
173	180	141
173	212	124
173	217	122
173	270	106
174	127	188
174	168	157
174	174	153
174	308	95
174	386	84
175	155	156
175	157	154
175	265	104
175	406	83
176	138	173
176	178	145
176	230	119
176	445	81
177	86	359
177	96	259
177	175	147
177	436	82
178	109	231
178	150	163
178	374	84
179	101	248
179	291	96
180	91	325
180	130	181
180	138	172
180	174	149
181	98	245
181	118	206
181	279	98
181	331	92
182	84	387
182	85	380
182	95	271
182	98	240
182	126	186
182	132	175
183	93	289
183	94	261
183	95	249
183	119	192
183	121	190
183	150	161
183	179	140
183	185	135
183	253	104
183	371	85
183	431	81
184	102	224
185	154	159
185	156	148
185	177	143
185	215	119
185	221	116
185	311	92
185	389	83
186	100	232
186	126	185
186	147	162
186	217	118
186	228	113
186	233	111
187	84	332
187	137	166
187	415	82
187	421	80
188	149	157
188	158	145
188	222	114
188	425	79
189	83	352
189	87	293
189	93	269
189	127	177
189	180	138
189	193	133
189	341	87
189	366	83
190	109	221
190	132	170
190	142	162
190	212	120
190	445	77
191	81	366
191	131	175
191	210	118
191	341	84
192	91	269
192	118	187
192	376	81
192	400	80
193	225	113
193	354	82
194	284	94
195	96	243
195	178	141
195	182	135
195	236	110
195	277	100
195	367	81
196	92	241
196	242	103
196	274	101
196	398	79
197	79	369
197	175	130
197	186	125
197	321	85
197	342	82
198	85	276
199	81	325
199	112	210
199	119	183
199	140	158
199	264	97
199	320	89
200	80	327
201	79	339
201	90	258
201	130	169
201	211	113
201	238	103
201	263	97
202	91	249
202	105	203
202	129	167
202	153	155
202	162	136
202	260	101
203	153	147
203	199	123
203	255	100
203	283	93
204	77	361
204	147	156
204	151	151
204	224	110
205	89	264
205	131	164
205	147	154
205	257	97
205	378	79
206	115	195
206	264	94
207	136	158
207	151	145
207	200	115
208	80	295
208	147	144
208	320	84
208	375	80
208	420	74
209	137	153
209	195	117
209	224	107
209	302	88
209	395	78
210	75	364
210	105	198
210	395	75
210	468	73
211	123	174
211	149	141
211	153	138
212	87	257
212	95	227
212	112	186
212	119	177
212	366	81
213	79	298
213	103	197
213	109	186
213	243	97
214	75	334
214	108	192
214	383	75
215	99	203
215	122	167
215	130	157
215	168	131
215	180	126
215	211	108
215	327	81
215	356	78
216	81	273
216	90	246
216	113	178
217	80	279
217	82	262
217	94	212
217	176	128
217	271	89
217	292	86
218	86	260
218	103	195
219	185	117
220	160	130
220	166	126
220	175	120
220	180	118
220	348	77
221	89	248
221	116	175
221	473	71
222	255	93
223	77	293
223	137	147
223	188	115
224	86	238
224	91	224
224	235	100
224	346	78
225	75	295
225	120	163
225	136	151
225	153	132
226	206	114
226	319	84
227	83	249
227	107	190
227	250	95
228	79	280
228	125	156
228	388	72
228	443	70
229	76	276
229	83	241
229	202	111
230	74	310
230	101	190
230	120	160
230	178	118
230	190	113
231	98	193
231	104	182
232	88	234
232	97	196
232	317	79
232	328	77
232	376	72
233	93	202
233	117	163
233	239	97
234	88	223
234	108	174
234	144	134
234	225	101
235	72	300
235	91	213
235	102	187
235	116	165
236	137	139
236	229	98
236	234	93
236	374	73
237	133	151
238	195	111
238	202	104
238	226	96
238	373	74
239	163	122
240	90	222
240	129	151
241	80	255
241	225	97
242	78	244
242	82	236
242	83	224
242	128	155
242	176	113
242	284	82
243	115	159
243	151	126
243	166	116
243	171	114
243	179	112
243	184	110
243	318	76
243	339	73
245	75	271
245	92	210
245	110	173
245	153	124
245	224	98
246	68	346
246	76	269
246	100	183
246	222	97
246	257	89
246	278	82
246	400	71
246	436	67
248	80	243
248	96	186
248	209	100
248	298	80
248	375	72
249	69	343
249	112	169
249	134	137
249	146	130
249	248	91
249	404	67
250	91	195
250	125	152
250	247	86
250	268	83
251	100	178
251	127	142
251	200	101
251	379	68
252	69	333
252	140	136
252	363	72
253	68	296
253	97	183
253	181	109
254	80	242
254	103	176
254	108	168
254	149	128
254	195	102
254	213	96
254	264	82
255	298	76
255	319	73
255	367	68
256	349	72
257	66	312
257	123	150
258	76	242
258	141	129
259	74	250
259	106	170
260	74	240
260	263	84
261	68	277
263	72	257
263	108	162
263	147	127
263	353	68
264	99	173
264	168	111
265	69	258
265	82	222
265	86	197
265	90	188
265	123	146
265	159	115
266	63	349
266	95	180
266	120	154
266	138	131
266	156	121
266	284	80
267	172	108
267	244	90
268	67	292
268	163	112
268	193	106
268	208	95
268	226	89
269	75	231
269	248	85
270	84	221
270	112	161
271	67	275
271	79	222
271	118	155
271	290	79
273	106	158
273	113	155
274	66	278
274	120	150
274	205	100
274	303	73
275	121	144
275	333	68
276	63	313
276	108	155
276	216	91
277	94	176
277	130	135
278	64	294
278	173	107
278	255	83
279	190	104
280	85	190
280	91	187
280	144	125
281	62	321
281	117	144
281	185	101
282	69	251
282	70	234
282	78	207
282	136	125
282	162	111
282	272	79
282	378	67
283	117	140
283	153	115
284	82	197
284	246	81
286	64	283
287	206	96
287	282	74
288	125	135
288	199	97
288	263	77
289	103	170
289	104	156
289	112	144
289	151	117
290	132	133
290	235	83
290	364	67
291	63	306
291	65	282
291	73	216
291	195	96
292	146	120
293	72	223
293	80	206
293	310	72
294	101	162
294	143	124
294	252	79
295	78	199
296	69	248
296	99	165
296	144	121
296	333	67
297	61	295
297	63	280
297	67	260
297	126	128
299	100	157
300	143	123
302	97	166
302	329	67
302	343	65
303	68	258
303	102	154
304	98	164
304	105	150
305	64	260
305	88	175
306	69	226
306	74	202
306	286	73
307	72	209
307	109	142
307	180	102
307	268	74
307	281	73
308	93	168
309	63	260
309	240	80
309	278	72
310	100	154
311	123	138
311	310	68
312	311	67
313	76	195
313	104	146
313	208	92
313	257	76
314	179	100
315	68	216
315	97	165
316	66	227
317	93	163
319	129	124
320	357	60
321	99	152
322	114	134
322	120	131
322	200	95
322	216	86
322	312	66
325	70	202
325	116	131
325	128	125
325	206	92
326	61	262
327	62	252
327	94	156
328	63	247
328	192	93
330	333	61
331	411	55
332	66	218
332	72	195
332	260	74
332	273	73
332	331	63
333	64	229
333	85	187
333	386	56
334	81	186
335	67	215
335	77	190
335	82	176
338	90	168
339	102	151
341	221	83
343	153	109
343	328	64
344	63	230
344	426	53
346	401	54
347	119	127
348	60	263
348	86	163
349	69	203
349	283	68
350	69	197
350	204	89
352	109	141
352	127	124
352	169	101
353	254	74
357	83	171
358	75	183
358	107	138
360	62	246
360	81	169
360	376	55
360	392	54
361	68	198
361	90	154
362	54	374
363	54	368
364	66	216
366	59	329
367	216	84
368	70	191
368	255	73
369	102	150
370	64	221
370	226	82
371	214	84
371	227	80
372	168	101
373	64	215
373	156	105
374	62	226
374	65	210
374	147	109
374	207	85
374	367	55
377	216	82
378	111	135
380	81	164
383	363	55
384	54	351
385	129	119
385	278	67
388	451	51
391	73	179
392	76	170
392	104	144
392	221	80
392	393	53
393	93	152
393	127	119
394	126	123
397	92	151
399	96	149
399	171	98
402	146	113
403	83	156
406	54	344
406	103	134
407	75	172
409	67	200
409	95	148
409	140	112
412	379	54
413	104	133
414	354	55
415	192	89
415	207	84
415	244	74
417	90	149
418	70	188
418	216	81
419	63	216
419	424	51
420	94	141
434	71	184
435	86	153
442	67	199
447	293	64
477	392	52
