49	387	423
49	401	406
49	407	399
53	319	357
53	379	315
54	352	309
54	402	295
55	285	400
55	287	349
55	293	342
55	309	327
55	342	316
55	361	293
55	401	285
56	303	333
56	308	328
56	324	310
56	413	275
57	304	317
57	340	295
57	365	270
58	265	345
58	300	325
58	323	286
59	286	303
59	405	254
63	286	276
64	247	340
64	284	277
65	250	329
65	346	245
65	359	222
66	265	288
66	267	277
66	335	226
68	238	341
68	248	298
68	291	242
69	235	360
69	275	259
70	222	373
70	266	258
70	280	252
71	225	362
71	241	303
71	265	251
71	272	243
72	236	298
72	249	266
72	279	238
72	305	211
72	333	205
72	337	192
73	220	397
73	226	309
73	267	247
73	293	231
73	306	206
74	214	392
74	215	344
74	220	336
74	243	263
74	261	248
74	336	188
75	214	339
75	219	338
75	236	269
75	249	257
76	206	351
76	263	235
76	287	207
77	256	236
77	261	226
77	309	196
77	334	189
78	197	392
78	287	201
78	307	195
79	242	237
79	317	184
79	344	177
79	366	170
79	398	169
80	193	377
80	196	333
80	209	297
80	232	246
80	269	211
80	322	178
80	377	166
81	199	305
81	202	294
81	249	232
81	250	231
81	285	204
81	298	184
82	187	374
82	211	290
82	276	200
82	288	188
82	321	174
83	237	239
83	274	202
84	192	319
84	206	282
84	227	245
84	272	199
84	279	185
84	348	169
84	389	155
85	179	389
85	184	333
85	194	312
85	305	173
85	338	168
86	209	250
86	231	220
86	372	167
86	373	156
87	175	374
87	192	279
87	203	277
87	282	184
87	332	161
87	404	146
88	188	331
88	286	174
88	359	153
88	390	152
89	169	403
89	179	318
89	189	298
89	282	174
89	388	147
90	168	387
90	173	345
90	316	160
90	340	153
90	347	152
90	395	141
91	167	375
91	174	316
91	218	235
91	249	185
91	298	169
91	309	161
92	223	204
92	411	134
92	421	133
93	355	144
94	273	167
94	329	157
95	161	359
95	166	317
95	277	166
95	363	143
96	164	318
96	285	159
96	300	154
96	328	148
96	359	140
96	387	136
97	171	284
97	232	201
97	241	195
97	259	184
97	373	134
98	331	142
98	380	133
98	399	129
99	248	170
99	282	162
99	366	134
100	165	287
100	196	249
100	406	127
101	152	416
101	160	296
101	206	202
101	350	137
102	194	246
102	238	170
102	279	155
102	424	122
103	152	375
103	158	359
103	171	261
103	205	213
103	236	200
103	294	145
103	307	141
104	154	299
104	191	251
104	206	197
104	209	192
104	269	158
104	343	130
105	141	428
105	151	338
105	180	239
105	215	180
105	259	164
105	260	158
106	187	234
106	196	201
106	364	123
107	187	223
107	204	198
107	253	165
108	189	208
108	250	158
108	268	155
108	288	149
108	393	120
108	407	116
109	140	393
109	153	334
109	236	161
109	291	139
109	306	133
110	136	403
110	154	276
110	198	189
110	411	114
111	133	419
111	136	369
111	163	271
111	174	225
111	189	203
111	235	179
111	255	153
111	259	148
111	348	120
111	365	119
112	234	165
112	237	157
113	151	302
113	179	207
114	148	316
114	192	195
114	245	153
114	273	138
115	140	332
115	191	201
115	215	177
115	248	149
115	315	132
116	134	328
116	148	307
116	158	267
116	173	210
116	361	113
117	136	313
117	181	195
117	192	189
117	208	176
117	228	157
117	260	144
117	288	129
117	314	122
118	129	410
118	132	391
118	149	262
118	198	181
118	263	142
118	278	137
118	410	105
119	132	332
119	161	230
120	162	222
121	153	256
121	348	115
122	148	254
122	154	252
122	170	219
122	178	189
122	206	165
122	238	141
122	276	137
122	286	131
123	127	427
123	135	318
123	137	281
123	145	270
123	154	249
123	168	213
123	298	128
123	342	115
124	117	419
124	152	250
124	187	174
124	196	169
124	312	121
125	191	172
125	281	131
125	283	122
126	126	369
126	136	295
126	173	187
126	184	181
126	219	155
126	402	101
127	151	248
127	152	230
127	197	165
127	226	153
128	177	179
128	273	131
128	277	122
129	137	258
129	149	229
129	209	149
129	280	121
129	281	120
129	285	119
129	323	111
129	362	101
130	114	402
130	126	315
130	127	294
130	158	216
130	162	199
130	233	134
130	237	132
130	359	107
131	119	326
131	125	312
131	165	198
131	180	168
132	113	390
132	121	310
132	177	176
132	189	157
132	351	106
132	355	104
132	357	102
133	123	295
133	144	236
133	148	227
133	177	172
133	186	165
133	273	117
133	412	96
134	132	267
134	296	111
134	351	100
134	401	92
135	138	239
135	227	136
135	302	108
135	345	99
136	119	310
136	127	271
137	114	336
137	152	214
137	204	142
137	223	138
138	119	302
138	122	296
138	170	179
138	179	171
138	180	166
138	232	125
138	328	107
138	330	103
139	111	351
139	127	265
139	175	161
139	262	121
139	323	100
140	125	276
140	146	231
140	151	215
140	170	166
140	184	150
140	217	137
140	315	101
140	358	92
140	396	91
141	123	278
141	134	240
141	139	234
141	157	191
141	225	133
141	235	124
141	265	120
141	268	110
142	169	170
142	203	137
143	106	385
143	125	265
143	154	207
143	185	146
143	197	143
143	222	129
144	155	201
144	162	181
144	175	155
144	259	123
144	261	120
144	270	109
144	289	104
144	336	93
145	126	260
145	127	242
145	152	191
145	183	145
145	231	122
145	399	87
146	113	313
146	115	304
146	121	283
146	171	165
146	173	154
147	114	295
147	161	174
147	182	149
147	219	135
147	226	122
147	257	108
147	283	104
148	116	280
148	123	277
148	170	157
148	178	152
148	309	99
148	343	91
149	111	322
149	115	291
149	127	231
149	136	219
149	160	166
149	186	144
149	211	135
149	215	122
149	236	115
149	297	98
149	403	83
150	145	214
151	101	405
151	103	398
151	174	152
151	221	120
151	352	89
152	109	357
152	110	332
152	119	256
152	177	151
152	182	142
152	195	130
152	275	104
152	284	97
153	113	309
153	129	230
153	149	208
153	172	151
153	272	102
153	334	90
154	110	290
154	136	209
154	231	117
155	108	325
155	109	293
155	167	157
155	225	113
155	229	112
155	312	92
155	324	88
155	360	83
156	105	359
156	106	344
156	158	164
157	106	308
157	114	283
157	137	202
157	146	191
157	155	166
157	165	158
157	346	87
158	110	279
158	120	237
158	176	148
158	205	121
158	240	106
158	299	91
159	109	282
159	171	153
159	173	138
159	181	136
159	185	134
159	194	127
159	302	89
159	409	77
160	105	318
160	116	249
160	151	167
160	168	143
160	345	84
161	101	369
161	106	297
161	137	186
161	145	177
161	247	103
161	333	83
162	98	421
162	228	109
163	136	200
163	217	111
163	267	97
164	166	150
164	190	130
164	196	124
164	235	105
164	261	102
164	268	95
164	271	94
165	98	348
165	144	185
165	148	164
165	266	98
165	317	83
165	366	77
166	105	299
166	164	156
166	197	119
166	256	100
167	112	258
167	162	150
167	254	99
167	314	86
168	95	395
168	97	346
168	123	227
168	128	202
168	156	154
168	206	113
168	243	103
168	248	100
168	385	74
169	141	172
169	163	144
169	232	105
169	254	97
169	281	91
169	327	80
169	333	78
170	123	213
170	150	161
170	157	153
170	160	152
170	231	102
170	250	99
171	118	247
171	170	141
171	274	93
171	289	86
171	300	83
172	130	186
172	142	171
172	196	122
172	227	103
172	242	98
173	121	230
173	138	179
173	143	164
173	182	122
173	388	72
174	108	271
174	129	196
174	135	180
174	169	137
174	173	136
174	178	129
174	234	98
174	342	74
175	92	410
175	107	264
175	123	199
175	161	136
175	191	116
175	243	94
176	138	171
176	156	141
176	257	91
177	103	284
177	105	273
177	119	208
177	180	128
177	225	103
177	304	80
178	212	111
179	118	245
179	130	178
179	172	129
180	108	246
180	118	207
180	133	176
181	134	171
181	174	126
181	222	102
181	321	79
182	90	392
182	98	301
182	114	216
182	137	160
182	364	73
183	92	374
183	131	171
183	181	121
183	200	111
183	340	71
184	144	152
184	162	134
184	261	86
184	265	83
184	285	82
184	298	77
185	90	357
185	96	348
185	104	274
185	121	206
185	170	128
186	152	137
186	182	117
187	144	150
187	147	142
187	174	118
188	101	293
188	103	266
188	122	202
188	247	87
189	122	201
189	183	112
189	211	99
189	246	91
190	201	108
190	219	97
190	220	95
190	269	80
191	180	114
191	348	70
192	87	374
192	108	238
192	132	165
192	167	131
192	242	94
193	93	355
193	99	265
193	104	241
193	144	147
193	296	74
194	103	244
194	126	166
195	88	343
195	96	280
195	167	125
195	200	106
196	137	153
196	149	134
196	171	124
196	293	77
196	332	68
197	144	139
197	175	113
197	223	92
197	260	86
197	319	70
198	85	391
198	86	368
198	106	230
198	127	159
199	92	307
199	103	236
199	111	213
199	121	174
199	153	133
199	184	109
200	92	301
200	107	219
200	136	158
200	163	120
200	168	116
201	91	337
201	182	110
201	189	102
201	278	77
202	101	244
202	114	209
202	141	145
202	172	114
202	247	83
202	268	78
203	221	89
203	224	88
204	107	214
205	131	157
205	315	68
205	318	67
206	204	101
206	362	64
207	101	243
207	152	132
207	197	101
207	215	93
208	86	322
208	162	126
208	191	98
209	182	106
209	202	97
209	264	77
209	300	73
210	93	282
210	98	242
210	103	228
210	114	199
210	181	105
211	157	121
211	392	63
212	95	257
212	140	141
212	151	124
212	183	100
212	291	73
212	302	68
213	82	364
213	103	224
213	119	165
213	139	138
213	145	131
213	146	129
213	289	74
214	220	91
215	212	94
215	348	63
216	80	389
216	138	147
216	164	117
216	165	110
216	170	106
216	219	89
217	134	146
217	160	115
217	211	92
217	213	88
218	373	62
219	274	74
219	281	73
219	289	68
219	329	63
220	93	276
220	95	251
220	101	233
220	129	151
220	187	97
221	104	211
221	134	139
221	159	120
221	181	100
221	215	85
221	225	83
221	228	82
222	101	228
222	129	148
222	207	91
222	225	80
222	228	79
223	84	337
223	110	181
223	121	154
223	157	117
223	269	75
224	97	231
225	79	378
225	178	104
225	184	94
225	187	93
226	80	343
226	94	246
226	98	226
226	131	144
226	213	86
226	273	69
227	103	222
227	165	105
227	170	101
227	209	84
228	104	196
228	129	147
228	282	67
229	89	271
229	314	63
230	253	72
230	365	61
231	105	194
232	81	332
232	199	89
233	85	298
233	88	285
233	156	110
234	76	378
234	194	90
234	236	76
234	346	60
236	81	314
236	91	261
236	101	213
236	107	184
236	141	131
237	75	396
237	120	157
237	128	151
237	178	93
237	204	83
237	247	72
238	78	339
238	87	287
238	93	234
238	113	160
238	144	130
238	166	100
238	174	98
239	86	277
239	194	85
240	76	360
240	90	249
240	109	169
240	185	89
242	106	184
244	193	84
245	103	184
245	212	79
245	364	58
246	159	102
246	263	71
247	107	179
247	117	148
247	139	127
247	144	123
247	175	94
248	75	366
248	189	86
249	79	319
249	147	111
249	167	99
250	74	371
250	95	210
250	145	122
250	171	96
250	227	78
251	93	223
251	107	168
251	175	91
252	79	313
252	80	299
252	92	223
252	101	194
252	124	143
252	154	104
252	345	58
253	74	357
253	103	177
253	106	172
254	89	238
254	123	145
254	141	121
255	83	286
255	138	124
255	140	117
255	330	62
256	184	86
256	206	81
257	106	171
257	182	86
257	304	62
258	127	138
258	130	126
258	344	59
260	147	106
261	72	390
261	83	277
261	158	98
262	92	213
262	152	103
263	128	129
263	129	125
263	303	60
264	114	150
264	300	62
265	71	390
266	125	137
266	212	78
267	282	62
267	395	56
268	74	335
268	146	113
268	329	59
268	359	56
269	86	240
269	151	100
269	171	89
270	92	206
270	144	107
271	136	114
271	158	95
271	244	70
272	107	165
272	267	64
273	73	330
273	110	154
273	122	138
273	163	94
274	74	329
275	69	386
275	121	130
275	136	113
275	153	98
275	158	94
275	340	56
276	76	312
276	97	187
276	187	81
277	117	146
277	206	76
278	101	170
278	114	146
279	79	299
279	317	59
280	69	373
280	234	74
281	109	148
282	113	143
282	136	112
283	106	159
283	128	119
283	171	88
284	68	392
284	82	266
284	99	177
285	113	142
285	179	85
286	172	87
287	142	110
288	79	282
288	141	110
288	173	86
288	178	83
288	195	78
289	67	418
289	79	265
289	88	208
289	145	100
289	211	74
289	214	73
290	68	374
290	105	168
290	113	136
291	85	223
292	77	280
293	145	99
294	124	128
295	81	250
295	103	162
295	105	151
295	136	109
295	194	78
296	69	338
297	69	336
297	236	72
298	68	354
298	93	185
298	119	130
299	145	98
299	204	77
300	126	127
300	138	108
301	67	373
301	149	96
301	171	86
302	98	178
302	118	132
303	79	259
303	238	67
304	160	92
304	184	81
305	76	274
305	80	243
305	140	100
305	167	90
306	82	237
306	124	126
306	126	119
307	67	360
307	110	146
308	66	414
308	79	252
308	103	160
309	140	99
310	66	399
310	92	189
310	107	146
310	119	128
310	159	92
311	68	352
311	203	76
312	66	386
312	67	350
312	100	164
312	115	129
312	190	77
312	232	72
313	100	155
313	127	115
313	152	94
313	264	65
314	68	319
315	68	318
315	117	128
315	140	98
315	176	82
316	112	140
316	114	130
316	126	112
316	167	89
316	168	88
317	89	187
317	92	181
317	93	180
317	173	83
318	119	124
319	95	171
319	135	106
319	165	91
319	257	60
320	163	90
321	102	152
321	164	86
322	76	250
323	122	117
323	158	90
324	77	247
324	85	215
324	89	184
324	114	123
324	160	89
325	68	316
325	182	79
326	148	96
326	154	92
327	69	293
327	95	164
327	134	102
327	148	95
328	66	352
328	69	292
331	66	347
331	67	319
331	79	225
331	88	189
331	182	78
332	66	346
332	109	130
332	121	112
332	133	108
333	87	213
333	102	144
333	168	83
334	108	142
334	127	108
334	273	56
335	85	202
336	143	95
337	91	176
337	134	100
337	152	90
338	97	158
338	121	111
338	192	76
339	106	134
339	208	69
341	69	283
341	80	212
341	130	105
341	175	81
343	116	119
344	68	293
344	162	86
345	101	144
345	147	94
345	203	72
347	97	153
348	80	209
349	125	106
349	160	87
350	177	79
350	228	63
351	111	125
352	69	280
354	206	70
355	68	290
355	162	85
356	279	55
356	366	51
357	192	73
358	67	305
358	137	97
359	93	165
359	146	92
362	256	58
363	109	126
364	87	178
364	103	136
365	118	113
366	156	88
366	194	72
366	197	71
371	181	77
371	294	53
373	65	339
374	68	288
377	159	87
378	102	138
378	168	82
379	188	74
380	86	179
382	77	209
382	323	51
383	99	145
386	66	313
389	91	168
393	68	283
393	363	50
394	85	181
395	77	206
400	65	325
400	113	121
402	101	140
409	62	418
411	62	403
414	62	394
414	97	152
419	91	165
420	66	305
422	108	125
431	64	338
432	67	289
436	68	277
446	66	301
451	62	374
465	63	340
471	62	364
