39	138	135
40	126	150
41	126	141
41	138	130
43	120	154
43	124	138
43	138	117
44	125	131
44	134	127
45	114	135
45	119	133
45	131	115
46	119	112
47	131	92
48	106	176
48	109	141
49	104	171
50	106	156
50	114	128
51	103	134
51	112	117
51	118	98
51	123	97
52	99	177
52	102	155
52	108	111
53	101	123
53	111	103
53	120	91
54	98	140
55	93	170
55	97	169
55	108	108
55	109	100
55	123	79
55	133	71
56	125	75
57	89	172
57	98	137
57	107	97
57	112	96
58	87	167
58	91	154
58	92	149
58	100	109
58	120	80
59	91	140
59	96	131
59	117	94
60	92	130
60	96	117
60	98	104
60	110	84
60	118	74
61	86	160
61	95	123
61	98	99
61	104	88
61	114	80
62	86	145
62	92	116
63	91	122
63	92	104
63	97	79
63	105	69
63	129	65
63	137	55
64	76	166
64	85	135
64	122	63
65	81	143
65	95	103
66	83	123
66	89	120
66	90	88
66	97	74
67	71	172
67	82	103
68	77	128
68	88	85
68	94	83
69	87	100
70	73	164
70	85	99
71	87	98
71	91	84
72	70	158
72	75	100
72	81	89
72	90	82
72	96	74
73	68	131
73	88	84
73	90	75
74	73	97
74	75	81
74	107	67
74	117	65
74	133	60
75	92	72
76	64	196
76	89	77
76	117	59
76	122	55
77	62	180
77	96	64
77	128	50
78	67	146
78	72	120
78	81	70
78	113	56
79	69	128
79	91	67
81	64	150
81	69	109
82	61	155
82	64	131
82	68	112
83	72	84
84	66	82
85	59	113
86	55	204
86	76	76
87	58	134
88	108	60
89	53	162
89	93	66
89	118	53
90	54	156
90	63	91
90	88	61
90	120	47
91	101	56
91	105	55
93	57	147
94	52	124
94	96	59
96	47	202
97	71	81
97	75	80
97	86	68
98	46	186
98	86	66
99	49	116
99	58	108
100	47	143
100	56	95
100	141	42
101	85	63
101	100	57
102	45	138
103	43	165
103	108	47
104	44	135
104	70	73
106	77	67
107	66	73
107	80	62
107	104	52
108	38	184
108	40	157
108	74	60
108	106	46
109	55	97
109	91	54
111	52	105
111	147	40
113	42	140
113	129	42
114	62	82
117	45	128
117	47	124
119	86	56
120	41	150
120	60	90
121	94	46
122	33	180
122	40	147
123	56	86
124	36	178
124	46	121
124	55	95
124	64	73
124	135	40
124	153	38
125	133	38
127	68	72
128	36	172
128	49	108
129	38	160
129	45	123
130	73	68
132	63	79
135	39	153
136	41	145
136	50	103
137	62	73
138	70	60
138	121	38
138	174	35
139	34	179
140	38	155
143	32	167
147	46	112
148	31	169
148	53	92
149	82	56
150	42	139
151	162	35
152	39	134
152	45	114
152	180	34
154	48	111
155	36	149
156	29	182
157	38	136
162	59	79
165	168	34
169	38	135
171	193	33
172	146	35
184	181	33
