45	272	289
45	319	260
46	260	319
46	322	249
47	278	286
47	305	261
48	252	328
48	257	306
48	284	239
49	256	245
49	287	228
49	364	218
50	224	323
50	234	262
50	248	246
50	259	234
50	279	229
50	337	217
50	354	213
51	246	246
51	251	235
51	276	215
51	285	210
52	267	225
52	270	210
52	279	205
52	329	197
53	203	286
53	222	267
53	239	243
53	247	228
53	255	222
53	262	211
54	199	276
54	228	238
54	242	232
54	279	194
55	241	227
55	258	211
55	291	193
55	322	178
56	192	290
56	239	214
56	254	201
56	258	200
56	273	193
56	335	175
57	179	299
57	198	261
57	201	251
57	218	249
57	225	238
57	238	219
57	246	202
57	255	195
57	265	192
57	300	172
57	325	170
58	175	289
58	187	275
58	193	260
58	213	239
58	216	237
58	218	232
58	242	210
58	249	198
58	262	190
58	298	184
59	171	310
59	183	269
59	209	237
59	212	227
59	264	184
59	277	183
59	290	180
59	325	165
59	326	155
60	176	269
60	195	253
60	209	232
60	231	216
60	250	183
60	273	173
60	310	166
60	316	160
61	174	289
61	187	246
61	205	231
61	215	226
61	222	222
61	240	211
61	246	183
61	263	181
62	163	322
62	165	292
62	180	259
62	184	257
62	204	222
62	236	211
62	238	184
62	247	177
62	256	172
62	268	165
62	277	160
62	324	141
63	189	230
63	234	196
63	247	173
63	256	168
64	204	209
64	237	184
64	238	181
65	155	335
65	171	286
65	182	229
65	236	187
65	251	172
65	268	155
65	277	150
66	160	270
66	172	255
66	189	219
66	234	171
66	243	166
66	254	162
66	267	158
67	153	261
67	168	240
67	174	235
67	180	231
67	184	221
67	239	165
67	269	149
67	278	144
68	182	223
68	186	218
68	207	198
68	232	171
68	247	164
68	317	140
69	146	353
69	174	234
69	202	209
69	206	192
69	229	190
69	248	160
69	253	156
70	168	230
70	173	217
70	223	165
70	232	160
70	254	155
70	297	143
71	163	243
71	184	209
71	193	203
71	253	146
71	278	143
71	322	137
72	152	251
72	208	175
72	247	151
72	277	135
72	298	126
73	138	333
73	141	260
73	162	227
73	172	226
73	236	153
73	249	149
73	264	143
73	290	132
74	139	293
74	154	239
74	186	189
74	195	184
74	231	152
74	242	147
75	138	242
75	155	230
75	159	216
75	172	211
75	209	173
75	215	165
75	244	146
75	250	143
75	251	135
76	143	235
76	171	199
76	182	194
76	217	152
76	229	148
76	232	146
76	245	143
77	151	233
77	191	173
77	238	145
77	249	141
77	252	129
78	136	306
78	147	227
78	211	156
78	218	146
78	230	142
79	147	219
79	156	207
79	296	112
80	139	238
80	179	185
80	180	176
80	209	160
80	230	137
80	244	134
81	137	229
81	157	200
81	188	164
81	203	160
81	217	149
81	257	128
81	276	115
82	123	302
82	139	220
82	149	214
82	164	191
82	208	147
82	220	141
83	130	254
83	158	194
83	172	177
83	181	175
83	189	158
83	217	141
83	222	137
83	250	130
83	277	110
84	155	213
84	209	141
84	215	137
84	230	124
84	250	115
85	115	309
85	248	122
86	128	265
86	226	128
87	125	263
87	128	262
87	207	155
87	219	131
87	225	124
87	273	112
88	112	265
88	123	258
88	145	213
88	163	189
88	186	158
88	194	141
88	208	138
88	227	118
89	117	258
89	127	242
89	132	222
89	141	214
90	146	209
90	147	202
90	149	200
90	153	197
90	179	172
90	183	163
90	185	155
90	187	151
90	248	110
91	160	192
91	166	176
91	180	159
92	121	242
92	127	233
92	134	219
92	146	203
92	147	196
92	164	180
93	113	261
93	154	187
93	186	148
93	213	126
93	223	118
94	105	282
94	165	175
94	170	171
94	292	104
95	113	243
95	124	236
95	127	219
95	135	213
95	164	172
95	168	165
95	207	126
96	134	207
96	170	160
96	189	147
96	234	117
96	257	101
97	146	198
97	150	189
97	161	184
97	165	166
97	234	115
98	152	186
98	171	153
98	213	123
98	221	117
99	203	131
99	300	95
100	108	259
100	158	182
101	101	263
101	117	219
101	129	216
101	137	200
101	152	176
101	182	140
101	215	117
101	228	106
102	106	245
102	128	215
102	158	164
102	167	162
102	190	134
102	192	127
103	131	202
104	134	201
104	144	199
104	149	183
105	109	236
105	139	187
105	148	179
105	164	155
105	187	138
106	125	208
106	146	182
106	177	149
106	179	141
106	201	125
106	214	114
106	224	106
106	296	100
107	94	280
107	100	250
107	175	139
107	313	90
108	105	246
108	110	221
108	170	152
108	208	114
109	90	326
109	131	201
109	138	197
109	143	185
109	172	150
109	235	105
110	148	177
110	149	173
110	152	160
110	165	154
110	170	148
110	222	110
110	258	94
111	96	262
111	105	244
111	113	212
111	129	201
111	135	190
111	162	154
111	214	111
112	106	237
112	116	211
112	209	112
113	88	309
113	104	226
113	129	197
113	141	179
113	146	173
113	173	147
113	206	122
113	283	90
114	139	171
114	198	125
114	218	105
115	89	280
115	102	229
115	128	206
115	150	157
115	155	153
115	180	126
115	193	115
116	99	251
116	124	203
116	133	183
116	238	102
117	97	256
117	103	226
117	111	218
117	125	199
117	129	186
117	174	143
117	327	85
118	100	233
118	126	198
118	136	178
118	271	89
118	300	88
119	96	244
119	106	219
119	109	217
119	117	209
119	142	164
119	174	134
120	93	277
120	94	242
120	107	211
120	123	188
120	165	152
121	83	323
121	88	267
121	93	244
121	96	238
121	99	229
121	130	184
121	296	85
122	91	265
122	101	227
122	102	221
122	118	201
122	149	163
122	161	152
122	225	104
122	244	97
123	134	171
123	149	153
123	175	129
124	107	208
124	122	184
124	133	181
124	146	161
124	171	145
124	192	109
124	240	99
124	263	92
125	150	150
125	167	142
126	118	193
126	213	104
126	254	92
126	258	88
126	313	83
127	97	228
127	164	144
128	79	336
128	84	280
128	89	257
128	91	227
128	122	179
128	182	124
129	111	203
129	136	165
129	156	148
129	273	86
129	293	84
130	108	195
130	117	185
130	121	175
130	149	151
130	207	102
130	254	91
131	78	349
131	106	217
131	112	194
131	132	169
131	161	147
131	231	94
132	85	270
132	106	208
132	164	126
132	177	115
132	260	87
133	80	290
133	95	223
133	107	192
133	216	100
134	93	221
134	271	83
135	83	276
135	84	263
135	120	178
135	124	168
135	149	146
135	153	136
135	160	135
136	86	241
136	198	102
136	202	99
137	94	220
137	114	177
137	122	173
137	135	165
137	182	108
137	247	87
137	323	82
138	88	225
138	91	220
138	95	208
138	134	167
138	137	159
138	150	141
138	267	86
139	82	247
139	105	194
139	169	122
139	228	94
139	237	90
139	244	88
140	262	85
141	136	156
141	268	83
142	78	300
142	94	208
142	161	128
142	251	84
143	77	294
143	85	239
143	97	207
143	107	185
143	130	161
143	145	139
144	126	167
144	170	119
144	231	88
144	316	81
144	332	76
145	80	268
145	87	236
145	138	151
145	143	148
145	144	145
145	173	117
145	224	91
145	266	82
146	83	239
146	84	232
146	107	182
147	80	255
147	86	229
147	88	221
147	99	201
147	105	188
147	198	101
147	222	98
148	77	273
148	98	200
148	117	167
148	127	151
148	138	150
148	148	136
148	162	125
148	169	121
148	191	107
148	192	103
148	301	76
149	87	217
149	152	135
149	184	106
149	190	99
149	221	95
149	222	91
149	281	78
150	166	123
150	207	94
150	226	90
151	74	311
151	75	307
151	79	255
151	100	187
151	106	177
151	115	168
151	141	149
151	168	122
151	169	111
152	78	264
152	96	201
152	98	185
152	111	172
152	126	165
152	133	146
152	137	136
152	220	92
152	244	86
153	90	216
153	92	201
153	107	173
153	119	159
153	190	98
153	263	79
154	85	226
154	89	213
154	97	188
154	145	130
154	209	93
154	231	86
154	247	84
155	76	269
155	95	196
155	120	153
155	152	129
155	159	119
155	201	93
155	215	92
155	240	85
155	335	73
156	78	251
156	88	213
156	117	163
156	139	131
156	212	91
156	243	83
156	244	82
156	246	80
156	265	77
157	75	281
157	77	264
157	81	241
157	102	175
157	109	168
157	162	116
157	180	109
158	70	324
158	75	268
158	76	261
158	93	194
158	116	164
158	181	107
158	188	103
158	230	83
158	287	76
159	107	169
159	130	138
160	86	222
160	101	175
160	105	172
160	144	130
160	145	125
160	164	112
161	69	337
161	77	251
161	78	244
161	92	194
161	106	170
161	109	163
161	156	116
161	162	115
161	211	91
161	215	87
161	276	74
162	80	241
162	95	190
162	122	152
162	124	149
162	185	94
162	201	91
162	211	88
162	226	86
162	262	78
163	73	270
163	83	224
163	104	172
163	119	153
163	225	86
163	228	83
163	246	77
164	129	146
164	135	133
164	181	106
164	182	97
164	221	86
165	81	236
165	88	208
165	123	149
166	75	258
166	105	171
166	110	160
166	121	147
166	128	145
166	174	103
166	180	97
166	195	90
166	202	89
166	245	81
166	285	71
167	84	221
167	88	207
167	92	181
167	99	178
167	119	152
167	155	121
168	72	278
168	83	200
168	103	167
168	115	158
168	125	142
168	153	111
168	199	88
168	218	83
168	256	75
169	80	232
169	106	163
169	112	153
169	121	144
169	219	80
170	67	347
170	100	173
170	104	161
170	138	129
170	230	78
171	72	276
171	84	197
171	94	176
171	118	149
171	125	137
171	209	85
171	216	83
172	70	294
172	74	240
173	68	282
173	107	157
173	119	140
173	122	138
173	130	131
173	158	104
173	175	97
174	141	124
175	66	347
175	90	185
175	99	173
175	108	151
175	175	93
176	67	295
176	71	269
176	81	226
176	82	217
176	99	170
176	116	149
176	180	90
176	203	81
176	330	66
177	73	248
177	129	125
177	146	118
177	241	73
177	271	69
178	67	282
178	78	212
178	111	148
179	98	174
179	108	150
179	185	89
179	266	71
180	117	140
180	121	139
180	124	136
180	190	86
180	214	78
181	66	295
181	72	246
181	81	211
181	97	173
181	116	138
181	120	136
182	69	252
182	96	170
182	101	160
182	134	118
182	145	111
182	209	79
183	77	212
183	78	208
183	105	158
183	139	115
183	144	114
183	214	76
184	91	183
184	125	135
184	225	74
184	254	72
184	259	71
184	268	70
185	84	191
185	97	169
185	103	150
185	128	126
185	172	90
186	76	238
186	177	87
186	293	64
187	68	252
187	98	166
187	100	160
187	150	104
187	167	97
188	106	147
188	120	135
188	236	71
189	67	270
189	81	206
189	140	113
189	194	83
189	233	72
190	126	130
190	162	96
190	198	77
191	90	171
191	93	169
191	136	117
192	84	188
192	115	139
192	186	85
192	273	64
193	73	220
193	81	198
193	100	157
193	207	75
194	66	270
194	95	160
194	108	145
194	133	122
194	209	74
195	80	201
195	106	146
195	129	124
195	131	118
195	135	112
195	196	82
196	80	191
196	286	63
197	67	259
197	107	139
197	124	121
198	71	246
198	72	220
198	114	138
198	160	97
198	266	68
198	305	62
199	66	262
199	88	178
199	133	111
199	156	97
199	169	86
199	186	79
199	236	69
200	97	154
200	116	135
200	119	127
200	174	83
200	191	76
202	123	124
202	126	118
202	266	63
203	76	210
203	87	176
203	110	137
203	117	131
203	119	124
203	151	102
204	134	108
204	138	104
204	202	73
204	308	61
205	62	280
205	65	260
205	86	172
205	173	85
205	254	64
205	314	60
206	84	183
207	68	238
207	83	185
207	102	138
208	61	293
208	118	120
208	157	94
209	139	101
210	69	226
210	82	189
210	105	135
210	112	132
210	124	114
210	288	61
211	59	359
211	74	203
211	227	67
212	93	166
212	97	152
212	143	100
212	183	79
212	194	75
213	81	182
213	116	128
213	148	97
213	181	81
215	100	142
215	114	131
215	127	106
215	202	71
215	247	63
216	286	62
217	59	303
217	67	229
217	98	147
217	109	128
217	112	123
217	151	94
217	164	92
217	172	84
218	87	169
218	93	150
218	96	148
218	104	137
218	166	87
218	172	83
218	295	60
218	308	59
219	79	185
219	87	162
219	145	98
219	156	91
220	150	95
220	161	87
220	275	59
221	61	268
221	84	181
221	150	90
221	220	66
222	123	113
222	195	74
223	117	120
223	157	89
223	174	82
223	190	73
223	256	61
224	109	126
224	165	83
225	118	119
226	128	104
226	172	80
226	304	58
227	92	157
227	99	134
227	119	113
227	124	110
227	169	82
227	177	77
227	293	57
228	75	194
228	85	172
228	90	156
228	181	75
228	318	56
229	74	197
229	107	128
229	108	124
229	112	121
229	147	94
229	236	63
230	56	364
230	60	290
230	83	177
230	138	102
230	162	85
231	167	81
231	182	73
231	199	70
232	137	91
232	154	84
232	160	81
232	175	79
232	231	63
233	79	175
233	83	163
233	114	116
233	256	59
234	108	120
234	180	72
235	149	89
236	106	132
236	237	61
237	65	244
237	118	109
237	124	108
237	135	102
237	286	56
238	63	262
238	64	237
238	117	108
238	311	55
239	115	114
239	122	105
239	153	80
239	239	60
240	85	156
240	133	98
240	158	77
240	274	57
241	56	317
241	61	254
241	265	57
242	56	297
243	71	198
243	97	145
243	144	84
243	186	71
243	187	68
244	78	176
244	105	123
244	224	62
245	134	90
245	151	83
245	181	71
245	212	63
246	63	251
246	77	177
246	96	141
247	76	176
247	180	71
247	248	58
248	67	219
248	126	104
248	283	55
248	306	54
249	68	205
250	79	167
250	99	131
250	124	101
250	160	74
250	174	72
250	229	61
251	59	271
251	60	245
251	118	105
251	199	66
252	54	319
252	57	287
252	93	148
252	140	84
252	177	71
253	56	281
253	90	141
253	145	81
253	190	65
254	246	57
255	75	187
255	127	93
255	226	60
255	272	55
256	58	265
256	99	123
256	202	64
257	53	344
257	84	151
258	66	206
258	276	54
259	150	77
259	241	57
260	58	262
260	108	111
260	229	58
261	71	189
261	76	166
261	80	161
261	264	55
262	70	188
262	106	120
262	152	76
263	141	82
263	148	79
263	271	54
264	88	148
265	137	83
265	223	59
266	52	363
266	121	100
266	143	81
267	62	224
267	93	136
267	166	70
268	88	139
268	124	92
268	207	60
269	79	160
269	170	67
269	296	52
270	121	98
270	205	62
270	260	54
271	55	294
271	68	189
271	73	178
271	162	73
272	57	273
272	77	160
272	80	157
272	116	105
273	56	267
273	85	148
273	102	120
273	134	84
273	264	53
274	54	284
274	93	127
274	117	100
274	155	73
275	62	212
275	140	81
276	55	279
276	70	178
276	84	144
277	61	215
277	118	96
278	111	108
279	123	92
279	138	81
279	193	62
280	57	261
280	80	154
281	77	157
281	98	117
281	135	82
282	53	314
282	56	264
282	63	204
282	140	79
283	55	258
283	58	232
283	92	127
283	109	108
283	131	87
283	169	65
283	241	54
284	52	306
284	79	156
284	158	71
285	54	268
285	57	245
285	107	105
285	131	85
285	222	57
286	126	89
286	131	83
286	245	53
287	72	174
287	85	138
287	88	132
287	143	78
287	147	77
288	65	200
288	101	114
289	67	183
289	152	70
290	115	95
290	208	58
291	66	186
292	88	131
292	137	77
292	239	54
294	69	172
295	75	164
295	80	150
295	113	104
295	191	61
296	68	175
296	85	135
296	95	121
296	104	107
296	110	101
296	134	78
296	236	56
296	329	50
297	72	163
297	79	152
297	114	94
298	142	73
298	186	60
299	177	63
300	106	106
300	156	67
300	290	50
301	83	139
301	111	98
301	130	84
302	56	243
302	71	163
302	78	154
302	92	120
302	103	107
302	113	94
302	136	77
302	166	65
303	62	200
303	102	113
304	61	208
304	80	147
304	184	62
304	258	51
305	72	160
305	107	101
305	131	81
305	157	66
306	54	256
306	99	110
306	136	75
307	84	136
307	179	60
308	91	126
308	130	79
309	56	228
309	78	148
309	116	89
309	225	54
310	146	70
310	191	59
311	58	215
311	108	98
312	122	88
312	153	69
313	91	121
313	176	61
313	195	58
313	271	50
314	80	145
314	82	144
314	162	65
315	52	259
315	53	245
315	135	76
316	60	204
316	66	180
317	70	163
317	81	142
317	120	84
317	162	64
317	239	51
318	107	100
319	69	166
319	103	104
320	71	160
320	169	61
320	182	58
321	68	169
321	85	129
321	209	55
321	261	50
323	90	126
324	78	147
324	136	73
324	160	64
325	66	178
325	93	118
325	147	66
326	67	176
326	112	91
327	56	226
327	157	65
328	67	175
328	75	154
328	76	150
328	132	73
328	196	55
329	64	184
329	80	141
329	91	120
329	102	106
329	106	100
329	124	83
330	104	102
330	127	80
331	208	54
332	55	226
332	84	130
332	142	68
332	236	51
333	75	150
333	98	110
334	116	86
335	77	148
335	127	75
335	313	48
336	111	94
338	107	98
338	165	60
339	158	62
339	221	52
340	81	136
340	90	121
340	219	53
341	144	67
341	177	59
342	246	50
343	128	73
347	190	57
348	294	48
350	57	216
350	63	187
350	178	56
351	115	87
352	57	211
352	119	82
353	80	138
353	111	91
355	79	144
355	155	63
356	51	254
356	73	156
356	105	100
357	103	102
357	156	62
358	59	202
359	46	359
361	115	86
364	95	113
364	232	51
366	188	55
368	53	233
368	66	173
368	288	48
369	164	59
372	176	58
373	153	63
373	245	50
375	137	69
377	57	209
379	55	219
