41	173	242
41	178	231
41	203	222
44	155	213
44	163	196
45	145	220
45	185	189
48	127	191
48	135	174
48	177	170
50	123	184
50	131	167
50	173	163
52	119	192
53	121	182
53	122	160
53	136	150
53	178	146
55	118	153
57	110	170
57	149	135
58	115	168
58	116	151
58	123	136
58	165	132
60	106	184
61	110	162
61	150	128
62	109	152
62	133	134
62	136	121
63	106	155
63	128	135
63	131	132
63	167	120
64	134	125
65	96	202
65	98	172
65	134	124
65	138	117
65	175	114
66	104	153
66	111	138
66	128	124
66	152	116
67	92	195
67	94	177
67	133	122
69	90	170
69	134	119
70	97	154
70	127	134
70	136	112
70	156	104
71	86	178
71	107	151
71	117	118
71	172	101
72	88	168
72	95	153
72	105	149
72	139	109
72	153	107
73	84	182
73	94	163
73	118	115
73	128	113
74	82	191
74	93	165
74	106	130
74	148	107
74	154	104
75	80	195
75	116	127
76	81	169
76	95	151
76	130	109
77	76	203
77	105	141
77	113	126
78	78	172
78	89	154
78	115	122
78	146	107
78	154	103
79	76	189
79	105	137
79	138	107
79	147	99
80	79	169
80	132	108
80	145	106
81	76	178
81	103	141
81	146	103
81	148	96
81	157	94
82	70	193
82	74	190
82	75	170
82	79	166
82	94	132
82	127	109
82	142	102
82	173	91
83	107	122
83	136	106
83	145	99
84	70	179
84	74	176
84	76	167
84	81	161
84	133	103
84	153	95
85	124	104
85	134	102
85	140	99
85	155	94
86	67	191
86	72	175
86	119	106
86	139	98
87	100	112
88	67	177
88	73	167
88	78	147
88	110	108
88	130	100
88	136	98
88	154	92
89	74	161
89	101	109
89	111	107
90	69	172
90	76	151
90	138	94
90	148	89
90	178	85
91	96	130
92	66	176
92	77	150
92	91	138
92	96	126
92	113	103
92	149	86
93	65	193
93	89	139
93	92	119
93	147	92
93	164	85
94	65	174
94	66	170
94	69	169
94	72	148
94	87	146
94	98	116
94	137	97
94	189	81
95	66	168
95	94	115
95	122	101
95	140	86
95	154	85
96	73	145
96	84	132
96	124	100
96	127	98
97	131	90
98	61	190
98	64	169
98	85	123
98	123	95
99	90	116
99	108	107
99	117	100
99	118	92
99	132	89
99	155	82
100	58	205
100	61	176
100	64	155
100	79	140
100	86	120
100	105	107
100	116	97
100	139	83
100	154	80
101	71	139
101	91	113
101	107	98
101	138	88
101	167	79
102	58	191
102	66	151
102	80	133
102	112	96
102	186	77
103	72	136
103	95	111
103	99	105
103	108	96
103	128	88
103	145	80
104	89	115
104	175	76
105	62	171
105	63	160
105	75	127
105	82	123
105	102	99
105	115	85
105	136	84
106	63	148
106	66	147
106	68	142
106	187	75
107	62	157
107	63	146
107	69	140
107	73	133
107	79	124
107	84	119
107	91	108
107	101	104
107	152	79
108	132	80
108	162	76
108	213	73
109	59	176
109	65	142
109	92	105
109	147	79
110	85	115
110	127	84
110	143	79
110	172	75
111	59	162
111	123	84
112	58	154
112	61	153
112	83	117
112	88	111
112	90	109
112	99	100
112	107	94
112	109	92
112	124	83
112	160	78
113	62	139
113	83	115
113	104	90
113	140	79
113	162	75
114	55	169
114	84	114
114	93	103
114	106	89
114	142	76
114	178	72
114	184	71
115	85	111
115	100	99
115	116	83
115	138	76
115	184	70
116	57	165
116	90	105
116	97	98
116	137	74
116	173	69
117	69	127
117	76	120
117	83	110
117	111	86
117	150	73
117	166	72
118	54	214
118	57	147
118	68	135
118	75	124
118	125	80
119	125	76
119	142	73
119	164	69
120	54	162
120	62	132
120	80	119
120	82	116
120	83	108
120	98	97
120	148	71
120	158	70
121	82	109
122	74	117
122	83	107
122	101	91
122	134	74
123	50	190
123	53	161
123	75	116
123	93	100
123	106	82
123	135	73
123	139	71
124	68	128
124	69	120
124	76	113
124	83	103
124	113	79
124	124	77
124	145	70
125	50	176
125	57	140
125	102	86
125	106	81
125	133	75
126	52	167
126	82	102
126	128	74
127	75	115
127	81	108
127	159	67
127	186	64
128	56	149
129	73	111
129	74	110
130	55	141
130	89	90
130	100	89
130	129	73
131	71	117
131	81	107
131	84	101
131	114	75
132	47	194
132	49	161
132	65	125
132	75	108
132	81	105
132	97	86
132	127	71
132	135	69
132	156	63
132	217	61
133	51	157
133	101	84
133	124	73
133	125	71
133	149	66
134	46	176
134	53	148
134	54	146
134	62	129
134	80	100
134	84	99
134	97	85
134	103	79
135	48	172
135	50	149
135	83	95
135	152	64
136	72	113
136	82	96
136	110	75
136	131	65
137	47	164
137	73	105
137	116	73
137	119	71
138	123	70
139	49	154
139	60	132
139	124	69
140	135	64
141	46	169
141	53	141
141	70	118
141	74	104
141	80	93
141	99	83
141	110	73
141	162	60
142	45	207
142	65	113
142	78	102
142	92	83
143	59	139
143	169	58
144	55	140
144	74	99
144	118	68
145	97	79
145	107	76
145	124	66
145	134	62
146	44	188
146	68	112
146	106	70
146	145	60
147	43	196
147	60	121
147	90	87
148	47	159
148	74	97
148	79	94
148	184	55
149	65	106
149	73	101
149	88	87
149	93	79
149	102	74
150	44	174
150	48	152
150	82	92
150	159	57
151	46	165
151	51	148
151	88	84
151	109	68
151	129	62
151	151	57
152	45	167
152	138	60
153	73	99
153	83	86
153	95	75
154	60	114
154	114	63
154	154	56
155	97	74
157	43	192
157	80	87
157	101	72
157	131	58
157	143	57
158	98	73
159	72	102
159	79	90
159	137	55
160	77	90
160	88	81
160	116	61
161	68	99
161	103	68
162	91	76
162	187	48
163	74	94
163	84	85
163	87	82
163	112	65
163	154	53
163	178	51
165	52	139
165	73	95
165	154	50
166	49	151
167	57	124
167	170	48
168	63	106
168	109	66
168	124	54
169	42	197
169	56	137
169	86	83
169	102	70
170	55	136
170	91	74
171	41	208
171	55	132
171	82	83
171	111	63
171	181	47
172	41	195
172	43	185
172	141	52
173	58	114
173	108	63
173	187	44
173	200	43
174	96	69
174	141	49
174	167	48
174	180	47
175	50	147
175	87	78
175	110	62
175	134	52
176	101	67
176	167	45
178	125	52
178	170	44
178	183	43
179	49	145
179	94	73
180	47	156
180	50	142
180	54	122
180	84	82
180	144	48
181	46	160
181	120	56
182	62	112
182	194	42
183	44	159
183	72	98
183	77	89
183	107	66
183	154	47
184	70	98
184	101	65
184	200	39
185	154	44
186	148	47
186	175	43
187	57	120
187	134	51
188	106	60
188	116	58
188	121	54
189	131	49
189	183	39
190	124	52
191	110	58
191	151	43
192	39	213
192	117	57
192	120	53
193	77	87
194	38	224
195	42	168
195	52	125
195	82	82
195	168	41
196	73	91
196	141	44
197	97	68
197	134	47
198	88	77
199	137	45
199	172	39
200	130	48
201	70	95
202	126	49
203	114	54
206	50	137
206	181	36
208	65	102
209	92	73
209	168	37
210	185	34
213	120	50
217	116	53
226	146	41
