45	277	222
46	263	233
46	274	194
47	258	227
48	255	199
48	265	172
49	226	222
49	237	192
50	223	194
50	246	177
51	228	170
52	214	172
53	196	256
53	209	175
53	241	159
54	192	228
54	196	200
54	203	198
54	226	170
54	263	153
55	184	275
55	189	200
55	208	196
56	180	247
56	184	203
56	191	185
56	198	184
56	202	181
57	175	250
57	177	219
57	181	213
57	186	188
57	207	157
58	172	222
58	246	151
59	171	211
59	180	192
59	189	185
59	202	168
59	239	140
60	182	185
60	207	154
60	217	147
61	163	222
61	171	192
61	179	175
61	184	170
61	202	167
61	210	150
61	215	145
62	162	215
62	177	182
62	194	162
62	201	155
62	212	149
63	167	194
63	188	162
63	200	156
63	226	140
64	175	176
64	188	160
64	195	153
64	244	132
65	195	148
66	191	156
66	233	138
67	148	257
67	149	217
67	160	180
67	165	177
67	177	169
67	187	147
67	194	140
67	207	139
67	216	132
67	243	130
68	147	224
68	178	163
69	176	168
69	186	154
70	164	164
70	181	162
70	186	140
70	206	133
71	147	192
71	168	162
71	178	154
72	146	222
72	180	150
72	185	141
72	194	138
73	143	238
73	145	228
73	163	157
73	203	130
73	205	120
73	232	118
74	142	216
74	146	185
75	135	275
75	138	231
75	142	210
76	134	217
76	141	214
76	146	183
76	157	170
76	177	150
76	181	135
76	197	127
77	144	203
78	126	254
78	140	191
78	153	165
78	173	136
78	249	114
79	156	163
79	159	157
79	166	151
79	169	136
79	187	128
80	132	192
80	151	158
81	145	179
81	163	146
81	195	127
81	203	114
81	233	111
82	123	290
82	125	280
82	137	178
82	144	174
82	156	155
82	165	144
82	202	125
82	206	109
83	140	175
84	122	213
84	127	206
84	136	184
84	139	177
84	148	167
84	160	137
85	114	269
85	130	174
85	150	157
85	155	148
85	168	136
85	169	129
85	178	126
85	180	116
86	141	150
86	172	125
87	202	105
88	111	249
88	116	224
88	120	188
88	129	167
88	156	131
88	172	123
89	140	143
89	249	99
90	113	228
90	124	184
90	234	100
92	114	199
92	137	165
92	158	121
92	207	102
93	130	166
93	137	163
93	139	154
93	151	142
93	178	110
93	197	101
93	226	96
94	109	260
94	115	174
94	134	160
94	136	139
94	144	128
94	174	119
94	181	105
95	111	201
95	114	193
95	126	150
95	165	120
97	98	277
97	109	229
97	125	173
97	203	98
98	98	254
98	103	229
98	108	196
98	125	156
98	142	130
98	147	121
98	167	114
98	214	97
98	223	90
99	110	174
99	132	146
100	108	180
100	125	154
100	134	135
100	152	119
100	199	93
101	119	156
101	151	119
101	158	113
102	100	209
102	103	170
102	124	150
102	131	144
102	132	124
102	143	120
102	177	107
103	99	206
103	114	146
103	128	127
103	177	104
103	219	86
104	89	290
104	97	215
104	100	176
104	133	117
104	160	110
104	182	98
105	89	267
105	95	196
105	110	164
105	193	97
106	88	314
106	92	202
106	109	156
107	85	319
107	120	145
107	168	103
107	177	102
108	94	185
108	99	178
108	102	175
108	113	145
108	121	141
108	150	113
108	205	91
109	94	183
109	126	136
109	153	108
109	166	107
109	195	91
110	107	155
110	113	134
110	198	86
111	91	185
111	100	174
111	159	106
112	83	217
112	102	165
112	143	114
112	146	111
112	213	84
113	99	166
113	104	157
113	137	109
113	171	99
113	179	91
114	80	223
114	88	212
114	108	151
114	119	131
115	110	140
115	182	88
115	199	84
115	219	79
116	90	174
116	98	160
116	104	149
116	108	136
116	146	103
116	178	92
116	217	83
117	82	204
117	96	167
117	104	147
117	164	101
117	165	93
117	209	80
118	85	201
118	111	132
118	141	105
118	168	88
118	261	77
119	74	230
119	77	221
119	82	200
119	89	191
119	114	124
120	79	206
120	95	170
120	101	154
120	153	102
120	180	87
121	71	236
121	105	146
121	115	121
121	118	119
121	229	76
122	81	189
122	110	133
122	120	111
122	196	84
123	68	287
123	146	98
123	206	83
124	76	216
124	87	186
124	90	172
124	91	169
124	92	153
124	96	150
124	100	138
124	117	117
124	183	84
124	188	80
124	215	76
125	66	261
125	87	177
125	95	145
125	107	133
125	110	132
126	70	221
126	85	184
126	227	75
127	77	210
127	110	124
127	140	102
128	74	217
128	101	132
128	113	120
128	139	100
128	151	94
129	78	179
129	86	172
129	129	104
129	204	77
129	235	72
130	68	224
130	83	168
130	87	161
130	230	73
131	63	305
131	64	253
131	73	220
131	74	211
131	114	116
131	174	81
131	198	78
131	218	73
131	256	70
132	65	230
132	214	74
132	251	71
133	92	141
133	148	88
133	197	78
133	230	71
134	73	210
134	95	130
134	120	105
134	133	97
134	224	69
135	84	162
135	126	104
135	191	77
136	61	287
136	63	262
136	70	207
136	74	192
137	210	69
138	61	236
138	87	155
138	97	125
138	129	99
138	204	73
139	75	176
139	91	138
140	70	190
140	80	165
140	85	158
140	98	122
140	106	116
140	154	87
140	164	80
140	179	76
141	82	164
141	102	117
141	103	112
141	123	101
141	144	95
142	59	254
142	69	209
142	153	83
143	64	228
143	66	200
143	86	156
143	100	118
143	125	100
143	218	68
143	225	66
144	58	280
144	83	154
144	87	146
144	92	127
144	110	107
144	141	92
144	145	90
144	169	74
144	231	65
145	69	193
145	70	187
145	71	185
145	97	121
145	122	96
145	149	87
145	160	82
145	246	64
146	84	153
146	95	125
147	57	253
147	60	232
147	67	193
147	68	188
147	77	169
147	80	162
147	89	135
147	91	131
147	119	102
147	140	93
147	209	69
148	85	145
148	94	125
148	132	93
149	59	237
149	71	183
149	101	117
149	110	106
149	216	67
150	60	226
150	88	133
150	96	122
150	97	118
150	129	95
150	164	79
150	221	66
150	223	63
151	57	240
151	63	199
151	75	175
151	77	166
151	108	110
151	198	71
151	199	67
152	62	195
152	86	137
152	94	122
152	145	86
153	57	234
153	58	224
153	60	205
153	69	187
153	70	184
153	77	152
153	116	98
153	150	85
153	174	69
154	58	211
154	59	201
154	71	168
155	136	86
155	221	65
156	54	262
156	55	234
156	73	155
156	83	139
156	111	103
156	116	93
156	130	92
157	55	232
157	77	138
157	102	114
157	135	82
158	56	209
158	67	176
158	72	162
158	99	110
158	113	101
158	178	68
158	205	63
159	100	109
159	104	107
159	168	78
160	65	187
160	83	125
160	195	66
160	204	62
160	230	59
161	64	183
161	98	109
161	157	78
162	69	167
162	103	103
162	146	79
163	69	164
164	60	186
164	141	81
164	192	66
165	53	240
165	64	169
165	160	70
166	55	213
166	70	156
166	75	151
166	109	101
166	123	92
166	140	77
166	171	66
167	65	166
167	123	88
167	183	63
168	69	149
168	88	122
168	114	100
169	54	226
169	59	187
169	60	177
169	63	171
169	85	118
169	90	114
169	116	88
170	62	175
170	68	159
170	80	136
170	95	108
170	100	106
170	112	99
170	170	67
171	50	284
171	51	256
171	72	142
171	75	136
171	92	109
172	192	62
172	217	57
173	57	185
173	68	152
173	127	85
173	135	81
173	197	61
174	61	175
174	82	128
174	154	75
174	165	65
175	53	203
175	101	102
175	102	97
176	51	233
177	62	167
177	71	148
177	140	75
177	147	72
177	158	70
178	51	232
179	69	144
179	83	118
179	104	92
179	120	87
179	121	81
179	182	64
180	48	265
180	49	237
180	52	222
180	55	182
180	100	100
181	63	166
181	64	162
181	95	107
181	98	102
181	118	87
182	64	153
182	83	113
182	153	69
182	198	56
182	224	53
183	88	107
183	136	75
184	52	212
184	68	147
184	133	76
184	162	67
184	210	55
185	48	240
185	50	233
185	54	185
185	75	132
185	96	106
185	142	74
186	46	281
186	59	173
186	66	146
186	74	128
186	93	101
186	154	67
186	163	65
186	186	60
187	50	231
187	52	197
187	63	156
187	104	91
188	56	179
188	71	143
189	80	115
189	101	89
190	49	216
190	58	169
190	62	164
190	85	109
190	106	83
190	124	78
190	128	76
190	160	64
191	45	284
191	57	165
191	87	106
191	126	76
192	73	135
192	91	102
192	176	60
192	201	55
193	75	124
193	167	62
194	63	152
194	91	101
195	54	173
195	70	133
195	138	74
195	159	62
195	191	55
196	46	260
196	137	73
196	151	64
197	58	161
197	118	82
198	74	127
198	131	71
199	72	132
200	49	202
200	52	196
200	85	107
201	86	106
201	113	78
201	120	75
201	163	61
201	199	54
202	47	249
202	51	188
202	207	51
203	46	239
203	65	146
203	66	137
203	89	105
203	188	59
203	215	50
204	52	187
204	53	176
204	73	129
204	83	110
204	84	107
205	48	207
205	57	153
205	70	131
206	65	144
206	100	99
207	46	217
207	50	196
207	63	145
207	77	112
207	100	90
207	136	68
207	146	67
208	50	184
208	56	170
208	65	128
209	54	168
209	145	63
210	210	50
211	71	115
211	79	110
211	80	109
211	92	95
211	218	49
212	45	220
212	87	104
212	118	74
212	127	70
213	78	106
213	81	102
213	124	70
214	47	211
214	161	59
215	47	199
215	48	193
215	60	140
215	68	124
215	95	87
215	115	76
215	161	56
216	59	136
216	100	81
216	188	53
217	53	164
217	83	95
217	145	61
218	42	264
218	88	89
218	143	63
218	157	59
219	111	78
219	142	67
220	56	144
221	127	69
222	45	208
222	60	132
222	110	74
222	142	65
222	157	58
222	181	52
222	198	50
222	224	47
223	94	83
223	121	70
224	99	77
224	115	72
225	55	155
225	79	103
226	62	125
226	72	109
226	144	60
226	193	49
226	219	46
227	159	56
228	43	229
228	177	54
229	47	187
229	54	161
229	68	112
229	86	94
229	113	71
229	126	67
229	134	63
230	43	219
230	53	162
230	59	131
230	65	116
230	169	53
231	141	61
232	53	152
232	148	58
232	168	54
233	52	155
233	70	109
233	126	64
234	41	245
234	42	242
234	56	139
234	75	104
234	191	49
235	58	135
235	92	84
236	51	172
236	66	112
236	86	93
236	155	53
237	71	107
237	76	102
237	100	75
237	123	67
238	50	179
238	121	68
238	139	58
239	73	101
240	50	164
240	89	79
240	231	44
241	44	207
241	55	145
241	81	94
241	94	73
241	137	59
242	171	50
242	197	47
243	55	135
243	71	104
244	45	196
245	54	138
245	78	97
245	82	85
246	42	218
246	166	49
246	192	46
247	52	143
247	73	96
247	146	57
248	115	66
248	136	59
249	48	181
249	148	56
250	41	223
250	47	182
250	63	122
250	69	107
251	105	69
251	148	55
252	47	172
252	63	112
252	91	77
252	101	68
253	48	163
253	123	65
254	72	97
255	92	75
255	213	45
256	56	134
256	232	42
257	55	130
257	61	115
257	129	60
259	45	185
259	112	66
260	44	202
260	48	154
260	59	126
260	88	78
260	147	53
260	184	47
260	203	45
260	230	42
261	52	138
261	126	62
262	54	134
262	69	95
263	116	65
263	123	63
263	143	55
264	50	151
265	46	173
265	94	71
266	99	70
266	123	62
266	141	56
267	46	163
267	62	114
267	109	65
267	128	61
268	214	41
270	42	197
270	57	126
271	140	56
272	42	187
272	43	180
272	50	150
274	187	46
275	79	88
275	132	59
275	155	50
276	120	63
276	137	56
276	176	47
276	179	45
276	205	42
277	61	112
278	50	146
278	79	83
278	92	71
281	148	51
282	46	160
282	108	64
282	153	49
283	132	56
283	137	55
284	97	69
284	137	54
285	49	143
287	135	55
288	187	41
289	46	151
291	167	48
291	174	45
294	134	55
297	43	177
297	116	61
297	180	43
298	102	66
299	131	57
299	164	47
300	139	53
302	174	44
303	42	183
304	117	60
308	126	58
309	131	56
310	164	46
311	164	44
316	99	67
316	137	53
317	142	51
318	171	42
