49	234	292
49	241	282
49	252	271
50	219	293
50	234	281
50	240	268
51	217	272
51	233	266
51	244	251
51	256	246
53	229	261
53	244	226
54	207	300
54	218	230
55	200	293
55	206	266
55	216	261
56	196	271
56	208	253
56	210	227
56	219	211
57	200	251
57	238	208
58	181	309
58	185	289
58	209	229
58	223	195
59	195	247
59	206	213
59	212	211
59	214	202
59	271	190
60	184	294
60	187	253
60	209	205
61	169	306
61	181	276
61	184	265
61	199	234
61	210	189
62	166	312
62	172	289
62	176	271
62	188	240
62	216	188
62	218	176
63	183	267
63	194	225
63	203	205
63	205	190
63	216	175
64	173	284
64	191	214
64	195	207
64	213	184
65	159	291
65	162	286
65	167	272
65	172	254
65	175	249
65	180	242
65	181	228
65	209	173
65	215	167
65	217	163
65	220	162
65	265	161
66	156	297
66	161	279
66	163	274
66	169	264
66	195	185
66	199	178
66	206	172
66	224	160
66	269	159
67	154	324
67	160	285
67	171	250
67	173	244
68	150	332
68	160	275
68	163	269
68	168	250
68	177	221
68	205	172
68	209	159
69	149	315
69	150	287
69	157	257
69	160	252
69	180	209
69	201	173
69	207	171
69	210	146
69	255	145
70	154	270
70	170	245
70	176	224
70	194	171
70	200	163
70	204	156
70	247	145
71	142	312
71	147	311
71	161	235
71	213	143
72	160	233
72	198	161
72	201	154
73	146	307
73	147	288
73	153	267
73	156	246
73	158	240
73	168	215
73	188	198
73	189	181
73	221	140
73	236	135
74	141	289
74	148	276
74	154	264
74	155	255
74	172	204
74	180	202
74	183	170
74	197	164
74	207	153
74	219	137
74	221	134
74	227	129
75	142	277
75	155	238
75	164	210
75	180	199
75	181	188
75	182	168
76	132	323
76	143	264
76	148	263
76	176	186
76	209	143
77	138	284
77	144	252
77	168	194
77	181	162
77	191	141
77	231	125
78	156	228
78	162	202
78	171	186
78	189	153
78	226	120
79	132	291
79	149	228
79	190	135
79	217	125
80	138	277
80	153	219
80	160	206
80	203	128
81	123	329
81	129	316
81	134	266
81	156	208
81	193	132
81	228	113
82	131	304
82	135	254
82	142	246
82	153	206
82	167	186
82	171	163
82	219	124
82	222	123
83	137	253
83	139	245
83	148	240
83	246	106
84	122	302
84	170	157
84	193	129
84	201	123
84	207	118
85	151	197
85	163	184
85	204	122
86	124	277
86	132	263
86	143	223
86	158	195
86	165	172
86	193	127
86	195	121
86	204	120
86	240	107
86	251	101
87	133	250
87	138	227
87	145	217
87	159	179
87	174	152
87	182	149
87	203	116
87	211	114
87	216	107
88	114	323
88	116	319
88	121	310
88	129	267
88	137	223
88	143	218
88	177	145
88	188	136
88	206	109
88	280	96
89	113	308
89	165	156
89	185	128
89	197	114
89	245	102
90	130	262
90	133	237
90	160	177
90	178	129
90	193	125
90	218	100
91	115	283
91	122	270
91	134	225
91	147	184
91	158	168
91	177	141
91	191	126
91	192	123
91	208	102
91	285	91
92	159	156
92	169	148
92	184	127
92	189	117
93	193	111
93	223	95
94	119	261
94	133	210
94	139	205
94	148	179
94	174	138
94	186	116
94	192	112
94	200	103
94	213	99
94	255	90
95	125	254
95	156	164
95	158	151
95	178	124
95	277	88
96	105	328
96	112	299
96	130	244
96	166	144
96	187	112
96	195	104
96	254	87
97	104	333
97	119	260
97	130	213
97	136	202
97	177	126
97	211	99
97	215	92
97	226	91
98	124	250
98	163	146
98	170	143
98	212	97
98	231	88
99	113	259
99	122	234
99	125	230
99	136	183
99	149	157
99	163	137
99	167	127
99	206	100
99	210	93
99	225	88
100	130	211
100	153	150
100	158	146
100	174	126
100	262	85
101	104	318
101	147	169
101	157	147
101	161	143
101	178	115
101	184	106
101	220	89
101	255	86
102	102	329
102	106	299
102	117	237
102	124	226
102	162	132
102	168	123
102	193	102
102	202	97
103	128	217
103	147	150
103	158	133
103	246	82
103	285	79
104	104	302
104	123	222
104	157	139
104	174	121
104	199	95
105	107	285
105	115	236
105	126	214
105	127	212
105	143	166
105	177	112
105	218	85
106	122	226
106	153	138
106	176	117
106	202	92
106	217	83
107	107	282
107	120	223
107	138	156
107	164	125
107	168	118
107	183	110
107	261	81
108	97	318
108	108	265
108	131	190
108	147	145
108	177	107
108	212	84
108	232	82
108	239	81
108	252	78
109	96	323
109	130	209
109	173	114
109	198	92
109	268	74
110	127	211
110	151	131
110	186	105
111	174	107
111	175	106
111	206	85
112	98	295
112	133	174
112	162	119
112	262	73
113	105	285
113	125	218
113	129	189
113	132	182
113	142	150
113	149	138
113	185	101
113	201	86
113	231	79
113	295	72
114	101	283
114	129	184
114	132	172
114	141	152
114	142	137
114	184	98
114	187	94
114	269	71
115	107	281
115	125	217
115	127	174
115	172	113
115	180	102
115	183	97
115	224	77
116	141	151
116	160	114
116	166	111
116	171	109
116	190	92
117	116	216
117	152	122
117	259	74
118	105	237
118	136	163
118	168	107
118	246	72
119	111	228
119	117	201
119	122	192
120	102	232
120	111	207
120	171	106
120	178	97
120	209	80
120	213	79
121	119	184
121	131	163
121	132	145
121	149	133
121	269	69
122	91	326
122	97	305
122	204	81
122	208	80
123	91	305
123	100	231
123	168	102
123	181	94
123	260	71
124	91	296
124	120	180
124	126	172
124	128	159
124	129	150
125	95	295
125	140	134
125	200	91
125	246	70
125	266	69
126	93	271
126	115	187
126	151	114
126	164	112
126	306	67
127	89	338
128	113	195
128	121	163
128	136	126
128	242	71
129	113	186
129	147	116
129	157	112
129	159	102
129	216	74
130	94	259
130	110	212
130	147	114
130	170	100
130	189	93
131	94	254
131	120	157
132	126	147
132	139	124
132	142	120
132	238	69
133	87	303
133	101	224
133	108	211
133	112	169
133	119	151
133	157	108
133	158	102
133	163	99
133	190	81
134	87	294
134	91	287
134	111	206
134	125	144
135	156	112
135	162	99
135	185	82
135	261	66
135	281	65
136	104	211
136	110	168
136	153	102
136	168	94
136	171	90
137	107	197
137	130	124
138	86	326
138	98	212
138	174	88
139	91	257
139	139	122
139	140	115
139	238	67
140	84	323
140	95	243
140	123	132
140	149	111
140	273	64
141	84	314
141	93	248
141	141	109
142	95	222
142	132	123
142	168	91
142	197	75
142	234	68
143	88	283
143	92	245
143	104	188
143	109	162
143	112	160
143	137	116
144	88	268
144	107	186
144	156	97
144	192	76
145	86	305
145	125	127
145	127	120
145	147	100
145	219	70
146	85	280
146	90	259
146	92	235
146	103	196
146	111	155
147	95	219
147	99	195
147	103	184
147	139	112
147	144	106
148	82	300
148	115	151
148	154	98
148	191	78
149	109	154
149	214	73
149	243	64
150	87	265
150	89	232
150	90	225
150	110	145
150	269	62
151	96	198
151	107	172
151	135	119
152	98	189
152	125	120
152	131	118
152	135	116
152	141	108
152	167	95
152	219	68
153	87	249
153	93	219
153	102	183
153	106	178
154	79	340
154	103	180
154	107	155
154	121	118
154	153	94
154	165	89
154	255	62
155	84	268
155	87	248
155	88	230
155	93	208
155	100	187
155	138	113
155	140	99
155	215	69
156	80	305
156	82	282
156	101	178
156	163	85
156	169	83
156	173	82
156	188	79
157	80	301
157	85	248
157	87	242
157	88	226
157	92	217
157	114	126
157	130	112
157	161	88
157	198	72
158	80	292
158	105	170
158	132	107
158	191	76
159	90	221
159	105	168
159	107	150
159	155	88
159	170	80
160	104	172
160	105	163
160	124	115
160	186	77
161	105	152
161	139	106
162	77	317
162	78	307
162	84	239
162	161	85
162	214	70
162	224	65
162	279	61
163	87	238
163	88	211
163	104	155
163	119	115
163	124	110
163	168	84
164	77	311
164	85	230
164	103	159
164	174	79
164	267	61
165	79	271
165	96	175
165	106	147
165	107	145
165	131	107
165	289	59
166	107	133
166	111	131
166	135	103
166	138	100
166	161	82
166	183	77
166	249	61
167	85	225
167	101	165
167	112	127
167	220	65
167	248	62
167	287	60
168	78	301
168	86	216
168	137	101
168	149	86
168	196	73
168	197	72
168	276	59
169	100	160
169	131	103
170	74	340
170	77	299
170	93	194
170	111	121
170	123	109
170	191	74
170	194	72
170	216	66
171	77	291
171	87	208
171	101	156
171	125	103
172	78	265
172	93	191
172	184	76
172	210	70
173	81	247
173	84	226
173	104	145
173	155	82
173	213	66
174	75	286
174	80	258
174	85	219
174	135	95
174	168	80
174	186	73
175	86	207
175	100	158
175	118	108
175	147	90
175	245	61
176	79	256
176	101	148
176	117	115
176	152	83
176	182	77
177	77	278
177	80	235
177	83	228
177	89	194
177	139	90
177	155	80
177	205	67
177	225	62
178	72	317
178	77	277
178	84	207
178	90	185
178	106	126
178	142	85
178	183	75
178	259	60
179	82	232
179	214	64
180	77	271
180	82	231
180	83	220
180	99	144
180	131	99
180	138	92
180	270	58
181	81	229
181	84	202
181	109	116
181	121	105
181	131	91
181	154	82
181	257	60
181	260	59
182	114	113
182	115	111
182	119	103
182	148	81
182	168	76
183	197	70
183	206	65
184	96	147
184	163	77
184	177	73
185	104	138
185	138	88
185	231	60
186	77	237
186	90	184
186	108	120
186	198	69
187	93	171
187	105	125
187	129	102
187	182	71
187	222	61
187	229	60
188	82	212
188	91	171
189	79	218
189	85	194
189	89	170
189	266	58
190	87	180
190	98	140
190	124	98
190	125	91
190	200	68
191	77	228
191	118	103
191	123	100
191	188	68
192	101	128
192	110	115
192	161	79
192	200	66
193	68	323
193	105	121
193	108	109
193	251	59
193	254	58
193	281	57
194	77	223
194	80	213
194	118	96
194	154	77
194	214	62
195	69	288
195	80	203
195	104	127
195	112	104
195	137	88
195	149	77
196	68	301
196	71	280
196	79	214
196	225	60
197	74	245
197	106	119
197	144	78
197	241	59
197	299	56
198	132	90
199	94	167
199	98	130
199	224	60
199	252	57
200	123	95
200	132	88
200	175	73
200	180	70
201	67	349
201	73	233
201	91	160
201	101	126
201	106	116
201	137	86
201	208	64
202	66	341
202	67	311
202	68	278
202	83	180
203	70	270
203	79	208
203	94	151
203	115	101
203	176	72
203	187	69
203	270	56
204	65	303
204	75	214
204	82	200
204	100	122
204	109	107
204	136	85
204	192	65
205	116	100
205	138	81
205	179	68
205	216	60
206	100	119
206	137	82
206	207	63
207	75	209
207	89	152
207	129	88
208	120	93
208	142	80
208	172	73
209	69	257
209	79	202
209	88	176
209	110	101
209	120	89
209	126	85
209	137	80
209	208	61
209	224	59
210	74	226
210	87	154
211	133	84
212	98	126
212	174	68
212	236	57
213	62	325
213	94	141
213	106	107
213	112	100
213	113	94
213	132	81
213	161	71
214	73	227
214	83	175
215	76	201
215	80	177
215	138	77
215	156	72
216	67	254
216	74	206
216	78	187
216	89	147
216	91	141
217	71	225
217	120	88
217	124	87
218	69	229
218	99	119
218	119	92
219	62	284
219	68	248
219	96	136
219	99	116
220	81	169
220	85	152
220	91	134
220	204	63
221	64	259
221	71	210
221	100	109
221	118	92
222	78	185
222	112	97
222	116	93
222	137	79
223	106	105
223	131	80
224	105	107
225	78	175
225	89	137
225	92	132
225	110	97
225	118	90
226	76	185
227	109	103
227	114	91
227	189	63
228	59	306
228	68	232
228	74	187
228	121	83
228	132	78
229	179	66
229	209	59
230	62	271
230	70	207
230	79	167
230	81	166
230	91	129
230	110	96
230	223	57
231	60	288
231	69	208
231	72	202
231	78	169
232	88	148
232	292	54
233	201	60
234	72	197
234	98	119
234	104	104
234	241	56
234	245	55
235	65	230
235	66	220
235	77	180
235	87	135
235	98	112
235	103	104
235	116	88
236	60	287
236	115	86
236	119	85
236	126	81
236	229	56
237	72	192
238	72	185
238	83	156
238	102	101
238	263	54
239	60	274
239	61	266
239	64	242
239	177	66
240	80	163
240	86	138
240	112	90
241	57	292
241	58	282
241	82	153
241	92	124
242	60	266
242	69	197
242	86	134
242	97	116
242	101	103
242	141	73
243	59	267
243	60	257
243	79	165
243	174	66
244	62	241
244	113	88
244	170	66
245	94	119
245	316	53
246	55	308
246	84	134
246	86	127
248	79	155
248	106	93
249	60	252
249	64	239
249	228	56
250	59	266
250	65	224
250	70	185
250	122	81
250	137	77
251	62	240
251	69	193
251	77	167
252	71	178
252	74	172
252	75	167
252	139	73
252	206	59
252	281	53
253	55	292
254	65	223
254	216	56
255	63	225
255	111	90
255	124	79
255	135	74
257	60	241
257	68	201
257	71	174
257	77	151
257	79	144
258	62	229
258	238	54
259	62	221
259	64	209
259	91	119
259	114	85
259	175	64
259	273	53
260	57	257
261	55	279
261	86	117
262	91	112
263	57	252
263	58	242
263	89	115
263	118	82
263	129	77
263	166	68
263	188	60
264	53	329
264	67	206
264	75	163
264	104	100
264	146	70
264	202	58
265	69	185
265	156	69
266	57	249
266	58	239
266	65	202
266	105	95
267	112	87
269	53	290
269	58	236
269	104	99
270	71	171
270	177	62
271	67	194
271	105	92
271	116	84
272	79	134
272	87	115
274	55	254
274	56	245
274	73	169
274	157	66
275	60	229
275	62	212
276	53	274
276	84	119
276	147	69
276	154	68
277	55	249
277	68	193
277	125	77
278	96	102
279	65	196
279	78	145
280	61	218
280	70	161
281	61	210
281	293	52
282	252	53
283	54	255
284	79	127
284	141	72
285	65	195
286	117	81
287	51	311
287	56	233
287	101	96
288	58	231
288	65	184
288	195	57
289	59	227
289	64	191
292	62	207
292	63	201
293	227	54
294	65	176
294	115	83
295	53	246
295	72	144
295	184	59
298	60	209
298	108	88
298	137	72
299	153	68
299	164	63
300	59	205
301	77	130
301	78	128
301	89	112
301	95	101
302	57	216
302	94	106
304	237	53
305	60	201
306	59	202
307	200	56
308	50	328
308	51	263
308	56	218
308	63	178
309	50	304
309	67	159
310	54	229
310	100	95
311	60	195
311	151	68
312	58	211
312	79	126
313	58	206
314	189	58
315	70	147
317	71	142
319	88	110
320	57	207
320	58	202
321	154	66
321	300	51
322	55	218
323	65	161
325	51	256
325	63	172
327	60	194
331	49	315
335	80	124
337	52	245
338	216	54
351	51	246
359	49	296
363	52	235
368	48	352
371	48	347
376	49	289
376	54	220
388	62	188
397	48	337
402	49	279
