47	397	455
47	401	432
47	425	422
49	345	495
49	404	379
50	337	485
50	353	433
51	327	485
51	333	468
51	348	420
51	350	416
51	358	401
51	364	392
51	398	346
52	322	467
52	346	457
55	317	403
55	319	399
56	332	366
57	278	469
57	301	454
57	356	354
57	396	303
58	308	387
59	283	406
61	278	425
62	302	351
62	315	335
62	333	330
62	379	278
62	424	276
63	251	447
63	262	397
63	278	375
63	294	344
63	337	304
63	387	273
64	246	484
64	247	442
64	249	425
64	255	406
64	270	374
65	242	470
65	284	344
65	296	332
65	350	277
66	241	431
66	248	423
66	292	339
66	313	314
66	391	265
66	400	260
66	445	258
67	234	468
67	289	332
67	325	284
67	359	266
68	234	406
68	240	387
68	255	355
68	282	344
68	304	326
68	351	265
68	376	255
69	227	445
69	269	325
69	320	276
69	384	250
69	441	247
70	277	319
70	283	313
70	311	287
70	350	265
71	224	450
71	233	375
71	252	351
71	269	311
71	287	299
71	296	291
71	337	267
72	228	399
72	240	360
72	255	320
72	286	303
72	306	271
72	341	254
73	219	418
73	397	236
74	214	404
74	255	306
74	321	255
74	366	251
75	209	431
75	218	376
75	233	340
75	252	325
75	285	279
75	303	264
76	207	413
76	213	380
76	228	344
76	246	320
76	251	302
76	277	292
76	289	276
76	327	245
76	335	242
76	368	235
76	374	231
76	432	226
77	241	312
77	255	299
77	274	275
78	271	285
78	296	254
78	320	246
78	332	243
78	364	230
78	436	220
79	208	368
79	237	308
79	273	280
79	324	237
79	379	222
80	201	380
80	220	332
80	312	238
80	320	235
81	201	375
81	208	354
81	225	317
81	243	306
81	269	281
81	270	271
81	383	216
82	212	353
82	216	328
82	233	312
82	296	245
82	348	228
82	369	220
82	401	213
83	194	378
83	200	356
83	203	349
83	213	338
83	215	330
83	245	299
83	282	264
83	293	250
83	475	209
84	193	370
84	211	348
84	229	312
84	231	311
84	265	276
84	324	226
84	400	207
85	196	352
85	199	345
85	242	280
85	295	241
86	186	408
86	189	366
86	238	307
86	354	213
87	178	454
87	208	332
87	215	314
87	219	308
87	257	258
87	279	246
87	336	223
88	228	285
88	330	224
88	364	208
89	289	243
89	292	226
89	310	219
89	376	203
89	439	196
90	188	349
90	196	336
90	318	214
91	176	392
91	182	356
91	214	291
91	312	217
91	349	210
91	361	207
92	186	342
92	228	273
92	273	255
92	405	192
93	170	404
93	202	300
93	255	245
94	174	401
94	190	335
94	193	311
94	207	290
94	249	248
94	275	227
94	308	216
94	321	213
94	423	187
95	165	416
95	189	317
95	214	279
95	334	204
95	374	200
96	177	340
96	191	313
96	195	299
96	216	278
96	397	186
96	456	182
97	160	443
97	166	392
97	173	370
97	187	331
97	213	275
97	394	199
98	173	343
98	207	278
98	261	229
98	279	222
98	351	192
98	415	181
99	220	263
99	243	241
99	381	189
100	204	277
100	329	201
100	336	199
101	163	399
101	166	378
101	175	314
102	262	225
102	318	206
102	328	198
102	362	189
102	390	184
102	447	172
103	151	453
103	265	224
103	305	205
103	394	179
103	425	178
104	166	363
104	270	216
104	318	198
104	387	181
105	154	393
105	172	328
105	282	213
105	309	202
105	353	188
105	376	180
105	385	174
106	150	410
106	158	362
106	167	346
106	191	282
106	239	235
106	374	180
107	146	427
107	155	369
107	158	359
107	165	311
107	178	292
107	331	183
107	435	168
108	146	411
108	177	309
108	224	242
108	254	230
108	292	207
108	365	178
108	379	171
108	419	164
109	143	433
109	147	387
109	161	314
109	297	199
110	262	214
110	348	174
111	145	380
111	158	318
111	185	281
111	252	230
111	309	198
112	180	280
112	261	215
112	269	203
112	460	153
113	138	461
113	146	356
113	150	334
113	207	260
113	250	221
113	260	218
113	289	199
114	137	427
114	169	288
114	234	239
114	239	225
114	280	200
114	305	194
115	136	420
115	138	398
115	141	391
115	156	328
115	186	277
115	212	241
115	243	214
116	167	303
116	177	281
116	225	226
116	304	193
116	393	156
117	294	182
118	164	290
118	175	285
118	192	267
118	199	252
118	266	202
118	297	179
118	302	177
119	163	287
119	212	237
119	371	157
120	130	444
120	155	318
120	209	250
120	242	216
120	256	213
120	368	162
121	159	290
121	175	280
121	184	259
121	207	244
121	210	233
121	230	222
121	237	214
121	289	185
122	134	374
122	138	352
122	147	324
122	156	305
122	158	299
122	221	223
122	250	199
122	279	185
122	407	145
123	173	267
123	227	215
123	247	210
123	267	196
124	143	336
124	196	243
124	233	207
124	333	168
124	401	154
125	143	323
125	150	303
125	169	281
125	188	257
125	271	193
125	394	153
126	257	194
126	299	173
126	459	134
127	127	470
127	182	257
127	216	230
127	441	134
128	167	266
128	189	252
128	194	236
128	209	222
128	259	190
128	379	153
129	180	251
129	207	221
129	222	207
129	260	188
129	272	187
129	317	159
130	136	372
130	144	306
130	152	286
130	163	280
130	173	259
130	183	244
130	223	205
130	266	184
130	342	151
131	119	430
131	196	229
131	202	228
131	240	192
132	135	364
132	169	262
133	258	185
133	269	172
133	292	162
134	263	175
134	272	169
134	292	161
134	295	159
134	300	157
134	383	136
135	132	369
135	148	299
135	178	242
135	202	224
135	218	203
135	266	172
135	289	162
136	134	360
136	175	254
136	229	192
137	163	270
137	183	239
137	230	190
137	250	186
137	454	121
139	130	326
139	150	296
139	156	265
139	168	260
139	259	170
139	366	134
140	223	194
140	262	167
140	283	157
141	151	285
141	161	253
142	144	300
142	148	289
142	212	208
142	246	180
142	301	151
142	308	147
142	376	131
143	146	288
143	157	256
143	286	155
143	295	148
143	300	146
143	466	118
144	141	295
144	184	223
144	199	209
144	238	180
145	212	207
146	108	476
146	287	150
146	313	139
147	111	401
147	155	275
147	179	238
147	186	216
147	261	165
147	301	145
147	303	143
148	116	373
149	194	206
149	212	194
149	284	151
149	395	118
149	451	114
150	107	416
150	120	366
150	138	291
150	146	271
150	169	234
150	228	178
150	319	136
150	321	134
151	265	159
152	111	375
152	129	315
152	137	295
152	149	269
152	243	169
152	263	159
152	275	157
152	284	143
152	289	141
152	420	115
153	119	335
153	136	294
153	173	222
153	255	157
154	112	359
154	183	210
154	186	207
154	237	167
154	252	162
154	378	116
155	108	410
155	152	256
155	180	219
155	196	195
155	231	173
155	240	164
155	272	149
155	302	134
155	315	133
156	103	453
156	107	386
156	144	259
156	277	146
156	326	126
157	108	374
157	130	313
157	157	244
157	253	161
157	258	151
157	323	131
158	154	241
158	159	239
158	226	174
158	284	140
159	109	358
159	224	172
160	117	322
160	194	197
160	272	145
160	339	125
161	104	385
161	115	335
161	164	223
161	169	217
161	209	178
162	270	141
163	105	369
163	150	249
163	160	226
163	248	163
164	127	284
164	134	278
164	135	264
164	173	211
164	233	166
164	279	134
164	325	130
165	190	189
165	305	126
166	191	187
166	209	177
166	218	174
166	236	163
166	313	121
167	141	255
167	244	157
167	292	127
168	210	175
168	240	157
168	346	115
169	104	355
169	143	249
169	151	237
169	179	196
169	253	142
169	344	110
169	398	102
170	156	225
170	176	205
170	180	194
170	192	181
170	214	170
171	193	179
171	221	160
171	248	146
172	123	307
172	142	250
172	215	163
172	392	109
173	102	392
173	113	304
173	207	171
173	324	113
174	157	222
174	188	191
174	247	156
174	265	132
174	389	109
175	236	146
175	290	121
176	185	193
176	258	138
176	263	136
176	319	111
177	101	364
177	105	351
177	109	315
177	155	234
177	212	163
177	272	130
177	277	128
177	313	117
178	93	416
178	115	291
178	123	271
178	126	266
178	140	238
178	202	175
178	207	170
178	286	126
178	303	114
178	381	100
179	99	363
179	107	348
179	120	278
179	197	173
179	214	159
179	405	95
180	150	220
180	186	175
180	234	142
181	92	414
181	146	229
181	187	173
181	344	109
182	90	455
182	105	332
182	138	253
182	177	197
182	210	169
183	160	219
183	165	213
183	224	147
183	254	135
184	91	404
184	101	359
184	167	192
184	194	171
184	202	166
185	100	329
185	156	205
185	184	182
185	195	169
185	223	146
185	256	127
185	275	119
185	353	95
186	92	378
186	131	243
186	214	150
186	217	146
186	248	139
187	110	290
187	174	190
187	179	175
187	211	149
187	239	133
188	106	298
188	191	171
189	90	384
189	174	183
189	267	121
189	315	106
190	126	254
190	187	167
190	331	103
190	332	96
191	88	410
191	95	336
191	137	228
192	86	432
192	112	277
192	175	182
192	188	161
192	234	135
192	366	92
192	456	87
193	108	285
193	255	121
193	292	111
193	426	87
194	85	454
194	160	201
194	169	185
194	233	141
194	304	102
194	359	94
194	377	88
195	91	347
195	242	125
196	87	385
196	166	182
196	176	169
196	347	90
197	124	263
197	161	188
197	195	150
197	315	97
198	84	420
198	116	268
198	141	223
198	220	133
198	271	119
198	309	98
199	86	412
199	100	325
199	209	142
199	253	119
199	360	86
199	439	84
200	111	283
200	219	132
200	249	119
201	86	365
201	287	103
201	326	91
201	335	90
202	168	171
203	109	282
203	118	255
203	126	232
203	137	225
203	188	160
204	339	87
205	81	445
205	90	347
205	183	153
205	292	99
205	322	91
206	81	425
206	152	190
206	233	128
206	253	112
206	282	104
206	291	102
206	314	91
207	132	231
207	182	152
208	81	397
208	105	293
208	148	193
209	210	134
209	266	105
210	87	359
210	89	347
210	168	168
210	190	142
210	218	132
210	324	90
210	354	81
211	107	269
211	142	218
211	178	156
211	195	138
211	209	133
211	349	86
212	104	286
212	131	224
212	161	178
212	189	141
212	277	103
212	325	88
212	329	85
213	81	362
213	106	270
213	112	246
213	142	200
213	160	189
213	175	164
213	251	110
213	297	92
214	88	357
214	109	259
214	141	212
214	161	173
214	168	166
214	335	84
215	124	244
215	163	163
215	168	161
215	282	98
215	333	82
216	87	331
216	138	222
217	100	270
217	111	243
217	159	166
217	221	129
217	308	86
218	135	215
218	141	200
218	207	132
218	323	84
219	140	209
219	193	133
219	220	128
219	261	103
220	76	438
220	106	268
220	125	241
220	134	214
220	187	136
221	106	249
221	126	215
221	179	150
222	102	257
222	169	153
222	222	127
222	290	93
223	95	277
223	329	82
223	349	80
224	123	235
224	232	110
224	260	101
224	320	85
224	321	81
225	76	378
225	116	239
225	283	96
225	343	79
226	80	357
226	98	268
226	154	164
226	336	76
227	88	322
227	91	288
228	88	317
228	300	89
228	310	82
229	74	446
229	89	315
229	115	227
229	163	150
230	82	325
230	273	90
230	297	83
230	299	82
231	90	301
231	152	163
231	186	143
231	225	109
231	315	77
231	351	73
232	184	149
233	88	291
233	95	264
233	143	176
233	182	136
233	336	75
234	142	173
234	172	137
234	336	73
235	271	88
236	78	353
236	80	332
236	89	282
236	266	90
236	281	87
237	108	247
237	111	220
237	161	145
237	314	78
238	97	251
238	133	187
238	264	94
239	92	273
239	130	210
239	218	110
239	253	96
240	74	366
240	114	211
240	123	196
240	156	157
241	72	405
241	192	132
242	73	376
242	76	365
242	91	279
242	104	246
242	106	238
242	260	90
243	103	239
243	104	236
244	188	119
244	226	108
244	294	75
244	385	70
245	110	219
245	131	181
245	277	83
245	287	79
246	75	349
246	79	317
246	84	304
246	102	228
246	128	195
246	137	180
246	170	137
246	203	116
246	245	93
246	286	82
247	91	278
247	95	257
247	99	242
247	127	189
247	161	140
247	247	90
248	91	277
248	108	223
248	153	147
248	174	136
248	178	122
249	105	219
250	140	161
250	199	110
250	270	89
250	393	67
251	132	178
251	137	170
251	274	87
252	72	376
252	136	175
253	88	275
253	90	261
253	280	82
254	74	339
254	173	129
254	233	95
255	115	194
255	153	143
256	78	320
256	81	312
256	144	149
256	165	137
257	79	314
257	89	267
257	132	175
257	134	161
257	159	137
257	197	107
257	239	88
258	92	259
258	237	91
258	273	86
259	87	259
259	88	257
259	92	253
259	271	81
259	292	72
260	71	355
260	105	214
260	126	188
260	148	145
260	210	100
260	270	82
261	123	189
261	257	87
261	268	75
262	124	172
262	142	154
262	143	149
263	111	205
263	120	193
263	129	163
263	148	140
263	174	119
263	260	82
264	89	246
264	90	244
264	241	87
265	74	327
265	142	147
265	190	112
265	227	95
266	73	348
266	97	236
266	172	125
266	206	105
266	221	91
267	194	109
267	394	66
268	108	202
268	162	129
268	270	74
269	76	307
269	252	85
270	83	277
270	116	179
270	139	143
270	144	141
270	173	122
270	181	113
270	250	78
271	154	134
272	94	223
272	135	146
272	240	83
273	148	139
273	166	128
274	123	178
274	124	166
274	140	140
275	72	344
275	261	75
276	109	187
276	152	136
276	236	82
276	303	67
277	73	343
277	125	157
277	129	154
277	146	131
277	162	122
277	178	117
277	241	79
278	130	148
278	164	114
278	232	85
278	279	70
279	70	369
279	239	81
281	72	321
281	111	181
281	118	173
281	150	122
283	100	202
283	205	94
283	227	83
283	324	64
284	117	173
284	139	130
285	70	327
285	75	282
285	108	193
285	199	101
285	217	88
287	69	372
287	126	152
287	128	151
287	134	145
289	121	156
290	372	62
291	130	145
292	188	98
293	134	143
293	210	91
293	330	62
294	97	212
294	112	179
294	174	103
294	221	87
295	84	239
295	108	176
295	134	136
295	136	130
296	74	303
297	220	86
298	72	296
300	90	216
301	131	136
301	143	121
301	216	85
302	74	286
302	78	265
302	80	242
302	125	149
303	89	216
303	97	193
303	99	191
303	135	135
303	272	72
304	76	272
304	79	259
304	113	173
304	118	163
304	185	102
305	84	225
305	113	165
305	194	91
306	96	205
307	82	229
307	125	141
307	140	124
307	174	99
307	275	66
308	63	373
308	96	200
308	119	147
308	230	80
308	248	74
308	342	61
309	76	254
311	88	216
311	212	90
312	130	137
312	158	107
312	236	73
312	320	60
313	63	363
313	72	288
313	89	202
313	90	200
313	135	125
313	207	88
315	71	292
315	100	186
316	75	279
316	112	171
317	86	218
317	192	95
317	385	58
318	74	270
318	115	152
318	222	77
319	79	243
319	88	214
319	104	169
319	105	167
320	95	193
320	128	140
321	65	327
321	83	215
321	142	120
322	101	182
322	139	123
322	256	67
323	212	80
324	73	276
324	351	58
326	99	188
327	77	234
327	89	195
327	90	193
327	148	109
328	112	154
328	401	57
329	76	251
329	94	190
330	117	150
330	192	91
331	75	255
331	163	99
332	79	221
332	129	126
332	157	106
333	123	132
335	117	145
336	111	153
338	86	207
340	82	215
340	146	109
341	93	189
341	247	67
342	76	240
342	125	131
342	357	57
343	99	184
343	119	137
343	280	62
346	116	144
346	253	65
347	78	227
347	106	154
347	136	123
348	118	142
348	332	58
349	91	191
350	94	177
350	300	60
351	78	221
351	83	203
351	100	170
351	219	76
352	131	125
352	136	115
352	160	99
353	91	185
353	274	62
354	159	103
354	181	91
355	89	192
355	95	172
356	74	234
356	179	92
357	109	152
358	172	91
359	88	185
359	112	143
359	172	89
360	167	91
361	121	128
361	157	101
361	191	85
362	190	83
363	133	124
366	99	160
366	188	81
367	111	142
367	147	104
367	183	83
367	338	57
368	71	247
368	75	229
368	98	170
368	181	87
369	78	215
370	93	176
370	126	123
370	194	80
370	410	54
371	63	305
372	69	274
372	83	193
374	92	181
375	73	234
376	403	54
377	313	58
379	95	171
379	215	75
380	114	134
380	225	74
381	128	117
381	167	89
382	57	367
382	157	99
384	122	122
385	57	360
386	87	187
386	156	99
386	201	74
386	397	54
389	100	154
390	97	162
392	160	96
393	73	228
395	120	132
395	155	103
396	78	206
396	131	116
397	155	96
398	88	177
399	271	61
400	82	192
402	71	236
402	145	109
402	164	89
403	115	128
403	424	53
404	94	172
405	72	232
407	133	110
408	193	76
409	57	355
409	105	142
409	417	53
411	125	120
412	134	108
414	86	181
421	89	171
421	126	115
421	127	112
421	136	107
421	301	58
422	83	190
422	177	82
424	121	117
430	111	131
430	153	93
434	145	98
438	70	239
438	74	221
440	134	107
441	94	159
441	169	85
442	214	71
444	160	92
444	382	54
445	88	172
450	86	177
452	121	116
459	145	96
460	79	200
462	100	148
464	83	186
469	77	208
