-32304	-25233	-30817
-32273	-26495	-31147
-32225	-25586	-31591
-32140	-26686	-30994
-32118	-26714	-31100
-32109	-26513	-31881
-32065	-25981	-32276
-32027	-25966	-32753
-32025	-26630	-31690
-32011	-26733	-31035
-32003	-26512	-31897
-31920	-25985	-32688
-31916	-26774	-31379
-31906	-25459	-33046
-31896	-27398	-31455
-31887	-26211	-32120
-31883	-26380	-32392
-31863	-26419	-31929
-31853	-27392	-32520
-31848	-27631	-31592
-31805	-26650	-33108
-31732	-27416	-32189
-31712	-26338	-33440
-31700	-27538	-31873
-31684	-27649	-32326
-31678	-27167	-32532
-31663	-26769	-32780
-31650	-26869	-33061
-31621	-27760	-31973
-31605	-26357	-33375
-31601	-24771	-33514
-31588	-27978	-31279
-31587	-26889	-33225
-31549	-27654	-32770
-31519	-26938	-33081
-31492	-26922	-33443
-31486	-27765	-32417
-31482	-27307	-32950
-31461	-27013	-32965
-31449	-27818	-32089
-31424	-27996	-32013
-31421	-27810	-32151
-31408	-26600	-33690
-31402	-26965	-33275
-31397	-27011	-33094
-31393	-27776	-32836
-31372	-27333	-32856
-31358	-27885	-32343
-31353	-27794	-33188
-31345	-26620	-33854
-31344	-26837	-33850
-31323	-28045	-31008
-31319	-28016	-31247
-31309	-26946	-33357
-31267	-26970	-33719
-31265	-27051	-33824
-31238	-27995	-32789
-31222	-28107	-32783
-31215	-27200	-33331
-31208	-26307	-33957
-31203	-27582	-33445
-31188	-27184	-33693
-31179	-27835	-32839
-31149	-26760	-34272
-31128	-27537	-33456
-31127	-28185	-31426
-31115	-27833	-32968
-31111	-28515	-31572
-31093	-28141	-32875
-31092	-28145	-31628
-31087	-27291	-33893
-31071	-27430	-33675
-31067	-28275	-32245
-31057	-27705	-33543
-31054	-28494	-31928
-31044	-27840	-33283
-31027	-28030	-33205
-31008	-25075	-34327
-30995	-28236	-33164
-30993	-28617	-31346
-30989	-28588	-31585
-30988	-28350	-32392
-30982	-25405	-34451
-30979	-28710	-31696
-30972	-28272	-32562
-30968	-27143	-34116
-30961	-27313	-34074
-30945	-28850	-31483
-30935	-28972	-31594
-30897	-28502	-32711
-30888	-27962	-33349
-30886	-27268	-34085
-30883	-28676	-32570
-30879	-27945	-33612
-30877	-27525	-33712
-30870	-28486	-33073
-30868	-27001	-34406
-30862	-27628	-33965
-30847	-26636	-34409
-30824	-27799	-33706
-30824	-27135	-34198
-30813	-27362	-34069
-30806	-27532	-34027
-30800	-28159	-33586
-30797	-28757	-31764
-30796	-28948	-32277
-30778	-26380	-34730
-30760	-28167	-33713
-30758	-28926	-32479
-30753	-27967	-33793
-30736	-28420	-33107
-30735	-28583	-32851
-30733	-28181	-33302
-30714	-27335	-34117
-30707	-27847	-33918
-30699	-27258	-34212
-30688	-28599	-32992
-30687	-28816	-32988
-30685	-27025	-34320
-30675	-29319	-31281
-30675	-27601	-34047
-30672	-28418	-33236
-30668	-25769	-34776
-30655	-29092	-31968
-30653	-27893	-33898
-30648	-28855	-32558
-30642	-26099	-34900
-30639	-28796	-33053
-30626	-28200	-33237
-30623	-27294	-34138
-30621	-27023	-34449
-30598	-28186	-33746
-30598	-27522	-34238
-30590	-26933	-34532
-30585	-26581	-34547
-30584	-27560	-34091
-30562	-27080	-34336
-30553	-27674	-34060
-30552	-28821	-33432
-30536	-29295	-31964
-30518	-29167	-32057
-30516	-28379	-33530
-30498	-28112	-33851
-30491	-28205	-33681
-30491	-27912	-33931
-30491	-27248	-34423
-30476	-26256	-34867
-30469	-26426	-34825
-30464	-29044	-32151
-30452	-27280	-34255
-30445	-28547	-33617
-30432	-29250	-32110
-30429	-27779	-34044
-30428	-29221	-32349
-30428	-27623	-34090
-30407	-26695	-34643
-30406	-27915	-33941
-30398	-27893	-34013
-30397	-28842	-32941
-30396	-29404	-31009
-30388	-28892	-32699
-30384	-27931	-33866
-30382	-28123	-33750
-30379	-29143	-32740
-30377	-27605	-34144
-30364	-26031	-35026
-30343	-26955	-34575
-30336	-28162	-33831
-30317	-28463	-33892
-30313	-27603	-34273
-30308	-27272	-34337
-30305	-28712	-33492
-30298	-27848	-34064
-30293	-29226	-32793
-30291	-27619	-34198
-30290	-28766	-33570
-30287	-28075	-33935
-30265	-26346	-34917
-30257	-29380	-31692
-30237	-28161	-33944
-30236	-29390	-32528
-30227	-25663	-35101
-30215	-27655	-34124
-30206	-26587	-34650
-30189	-27124	-34560
-30186	-28952	-32978
-30183	-28785	-33505
-30182	-27294	-34518
-30168	-29476	-32702
-30161	-27006	-34649
-30153	-26913	-34709
-30143	-28067	-34017
-30127	-27655	-34181
-30120	-27825	-34139
-30120	-27563	-34336
-30109	-28579	-33763
-30106	-27330	-34444
-30097	-29366	-33211
-30090	-28473	-33837
-30087	-26800	-34907
-30085	-29869	-31504
-30078	-26319	-34999
-30057	-27243	-34548
-30035	-27535	-34399
-30020	-27612	-34417
-30011	-29484	-32033
-30011	-27743	-34208
-30008	-27552	-34729
-29974	-28016	-34052
-29967	-28186	-34010
-29963	-26222	-35054
-29959	-28093	-34070
-29956	-26392	-35012
-29946	-28083	-34350
-29928	-29717	-32280
-29920	-25950	-35110
-29891	-28222	-33936
-29881	-28767	-33716
-29876	-28987	-33412
-29866	-27781	-34402
-29842	-28135	-34040
-29825	-27576	-34643
-29812	-28405	-33963
-29800	-27668	-34600
-29765	-28244	-34117
-29763	-28633	-33971
-29738	-28199	-34221
-29727	-29777	-31566
-29724	-28005	-34493
-29719	-28788	-33750
-29718	-26008	-35217
-29708	-29828	-32103
-29698	-29501	-32367
-29695	-29960	-30226
-29692	-28834	-33907
-29665	-29412	-32708
-29648	-26972	-34836
-29626	-28835	-33646
-29621	-29872	-31749
-29619	-29005	-33604
-29617	-27692	-34514
-29616	-27343	-34959
-29610	-28463	-34070
-29605	-29174	-33417
-29598	-29835	-32098
-29579	-29499	-32849
-29574	-26766	-35094
-29570	-28174	-34478
-29535	-29946	-31745
-29530	-29417	-33152
-29528	-29788	-32339
-29526	-29388	-33391
-29526	-28693	-33936
-29521	-30001	-29877
-29516	-27360	-34935
-29506	-29670	-32546
-29503	-28189	-34255
-29452	-29182	-33649
-29433	-29076	-33723
-29382	-27682	-34548
-29380	-29695	-32620
-29374	-27589	-34608
-29340	-29622	-33055
-29338	-30239	-30458
-29336	-26382	-35299
-29326	-28218	-34300
-29324	-28751	-34043
-29320	-29904	-32210
-29312	-28843	-33832
-29308	-27476	-34806
-29286	-29629	-32969
-29271	-30292	-30121
-29268	-28162	-34553
-29257	-30015	-31857
-29246	-30074	-30906
-29245	-27658	-34872
-29244	-29831	-32348
-29217	-28477	-34228
-29212	-29423	-33227
-29199	-28489	-34391
-29190	-30146	-30739
-29181	-30087	-31234
-29172	-29811	-32491
-29163	-25540	-35316
-29155	-29008	-33849
-29137	-29850	-32283
-29136	-30297	-30565
-29133	-28818	-33941
-29132	-30268	-30804
-29118	-30198	-30881
-29100	-29863	-32633
-29098	-29554	-33073
-29056	-27940	-34562
-29046	-28811	-34098
-29034	-28501	-34142
-29034	-26856	-35161
-29004	-30380	-30403
-28985	-29200	-33632
-28951	-30084	-31947
-28948	-25984	-35371
-28937	-30433	-30066
-28936	-30098	-31292
-28913	-27031	-35118
-28912	-30215	-30851
-28910	-28592	-34224
-28896	-29612	-33180
-28892	-29583	-33419
-28892	-28888	-33964
-28872	-29865	-32574
-28841	-30091	-31942
-28830	-27038	-35056
-28802	-30222	-30846
-28799	-29271	-33751
-28798	-30409	-30749
-28747	-27724	-34854
-28725	-30497	-29351
-28715	-26705	-35166
-28707	-24895	-35385
-28706	-30267	-31465
-28704	-30434	-30486
-28676	-28984	-33924
-28658	-30550	-29014
-28652	-29824	-32997
-28640	-26564	-35195
-28615	-27843	-34842
-28612	-30269	-30934
-28583	-28672	-34256
-28573	-29646	-33183
-28549	-30115	-32241
-28521	-29203	-33877
-28521	-26822	-35348
-28519	-30526	-29697
-28503	-30045	-32311
-28502	-30276	-30929
-28498	-30463	-30832
-28460	-29292	-33742
-28447	-30299	-31238
-28439	-30182	-31756
-28439	-30122	-32236
-28415	-27053	-35232
-28400	-28696	-34170
-28399	-28543	-34448
-28393	-30052	-32306
-28386	-29086	-34e3
-28381	-30581	-29678
-28350	-30602	-29676
-28330	-30163	-31953
-28329	-28126	-34589
-28307	-27410	-34912
-28283	-30004	-32734
-28266	-30358	-31114
-28239	-30576	-29712
-28189	-29018	-34042
-28179	-30526	-30596
-28173	-30011	-32729
-28173	-27641	-34942
-28172	-30629	-29375
-28159	-29882	-32788
-28156	-30365	-31109
-28145	-27156	-34971
-28114	-27876	-34649
-28113	-27527	-35094
-28104	-29555	-33644
-28081	-30234	-31586
-28077	-30205	-31825
-28051	-28058	-34715
-28033	-30605	-30058
-28023	-28877	-34071
-28018	-29627	-33237
-28014	-30360	-31143
-27991	-26213	-35402
-27949	-28671	-34329
-27939	-29841	-33211
-27888	-28956	-34149
-27826	-29487	-33770
-27765	-28346	-34688
-27760	-25707	-35475
-27739	-30617	-30245
-27733	-29175	-34102
-27688	-27955	-34806
-27649	-30309	-31306
-27637	-30619	-29890
-27597	-30612	-30279
-27566	-30784	-29489
-27553	-30375	-31328
-27545	-30721	-30624
-27545	-30049	-32507
-27492	-30157	-32082
-27443	-30382	-31323
-27286	-30277	-31816
-27242	-29625	-33345
-27066	-30236	-32239
-26362	-30788	-28897
-26250	-30886	-28839
