-42054	-38054	-36174
-42045	-38131	-35274
-42035	-38778	-35749
-41821	-39143	-36516
-41769	-37673	-36816
-41761	-38599	-36592
-41744	-38943	-36980
-41728	-39130	-36640
-41662	-39286	-35651
-41616	-39721	-36013
-41547	-39781	-35773
-41521	-39587	-36317
-41516	-38241	-37110
-41507	-39139	-36647
-41496	-38413	-37098
-41478	-37944	-37625
-41460	-39002	-36721
-41457	-39864	-35148
-41456	-39249	-37073
-41438	-39334	-36595
-41404	-38703	-37612
-41399	-39686	-36260
-41390	-37814	-37723
-41373	-39492	-36804
-41371	-39889	-36246
-41362	-39917	-36672
-41336	-39337	-37365
-41327	-39595	-36845
-41324	-39370	-37018
-41322	-40311	-35696
-41320	-39524	-37025
-41314	-38441	-37756
-41307	-40081	-35955
-41306	-39052	-37422
-41298	-40217	-36927
-41282	-40404	-36587
-41276	-39375	-37067
-41256	-38608	-38099
-41246	-39055	-37529
-41236	-39534	-37241
-41235	-39885	-37359
-41216	-39410	-37456
-41189	-38789	-37679
-41174	-37765	-38393
-41163	-38595	-38223
-41128	-39280	-37554
-41123	-40547	-35722
-41082	-39763	-37613
-41078	-40280	-36714
-41061	-39438	-37841
-41005	-39203	-37906
-40997	-40023	-37229
-40957	-37561	-38479
-40952	-38268	-38347
-40950	-40565	-36752
-40950	-39504	-38001
-40924	-40371	-37296
-40920	-40613	-35738
-40895	-38467	-38304
-40895	-37870	-38477
-40892	-40783	-36142
-40881	-40628	-36797
-40879	-39082	-38176
-40873	-37571	-38695
-40865	-39964	-37683
-40862	-40435	-36850
-40855	-40434	-37341
-40849	-40151	-37343
-40844	-39639	-37911
-40836	-40241	-37394
-40834	-40443	-37099
-40834	-40109	-37569
-40834	-38616	-38298
-40832	-40818	-36531
-40817	-38438	-38404
-40815	-38954	-38219
-40809	-39564	-37995
-40808	-38140	-38599
-40805	-38205	-38448
-40804	-38556	-38566
-40802	-37857	-38601
-40797	-39382	-38255
-40793	-38058	-38610
-40787	-39924	-37871
-40787	-39466	-38062
-40778	-37607	-38734
-40776	-39057	-38483
-40754	-40999	-36088
-40749	-40346	-37624
-40744	-40688	-36629
-40743	-40063	-37626
-40728	-40805	-36632
-40717	-39869	-38170
-40697	-40573	-36931
-40696	-39544	-38398
-40690	-40139	-37785
-40681	-36709	-38910
-40676	-41159	-34976
-40636	-41252	-35867
-40629	-40823	-36580
-40611	-37973	-38662
-40610	-37723	-38672
-40603	-40629	-37124
-40601	-37196	-38825
-40600	-39606	-38427
-40597	-36719	-39126
-40595	-38169	-38875
-40591	-40954	-37307
-40586	-41296	-36312
-40585	-40671	-37309
-40565	-40291	-37758
-40559	-40477	-37853
-40558	-41012	-36620
-40532	-40747	-37468
-40531	-38460	-38577
-40526	-37733	-38888
-40523	-40595	-37506
-40517	-37206	-39041
-40514	-38760	-38521
-40500	-39918	-37945
-40491	-38910	-38678
-40471	-40347	-37951
-40471	-38248	-39078
-40441	-38996	-38500
-40441	-38797	-38723
-40430	-38770	-38737
-40429	-39219	-38676
-40425	-39477	-38605
-40424	-39906	-37996
-40418	-41038	-36329
-40407	-40899	-37441
-40407	-38920	-38894
-40396	-39606	-38465
-40388	-41522	-36046
-40382	-39609	-38410
-40374	-40957	-36754
-40370	-41672	-35146
-40361	-39284	-38638
-40346	-36449	-39150
-40344	-40956	-37181
-40341	-39089	-38774
-40338	-37601	-39081
-40319	-38790	-38992
-40316	-40093	-38380
-40313	-38507	-38994
-40310	-41294	-36916
-40280	-36933	-39120
-40266	-39639	-38546
-40264	-38995	-38816
-40262	-36459	-39366
-40250	-38027	-39264
-40238	-40214	-38148
-40235	-41476	-36077
-40232	-39288	-38878
-40231	-37443	-39373
-40227	-40654	-37631
-40226	-41356	-36644
-40224	-40217	-38093
-40215	-41569	-36421
-40194	-38393	-39085
-40185	-41520	-36522
-40178	-39509	-38644
-40159	-41326	-37066
-40158	-40701	-38063
-40153	-41043	-37068
-40137	-41752	-36225
-40127	-37210	-39512
-40120	-38691	-39111
-40113	-37791	-39324
-40108	-39691	-38599
-40105	-40308	-38129
-40104	-39214	-38900
-40101	-39415	-38686
-40099	-40142	-38155
-40080	-40566	-38065
-40074	-39896	-38561
-40070	-40571	-38161
-40070	-39552	-38635
-40065	-41386	-36899
-40064	-40288	-38163
-40053	-36950	-39521
-40050	-39449	-38646
-40045	-40026	-38587
-40039	-41192	-37443
-40031	-40816	-37588
-40030	-40129	-38423
-40030	-39575	-38711
-40029	-38994	-38947
-40024	-39701	-38815
-40021	-40761	-37895
-40011	-40364	-38322
-40010	-41401	-36722
-40002	-39039	-39062
-40001	-41465	-36656
-39993	-40477	-38203
-39992	-38483	-39173
-39990	-40039	-38550
-39986	-39766	-38659
-39981	-40578	-38077
-39978	-38247	-39234
-39969	-41896	-35356
-39966	-38514	-39217
-39962	-40117	-38580
-39961	-41552	-36800
-39957	-40887	-37797
-39950	-40062	-38626
-39947	-40916	-37812
-39945	-41802	-36587
-39933	-39056	-38976
-39933	-38241	-39258
-39927	-39559	-38820
-39917	-40986	-37935
-39912	-41860	-35900
-39908	-40339	-38629
-39891	-41029	-37498
-39891	-37969	-39279
-39883	-41324	-37670
-39883	-38602	-39142
-39881	-37413	-39390
-39878	-40127	-38796
-39871	-38550	-39256
-39869	-39204	-38936
-39867	-40549	-38293
-39862	-38651	-39144
-39857	-40176	-38798
-39854	-37917	-39450
-39850	-41806	-36088
-39849	-38251	-39474
-39844	-40465	-38531
-39830	-37667	-39583
-39828	-39117	-39332
-39808	-39273	-39025
-39799	-41386	-37398
-39796	-41943	-35731
-39794	-39455	-39067
-39790	-39997	-38894
-39788	-41599	-37175
-39784	-39714	-38896
-39783	-41875	-36692
-39779	-40421	-38764
-39761	-41747	-36721
-39745	-40759	-38499
-39736	-41976	-36435
-39726	-41603	-36940
-39713	-39903	-38936
-39710	-39465	-39283
-39709	-41157	-37976
-39700	-38909	-39394
-39699	-40784	-38481
-39694	-40596	-38668
-39666	-37412	-39781
-39664	-42142	-36196
-39661	-40821	-38227
-39645	-41507	-37279
-39638	-41416	-37653
-39632	-40605	-38577
-39627	-41615	-36952
-39626	-39527	-39011
-39620	-40985	-38105
-39613	-41979	-36365
-39611	-40654	-38579
-39608	-41340	-37885
-39607	-42242	-35362
-39605	-36561	-39821
-39598	-42306	-35296
-39598	-40943	-38312
-39573	-37399	-39905
-39567	-38210	-39504
-39565	-39784	-39233
-39563	-42023	-36810
-39552	-40073	-38966
-39536	-41204	-38351
-39534	-40794	-38562
-39531	-40122	-38968
-39527	-41670	-36941
-39512	-41549	-37343
-39501	-36328	-39960
-39499	-41542	-37705
-39496	-38304	-39716
-39484	-38079	-39766
-39483	-38220	-39720
-39482	-41693	-37208
-39476	-40024	-38988
-39468	-42184	-35842
-39467	-41400	-37879
-39465	-39557	-39266
-39464	-39943	-39064
-39448	-41074	-38449
-39433	-41738	-37614
-39431	-42049	-36288
-39425	-42353	-35671
-39419	-42234	-36179
-39410	-40499	-38739
-39410	-37819	-39775
-39402	-40204	-39103
-39387	-42521	-35045
-39387	-39849	-39106
-39379	-41968	-36944
-39379	-41270	-37977
-39371	-40980	-38491
-39368	-40542	-38838
-39368	-39139	-39366
-39365	-38649	-39634
-39345	-41608	-37712
-39336	-42358	-35214
-39331	-38987	-39369
-39320	-39458	-39376
-39319	-36713	-39921
-39306	-40749	-38573
-39303	-42583	-34773
-39301	-41764	-37092
-39292	-38336	-39781
-39290	-42363	-36188
-39286	-42402	-35659
-39286	-40214	-38951
-39286	-39796	-39111
-39271	-41834	-37215
-39239	-42404	-35250
-39237	-42172	-36950
-39237	-39540	-39374
-39209	-42406	-35232
-39205	-39559	-39236
-39204	-38650	-39438
-39204	-36785	-40031
-39188	-41830	-37597
-39182	-41019	-38521
-39180	-40609	-38732
-39171	-41441	-38018
-39161	-41068	-38523
-39160	-39656	-39270
-39153	-42234	-36678
-39151	-41981	-37407
-39151	-39055	-39433
-39148	-41357	-38256
-39142	-42613	-35028
-39136	-42616	-34345
-39131	-38645	-39666
-39112	-39056	-39595
-39109	-39332	-39436
-39102	-39898	-39104
-39100	-41700	-37695
-39099	-41607	-37779
-39093	-42489	-35063
-39085	-41250	-38475
-39084	-38583	-39731
-39078	-42434	-35505
-39078	-40209	-39048
-39072	-36104	-40096
-39063	-42005	-37256
-39061	-40841	-38556
-39053	-41632	-37761
-39041	-39466	-39481
-39040	-40274	-38892
-39017	-41029	-38602
-39016	-39118	-39624
-39014	-40357	-39008
-39013	-42742	-35037
-39013	-36901	-40092
-39007	-39804	-39216
-39004	-42633	-36172
-39002	-40415	-39078
-38998	-42383	-36425
-38998	-41488	-38393
-38997	-42800	-34825
-38994	-39404	-39546
-38992	-42264	-36933
-38982	-42505	-36201
-38978	-40535	-38931
-38976	-42809	-35584
-38974	-41036	-38811
-38968	-40753	-38813
-38954	-39427	-39622
-38951	-37210	-40090
-38939	-38902	-39681
-38934	-38e3	-39799
-38920	-39765	-39357
-38909	-41593	-37840
-38895	-37249	-40043
-38890	-42052	-37631
-38890	-40234	-39136
-38888	-41642	-37842
-38887	-39562	-39542
-38884	-39948	-39311
-38874	-39980	-39308
-38865	-36502	-40228
-38858	-37197	-40214
-38855	-37272	-40119
-38853	-38722	-39868
-38850	-39582	-39542
-38836	-38204	-40026
-38820	-42578	-36306
-38819	-40592	-38871
-38812	-39647	-39386
-38802	-41922	-37729
-38792	-39996	-39275
-38788	-40168	-39303
-38772	-40582	-39087
-38768	-38018	-40029
-38763	-39543	-39683
-38758	-42394	-36486
-38753	-41041	-38878
-38729	-41128	-38794
-38729	-39881	-39418
-38723	-42419	-36651
-38722	-42836	-35051
-38718	-38552	-39977
-38698	-37395	-40108
-38693	-38920	-39762
-38674	-42077	-37298
-38667	-40155	-39318
-38649	-42784	-35891
-38649	-40596	-39183
-38647	-36870	-40338
-38645	-38320	-40087
-38636	-42142	-37050
-38608	-42482	-36968
-38604	-39260	-39742
-38594	-39676	-39478
-38592	-37209	-40166
-38587	-42909	-35520
-38581	-41764	-37741
-38574	-38730	-39973
-38549	-42839	-36338
-38538	-40159	-39558
-38535	-42203	-37350
-38527	-40674	-39070
-38527	-38668	-40038
-38508	-41133	-38861
-38504	-40497	-39293
-38496	-41626	-38167
-38478	-42511	-36634
-38477	-42928	-35034
-38475	-41571	-38484
-38471	-42931	-34351
-38463	-37345	-40166
-38447	-42935	-35229
-38439	-42098	-37755
-38428	-42663	-36746
-38425	-40608	-39237
-38420	-38936	-39962
-38418	-42266	-37173
-38404	-42876	-35874
-38401	-37325	-40227
-38398	-37400	-40132
-38389	-42283	-37321
-38385	-41385	-38607
-38379	-39903	-39586
-38378	-43004	-34540
-38376	-43124	-35269
-38374	-39049	-39747
-38361	-42765	-36657
-38343	-42196	-37583
-38341	-39514	-39691
-38335	-42344	-37049
-38328	-41884	-38091
-38312	-42423	-37304
-38306	-41612	-38228
-38302	-39284	-39913
-38291	-40843	-38913
-38290	-42295	-37333
-38284	-37310	-40272
-38282	-38760	-40021
-38272	-41950	-37963
-38259	-40589	-39276
-38256	-37357	-40324
-38235	-40081	-39582
-38204	-39565	-39604
-38190	-37599	-40255
-38187	-42598	-36963
-38183	-40650	-39082
-38179	-37832	-40119
-38161	-39821	-39591
-38160	-37888	-40180
-38157	-39614	-39593
-38141	-40181	-39398
-38138	-37992	-40128
-38131	-43216	-35252
-38128	-38762	-40019
-38128	-37307	-40349
-38116	-42857	-36640
-38115	-42687	-36660
-38110	-42860	-35957
-38107	-41889	-38158
-38096	-40888	-39e3
-38083	-41976	-38074
-38083	-37894	-40148
-38076	-37898	-40396
-38062	-41226	-38735
-38057	-39376	-39896
-38042	-38236	-40131
-38039	-42763	-36682
-38038	-39436	-39715
-38035	-42972	-35566
-38035	-37294	-40473
-38022	-41394	-38660
-38020	-42965	-35983
-37999	-39206	-39937
-37978	-42292	-37469
-37951	-43034	-35294
-37936	-43027	-35711
-37932	-40230	-39468
-37923	-38366	-40161
-37917	-37642	-40424
-37914	-42212	-37480
-37905	-43072	-36389
-37899	-43075	-35706
-37880	-42550	-37215
-37879	-37253	-40529
-37866	-40779	-39032
-37862	-41981	-38141
-37837	-40984	-38966
-37833	-39187	-39976
-37817	-41318	-38718
-37813	-40052	-39590
-37799	-39525	-39711
-37779	-40390	-39325
-37778	-40649	-39130
-37741	-38659	-40187
-37735	-39585	-39601
-37731	-42905	-36695
-37712	-38730	-40023
-37681	-39648	-39695
-37675	-35963	-40599
-37671	-39670	-39678
-37671	-38036	-40266
-37658	-40140	-39595
-37654	-43167	-35689
-37653	-40660	-39186
-37645	-41691	-38193
-37624	-40478	-39330
-37619	-38026	-40409
-37613	-41437	-38556
-37610	-42481	-37349
-37609	-39199	-40030
-37595	-42169	-37857
-37575	-39537	-39765
-37573	-40971	-39091
-37557	-38335	-40407
-37553	-40018	-39629
-37543	-43347	-34237
-37534	-40482	-39308
-37529	-42260	-37831
-37526	-39865	-39720
-37523	-38673	-40142
-37522	-42351	-37447
-37512	-37377	-40564
-37506	-43225	-35363
-37498	-43266	-34661
-37470	-43307	-34239
-37467	-40256	-39656
-37435	-38795	-40033
-37433	-40594	-39391
-37422	-37381	-40542
-37421	-42824	-37069
-37408	-40213	-39671
-37404	-42435	-37490
-37360	-37690	-40540
-37359	-40334	-39400
-37333	-42694	-37167
-37330	-39629	-39748
-37328	-41063	-39074
-37322	-43170	-35497
-37304	-37729	-40493
-37298	-43439	-34220
-37295	-43440	-35112
-37294	-41401	-38809
-37292	-43442	-33537
-37278	-38765	-40125
-37244	-41879	-38473
-37231	-39381	-40011
-37210	-41463	-38537
-37203	-42987	-36542
-37187	-39170	-40038
-37159	-42527	-37473
-37153	-39508	-39773
-37136	-42443	-37711
-37086	-39282	-40121
-37080	-43024	-36395
-37054	-36030	-40812
-37048	-42313	-37809
-37044	-43535	-34412
-37012	-36764	-40649
-37007	-43479	-34647
-36998	-39596	-39778
-36971	-42219	-37851
-36964	-43179	-35592
-36909	-37233	-40656
-36908	-39600	-39756
-36886	-37762	-40497
-36862	-43187	-35868
-36846	-37849	-40450
-36845	-43552	-33751
-36841	-39374	-40104
-36839	-43555	-33068
-36827	-40665	-39301
-36811	-43192	-35792
-36807	-39712	-39839
-36792	-37412	-40555
-36787	-41442	-38671
-36778	-43249	-35596
-36627	-43137	-35926
-36611	-43282	-35168
-36586	-38669	-40206
-36585	-43616	-33246
-36511	-43292	-35123
-36484	-43562	-34738
-36481	-37497	-40637
-36425	-37536	-40590
-36418	-43582	-34505
-36412	-43585	-33822
-36383	-35457	-40902
-36382	-36795	-40662
-36363	-37845	-40588
-36320	-36281	-40813
-36284	-36852	-40770
-36273	-37849	-40566
-36233	-43657	-34038
-36170	-38801	-40194
-36125	-37360	-40730
-36118	-37937	-40571
-36062	-37976	-40524
-36027	-43370	-35355
-35950	-43276	-35397
-35885	-34311	-41006
-35880	-37452	-40713
-35812	-36485	-40960
-35733	-43715	-31831
-35508	-36117	-41009
-35365	-43871	-31618
-35069	-43782	-31819
