-22157	-17234	-21459
-22028	-16535	-21945
-21998	-18293	-20864
-21989	-17762	-22712
-21974	-17933	-22143
-21932	-18830	-21059
-21898	-17935	-23008
-21894	-18816	-21289
-21882	-18451	-22204
-21878	-18061	-23146
-21860	-19255	-21716
-21850	-18695	-21979
-21836	-18179	-23112
-21828	-19353	-21484
-21797	-18294	-23033
-21795	-19371	-21984
-21774	-18584	-23571
-21763	-19615	-21759
-21763	-18085	-23614
-21746	-18768	-22178
-21719	-18215	-23756
-21668	-18870	-23294
-21659	-19880	-21736
-21659	-19688	-21958
-21636	-19114	-23069
-21626	-19074	-23401
-21622	-19417	-22741
-21594	-19318	-23176
-21546	-19646	-22419
-21517	-20118	-21468
-21495	-19804	-22787
-21490	-20215	-22210
-21478	-18449	-24505
-21473	-19335	-23609
-21462	-18624	-24101
-21439	-18564	-24426
-21393	-19083	-23792
-21373	-18640	-24432
-21354	-19261	-23997
-21322	-19505	-23772
-21312	-19465	-24104
-21305	-20113	-22642
-21303	-20243	-22176
-21290	-18989	-24623
-21280	-19709	-23879
-21258	-19233	-24398
-21247	-18370	-25141
-21224	-19610	-24044
-21201	-19733	-23226
-21165	-20107	-22956
-21164	-19315	-24889
-21163	-20351	-22374
-21159	-19726	-24312
-21153	-18816	-24932
-21121	-20462	-21806
-21077	-18505	-25366
-21074	-20120	-23272
-21069	-20531	-22695
-21038	-18620	-25287
-21026	-19226	-25125
-21023	-20581	-23227
-21017	-19718	-24599
-21015	-18727	-25168
-21012	-20073	-23512
-20981	-18276	-25396
-20978	-19833	-24520
-20974	-19624	-24744
-20902	-20914	-21755
-20890	-20081	-24040
-20886	-20408	-23536
-20875	-19956	-24331
-20868	-18902	-25483
-20830	-18797	-25572
-20829	-19017	-25404
-20796	-20052	-24150
-20789	-20962	-22540
-20774	-19212	-25369
-20770	-19539	-24865
-20753	-19908	-24349
-20748	-20319	-23772
-20722	-19610	-24988
-20717	-20623	-23036
-20706	-20646	-23512
-20696	-20717	-23391
-20696	-18007	-25891
-20691	-19635	-24684
-20690	-19854	-24763
-20683	-19725	-24909
-20678	-19055	-25403
-20665	-21181	-21257
-20664	-20850	-23619
-20654	-20290	-23882
-20651	-19969	-24684
-20649	-18433	-25840
-20637	-19039	-25678
-20636	-19259	-25510
-20632	-19450	-25101
-20582	-20346	-24058
-20579	-18729	-25855
-20573	-19330	-25144
-20562	-20500	-23902
-20539	-21029	-22572
-20539	-19460	-25501
-20531	-20350	-24432
-20516	-20763	-23664
-20514	-19067	-25888
-20511	-18344	-26076
-20505	-19837	-25147
-20479	-20748	-24051
-20469	-20397	-24525
-20460	-19556	-25320
-20451	-19541	-25465
-20449	-19208	-25527
-20447	-19348	-25533
-20440	-18830	-25957
-20429	-18853	-26433
-20426	-19148	-25852
-20424	-19264	-25856
-20421	-19559	-25275
-20418	-18354	-26476
-20389	-20588	-24164
-20380	-19572	-25250
-20371	-20609	-24137
-20364	-19980	-25059
-20354	-19358	-25933
-20352	-19489	-25529
-20349	-19769	-25356
-20337	-20986	-23783
-20332	-20224	-24834
-20327	-20635	-24257
-20318	-19041	-26278
-20315	-19473	-25854
-20313	-19604	-25450
-20304	-21163	-23872
-20291	-19255	-26154
-20276	-19572	-25763
-20275	-21512	-21320
-20275	-21033	-23876
-20274	-21181	-23682
-20239	-19162	-26288
-20171	-20663	-24685
-20166	-21074	-24108
-20150	-21400	-22399
-20149	-19493	-25886
-20128	-19350	-26133
-20124	-19693	-25473
-20114	-21472	-23727
-20103	-20278	-24906
-20098	-20689	-24329
-20090	-19619	-25541
-20089	-21079	-24114
-20085	-19215	-26194
-20051	-20676	-24525
-20046	-21087	-23948
-20041	-20325	-24999
-20036	-20736	-24422
-20024	-19922	-25394
-20024	-19558	-26007
-20009	-21055	-24261
-20008	-20057	-25043
-19981	-20972	-24540
-19977	-21299	-24036
-19970	-18870	-26556
-19970	-18293	-26684
-19964	-19391	-26318
-19953	-21097	-24348
-19947	-21317	-23846
-19914	-21476	-23394
-19913	-20587	-24761
-19912	-21627	-22137
-19891	-19883	-25885
-19890	-19452	-26065
-19858	-19594	-26051
-19854	-20893	-24663
-19847	-18321	-26894
-19846	-21109	-24156
-19843	-19911	-25660
-19843	-19194	-26362
-19833	-19201	-26438
-19820	-20597	-25161
-19815	-21008	-24584
-19810	-20037	-25424
-19800	-20077	-25746
-19785	-20102	-25467
-19772	-19553	-26058
-19768	-20321	-25521
-19748	-21551	-23188
-19748	-20757	-24665
-19731	-21706	-22443
-19725	-21285	-24280
-19713	-20609	-24969
-19701	-19432	-26094
-19695	-21303	-24090
-19691	-19439	-26170
-19690	-21366	-24206
-19686	-21400	-24201
-19676	-19039	-26481
-19669	-20243	-25682
-19661	-21007	-24588
-19656	-21418	-24011
-19643	-20781	-24719
-19629	-19309	-26392
-19602	-21313	-24490
-19596	-18511	-26751
-19595	-19863	-25909
-19587	-21196	-24516
-19583	-20219	-25953
-19582	-20934	-24791
-19580	-19201	-26619
-19563	-21428	-24411
-19561	-21579	-23154
-19553	-20900	-25014
-19534	-19748	-26066
-19531	-19730	-26215
-19524	-20400	-25314
-19516	-19330	-26526
-19506	-19337	-26602
-19499	-21588	-22789
-19491	-21943	-22622
-19478	-19918	-26038
-19472	-19714	-26248
-19455	-18095	-27033
-19448	-19820	-26297
-19445	-20761	-25100
-19438	-21022	-24679
-19430	-20928	-25224
-19420	-20368	-25487
-19418	-20501	-25358
-19411	-21138	-24746
-19410	-19761	-26341
-19402	-20546	-25535
-19400	-21498	-23430
-19391	-21859	-22666
-19381	-21156	-24556
-19379	-21469	-24054
-19378	-20652	-25584
-19374	-20135	-26071
-19374	-20039	-26111
-19367	-20947	-24792
-19353	-19384	-26421
-19349	-21185	-24839
-19331	-21617	-22843
-19330	-19320	-26637
-19327	-21867	-23673
-19319	-21203	-24649
-19305	-20994	-24885
-19300	-21263	-24686
-19291	-21624	-23922
-19283	-19823	-26546
-19261	-18429	-26825
-19251	-20067	-26321
-19242	-19117	-26678
-19225	-19431	-26691
-19219	-21760	-24099
-19217	-20444	-25967
-19212	-20855	-25390
-19194	-21367	-24486
-19189	-21778	-23909
-19167	-20969	-25e3
-19159	-21124	-24990
-19155	-20263	-25978
-19154	-21252	-24698
-19149	-18956	-26992
-19141	-21926	-22698
-19138	-18457	-27035
-19130	-19870	-26365
-19127	-19852	-26514
-19115	-21367	-24619
-19097	-21171	-25083
-19095	-20096	-26289
-19083	-20544	-25973
-19068	-19836	-26547
-19058	-19276	-26810
-19052	-21605	-24218
-19045	-20485	-26017
-19040	-21811	-23683
-19036	-21152	-25200
-19028	-21403	-24530
-19028	-19465	-26706
-19007	-21260	-25045
-18996	-18183	-27049
-18989	-19247	-27037
-18988	-20108	-26097
-18982	-20867	-25432
-18978	-18748	-27080
-18977	-21278	-24855
-18960	-19697	-26633
-18959	-19265	-26847
-18940	-21576	-24939
-18930	-21016	-25202
-18883	-21981	-22461
-18860	-20155	-26367
-18847	-19101	-27061
-18835	-19762	-26754
-18828	-20399	-26142
-18803	-20006	-26529
-18800	-21591	-24462
-18761	-21706	-24383
-18751	-19525	-26800
-18745	-20686	-25552
-18737	-20183	-26577
-18735	-17604	-27207
-18731	-18749	-27068
-18724	-20607	-25748
-18705	-20427	-26352
-18705	-18357	-27179
-18688	-20981	-25478
-18671	-19084	-27096
-18660	-18585	-27139
-18626	-21028	-25571
-18622	-20714	-25762
-18592	-21405	-25217
-18588	-21091	-25408
-18588	-19079	-27143
-18580	-19404	-26914
-18526	-21138	-25501
-18496	-22147	-23038
-18481	-19393	-26951
-18331	-20600	-25868
-18289	-18677	-27211
-18274	-20543	-26040
-18273	-21508	-24973
-18240	-20920	-25686
-18215	-18813	-27194
-18180	-20121	-26654
-18178	-20967	-25779
-18168	-19694	-26788
-18146	-20498	-26300
-18038	-20359	-26386
-18004	-20736	-26032
-17992	-19299	-27138
-17987	-18822	-27280
-17957	-19519	-27039
-17942	-22327	-21357
-17854	-18219	-27334
-17815	-19757	-26771
-17737	-18941	-27298
-17640	-22162	-22644
-17387	-18511	-27330
-17029	-22327	-21424
