-33078	-28409	-28033
-32929	-29687	-29154
-32906	-29877	-29942
-32868	-28692	-30322
-32851	-29749	-30274
-32813	-28564	-30654
-32787	-30062	-29645
-32773	-29459	-30953
-32736	-30364	-29772
-32697	-30068	-30291
-32693	-30677	-29932
-32688	-29189	-31129
-32621	-29160	-31267
-32619	-29778	-30970
-32615	-30387	-30611
-32574	-30862	-29635
-32564	-30618	-30404
-32548	-30898	-29547
-32525	-30487	-30472
-32521	-28610	-31454
-32505	-28719	-31680
-32497	-30090	-30773
-32477	-30953	-29536
-32464	-31096	-28612
-32462	-31112	-29679
-32451	-29588	-31510
-32447	-30197	-31151
-32422	-30740	-29699
-32410	-31305	-29688
-32410	-30937	-30421
-32397	-31426	-29911
-32372	-30802	-30521
-32371	-30806	-30489
-32358	-31130	-30430
-32353	-28420	-31994
-32348	-30572	-30713
-32336	-29019	-31544
-32314	-30328	-30763
-32293	-30516	-31168
-32284	-29009	-31835
-32276	-30075	-31214
-32256	-29919	-31596
-32252	-30528	-31237
-32244	-31700	-29024
-32240	-30833	-30592
-32236	-31442	-30233
-32219	-31966	-29239
-32199	-28739	-32011
-32194	-30907	-30685
-32188	-29789	-31644
-32183	-28848	-32237
-32179	-29457	-31878
-32175	-30219	-31330
-32171	-30828	-30971
-32160	-31579	-30432
-32154	-31976	-29523
-32135	-31609	-29829
-32114	-31815	-30224
-32111	-29259	-31885
-32107	-32420	-29321
-32102	-31380	-30437
-32086	-30324	-31377
-32083	-28559	-32260
-32082	-30933	-31018
-32058	-31982	-29561
-32050	-30931	-31078
-32047	-29460	-31878
-32045	-29991	-31671
-32039	-29796	-31732
-32037	-28902	-32161
-32035	-30405	-31373
-32031	-32500	-29014
-32024	-30965	-30443
-32020	-29599	-32184
-32016	-30208	-31825
-32015	-30698	-31149
-32014	-30760	-31196
-32014	-30581	-31493
-32013	-30334	-31506
-32008	-32058	-29518
-32003	-31171	-30838
-32001	-30785	-31330
-31997	-31394	-30971
-31988	-29179	-32323
-31969	-32443	-29701
-31957	-30211	-31518
-31950	-31147	-31083
-31943	-29069	-32425
-31934	-31190	-30977
-31914	-31571	-30790
-31862	-30527	-31842
-31860	-28427	-32614
-31856	-32589	-28389
-31851	-30938	-31484
-31847	-32755	-29504
-31840	-29803	-32138
-31836	-29312	-32344
-31832	-32105	-30080
-31832	-29920	-31985
-31827	-31046	-31271
-31822	-28569	-32498
-31814	-30341	-31912
-31813	-31738	-30386
-31811	-28724	-32679
-31807	-29333	-32320
-31805	-30591	-31740
-31797	-31930	-30230
-31794	-31181	-31085
-31793	-31718	-31018
-31792	-31944	-30781
-31791	-32117	-30149
-31786	-32545	-29910
-31776	-28490	-32750
-31775	-31222	-31215
-31772	-29099	-32391
-31769	-30622	-31491
-31767	-28386	-32962
-31764	-29849	-32191
-31760	-28913	-32525
-31755	-31347	-31209
-31746	-31958	-30778
-31740	-29048	-32782
-31739	-31521	-31063
-31732	-30025	-31919
-31729	-31250	-31287
-31710	-32625	-29603
-31708	-31823	-30878
-31703	-29298	-32403
-31692	-32880	-29057
-31691	-32050	-30189
-31687	-32183	-30107
-31686	-29464	-32498
-31683	-32006	-30537
-31677	-29814	-32312
-31673	-30423	-31953
-31670	-32256	-30584
-31663	-32861	-29681
-31652	-30839	-31775
-31649	-28867	-32926
-31623	-32951	-27739
-31617	-33040	-28460
-31616	-29055	-32765
-31615	-28087	-33276
-31606	-30777	-31849
-31602	-32582	-30287
-31596	-30962	-31728
-31587	-32941	-29374
-31571	-31139	-31509
-31548	-31743	-30964
-31546	-30221	-32424
-31537	-29472	-32586
-31532	-32730	-29767
-31528	-33319	-28075
-31525	-32884	-30061
-31520	-29469	-32671
-31515	-32968	-28698
-31510	-30050	-32542
-31509	-29624	-32852
-31506	-31588	-31443
-31504	-31401	-31591
-31501	-32586	-30238
-31500	-29254	-32895
-31500	-28875	-33014
-31496	-31936	-30973
-31493	-33340	-28054
-31490	-30431	-32355
-31489	-33320	-28891
-31487	-33180	-29432
-31479	-32898	-30058
-31475	-32059	-30787
-31465	-32244	-30666
-31464	-32674	-30467
-31458	-31415	-31588
-31454	-33341	-28870
-31450	-33463	-28347
-31446	-30065	-32567
-31441	-29124	-33160
-31426	-31646	-31362
-31418	-32688	-30464
-31414	-33281	-29611
-31397	-30526	-31890
-31393	-28938	-33230
-31388	-32754	-30160
-31366	-31846	-31088
-31354	-32154	-30981
-31353	-32371	-30590
-31351	-30552	-32510
-31349	-31750	-31370
-31348	-29387	-32916
-31342	-32986	-30270
-31342	-29803	-32672
-31339	-28472	-33540
-31326	-31202	-31602
-31323	-28827	-33322
-31320	-28946	-33220
-31317	-33535	-27854
-31316	-32095	-30989
-31315	-30381	-32628
-31307	-30729	-32195
-31306	-31617	-31398
-31306	-31182	-32234
-31297	-32164	-30951
-31297	-31943	-31379
-31296	-33e3	-30267
-31278	-30868	-32333
-31276	-32472	-30803
-31271	-30610	-32429
-31266	-33066	-29963
-31258	-32033	-31350
-31258	-28581	-33512
-31256	-33170	-29833
-31247	-31305	-31812
-31246	-29455	-33246
-31235	-29826	-32971
-31234	-30681	-32362
-31223	-33549	-29282
-31216	-32243	-31113
-31211	-29049	-33295
-31210	-33198	-29905
-31198	-33083	-29906
-31180	-32270	-30951
-31177	-31701	-31476
-31175	-32255	-31182
-31165	-33309	-29989
-31162	-33339	-29688
-31158	-33023	-30647
-31156	-29389	-33273
-31153	-29718	-33002
-31151	-30357	-32647
-31146	-28831	-33556
-31128	-33592	-28904
-31120	-30987	-32257
-31107	-31518	-31689
-31090	-30614	-32443
-31089	-33380	-29528
-31088	-33171	-30127
-31088	-30443	-32643
-31083	-33681	-29051
-31081	-33739	-27949
-31073	-33272	-30042
-31071	-31226	-31846
-31068	-31180	-32266
-31068	-30627	-32377
-31062	-30981	-32417
-31061	-31207	-32180
-31061	-31021	-32599
-31053	-29977	-32953
-31052	-28938	-33516
-31049	-31556	-31656
-31049	-29547	-33158
-31043	-33621	-29792
-31042	-33740	-28765
-31042	-31967	-31623
-31040	-30257	-32713
-31035	-33753	-27946
-31035	-30269	-32846
-31030	-31433	-32009
-31024	-27896	-33796
-31022	-30125	-33114
-31017	-33094	-30341
-31016	-29380	-33381
-31015	-31221	-32177
-31013	-30835	-32669
-31012	-30310	-32993
-31012	-28950	-33586
-31010	-33782	-29230
-31006	-33904	-28707
-31003	-33148	-30200
-31002	-30506	-32927
-30998	-31069	-32358
-30986	-27801	-33926
-30985	-29528	-33542
-30981	-31281	-32151
-30971	-33108	-30338
-30970	-31490	-32160
-30968	-28430	-33826
-30967	-33701	-29485
-30966	-33307	-30241
-30960	-33918	-28704
-30947	-33239	-30426
-30942	-32307	-30816
-30940	-32780	-30790
-30940	-31302	-32374
-30930	-32763	-31036
-30930	-32303	-31537
-30916	-32897	-30731
-30904	-31551	-31784
-30904	-29828	-33276
-30894	-32794	-30787
-30890	-33591	-29972
-30885	-33510	-30014
-30878	-33527	-30088
-30871	-31845	-31686
-30870	-32480	-31457
-30857	-29269	-33602
-30856	-28680	-33870
-30854	-29878	-33244
-30853	-33966	-28007
-30843	-32998	-30910
-30839	-32583	-31180
-30833	-31585	-31704
-30831	-31617	-31829
-30829	-31559	-32205
-30827	-30456	-33200
-30825	-31788	-31725
-30822	-31594	-32257
-30822	-29035	-33673
-30820	-31745	-31942
-30817	-30641	-33079
-30816	-33643	-29919
-30816	-30867	-32842
-30813	-33906	-28748
-30813	-28252	-33977
-30812	-32006	-31699
-30811	-29283	-33599
-30808	-33075	-30839
-30808	-32615	-31340
-30806	-31231	-32424
-30804	-31994	-32120
-30794	-33209	-30534
-30790	-31198	-32531
-30779	-31609	-32173
-30774	-31621	-32306
-30772	-30853	-32953
-30770	-30881	-32839
-30761	-33731	-29490
-30758	-33840	-29307
-30748	-33380	-30113
-30747	-30894	-32769
-30747	-29901	-33543
-30742	-33385	-30478
-30742	-31629	-32412
-30741	-34067	-26679
-30736	-30941	-32813
-30735	-28664	-33961
-30729	-29412	-33662
-30727	-30969	-32613
-30724	-34093	-28523
-30723	-32294	-31854
-30721	-33310	-30713
-30720	-32615	-31470
-30717	-32895	-30983
-30715	-33759	-29562
-30715	-32829	-31236
-30713	-31324	-32501
-30713	-31291	-32644
-30709	-30159	-33362
-30708	-28425	-34016
-30703	-31655	-32226
-30697	-28569	-34091
-30696	-33399	-30475
-30694	-29178	-33733
-30691	-32876	-31195
-30686	-31697	-32282
-30671	-32487	-31863
-30658	-33532	-30141
-30645	-28841	-33802
-30639	-34043	-29293
-30639	-32915	-31204
-30635	-32514	-31701
-30634	-31796	-32148
-30629	-33873	-29454
-30626	-33692	-29916
-30621	-33202	-31022
-30611	-29115	-33824
-30600	-30056	-33542
-30573	-32630	-31532
-30570	-33485	-30277
-30550	-29353	-33674
-30541	-33746	-30002
-30538	-30885	-33107
-30537	-33864	-29726
-30534	-31448	-32538
-30534	-29320	-34038
-30531	-34095	-28564
-30530	-31047	-33035
-30527	-31296	-32749
-30524	-32195	-32145
-30523	-31859	-32180
-30518	-30185	-33605
-30513	-34110	-27807
-30513	-31174	-32881
-30497	-32522	-31617
-30484	-34242	-27609
-30483	-31282	-32860
-30481	-30336	-33429
-30476	-33321	-30608
-30476	-32724	-31806
-30476	-30577	-33309
-30475	-30052	-33633
-30472	-33338	-31091
-30469	-34308	-26736
-30469	-27978	-34200
-30460	-33550	-30175
-30459	-34118	-29064
-30458	-31315	-32888
-30458	-29355	-33797
-30457	-31574	-32508
-30452	-34130	-28542
-30448	-33797	-30080
-30448	-31511	-32822
-30443	-32649	-31879
-30443	-29209	-34062
-30438	-31696	-32701
-30438	-29455	-34061
-30433	-33948	-29378
-30431	-33350	-31160
-30428	-33056	-31489
-30427	-32286	-32046
-30422	-34489	-26911
-30420	-30588	-33269
-30419	-34058	-29805
-30416	-31882	-32479
-30409	-34407	-28367
-30406	-32613	-31898
-30400	-32804	-31499
-30396	-33418	-30784
-30395	-33024	-31540
-30393	-33531	-30354
-30382	-27993	-34347
-30366	-33172	-31320
-30358	-33655	-30190
-30358	-32427	-31968
-30357	-32414	-31994
-30354	-33036	-31609
-30354	-31998	-32310
-30347	-33545	-30351
-30337	-28604	-34208
-30330	-34442	-28345
-30329	-31078	-32975
-30319	-33308	-31271
-30314	-31075	-33172
-30313	-32062	-32248
-30311	-29604	-33795
-30307	-33244	-31387
-30305	-32607	-32003
-30305	-28992	-34089
-30295	-33355	-31230
-30283	-31999	-32307
-30280	-30383	-33719
-30279	-30609	-33482
-30279	-28586	-34241
-30278	-29570	-34045
-30272	-34193	-28898
-30269	-30794	-33361
-30268	-29755	-33924
-30261	-33947	-30027
-30255	-31513	-32863
-30248	-29540	-34148
-30247	-29878	-33738
-30245	-33360	-31218
-30238	-33601	-30268
-30233	-30623	-33479
-30231	-34149	-29098
-30230	-28064	-34269
-30224	-33486	-30436
-30222	-31786	-32548
-30216	-34042	-30127
-30215	-33636	-30518
-30210	-34251	-29087
-30208	-33474	-31047
-30207	-31913	-32680
-30205	-30967	-33249
-30202	-29386	-34184
-30199	-30683	-33453
-30195	-30071	-33747
-30192	-32320	-32290
-30190	-31009	-33434
-30185	-31189	-32976
-30182	-31946	-32708
-30177	-33058	-31392
-30177	-30807	-33521
-30175	-32651	-32174
-30173	-33667	-31033
-30170	-31412	-33094
-30167	-33186	-31556
-30166	-31218	-33163
-30162	-30086	-33881
-30154	-27402	-34456
-30151	-32102	-32657
-30151	-31099	-33169
-30146	-27736	-34455
-30140	-32513	-32299
-30139	-34348	-28749
-30138	-32123	-32393
-30137	-34247	-29621
-30136	-33706	-30283
-30131	-32177	-32501
-30127	-32870	-31682
-30123	-28879	-34317
-30108	-31528	-32925
-30107	-32224	-32460
-30092	-27403	-34598
-30091	-33272	-31524
-30083	-31288	-33206
-30074	-33953	-30586
-30071	-27953	-34490
-30068	-29560	-34061
-30061	-32790	-31831
-30054	-30872	-33559
-30044	-28316	-34390
-30043	-32920	-31844
-30040	-29943	-34046
-30029	-33144	-31680
-30025	-34749	-27096
-30018	-29219	-34342
-30010	-32327	-32304
-30008	-31547	-32722
-30005	-34491	-27988
-30001	-28467	-34519
-29998	-28910	-34417
-29997	-31011	-33475
-29992	-34614	-28314
-29990	-31038	-33389
-29989	-34433	-28776
-29982	-31593	-32710
-29973	-31172	-33293
-29967	-34296	-29027
-29962	-31573	-33342
-29960	-32985	-31833
-29955	-28481	-34516
-29951	-32381	-32455
-29950	-29330	-34368
-29948	-30479	-33572
-29944	-30078	-34069
-29939	-32466	-32446
-29935	-33080	-31731
-29933	-31184	-33363
-29929	-34072	-30172
-29929	-33475	-31370
-29925	-34437	-29450
-29924	-32541	-32436
-29921	-31057	-33528
-29913	-34301	-29739
-29912	-29235	-34498
-29911	-32797	-32361
-29904	-34487	-28862
-29901	-28178	-34542
-29891	-33856	-30849
-29889	-31795	-33022
-29879	-33480	-31358
-29877	-27393	-34655
-29872	-34826	-27961
-29867	-34188	-30003
-29864	-33050	-31976
-29863	-30673	-33632
-29863	-30378	-33803
-29857	-34537	-28565
-29854	-34492	-28850
-29854	-30704	-33784
-29852	-33161	-31819
-29848	-33775	-31104
-29846	-31641	-33058
-29841	-33973	-30436
-29833	-30803	-33593
-29831	-32855	-32280
-29826	-29781	-34231
-29819	-33923	-30884
-29808	-30718	-33781
-29805	-31949	-32900
-29803	-30760	-33690
-29802	-33166	-31807
-29800	-28115	-34573
-29795	-28194	-34698
-29791	-31362	-33396
-29790	-29445	-34352
-29784	-32804	-32342
-29784	-30193	-34053
-29782	-34799	-28665
-29774	-30378	-33932
-29774	-28744	-34590
-29771	-33461	-31553
-29764	-33381	-31666
-29744	-29459	-34349
-29742	-31210	-33569
-29738	-30207	-34050
-29734	-34092	-30203
-29734	-32864	-31981
-29725	-33392	-31664
-29720	-34915	-27495
-29717	-34656	-28682
-29716	-29904	-34174
-29710	-31239	-33414
-29699	-31650	-33056
-29694	-32126	-33108
-29688	-33066	-32043
-29686	-27891	-34775
-29683	-33681	-31400
-29672	-32744	-32501
-29668	-30709	-33889
-29667	-30935	-33652
-29664	-30097	-34183
-29659	-33107	-31992
-29654	-29539	-34466
-29648	-33078	-32113
-29645	-31688	-33348
-29644	-32677	-32610
-29635	-31130	-33631
-29635	-29573	-34332
-29626	-31268	-33692
-29621	-33797	-31231
-29619	-32710	-32638
-29606	-30825	-33720
-29603	-32255	-32939
-29601	-34210	-29942
-29593	-34440	-29313
-29592	-32870	-32619
-29587	-34609	-29419
-29586	-27602	-34798
-29583	-32330	-32783
-29581	-29103	-34606
-29580	-28184	-34755
-29576	-31829	-33270
-29574	-34624	-29216
-29574	-30183	-34069
-29572	-33362	-31844
-29560	-33298	-31960
-29558	-32383	-32721
-29553	-31584	-33515
-29546	-31030	-33846
-29544	-34389	-29888
-29544	-31154	-33863
-29531	-31464	-33550
-29530	-32986	-32450
-29530	-32426	-32648
-29527	-29834	-34211
-29525	-33976	-30989
-29524	-32426	-32971
-29523	-32009	-33305
-29512	-34740	-29047
-29510	-28785	-34724
-29508	-30824	-33873
-29505	-26839	-34865
-29502	-30595	-34046
-29501	-29874	-34259
-29495	-30622	-33960
-29493	-34327	-30148
-29492	-30037	-34329
-29487	-26736	-34933
-29481	-34095	-30853
-29480	-27618	-34954
-29469	-34096	-30700
-29463	-31454	-33597
-29462	-30838	-33870
-29459	-28168	-34846
-29454	-33066	-32143
-29454	-32501	-32644
-29451	-29406	-34490
-29448	-33662	-31438
-29447	-34214	-30412
-29443	-32726	-32705
-29435	-29557	-34445
-29424	-31755	-33376
-29410	-35049	-26496
-29410	-31722	-33592
-29407	-28635	-34806
-29406	-32129	-33133
-29405	-33581	-31693
-29405	-29420	-34487
-29403	-32738	-32775
-29395	-30374	-34312
-29387	-30919	-34067
-29374	-29740	-34491
-29368	-34802	-28558
-29362	-29226	-34636
-29361	-34431	-29937
-29359	-34817	-28911
-29358	-31821	-33458
-29355	-30610	-34108
-29348	-31838	-33423
-29348	-31357	-33884
-29336	-34214	-30439
-29333	-29109	-34652
-29322	-33186	-32183
-29320	-34443	-30006
-29319	-31052	-33973
-29317	-33801	-31540
-29314	-34966	-27663
-29311	-34629	-29129
-29309	-31383	-33698
-29308	-30500	-34282
-29307	-28069	-35005
-29296	-32031	-33432
-29293	-27041	-35039
-29293	-25726	-35055
-29292	-34813	-29032
-29287	-29123	-34649
-29286	-31473	-33715
-29286	-28619	-34897
-29269	-34319	-30576
-29259	-34668	-29138
-29259	-29968	-34379
-29255	-33917	-31371
-29255	-28815	-34763
-29251	-31611	-33813
-29241	-26751	-35124
-29240	-33487	-31989
-29234	-33090	-32248
-29230	-34929	-28863
-29216	-31884	-33549
-29216	-30668	-34149
-29209	-32726	-32805
-29200	-35044	-27332
-29199	-32525	-32888
-29188	-32215	-33464
-29178	-33603	-31820
-29178	-31657	-33747
-29176	-34499	-29877
-29160	-30941	-34194
-29159	-31167	-33957
-29157	-33092	-32479
-29155	-34636	-29675
-29155	-29343	-34621
-29149	-30091	-34322
-29143	-34845	-29048
-29135	-32923	-32876
-29131	-29266	-34626
-29126	-33274	-32280
-29120	-32927	-32590
-29113	-31181	-33954
-29100	-34516	-29991
-29099	-30083	-34363
-29097	-30284	-34331
-29097	-26973	-35095
-29095	-33208	-32310
-29093	-28978	-34913
-29092	-28059	-35062
-29090	-33823	-31667
-29087	-29726	-34614
-29082	-32452	-33278
-29075	-29305	-34765
-29069	-33276	-32043
-29067	-33513	-32135
-29053	-34454	-30317
-29053	-30097	-34360
-29051	-27137	-35093
-29048	-28846	-34962
-29036	-31218	-33921
-29031	-29794	-34484
-29022	-34754	-29414
-29020	-32568	-33109
-29007	-33428	-32157
-29006	-32736	-33009
-29003	-34341	-30515
-28995	-33147	-32651
-28984	-35072	-26468
-28981	-34766	-29483
-28979	-29987	-34493
-28969	-29429	-34776
-28966	-28306	-34979
-28965	-30038	-34417
-28960	-31726	-33782
-28959	-33697	-32167
-28950	-31168	-34065
-28941	-34457	-30346
-28935	-29906	-34571
-28923	-32341	-33499
-28921	-31271	-33928
-28920	-35063	-27864
-28916	-34240	-30848
-28912	-32752	-33141
-28912	-28549	-35064
-28911	-30298	-34415
-28905	-35107	-26446
-28903	-27477	-35096
-28902	-33419	-32431
-28900	-34469	-30415
-28897	-33813	-31998
-28889	-35240	-26260
-28889	-29574	-34711
-28878	-27588	-35144
-28870	-31596	-33864
-28868	-29744	-34593
-28868	-27243	-35167
-28867	-35087	-27629
-28863	-29611	-34676
-28861	-31976	-33791
-28859	-31044	-34173
-28858	-35179	-26694
-28857	-31342	-33958
-28850	-32868	-32972
-28848	-34637	-29647
-28842	-30870	-34303
-28835	-25924	-35317
-28828	-28232	-35136
-28828	-26806	-35338
-28827	-30167	-34450
-28822	-28980	-34837
-28818	-30479	-34330
-28817	-30485	-34356
-28817	-29609	-34733
-28813	-29168	-34849
-28811	-30561	-34472
-28807	-29927	-34639
-28805	-35203	-27460
-28801	-31615	-34003
-28795	-27508	-35264
-28791	-31057	-34286
-28790	-32026	-33645
-28789	-27253	-35298
-28784	-32499	-33232
-28782	-28246	-35133
-28780	-35070	-27741
-28775	-34944	-28825
-28772	-29150	-34870
-28769	-33995	-31190
-28758	-34522	-29964
-28756	-34525	-30286
-28753	-29215	-34835
-28751	-30200	-34684
-28750	-29447	-34755
-28738	-34345	-31012
-28735	-25635	-35340
-28732	-33719	-32294
-28728	-27943	-35159
-28717	-34534	-30033
-28712	-32557	-33278
-28699	-34955	-29299
-28696	-35020	-27929
-28695	-30662	-34384
-28686	-24855	-35444
-28680	-34542	-30400
-28677	-29116	-34946
-28668	-33893	-31763
-28655	-27257	-35389
-28654	-28853	-35032
-28653	-33463	-32381
-28652	-28649	-35086
-28651	-27730	-35235
-28646	-29397	-34787
-28627	-35020	-28890
-28624	-34662	-30111
-28622	-27959	-35315
-28621	-35119	-27705
-28618	-34658	-30231
-28616	-27704	-35349
-28615	-35229	-28263
-28615	-31182	-34096
-28598	-29627	-34712
-28590	-28336	-35107
-28578	-29735	-34731
-28570	-33068	-32871
-28567	-35279	-26415
-28565	-29767	-34777
-28561	-33508	-32348
-28558	-34136	-31475
-28542	-32326	-33550
-28539	-28661	-35043
-28532	-31768	-33833
-28525	-32152	-33680
-28514	-32563	-33322
-28507	-28404	-35093
-28503	-33799	-32059
-28500	-33346	-32630
-28498	-32764	-33276
-28498	-28837	-35100
-28496	-29781	-34690
-28494	-33352	-32602
-28493	-31648	-33853
-28492	-28155	-35212
-28488	-32206	-33559
-28487	-33914	-31694
-28484	-35044	-28546
-28463	-31787	-33972
-28461	-30855	-34354
-28458	-30283	-34542
-28452	-32198	-33614
-28435	-28871	-35011
-28429	-28318	-35331
-28420	-30663	-34389
-28419	-29420	-34914
-28412	-30598	-34416
-28410	-34483	-30782
-28407	-35054	-28814
-28403	-31232	-34055
-28402	-35292	-25672
-28401	-35287	-27081
-28394	-25595	-35490
-28389	-30607	-34512
-28387	-26477	-35511
-28366	-30612	-34413
-28363	-35291	-26868
-28362	-34806	-29690
-28362	-32743	-33279
-28358	-35266	-27697
-28356	-31060	-34116
-28348	-35297	-26394
-28324	-33112	-32674
-28322	-35303	-26937
-28322	-29761	-34859
-28310	-31074	-34113
-28302	-29050	-35123
-28300	-31211	-34200
-28294	-25306	-35513
-28287	-35302	-27342
-28283	-33568	-32381
-28267	-35346	-26395
-28267	-33440	-32484
-28265	-35062	-28525
-28261	-30348	-34572
-28260	-30778	-34373
-28257	-29918	-34777
-28252	-32003	-33751
-28251	-34372	-31003
-28246	-35412	-26634
-28238	-34021	-31626
-28237	-33807	-32047
-28235	-33045	-33028
-28232	-32222	-33719
-28226	-27282	-35403
-28222	-34079	-31546
-28219	-30907	-34375
-28216	-27132	-35508
-28215	-34757	-29773
-28214	-26928	-35562
-28207	-34549	-30688
-28204	-31240	-34073
-28196	-28313	-35334
-28194	-30258	-34581
-28177	-27579	-35468
-28175	-27375	-35522
-28172	-32879	-33052
-28164	-32365	-33565
-28160	-32936	-33245
-28159	-35342	-27241
-28156	-33080	-33006
-28145	-31121	-34236
-28129	-30279	-34622
-28123	-34645	-30412
-28123	-31027	-34323
-28115	-32603	-33289
-28112	-32558	-33574
-28105	-35526	-25371
-28103	-33454	-32519
-28098	-35151	-28502
-28098	-29796	-34909
-28096	-35046	-29326
-28096	-29388	-34925
-28084	-35255	-28699
-28074	-25181	-35614
-28067	-31489	-34023
-28067	-26063	-35635
-28061	-32789	-33367
-28061	-31337	-34198
-28052	-34379	-31409
-28050	-33617	-32390
-28040	-34588	-30782
-28038	-29241	-34992
-28028	-26510	-35595
-28022	-35291	-27502
-28021	-34736	-30077
-28020	-33059	-33009
-28007	-29185	-35115
-28004	-34702	-30317
-27995	-30485	-34519
-27982	-32228	-33626
-27974	-33484	-32740
-27971	-31207	-34280
-27958	-27640	-35514
-27957	-35408	-27148
-27942	-28146	-35350
-27941	-32307	-33656
-27938	-35292	-28106
-27925	-33126	-32795
-27915	-31669	-33980
-27912	-29363	-35002
-27902	-31022	-34381
-27900	-33520	-32425
-27891	-31637	-34061
-27887	-30012	-34688
-27839	-27751	-35437
-27839	-26617	-35671
-27836	-26628	-35640
-27818	-33252	-32975
-27816	-34919	-29407
-27808	-31932	-33993
-27808	-30451	-34579
-27807	-34574	-30809
-27803	-29808	-34874
-27800	-28568	-35172
-27796	-30069	-34762
-27795	-34783	-30182
-27795	-30499	-34563
-27776	-34931	-29477
-27767	-29197	-35047
-27765	-26866	-35564
-27747	-35106	-29090
-27733	-33559	-32519
-27727	-33731	-32483
-27722	-28615	-35157
-27710	-34405	-30841
-27704	-30538	-34520
-27677	-29930	-34884
-27673	-30482	-34643
-27669	-35356	-27608
-27648	-28419	-35272
-27647	-33041	-33029
-27640	-29052	-35173
-27635	-34112	-31653
-27619	-28114	-35361
-27609	-30125	-34705
-27601	-35502	-25968
-27599	-33270	-32954
-27589	-26127	-35739
-27587	-35112	-28851
-27574	-35552	-26808
-27574	-35163	-28737
-27543	-28884	-35249
-27540	-35382	-27448
-27532	-31566	-34146
-27516	-27719	-35448
-27506	-30928	-34470
-27493	-31193	-34282
-27481	-27485	-35519
-27478	-35165	-29175
-27476	-32028	-33846
-27466	-33107	-33080
-27463	-35454	-27058
-27434	-29924	-34966
-27432	-34691	-30351
-27427	-27038	-35533
-27426	-35434	-27584
-27415	-29190	-35100
-27406	-35036	-29477
-27404	-32742	-33372
-27402	-28379	-35353
-27400	-28175	-35407
-27396	-35268	-28901
-27380	-31746	-34103
-27345	-31212	-34329
-27338	-29529	-35064
-27331	-35602	-27376
-27324	-32208	-33803
-27296	-26472	-35677
-27292	-35621	-25191
-27283	-28490	-35276
-27277	-30600	-34521
-27242	-26638	-35648
-27198	-30839	-34537
-27156	-34971	-29683
-27081	-34678	-30495
-27069	-34887	-29868
-27027	-30689	-34630
-27009	-35408	-27884
-26971	-31151	-34330
-26932	-35480	-27494
-26921	-29736	-35011
-26920	-35396	-28121
-26915	-35620	-25290
-26915	-31467	-34293
-26806	-35474	-27790
-26761	-35647	-25627
-26699	-35648	-24426
-26651	-35304	-28511
-26632	-35673	-25467
-26555	-35745	-25077
-26444	-35554	-27438
-26428	-29635	-35012
-26389	-35723	-26035
-26118	-35669	-26817
-26012	-35722	-26134
-25796	-35750	-25270
