-26372	-22560	-19944
-26370	-21885	-19967
-26354	-22108	-20199
-26297	-23057	-20018
-26185	-23182	-20368
-26185	-22760	-20670
-26172	-22963	-20452
-26172	-22541	-20754
-26170	-23416	-20368
-26170	-22994	-20670
-26092	-22794	-20896
-26073	-22722	-21130
-26019	-23164	-20433
-25985	-23846	-19991
-25972	-23627	-20075
-25970	-24080	-19991
-25923	-23672	-20338
-25922	-23733	-20363
-25915	-23688	-20555
-25915	-23266	-20857
-25905	-23643	-20673
-25900	-23922	-20555
-25900	-23500	-20857
-25894	-22949	-20936
-25877	-23208	-21010
-25876	-22920	-21271
-25854	-24184	-20225
-25830	-23533	-20967
-25825	-23286	-21034
-25822	-23722	-20781
-25822	-23300	-21083
-25800	-23214	-21163
-25760	-23285	-21837
-25759	-22997	-22098
-25750	-23320	-21451
-25727	-24121	-20877
-25723	-24336	-19961
-25723	-23539	-20963
-25716	-24416	-19966
-25699	-23686	-21214
-25698	-24180	-20506
-25698	-23398	-21475
-25679	-23422	-21490
-25653	-24178	-20525
-25646	-24258	-20530
-25642	-24473	-19614
-25616	-22928	-22187
-25579	-24707	-20476
-25578	-24419	-20737
-25549	-23674	-21497
-25541	-23425	-22261
-25527	-24785	-20500
-25509	-24549	-21040
-25508	-24261	-21301
-25508	-23820	-21689
-25505	-23912	-21478
-25498	-24844	-20129
-25490	-23791	-22024
-25489	-23503	-22285
-25480	-23826	-21638
-25473	-24980	-19894
-25457	-24627	-21064
-25446	-24922	-20153
-25444	-24230	-21403
-25433	-24151	-21595
-25428	-23904	-21662
-25403	-24822	-20458
-25398	-24492	-21073
-25392	-25117	-19547
-25382	-24517	-21358
-25375	-24104	-21620
-25364	-23042	-22669
-25351	-23992	-21627
-25327	-25242	-20328
-25326	-24954	-20589
-25317	-24070	-21842
-25313	-23408	-22432
-25312	-23120	-22693
-25287	-23761	-22236
-25275	-25320	-20352
-25274	-23364	-22575
-25265	-24699	-20745
-25250	-24933	-20745
-25229	-25361	-19751
-25226	-24162	-21613
-25224	-24104	-22068
-25223	-23730	-22338
-25222	-23442	-22599
-25221	-25515	-19746
-25212	-23651	-22530
-25195	-24541	-21309
-25190	-24566	-21378
-25180	-24775	-21309
-25137	-24639	-21356
-25105	-24454	-21524
-25087	-25405	-20328
-25087	-24425	-21859
-25080	-24908	-21095
-25076	-25437	-20012
-25052	-24473	-21432
-25042	-25158	-20584
-25042	-25152	-20977
-25041	-24864	-21238
-25023	-24394	-21961
-24995	-25205	-20932
-24990	-25230	-21001
-24980	-25439	-20932
-24979	-25151	-21193
-24977	-24179	-22526
-24972	-24738	-21455
-24969	-25471	-20616
-24962	-24795	-21338
-24961	-25026	-21225
-24951	-25235	-21156
-24951	-24716	-21530
-24950	-24947	-21417
-24942	-24227	-22099
-24928	-24227	-22215
-24916	-24580	-21903
-24913	-24231	-22080
-24899	-25313	-21180
-24888	-25608	-20269
-24884	-24595	-21564
-24878	-23257	-22654
-24870	-25193	-21599
-24852	-24549	-22005
-24841	-24470	-22197
-24838	-24549	-22121
-24827	-24470	-22313
-24773	-25669	-20599
-24759	-25359	-21031
-24754	-23278	-22668
-24745	-24254	-22467
-24713	-25378	-21246
-24710	-24118	-22840
-24708	-24143	-22747
-24674	-24633	-21603
-24664	-24814	-21988
-24658	-25954	-19929
-24635	-24008	-23134
-24634	-25530	-21287
-24629	-25834	-20348
-24618	-24898	-21913
-24615	-25834	-20464
-24603	-25132	-21913
-24564	-25557	-20608
-24539	-24861	-21934
-24530	-25225	-21397
-24529	-26091	-20444
-24528	-25803	-20705
-24522	-25594	-21211
-24510	-24865	-21915
-24496	-24865	-22031
-24484	-25844	-20700
-24483	-25550	-21354
-24478	-25303	-21421
-24475	-24830	-22036
-24464	-25478	-21611
-24464	-24751	-22228
-24450	-25478	-21727
-24435	-25183	-21956
-24435	-24755	-22209
-24435	-24672	-22757
-24432	-25916	-21117
-24421	-24755	-22325
-24403	-25796	-21536
-24401	-24221	-23048
-24385	-25970	-20567
-24374	-25073	-22134
-24360	-25073	-22250
-24358	-25266	-22019
-24326	-24275	-22992
-24311	-24509	-22992
-24307	-23401	-23263
-24292	-24040	-23181
-24260	-25075	-22196
-24250	-24827	-22917
-24243	-25965	-20975
-24241	-26214	-20090
-24233	-24309	-23218
-24226	-25413	-21944
-24213	-25557	-21655
-24197	-25417	-21925
-24176	-25959	-21307
-24155	-26212	-20524
-24152	-24887	-22408
-24134	-24126	-23400
-24133	-25719	-21642
-24129	-25202	-22280
-24126	-24338	-23013
-24119	-24558	-23012
-24112	-26092	-21059
-24106	-24971	-22333
-24091	-25205	-22333
-24081	-26311	-20533
-24077	-25205	-22449
-24073	-25171	-22708
-24059	-24214	-23306
-24054	-26307	-20541
-24051	-24228	-23307
-24047	-23120	-23578
-24044	-24448	-23306
-24042	-25297	-22181
-24040	-23340	-23577
-24036	-23632	-23441
-24033	-23120	-23694
-24025	-23979	-23495
-24013	-26130	-21123
-24006	-26243	-20724
-23993	-23032	-23797
-23981	-25547	-22050
-23966	-24248	-23532
-23957	-24543	-23207
-23952	-25551	-22031
-23943	-24543	-23323
-23938	-25551	-22147
-23934	-25372	-22311
-23934	-24790	-23023
-23933	-26383	-21265
-23918	-26490	-20273
-23917	-25680	-21802
-23910	-24686	-23351
-23908	-24711	-23258
-23899	-23347	-23697
-23898	-25806	-21467
-23891	-25869	-21956
-23879	-24343	-23433
-23877	-25869	-22072
-23873	-25835	-22331
-23865	-24343	-23549
-23851	-24892	-22930
-23844	-25112	-22929
-23828	-25305	-22814
-23786	-25930	-22232
-23776	-25398	-22574
-23773	-26426	-20743
-23758	-26533	-19751
-23757	-25207	-22830
-23750	-26085	-21509
-23744	-23970	-23607
-23743	-25207	-22946
-23741	-24182	-23578
-23734	-26036	-21934
-23730	-26575	-20249
-23725	-26053	-21542
-23723	-23538	-23984
-23716	-26575	-20365
-23712	-22647	-24097
-23710	-26446	-20758
-23708	-25071	-23319
-23685	-25490	-22345
-23683	-25432	-22800
-23671	-25490	-22461
-23667	-24729	-23337
-23666	-26322	-21579
-23656	-24416	-23572
-23652	-26475	-20499
-23652	-26322	-21695
-23649	-24529	-23391
-23647	-26131	-21835
-23641	-24650	-23572
-23633	-24278	-23628
-23629	-26670	-20266
-23629	-23853	-23884
-23616	-25851	-22392
-23603	-25758	-22437
-23572	-23968	-23721
-23561	-25244	-23128
-23559	-26093	-22003
-23557	-24819	-23384
-23554	-24745	-23473
-23547	-26625	-20498
-23540	-24745	-23589
-23516	-25853	-22338
-23477	-26664	-21145
-23474	-25339	-23029
-23474	-24121	-23892
-23472	-24146	-23799
-23460	-25339	-23145
-23459	-25343	-22860
-23451	-25586	-22845
-23449	-26425	-21360
-23446	-22685	-24229
-23441	-25314	-23195
-23424	-24406	-23967
-23403	-26422	-22060
-23382	-24468	-23705
-23380	-24436	-23792
-23364	-25681	-22746
-23361	-25908	-22751
-23356	-26427	-21358
-23354	-25409	-23096
-23352	-23e3	-24129
-23342	-26696	-20445
-23320	-23740	-24250
-23316	-26517	-21961
-23313	-26017	-22583
-23303	-24549	-23605
-23295	-24563	-23606
-23288	-24783	-23605
-23283	-26688	-21446
-23283	-25708	-22977
-23281	-24563	-23722
-23274	-26003	-22652
-23260	-26003	-22768
-23255	-26791	-20346
-23248	-24706	-23750
-23232	-25221	-23424
-23226	-24055	-24150
-23222	-26109	-22354
-23196	-27020	-19914
-23196	-26783	-21347
-23184	-25525	-23159
-23165	-24224	-24100
-23163	-26190	-22103
-23158	-25446	-23394
-23154	-25021	-23650
-23151	-26791	-20482
-23136	-26361	-22374
-23120	-26867	-21186
-23117	-26170	-22630
-23104	-25924	-22812
-23097	-25620	-23060
-23088	-25447	-23228
-23072	-25640	-23113
-23071	-24539	-24e3
-23063	-24717	-23651
-23049	-26456	-22275
-23043	-22887	-24495
-23035	-23198	-24536
-23033	-26962	-21087
-23012	-26566	-21575
-22977	-24638	-24058
-22973	-25039	-23557
-22967	-23873	-24283
-22958	-26110	-23017
-22949	-23202	-24395
-22944	-24716	-23834
-22919	-26464	-22155
-22903	-25025	-23691
-22899	-25264	-23527
-22898	-25545	-23201
-22895	-24839	-23783
-22890	-26333	-22401
-22888	-23371	-24345
-22887	-25324	-23523
-22871	-26205	-22918
-22865	-26239	-22503
-22863	-23497	-24457
-22856	-25493	-23253
-22853	-26806	-21500
-22845	-22826	-24569
-22840	-24626	-24140
-22832	-26559	-22056
-22805	-25579	-23427
-22796	-24656	-23965
-22777	-23501	-24316
-22766	-26901	-21401
-22762	-24426	-24366
-22752	-26901	-21517
-22746	-24941	-24040
-22736	-25626	-23192
-22714	-25694	-23150
-22706	-26488	-22322
-22701	-25203	-23601
-22699	-25928	-23150
-22698	-26209	-22824
-22687	-25988	-23146
-22668	-25105	-23825
-22668	-24741	-24266
-22636	-26909	-21281
-22633	-26229	-22898
-22628	-25142	-23656
-22625	-27307	-19648
-22623	-26272	-22715
-22621	-26575	-22398
-22620	-26373	-22609
-22619	-26274	-22791
-22617	-23249	-24474
-22608	-22588	-24636
-22607	-26150	-23133
-22605	-26243	-23050
-22596	-25320	-23588
-22596	-23616	-24535
-22593	-25193	-23731
-22588	-25682	-23208
-22586	-22644	-24702
-22585	-25207	-23732
-22583	-26603	-21645
-22578	-25427	-23731
-22575	-26742	-21775
-22570	-25241	-23823
-22559	-26691	-22534
-22559	-24958	-23920
-22559	-23348	-24641
-22534	-25457	-23556
-22527	-27260	-20312
-22522	-25545	-23558
-22516	-26971	-21343
-22503	-27001	-21882
-22501	-25867	-23224
-22495	-25747	-23467
-22491	-25522	-23632
-22491	-24304	-24495
-22487	-24759	-24173
-22485	-23573	-24611
-22477	-25522	-23748
-22472	-26786	-22435
-22461	-26487	-22573
-22440	-27355	-20213
-22439	-26427	-22636
-22428	-25860	-23458
-22409	-24559	-24399
-22401	-25044	-24139
-22397	-27235	-20748
-22397	-24619	-24395
-22393	-25355	-24180
-22391	-23888	-24511
-22389	-26096	-23190
-22387	-23647	-24562
-22383	-27267	-21268
-22357	-22606	-24703
-22353	-26312	-22923
-22346	-22953	-24757
-22334	-26121	-23179
-22302	-26191	-23091
-22295	-26411	-23090
-22289	-24689	-24463
-22261	-26176	-23279
-22261	-23046	-24742
-22248	-26697	-22495
-22236	-26940	-22196
-22236	-25565	-23600
-22226	-27018	-21524
-22225	-25560	-23764
-22224	-25625	-23596
-22214	-23451	-24740
-22201	-25708	-23762
-22193	-25522	-23854
-22179	-27292	-20862
-22142	-26161	-23607
-22142	-24862	-24272
-22138	-24437	-24528
-22132	-23706	-24644
-22120	-23766	-24640
-22116	-26590	-22672
-22113	-23546	-24757
-22112	-27145	-21397
-22110	-22794	-24807
-22084	-24961	-24439
-22072	-26976	-22454
-22065	-27419	-20735
-22058	-26689	-22839
-22056	-24005	-24636
-22042	-23750	-24661
-22036	-26229	-23223
-22026	-27143	-21831
-22024	-26289	-23219
-22019	-27043	-21977
-22012	-23836	-24708
-22009	-25413	-23904
-21994	-27340	-21427
-21989	-27503	-20574
-21971	-26249	-23297
-21944	-26451	-23206
-21942	-26825	-23230
-21942	-25526	-23895
-21915	-25728	-23804
-21914	-25415	-24217
-21908	-25508	-23921
-21902	-27598	-20475
-21882	-27387	-21354
-21881	-25493	-23993
-21861	-23584	-24773
-21848	-25841	-23795
-21847	-25906	-23627
-21832	-25030	-24312
-21828	-24605	-24568
-21822	-23874	-24684
-21813	-24839	-24568
-21807	-24108	-24684
-21805	-24023	-24703
-21794	-24370	-24757
-21779	-23152	-24881
-21772	-27467	-20628
-21762	-27144	-22494
-21719	-26853	-22613
-21717	-27646	-20039
-21704	-27413	-21223
-21704	-25110	-24401
-21697	-25927	-23622
-21692	-26162	-23452
-21659	-27270	-22356
-21656	-25546	-23937
-21655	-27320	-21512
-21649	-27331	-21657
-21632	-25694	-23935
-21617	-27508	-21124
-21616	-27550	-21165
-21568	-27415	-21413
-21567	-26732	-23237
-21551	-23752	-24813
-21540	-27271	-21695
-21538	-26009	-23835
-21536	-23986	-24813
-21528	-23170	-24948
-21525	-26047	-23647
-21525	-22705	-24999
-21517	-23517	-25002
-21512	-27653	-20297
-21501	-25623	-23961
-21485	-25149	-24234
-21479	-27589	-21620
-21464	-27379	-22222
-21459	-26877	-22634
-21459	-25204	-24337
-21454	-24522	-24824
-21453	-26891	-22745
-21429	-23520	-24919
-21366	-27776	-20783
-21351	-26311	-23395
-21345	-23816	-24923
-21330	-25635	-24390
-21321	-25073	-24456
-21301	-26287	-23584
-21282	-24821	-24745
-21279	-25827	-23968
-21269	-26967	-22965
-21252	-27903	-20656
-21236	-26994	-22526
-21181	-27824	-21348
-21179	-26970	-22736
-21160	-27233	-22447
-21151	-27434	-21641
-21148	-26328	-23678
-21108	-25679	-24139
-21087	-27547	-21919
-21042	-26105	-23717
-20986	-27412	-22091
-20980	-27552	-21711
-20972	-24989	-24785
-20957	-27416	-22072
-20878	-26087	-23779
-20857	-22689	-25253
-20839	-26504	-23374
-20811	-27059	-22702
-20741	-23969	-24948
-20735	-23238	-25064
-20732	-26273	-23757
-20731	-27198	-22781
-20731	-25823	-24185
-20722	-26038	-24158
-20700	-23009	-25184
-20692	-26240	-23780
-20682	-27787	-21439
-20641	-26365	-23528
-20628	-27845	-21766
-20549	-26516	-23473
-20540	-28007	-20141
-20531	-25249	-24599
-20510	-26933	-23068
-20502	-27970	-20302
-20496	-23717	-24969
-20481	-23951	-24969
-20464	-23116	-25193
-20462	-23482	-25158
-20433	-27433	-22509
-20415	-28065	-20203
-20414	-28107	-20244
-20363	-27550	-22006
-20310	-24095	-24833
-20309	-24250	-24890
-20290	-23781	-25079
-20059	-24113	-24900
-20048	-24460	-24954
-20042	-26553	-23323
-20033	-26768	-23296
-20013	-22928	-25324
-20003	-26970	-22918
-19981	-23912	-25015
-19886	-26504	-23702
-19885	-28104	-20998
-19728	-23251	-25175
-19680	-24506	-24970
-19645	-22974	-25340
-19418	-23419	-25215
-19409	-23081	-25349
-19403	-23653	-25215
-19395	-22837	-25350
-19392	-22372	-25401
-19384	-23184	-25404
-19121	-22250	-25530
-18143	-22256	-25415
