-582.8125855957136	-92.60883732424446	-391.14765581655007	86.64132988524163
-573.1829918607915	-415.4886331742913	-202.72214426045468	-338.6954813359529
-569.1326351267869	-464.24783698075566	-198.15590101035514	-353.25477656314524
-563.9239969425374	76.87938953795069	-397.48285364270623	-87.00292523362407
-562.242387131096	67.5830956515872	-278.0331872686019	22.769965626822756
-562	74	-273	21
-538.1952869800768	14.045354717716918	-133.802556832115	-403.88453585338345
-533.767519112569	-472.6365228574976	-253.4274637634814	-149.31676585564253
-529.5754807112631	111.02023409241266	-482.60241836660686	-413.079740654237
-527.570047512208	98.49260921208923	-485.99868021644454	-429.45146495974666
-505.04327737690824	-437.1727568526646	-174.81140398004192	-459.0300610809426
-483.8406125921724	-516.2989222915485	-472.1996596710153	-26.94100964265455
-479.0988443824415	-450.26163992098293	-482.81508051275614	91.32781188095609
-472.65625987818277	-450.3484746969756	-479.5832495542617	96.75765354187813
-420.24383238491123	-517.8267757959147	-184.54046316898862	-101.31523109390275
-396.9921209587934	-529.0450727351849	-425.41184726692177	-24.004812316990595
-391.1070990398996	-340.63453456991465	-359.61479404835154	-172.66011516805145
-372.9507312300351	-527.9599360204666	-538.0366783821472	-314.9393949098619
-367.9750844131374	-174.3194661600397	137.47388708369093	-579.0551458690622
-362.3738317757009	-430.196261682243	-342.02803738317755	-455.0934579439252
-361.6543037088873	-430.87217168182883	-342.96314439001634	-456.28014928854674
-360.4200406309059	-563.4174987971375	-313.55100212604316	71.09697291572053
-351.28594162794695	-558.1774636825756	-313.55100212604316	-119.13444462775824
-343.77284830014656	-561.8058153995619	-426.0247521991839	-223.329452637845
-328.03678522990486	-551.031643107743	-508.4007628595282	-70.01038414230149
-327.96723098231337	-551.7911682908496	-507.93962750876454	-69.76993774961748
-327.8471832496724	-550.7676006197696	-508.61172187467497	-70.25396903795297
-327.11060926288405	-296.4734480813017	-530.8352385267132	-346.5083370576986
-319	-552	-496	-64
-318.6122758757812	-550.220082090527	-473.2013565771571	-164.52328692077504
-317.328742950324	-554.9328227873735	-470.60976161401686	-165.94154668527435
-315.68610772585384	-550.6102804097642	-467.9175410200155	-168.94277560954106
-312.1484886950567	-551.7911682908496	-466.6777950631857	-168.5167929417267
-312.0999939103318	-550.7676006197696	-468.9991555735122	-168.6860577113622
-291.1287136849009	-314.4739794547452	-533.2510389333349	-358.06439078025215
-287.3559289177772	-322.5579239577829	-381.5639951348175	-353.2547765631453
-275.5647199900328	-468.8026216927766	-353.111973225111	-399.4464748700286
-270.2189070034736	-291.3614869251745	-396.0346270349579	-372.23588426254594
-264.8853262026902	-549.9145680957668	-415.9300894043373	-250.80778023469742
-251.33657340510788	-533.2221373111053	-491.3242657082912	-294.728603037423
-251.17388264186195	-533.2844410320155	-491.5236727826313	-294.63414880540597
-197.47692050854226	-557.0821901910338	-426.3588886030624	-148.9079527246387
-185.66908767262663	-459.22195555026167	-180.13237855873172	-494.74926716495906
-178.0440920965961	-424.41748314277805	-384.5556312190341	-351.0682633958829
-136.9822843049208	-182.60561512901788	-473.8933962949572	-447.7256500548349
-109.408069922665	-450.16454599356194	-337.5694554272409	-404.8677394545564
-109.30980793924509	-582.8962810159402	-166.05033151233874	-203.04476713396784
-108	-447	-339	-405
-102.92768996834931	-448.9182391304679	-455.31677967190456	-396.6270258916718
-91.91141399158515	-344.3528374082815	-554.4690577235343	-380.6712587625324
-70.43939342365762	-581.9236797707176	-443.6667103068394	-276.45382485894197
-65.78791190364424	-16.32185528700116	-560.9884190449533	-510.6265573620433
-59.68647271144464	-475.6671997567506	-534.1726261188213	-328.25416611668425
-46.63159206046009	-576.4344641103679	-487.0017782380787	-221.5610939583873
-43.51029529282846	-360.88677809732076	-466.49916020269984	-418.72553701568097
-42.02385694905712	-562.4097327810181	-473.09399773071436	-222.50676476857473
-24.337599689135857	208.18105517369037	-553.1222128780719	-555.6738823463421
-11.215597600914336	275.43673754204895	-567.5218918833807	-527.4637658450652
-10.480994929992235	-570.4255278394346	-489.9662700015639	-199.5323503918271
4.017122060302228	-56.81077514704941	-470.66770317273523	-504.5316643838702
28.05231064721531	-551.7911682908496	-478.2576659327797	-443.0646742080204
286.10861061708215	155.54941271021335	-185.37029309039426	-586.5183018911839
