-865.732225506883	144.94355126049211	-237.3639831600092
-865.7322255068829	142.83860372062466	-240.4910567649079
-825	-117	-368
-816.2190574831693	-235.69290523045055	15.778871051268787
-812.94157713359	-236.6576525440908	20.062882627204544
-808.1082540240565	-144.13356602968133	-338.67571503904776
-808.1082540240562	-144.13356602968156	-338.67571503904776
-798.7001774381629	113.85198433610655	-473.8249302020497
-792.7840565085774	-191.2361251261352	-389.4268415741675
-792.7840565085772	-191.23612512613522	-389.4268415741675
-792.7840565085771	-187.29236310531604	-390.34563948254333
-792.2944153663598	-187.0280200250285	-390.6215838374043
-791.7349310094407	-191.66201888162675	-390
-790.5971662584042	-192.1238958478083	-390.6215838374043
-766.2881679389313	-157.34489937543373	-414.8365718251215
-757.9779989144201	-315.58395151076536	308.39191242988966
-757.8193069439783	-394.033292831507	25.245481115042963
-750.9996268983668	-287.11934170776357	-541.0448934157998
-750.9858608568986	-287.19880300199503	-540.9893758510402
-750.9858608568985	-287.1988030019951	-540.9893758510402
-747.3356708958984	-347.9756264223711	-436.26553243729984
-747.3356708958981	-347.9756264223713	-436.26553243729984
-745.797842578248	-348.54056993445346	-436.26553243729984
-721.3288590604027	-390.89261744966444	-388.4563758389262
-721.2432432432432	-391	-388.3243243243243
-708.2862180429033	-63.00000000000001	-566.5339406406113
-708.0000000000001	-94.34066241751361	-593.833944438554
-708.0000000000001	-93.68108839707031	-597.0422820106371
-708	-96.77690449249214	-599.802134621854
-705.5825368121932	-98.80185998450015	-602.3936967191939
-701.90625	-464.421875	-14.59375
-699.7257317329965	-466	-13.95714887344704
-695.7173817764142	-469.00000000000006	-11.863678268623346
-691.5083544303798	-396.833417721519	-191.6718987341772
-690.502462541237	-98.80185998450017	-591.2628987556703
-690	-393	-192
-683.9	-409.85	-66.6
-683.6874092423336	-398.80169983770395	-210.81647732126078
-682.4897838667769	-431.5638360694461	-243.32912090075195
-682.1582177211163	-333.4814470436879	-492.9319163559219
-681.8219512195121	-272.039024390244	-541.6951219512196
-678.3792308883897	-452.16995197893266	-233.69101928588026
-678.3007366842689	-296.4698480996154	-547.0408761979268
-678.3007366842688	-296.46984809961555	-547.0408761979269
-677.8445771213356	-297	-546.9152507072565
-677.0854357798165	-140.84805045871562	-550.0659403669724
-675.7914308454192	-318.5754333215423	-541.8231782808631
-675	-466	-262
-671.4215767484325	-385.3894209133853	-417.6412561747616
-669	-406.56057045145155	-369.6113573657428
-668.8262835219904	-406.6896280240388	-369.94894643664463
-668.8262835219903	-406.68962802403877	-369.9489464366447
-668.0501607170606	-407.07538467344784	-370.28384989558185
-666.8533333333334	-350.38953846153845	-555.5421538461537
-666.8533333333334	-350.2469230769231	-555.9617948717948
-664.612205537953	-351.698762915002	-557.5409836065573
-664.5370884101087	-408.59887005649716	-369.72756792291955
-664.5245901639345	-352.7049180327869	-557.5409836065573
-664.5245901639344	-266.53081956954105	-672.4176744301689
-664.5245901639344	-266.1541848743814	-673.069364775633
-664.5245901639344	-264.66012555257817	-673.083837138425
-664	-267.99974638385646	-672.5212318981478
-663.9926843933725	-402.185524815649	-370.2838498955819
-663.6821610069128	-407.5234942297533	-373.19574878763393
-661.16149861501	-404.7058942715539	-373.195748787634
-660.7379679144385	-479.9465240641711	63.208556149732615
-659.4382741744021	-408.59887005649716	-372.7176467580589
-658.1421618651464	-265.508316168418	-675.0912637661119
-657.8031464798687	-267.9997463838565	-672.3153202731927
-657.8031464798686	-274.7861003885847	-674.0494457560512
-656.8223809877131	-274.5515670997354	-675.091263766112
-656.2730597495768	-274.7861003885847	-674.6705987959363
-651.7241379310345	-288.14482758620693	-662.8896551724138
-651.5827900912647	-288.16036505867015	-663
-651.0123398008175	-493.89116375034706	-29.260246796016318
-651.0123398008174	-493.89116375034723	-29.260246796016332
-648.3342107697972	-494.31787772212994	-29.260246796016347
-647.5058224163029	-530.1858321203299	-48.68995633187774
-646.3660903350972	-467.76519306433954	-319.87942726501115
-646.2995165968417	-291.2809539155656	-662.8896551724138
-637	-468	-317
-636.3349339735894	-484.7130852340937	-193.19567827130854
-633.7662995186377	-489.2897193490758	-781.2314542112767
-633.7662995186377	-489.0487655011687	-781.8343655609499
-633.5728107576256	-489.5153605690738	-780.6644119984802
-633.5728107576256	-489.3365641432537	-781.1870208596538
-633.5728107576256	-489.07720425307355	-781.9248194644009
-633.5728107576256	-488.86848146933426	-782.2789439160381
-633.5728107576256	-488.86632699460756	-782.2794017308604
-633.5728107576253	-489.6626585130182	-780.6867537096616
-633.5728107576253	-489.34034950254136	-781.166505765827
-633.5728107576253	-489.1722230693283	-781.3297988839779
-633.5728107576253	-489.0772042530734	-781.9248194644013
-633.4818561496294	-489.0772042530734	-782.1586250296739
-633.4298552329911	-489.1722230693283	-782.1076936679203
-633.3394704951452	-489.2541600088147	-782.0802919600666
-633.3233256462861	-489.2687958813692	-782.0753973678786
-633.2485703939774	-489.33656414325367	-782.0527340108438
-633.2443947595319	-489.34034950254136	-782.0514680945187
-633.2443947595319	-489.33656414325367	-782.0568461399898
-633.0817212825177	-488.8888219488198	-782.2789439160381
-633.0817212825177	-488.695380558883	-782.7457627118644
-633.0513398386643	-489.5153605690738	-781.9929401320837
-632.9589111043484	-489.59915046315245	-781.964918751092
-632.9589111043483	-489.5991504631525	-781.964918751092
-632.9589111043483	-489.5153605690738	-782.0839631603898
-632.8888552971116	-489.6626585130182	-781.943680112699
-632.8318610695547	-489.714891814225	-781.9237755100289
-632.4134882878989	-489.2687958813692	-782.2789439160381
-629.7299618450754	-489.71489181422504	-779.4805475504322
-618.8036466600884	-590.857699132992	-107.50255110199339
-618.1807028349211	-591.3727448025279	-107.4861839629385
-609.2278522601608	-587.955490196808	-107.50255110199342
-608.4046692607004	-517.8677042801556	-311.8793774319066
-607	-519	-287
-606.1849769481614	-554.5884403463399	-333.66490498144606
-605.3413705583757	-533.3540609137056	-576.5672588832488
-605.3081395175943	-533.3980099502487	-576.5457440829326
-558.2197183098592	-629.4929577464789	232.24507042253518
-547.5261202064165	-609.5059745148654	-15.376412581440405
-547.5261202064164	-609.5059745148654	-15.376412581440462
-531	-561.4963771000876	-203.17254558483955
-530.8468251021166	-561.5915336056444	-203.230783512811
-527.7272727272727	-655.6363636363636	-269.90909090909093
-527.1910112359551	-654.761797752809	-270.2629213483146
-527.1878279118573	-654.7890870933893	-270.2633788037775
-527.1878279118573	-654.7627896726062	-270.2681523780702
-527	-655	-271
-499.70534651652474	-677.1785681589307	-265.07703927492446
-499.6044680594131	-677.9838546069316	-265.98107716459367
-499	-542	-524
-499	-501	-661
-490.2507462686567	-612.9217910447761	-320.0477611940298
-490.07978504207495	-612.8678768385819	-320.20576227489187
-488	-658	-310
-481	-613.8043745888165	-320.0477611940298
-475	-515.6923076923076	-744.7692307692307
-469.2632846686683	-595.3487782235275	-529.1484607886262
-469.2632846686683	-591.8591080127719	-537.8419009440568
-469.26328466866823	-599.7383244049371	-542.1194491866329
-467.7503048048983	-601.7460245410275	-540.5947440770121
-459.09083468193245	-601.7460245410275	-540.8900631418326
-456.31367003377295	-605.3607245390838	-538.7503466192361
-430.11777301927197	-613.5289079229121	-359.9603854389722
-429.84498308906427	-616.3410372040587	-361.5028184892898
-425.5603135130913	-568.9895061648027	-590.4578619136277
-398.0000000000001	-633.127238072022	-465.565080204349
-398.00000000000006	-663.142892758902	-376.4004513740076
-398	-679	-473
-396	-530	-621
-392	-661	-685
-391.80537658909765	-661.1175084745071	-684.2104899369056
-391.7245379101722	-661.3086567409	-684.2104899369056
-391.67805154316466	-661.4103766671552	-684.2104899369056
-391.67805154316466	-661.1481429017217	-684.7646607381512
-391.67805154316466	-660.7227013291491	-685.0234998873602
-390.03530259365994	-570.4956772334294	-779.4805475504322
-389.8053720163118	-569.0888942123067	-780.1054295138835
-389.70833333333337	-571	-779.125
-389.3224588188027	-704.6023302531138	270.8453194053837
-387.09175154499377	-704.6023302531139	273.9818553063585
-385.26714712494993	-692.973697988851	-450.7281714866489
-377	-758	-43
-369.19018583042975	-740.1756678281068	-258.9883855981417
-369	-742	-258
-360.8417637599797	-713.9072982198775	-396.7185939571755
-345.0642201834862	-783.7339449541284	-232.43119266055055
-344	-785	-229
-340.1428571428571	-188.42857142857142	-786.1428571428571
-340.0314776154025	-188.5929018789144	-786.0186963581536
-339.02203871099357	-189.0802748679775	-785
-333.72030129962957	-722.8363470169	-337.4484099984193
-331.7152758346193	-722.8363470169002	-332.1080267791025
-329.56419220161547	-722.8363470169002	-333.38129086592426
-329.31368230976886	-722.8363470169002	-335.48232914963353
-298.36416184971097	-756.956647398844	-310.55635838150295
-297.37410071942486	-827.2086330935251	-314.8992805755395
-297.37410071942446	-827.2086330935252	-314.8992805755396
-297.37410071942406	-827.2086330935273	-314.8992805755413
-297.37410071942406	-826.8933501847166	-314.92436321213313
-297.37410071942406	-826.8221324064335	-314.9421873736968
-296.73965616492126	-827.3025308875916	-315.0972272765446
-292	-733	-422
-285.61962616822433	310.8009345794393	-787.1252336448598
-268.5569248826293	-890.0285602503914	-99.367566510172
-268.5569248826291	-890.0285602503913	-99.36756651017214
-266.9304231433154	-890.0285602503913	-99.65957860127193
-266.7811595633869	-890.0285602503914	-99.6658528294267
-266.5423846457066	-890.0285602503915	-98.537118446662
-266.1943959241362	-890.0285602503915	-98.77933619421069
-265.3284873455193	-888.6342938755316	-99.74882814785742
-123	76	-881
-105.43406412002776	-791.8736927722302	-486.52363231670387
-103.471622868297	-784.7411189615677	-486.5236323167039
-40.804697418535774	-838.8146424037241	-183.4005501481168
