-793.5489226869455	74.77465145754118	5.423193916349817	-269.9038022813688
-773.0543736140866	135.21671810989588	92.38379232908633	-270.2851881083925
-734.8596434972138	-222.47249777472365	371.19279226065834	-190.67501280753046
-716.2916666666666	-10.958333333333343	33.25000000000002	-106.66666666666664
-715.2311111111111	312.68888888888887	-130.59555555555556	-306.73333333333335
-713.3781319375055	-22.945927070224826	23.63717541358507	-411.3919739202054
-709.3853211009174	-230.7217125382263	79.93577981651376	-99.08868501529052
-709.326688815061	-230.86932447397564	79.94019933554819	-99
-708.7398029991944	-64.23536067591738	-115.57006877780586	-326.88931049718013
-708.6293597280876	-232.67053336498103	80.10425694912287	-97.99201697973734
-701	99	-144	-180
-698.9230769230769	97.15384615384619	-143.30769230769232	-179.53846153846155
-693.6481903597042	-241.36270639906596	-92.8867515427809	-198.9485183743815
-691	198	-190	-438
-690.1980082163524	-66.66735462899419	-110.63056674403506	-311.8621850648661
-689.8888888888889	197.33333333333331	-189.77777777777777	-436.8888888888889
-683.999635781355	-3.968744846158387	-118.01435121756364	-430.8490675212282
-682.8950341005967	-49.600063938618916	-392.2774936061381	167.74552429667517
-682.879263070459	-3.414178111466839	-174	-683.6130353787469
-682.874003378879	-146.22864651994473	-44.78721184165053	-420.2322105584229
-682.874003378879	-144.9088772979218	-47.370893117037866	-425.064860289311
-682.874003378879	-4.058356781483269	-174.47130244996157	-678.9963237784348
-682.874003378879	-3.3777231097542995	-173.87773792939922	-683.8132428347017
-682.7163363444058	-3.3777231097542995	-175.56911409703864	-680.2326376337356
-680.7236038887633	-146.65984625819578	-47.526113497626056	-427.1087497173864
-678	-3.377723109754271	-174.0751316990822	-680.3755422648226
-677.0227190010821	-3.8109284277893494	-173.8777379293992	-680.7408690135878
-676.7141830105406	-4.033949660473212	-174	-680.7384121052482
-676.6299722437582	-4.067029339719113	-173.87773792939925	-680.8256845099974
-676.4735287663856	-4.192151134324632	-174	-680.8007489456927
-676.1455972222222	-4.331124999999986	-173.78641666666667	-679.8274027777777
-676.1410280961891	-4.435066889174664	-174.06524772248514	-680.6214264219079
-664.3809523809524	-298.23809523809524	96.23809523809524	-262.57142857142856
-662.5873897046854	-5.174030540813277	-116.00823755413018	-424.2666460456485
-662.1610110803324	-274.3036703601108	-25.83310249307479	-475.7299168975069
-661.5750755197536	-173.96487591067938	-33.15323106083042	-246.06935971095186
-659.7172855549295	-254.06262511710034	-123.81656804733728	-496.02016558139695
-659.4461325966852	-253.7361878453039	-123.6355317679558	-496.8370165745856
-659.1710709318497	-423.066759388039	73.30319888734353	-272.23643949930454
-650	-133	-385	-300
-648.0290425958071	-367.7239284283616	101.38937107758045	-600.5819201495526
-647.4990329414825	-217.91779490160366	38.417107915931155	-602.6166650779552
-647.313357528856	-367.72392842836166	103.91569392434681	-592.9838916769363
-646.7435930471387	-255.88248449151916	-119.81417848968917	-493.48096605076773
-645.7650467775305	-365.6027126010135	102.70365194867598	-602.6166650779552
-645.7580957873065	-365.6045761427952	102.71294559858005	-602.6166650779552
-645.4983494238554	-220.21097788850827	31.76395982559947	-603.0532544378698
-645.4948630401533	-220.59559380165928	31.374186969888868	-603.0532544378698
-645.0940934065934	-221.5157967032967	30.057692307692307	-602.1957417582418
-643.5221159757577	-367.72392842836166	102.62609509622855	-593.8363855547415
-641.795918367347	-491.38775510204084	-91.46938775510205	3.265306122448976
-636.747227483353	225.37649048827262	-300.2425996736114	-764.5234725845454
-632.5525473071325	-364.20960698689953	71.57874818049491	-382.85298398835516
-631.6035785035542	-238.12035869784	-322.08982276979134	-194.9336075299003
-630.268703898841	-187.2528398892993	-123.81656804733728	-600.9021989601547
-630.2443507921643	-191.46513658839547	-123.7543583217155	-602.8373167276568
-630.207100591716	-336.7477340757489	-48.50653398276522	-599
-630.207100591716	-191.2603550295858	-123.81656804733731	-603.0532544378698
-630.1347517730496	-194.00000000000003	-124.20567375886525	-599.4875886524823
-629.9120600565468	-194.00000000000003	-124.68226576971824	-599.2235058984108
-629.6044252918218	-340	-49.38217750177812	-596.7183030404456
-629.4910295781477	-195.00000000000003	-124.5508323904962	-598.5440439631486
-629.3714285714286	-421.07142857142856	-214.44285714285712	-70.05714285714286
-629.1225758613755	-338.1565532115585	-51.05276630492203	-599.3713362655045
-628.7839747246478	-181.12190091710914	-115.48062661810525	-604
-628.7709072478459	-191.66294982260516	-123.68220983274202	-604
-628.7247424622146	-337.578849260594	-51.254969610362586	-600.2458044021027
-628.5843993957355	-337.4017103649204	-51.25331851546282	-600.5819201495526
-628.1363886203825	-336.83623794090335	-51.248047800458664	-601.654887132541
-628	-305.19279858615266	-278.4693453530163	-218.17631508598924
-628	-189.75634517766503	-119.75707034082669	-604.0290065264685
-627.3333333333333	-188.07407407407405	-116.4074074074074	-609
-627.072492552135	-190	-120.06454816285998	-605.2830188679245
-627	-189.62774957698815	-120.10901619531062	-605.2506647328983
-627	-183	-118.25	-609
-626.5359489401078	-191.46513658839547	-120.54806931001929	-605.6319324846459
-626	-403.8348359177786	-65.59610530111793	-286.744320230797
-626	-403.65365453052283	-65.58718861209962	-288.07741582261156
-625.8333333333334	-248	-407.1666666666667	-293.6666666666667
-625.7846153846153	-191.674358974359	-118.88717948717948	-604
-625.6380559853809	-192.40923537922578	-123.81656804733728	-601.1152059155586
-625.3636363636364	-247.27272727272728	-408	-294.9545454545455
-625.3451589061344	-249.1692535107169	-409.5728011825573	-293.7819660014782
-624.6205260888314	-405.0332039672272	-64.17335058214748	-289.74471755066844
-624	-236.24525196252213	-255.95125348189413	-513.5351987845024
-624	-194.40818060154896	-123.81656804733728	-604.4946149424047
-623.9129967776585	-247.90870032223413	-409.4919441460795	-294.54457572502685
-623.817743490839	-247.8216007714561	-409.1976856316297	-294.6133076181292
-623.5984962406015	-236.9883988337072	-254.94026724217844	-513
-623.5984962406015	-236.0954887218045	-256.1	-514.1796992481203
-623.5984962406015	-195	-118.70388943006205	-601.8683161332639
-623.5984962406015	-192.95068889442962	-123.8165680473373	-603.4665456810662
-623.0351838204729	-236.36239963881133	-253.09061817595622	-514.1796992481203
-622.8176340600025	-237.01495962622076	-256.1	-508.35734724914767
-622.4982078853046	-289.60633213859023	-228.05352449223415	-366.6443249701314
-622.4887566137567	-289.6190476190476	-228.6025132275132	-367.03108465608466
-622.4774819082414	-237.01548405925553	-257	-513.4657107804723
-621.9381443298969	-194.98969072164945	-123.5360824742268	-604
-621.8909403990629	-195.32913312637763	-123.42776509988131	-602.6166650779552
-621.8565656565656	-484.3696969696969	-167.06868686868688	-93.66464646464647
-621.3012668657946	-237.0818827891647	-257	-514.5808013183644
-620.1975716177874	-238.7336860670194	-254.33688327913984	-511.1590460372299
-620.0704225352113	-376.15492957746477	-128.39436619718307	-255
-620	-377.381979781532	-129.06872922179252	-253.56280955288688
-620	-237.99999999999997	-257.88733737101836	-514.0626962763571
-619.9081039900962	-377.31568422055045	-128.91448433482526	-253.91357965908009
-619.8682080924855	-233.7248554913295	-263	-506.35953757225434
-619.7956875220926	-238.00000000000003	-257.8752209261223	-514.2803110639802
-619.1572327044025	-627.8037735849057	70.33459119496854	-514.0276729559748
-619	-238.2045185184924	-256.1	-512.3333797869865
-618.0519330640507	-626.7888055395268	70.41257934218119	-515
-617.9793152899141	-383	-124.40177193344917	-253.38885310452952
-616.5922995132796	-238.73368606701948	-260.7269110535078	-512.8416822803599
-616.2777902035339	-625.2621337508388	70.79915007828225	-516.1655110713486
-616	-458.1255605381166	24.452914798206276	-392.32442221455676
-615.9755138816504	-238.80265354615884	-256.62876853904794	-507.25877816742786
-615.8248823684133	-405.60539497910395	-62.2369874623725	-288.44985241254346
-615.7195525597352	-237.99999999999997	-261.0544804426083	-510.8024691358024
-615.0837623041277	-239.49468861974162	-257	-507.9004139134979
-614.1849034523113	-237.8022235225278	-263	-512.8478642480983
-613.541910331384	-415.0526315789474	-70.70370370370372	-437.51072124756337
-611.2911162488692	-239.97906389837118	-259.07375467152497	-509.75800345038806
-609.7972932330828	-463.70927318295736	23.3077694235589	-402.34005012531327
-602.1117939853189	-231.99999999999997	-278.76626607503806	-317
-601.8015399251265	-236.09548872180446	-279.94268478674906	-317
-601.3958820776791	-392.55451567618155	-210.79784744969584	-321.3715489003275
-601.0454545454545	-179.95454545454547	-323.1818181818182	-302.0454545454545
-600.5062732269779	-246.18642484703756	-284.5796930859557	-328.8047951786799
-600.1688311688312	-556.6493506493507	152.34199134199133	-524.5411255411256
-599.5071770334928	-324.55980861244024	-248.42583732057415	-291.32535885167465
-599.4853151570842	-556.7767710017486	152.40671296027045	-525
-595.8785046728972	325.9672897196262	-487.31308411214957	-348.42056074766356
-595.3691835930085	2.853376750434421	-323.34084079260543	-452.54825869193814
-594.4128019749603	329	-484.03350379121844	-353.0761770410862
-593.1168726560551	-557.1151213069729	156.90521299939888	-524.5411255411256
-591	329	-485	-351
-588.7279411764706	-113.41572398190044	-486.8110859728507	-67.0910633484163
-588.6862376071249	-595.8433876659385	17.667114770626767	-430.4350865400773
-588.3481001608818	-597	18.99764730244189	-430.55891014511224
-588.2471452946581	-595.3201863761649	18.162711641947766	-431
-588	-292	-377	56
-585.8965472716474	-343.6104640652842	-187.52720605324998	-442.04958293520644
-585.2979297929793	-225.00000000000003	-287.7695769576958	-446.6948694869487
-585.2394507913217	-224.32340425531913	-288.0565349544073	-447.3595639870035
-580.8435274960208	-589	17.667114770626796	-430.56008844641536
-575.3605275991362	-427.8770306647149	-124.43375719084864	-142.37441409762567
-574.9445697711892	-281.89413470834677	-261.2861746696745	-397.7239767966484
-573	-569.8998141263941	-135.4960966542751	-425.11514869888475
-573	-567.6689457507225	-139.1617104228288	-428.8731031088508
-571.9334996419744	-572	-134.37467950938952	-430.28579678007986
-571.8013777932152	-567.8289915479912	-139.00000000000003	-430.5699895797152
-571.4410778851249	-575	-133.0327954567205	-427.0893495295428
-571.0644272947117	-575	-134.90344114328695	-425.2730475778646
-570.8484295542926	-569.6756206999701	-139	-426.52437930003
-570.6952380952381	19.214109347442673	-355.8493827160494	-524.6723104056437
-569.6948374058423	-241.97106375160757	-289.1207054932941	-327.52562924857614
-568.6447368421052	-382.9078947368421	-317.13157894736844	-342.35526315789474
-566.0699708454811	-609.5685131195335	-1.9737609329446002	-241.6268221574344
-566	-117	-413	-235
-566	-49.67033927946835	-489.09898565932144	-172.60195872682755
-565.6402068841531	10.44881138416008	-438.2010205916112	-623.1552460898065
-564.5421413006579	8.369120748014254	-442.48968282922476	-624.6201669735032
-564.3303087880407	8.087038979990595	-442.5661221646795	-624.4722023449187
-562.0891330891332	-52.63492063492066	-489.5860805860806	-175.15384615384613
-561.8941706412295	11.652835188129316	-440.8679650238474	-625.4058028616853
-560.9355770889642	-53.54810249752276	-489.5763148513398	-175.4021014106774
-560.9355770889642	153.6393553395825	-501.0002875380988	-128.73848409914314
-560.453544190415	12.601190527954358	-442.00000000000006	-626.2634738805646
-559.8599402588782	-54.39960172585461	-489.5672087620312	-175.6335877862595
-558	-277.5922330097087	-445.32303618711387	-171.8720211827008
-557.6903754563257	-277.91716751686295	-445.3965186277592	-171.98845344873442
-556	-458	-265	-317
-555.3306772908367	-460.47410358565736	-267.1752988047809	-317
-554.2790880503144	-540	-321.6674528301887	-414.7881289308176
-554.2727272727273	-540.5454545454545	-322.4545454545455	-416
-554.1863636363637	-540.7227272727273	-322.72727272727275	-415.75
-553.6997498702157	277.1095379678135	-428.9575251309642	-639.7594506583605
-553.6353637901861	277.27326565143824	-429	-639.9060913705584
-549.4375	-692.5	-152	-278.6875
-549	-693	-152	-279
-546	-581.7937813617434	-156.32193887311092	-243.57199405506424
-545.4233500480816	-574.6852420420493	-153	-246.16070038910505
-542.9333493937204	78.83032201076045	-358.6387215931904	-634.8626836906769
-542.9090909090909	-392.0909090909091	-331.8181818181818	-150.8181818181818
-542.54046692607	-581.2797665369649	-158.19182879377433	-246.16070038910505
-542.1914893617021	-259.0851063829787	-292.8085106382979	-420.59574468085106
-541.4293080505655	-409.30339321357286	144.68512974051896	-700.2047571523619
-540.9260628465804	-557.1645101663586	-333.2476894639556	-124.06099815157117
-540.5557160615754	79.75290262034267	-358.36522653459315	-636
-538.8925382653061	-621.2611607142857	-293.1450892857143	-150.0404974489796
-538.7663551401869	-95.74098798397867	-349.00400534045394	-418.3805073431241
-537.1390728476821	-98.12715231788081	-341.14437086092715	-420.41456953642387
-534.5931087457478	-146.18051135740154	-257.0085592011412	-614.6675079556677
-527	-41	-77	-653
-524.5238095238095	-352.28571428571433	-157.69841269841268	-537.6190476190476
-524.0777547950357	-619.9372884543061	-134.90344114328695	-314.18531402783003
-523.3986031017185	-622	-133.33360868359435	-311.4953561095644
-522.4376977114566	-615.1373440903747	-134.90344114328695	-314.9677178477989
-522.1839965989888	-624	-131.73825320466403	-306.6563642548612
-516.9489519835707	25.555350914365818	-576.818756723278	27.031554584868132
-516.1238938053098	-273.5486725663717	-175.7433628318584	-491.6814159292036
-511.70394736842104	-395.75657894736844	-161.27631578947367	-516.296052631579
-511.6963249516441	2.535783365570616	-561.0522243713733	34.230174081237905
-511.5060122009502	-59.96037446234292	-519.378931151781	10.98254533187147
-509.9701492537314	-538.4328358208955	-18.328358208955223	-625.0298507462687
-509.7831159917639	-250.23541523678796	-232.27110501029512	-519.3013040494166
-509.41666666666663	-325.75694444444446	-312.71527777777777	-538.8472222222223
-509.3961052413507	-538.7948000828673	-16.734514191008913	-624
-509.3635763047787	-325.5914996696763	-312.674080598987	-539
-509.35247816996684	-538.7717377936293	-16.77764112655268	-624
-509.0400962309543	-324.09462710505215	-311	-539.0032076984763
-505.16404713447605	-205.82731257424416	-525.5779572850856	41.36817996151103
-504.32123987319477	-219.1504050722085	-515.7196195843607	43.16132441000352
-502.72727272727275	202.72727272727272	-574.9090909090909	-178.72727272727272
-502	-256.27757240576335	-420.69630492084286	-349.13639935962743
-501.8834820564628	-218.02480397307875	-514.7163470472735	43.161324410003516
-501.5408098746426	36.836966681328335	-574.6726962832637	-149.1485319991203
-500.44352657256525	-216.20455235732865	-515.7196195843607	41.61745714543068
-500.31500513131846	-256.15211106774785	-422.540515733634	-349.3151569027073
-499.55491514569326	-27.545789305155324	-530.940548617782	-175.61287223823248
-498	197	-538.5	-474
-497.95815712535875	-665.6446067693665	54.96000190736751	-322
-496	195.10990037359898	-535.0812577833126	-466.34682440846825
-495.242746615087	193.86718589242355	-535.2863620930902	-465.85489114778386
-495.15519854501366	-373.22855410730523	-325.8163079721128	-343.13003940588055
-495	193.70993821605012	-535.1204730060721	-466.14566506035993
-494.98365122615803	195.56130790190736	-535.4223433242507	-465.3188010899182
-494.92106722655785	193.48389652576958	-534.9165907380263	-466.4017054232856
-494.23229246001523	-611.01523229246	-422.5343995938056	-113.17237877633917
-493.11157601115764	-69.50906555090657	-416.5104602510461	-462.918410041841
-493.04364857302744	-286.93732512590935	-467.6927811975378	21.310576385002797
-493	-595.0891702586207	-267.5175107758621	-325.1053340517242
-492.99999999999994	-597.6887186629526	-264.4477715877438	-319.2681058495822
-492.8466413181242	-68.56907477820026	-417	-463.59315589353616
-492	-597.1714450048669	-274.83523581983894	-327.76630386691437
-491.06110665975393	-371.791087335627	-326.30525050666915	-345
-489.89680144840077	-599.3663246831625	-272.9251659625831	-331.5304767652386
-489.59185079769304	224.6710059171598	-369.4321623848401	-810.8105909669689
-489.37954309449634	-488.7776739356178	-507.6995846313604	-18.20607476635515
-489.29543147208125	-597.0852791878173	-273.13908629441624	-333
-489.0385017786148	-256.20715630885127	-229.4266582967148	-545.1351747227453
-488.9630947828125	155.37040920810767	-444.5560394280709	-424.2702290923895
-487.35564939248405	-602.590909090909	-262.46281951634654	-322.5151546038989
-486.44852979273014	-603	-264.23144427039614	-322.3654026115142
-486.3581367211131	-471.20992135511193	-361.32819116757406	-241.60163339382942
-486.33460004796257	-603.2857142857142	-264.4205806481347	-320.1023710063797
-485.7858974959696	-603.2857142857142	-269.1926140359882	-318.96090593132664
-485.69175108538354	-600.954172696575	-275	-332.0028943560058
-485.67687687687686	-314.4054054054054	-517.869069069069	-233.5993993993994
-484.6653389842038	-603.2857142857142	-273.7799707673381	-328.95020048863654
-484.63476874003186	-594.2599681020733	-275.2535885167464	-335
-484.53333333333336	-598.2074074074075	-263.4074074074074	-335
-484.5082717872969	-590.3966026587888	-275	-335.5293943870015
-484.5	-600.2743902439024	-275.5579268292683	-333
-484.34153866039	-603	-274.5644090395788	-329.8016095457081
-483.87791546947443	-602.590909090909	-275.6875820202875	-331.02067251378827
-483.7142857142857	-674.2857142857142	-371.1428571428571	-131.42857142857142
-483.53123694107813	-597.5341621395737	-263.45894274968657	-335
-483.5025408317612	-673.4984789000493	-370.2016519655331	-132.06060606060606
-483.4407894736842	-127.65131578947367	-575.8552631578947	105.44078947368418
-483.23590851791823	-598.32414910859	-264.1584728975329	-335
-483.15886134067955	-674.505968778696	-370.7055402509948	-132.06060606060606
-483.06612236490844	-159.1304038860299	-234.36285885624818	-664.2580171220416
-483.0411041513097	-161.85064540370533	-232.35359256963784	-677.3634504936349
-483.0194158027079	-170.99999999999997	-229.61426877899376	-669.9737689140557
-483	-601.6655666643362	-275	-331.0843459414109
-483	-471.61828888001736	-354.60579069054836	-235.8808353915065
-482.9335202242691	-335.6744092911494	-205.2919503404085	-531.1217460953144
-482.628107722968	-163.6772359745838	-232.055393714077	-677.3634504936349
-482.5182904496847	-167.23306085815597	-234.3628588562482	-677.3634504936349
-482.5182904496846	-167.23306085815602	-234.3628588562482	-677.3634504936349
-482.5182904496846	-167.23306085815597	-234.36285885624827	-677.3634504936349
-482.5182904496846	-155.76043413787346	-234.5447416685281	-663.6876356866201
-482.51829044968457	-167.23306085815594	-234.3628588562483	-677.3634504936349
-482.5182904496839	-167.2330608581558	-234.36285885624903	-677.3634504936349
-482.28164451552703	-471.721264331283	-363	-237.08233511237458
-481.9157894736842	-249.05263157894737	-229.08421052631576	-551
-481.56150784298535	-171	-228.878112840124	-671.4007830138061
-480.4481976797716	-249.6383505202099	-227.00000000000003	-551
-480.4182305630027	-249.8833780160858	-226.72341376228778	-551
-480.189044824258	-171.00000000000003	-232.6274564316845	-673.1780133627485
-480.06540880503144	61.72294699011681	-453.1813836477987	-347.67256064690025
-479.20690859831745	-746.0919863111365	122.68218308854985	-322.4329103094253
-479.0617816091954	-299	-362.4640804597701	-449.1465517241379
-479	-258.358496027515	-226.75433617211408	-545.1351747227453
-478.96713615023475	-295.7511737089202	-364.7230046948357	-451.0798122065728
-478.87879632005354	-170.99999999999997	-233.57368248024432	-673.5443896938096
-478.83387112625303	-69.68693900281727	-405.33241335255195	-452.8519458821988
-478.79029709228826	-745.7823957016435	123.31163084702908	-323.793615676359
-478.7573964497042	252.5621301775148	-420.10059171597635	-628.6804733727811
-478.47572186836516	-294.78938428874727	-365.18436305732484	-451.83121019108285
-477.7113333333333	-293.2933333333333	-365.902	-453
-477.66015166470254	-155.53140754075923	-234.61999060282054	-677.3634504936349
-477.2	-466.425	-189.25	-469.1
-477.0886075949367	-229.64556962025316	-530.367088607595	235.55696202531647
-476.71846778285135	-291.4507864028412	-365.8794520547945	-455
-476.51940298507463	-303.6268656716418	-512.4179104477612	-233.78208955223883
-476.0581687220343	-145.71930590417986	-530.2895339954164	-65.51642475171889
-475.4177545691906	-613.1357702349869	47.14882506527417	-434
-475.10981468771445	-613.8428277282087	46.13726835964309	-433.3411118737131
-474.94796557120503	-334.10250391236303	-199.0735524256651	-539
-474.11926605504584	-375.96941896024464	-338.8532110091743	-444.98776758409787
-473.9079794568929	-72.35259431047632	-407	-448.9773325428706
-472.6946107784431	-373.9820359281437	-464.688622754491	-255.562874251497
-471.7761557177615	-71.04379562043795	-598.3503649635036	-350.9318734793187
-470.935412026726	-71.16035634743875	-596.5701559020044	-349.4253897550111
-470.19591743642377	-419.540768616718	-426.96749914471434	-26.538715931120997
-470.00000000000006	-296.0359897172237	-356.0051413881748	-450.80462724935734
-467	-378	-405	-213
-466.9047619047619	-142.9591836734694	-540.9183673469388	-466
-466.8333333333333	-143.25	-541	-465.75
-465.37858210410036	-144.1542010527	-539.3077522905973	-462.53570732341285
-464.41955259195527	-143.6441170144117	-537.9160034416003	-463.2259625725963
-464.00968188105116	-143.32088520055325	-538.5656984785616	-463.2033195020747
-463.53581666037326	-573.1977654259358	-111.71434782330711	-434
-463	-583.7706990676293	-111.33612396252863	-440.330298228704
-462.77777777777777	16	-258.55555555555554	-674.5555555555555
-462.4685645001217	-589	-106.92483568338858	-429.3316995299889
-462.4	-587.0666666666667	-439.53333333333336	-118.53333333333335
-462.2405838613362	-584.0778609653021	-111.71434782330715	-440.49824496346076
-462.14661389094965	-143.46975149641273	-537.4156917136288	-464.8236283459052
-462.06873612362506	-589.9047619047619	-105.97057024434366	-429.4520304017216
-461.98624754420433	-143.49639816633922	-538.7013752455795	-465.0809866841301
-461.95613612418583	-590	-105.8675075272414	-429.5877197791002
-461.7036373549342	-588.5820936209985	-441.5064257340914	-117.85177973362411
-461.65541622204137	-584.3182571297734	-112	-440.53599055717854
-461.5969447708578	-588.7091656874265	-441.448883666275	-117.88954171562867
-461.48928651559345	-143.55163226385463	-537.4266042180839	-465.14909131702933
-461.307960397413	-248.1985504482167	-176.03632549026406	-695.4162606418948
-459.3928576346201	-589	-108.77277600196706	-437.3274787312515
-458.99566649103707	-589.9047619047619	-108.01008566823171	-436.70071224450766
-458.95385689697565	-590	-107.92980247520696	-436.63473682485045
-456.7611502171509	-584.5840459326823	-111.71434782330711	-439.6502357088932
-453.78010471204186	-310.1256544502618	-381.10994764397907	-256.81151832460733
-452	-637	-389	-121
-451.81617647058823	-407.5989819004525	-480.3359728506787	-180.18834841628959
-451.1734672525633	-137.0094161958569	-86.43858547813349	-723.5111948106298
-450.6508284867771	-389.9806869307583	-362.981455064194	-258.6434763524635
-449.74342105263156	-626.3223684210527	-243.03947368421055	-344.25657894736844
-445.93573573573576	-535.918918918919	-509.27507507507505	93.63543543543544
-439.6263509213933	-213.7341573293172	-234.3628588562482	-561.2365078454566
-438.98451628886414	-664.0854588245893	-254.82184160445033	-387.79124579124584
-438.9845162888641	-664.0854588245893	-254.82184160445036	-387.79124579124584
-438.48921732784714	-663.5300001009546	-255.3062414459006	-388.33333333333337
-437.82426709201917	-662.9839392772674	-255.75320389417521	-389
-437.47162790279106	-662.7315191029638	-255.95238095238096	-389.34217500663686
-437.3873192856468	-662.6711707455353	-256	-389.42398185769633
-437.0088239155947	-662.4002426405484	-256.21378110163107	-389.7912457912458
-437	-270	30	-687
-436.52635228848817	-661.0166435506242	-256.7420249653259	-389.997226074896
-436.45015859046987	-662.0003483490091	-256.52932548631355	-390.3333333333334
-436.02453512396687	-661.3246261314443	-256.6354289649744	-390.33333333333337
-435.84000000000003	-661.1355555555556	-256.4866666666667	-391
-435.74252327193506	83.82481679540506	-176.67746088334323	-682
-435.6558843771507	-660.8709566414316	-256.51169993117685	-391
-434.1211698817673	-661.7975108898569	-257.30372121966394	-389
-434	-344	-672	-73
-433.86693255982595	-570.462291515591	-309.5547498187092	-133.08085569253083
-433.1564885496183	-439.9770992366412	-486.4274809160305	-111.88931297709925
-433.095978640715	83.33766527091026	-176.09764403030223	-683.8132428347017
-433	-500.11353905211865	-109.64306806437324	-593.0639241596534
-432.3556906255127	-500.0299405658725	-111.99999999999999	-586.5031096119385
-430.2931462627175	-493.59724445424513	-106.54597507036864	-595.0604548537694
-429.4925834363412	-622.2391841779976	-16.965698393077872	-391.2533992583437
-426.5268264840183	-629.7482876712329	-258.5502283105023	-152.3675799086758
-424.68341087758705	312.0954252710229	-545.7263665742248	-354.5036671174165
-424.33333333333337	-51.333333333333314	-636.6666666666666	-89
-421.5744680851064	-140.51063829787233	-579.3829787234042	-231.95744680851064
-420.4108863198459	-114.33477842003853	-592.2263969171483	-110.92967244701349
-419	-280	-382	-360
-414.8008536585366	-594.1887804878049	-168.44146341463414	-391.41109756097563
-414.69941537145303	-408.9876657635819	-359.79830315129044	-313.302723513475
-414.1079812206573	-277.1032863849765	-587.62441314554	-76.02347417840376
-414	185	-598	-370
-413.1651376146789	-515.2140672782874	-536.0275229357799	109.91437308868501
-412.0855263157895	-279.5592105263158	-186.98684210526315	-656.9144736842105
-410.27522935779814	-174.13455657492355	-412.04587155963304	-362.2538226299694
-408.60550458715596	-498.56269113149847	-196.10091743119267	-469.4250764525994
-407.6723194748359	-649.7685995623633	-458.0683807439825	-81.57768052516411
-407.4407894736842	-341.65131578947364	-714.8552631578947	245.44078947368416
-407.00000000000006	-634.7919342120085	-307.30111524163567	-294.0420187000112
-407	-636.4580278592375	-305.05461876832845	-301.1427785923754
-407	-635.4173979885047	-312.2302510409485	-297.9296550611782
-407	-633.3026302046756	-312.5247839976374	-298.2983875905337
-406.985773657289	-184.5257885763001	-500.77450980392155	-466.4346227621483
-405.9742702661827	-341.6513157894736	-538.7447633091349	-99.09426043557173
-405.88262910798124	-340.5399061032864	-539.5821596244132	-99.71361502347418
-405.46686537841896	-637.589528911401	-311.4161152183862	-298.715431828078
-405.41194444444443	-517.9028703703704	-524.5499074074074	115.30990740740741
-405.21171303074664	-637.9532315415186	-311	-299.05417276720357
-404.99889274102907	-638.2565926503573	-310.6529220203507	-299.3367135529795
-404.99889274102907	-634.0322699364119	-311.41611521838627	-298.3761499907597
-404.5500866551126	-635.4235701906413	-314	-297.58128249566727
-404.5122760451228	-638.9502322495023	-309.85932315859327	-299.98274717982747
-404.3933737903489	-675.3966504208483	-243.7284371296523	-231.36613801109496
-402.7013574660633	-165.84162895927602	-722.158371040724	30.506787330316726
-401.9625615763547	-343.2522167487685	-537.9596059113301	-95.20985221674877
-399.3521126760563	-150.38028169014086	-572.2535211267606	-186.85915492957747
-399.3152498493539	-638	-297.6813712143192	-302.5795969379784
-399.1532368002607	-638	-298.29335687194896	-302.9700604483199
-398.76183386004396	-623.3509118096724	-309.4745115283463	-306.7843137254902
-398.4144330227421	-623.4065322556175	-309.5895679288608	-306.78431372549016
-398.1665302737678	-629.706395190241	-311.66113457068974	-306.7843137254901
-397.99999999999994	-634.0322699364119	-307.3142794193569	-300.37345534319695
-397.9214564369311	-463.61118335500646	-604.0197659297789	324.5368010403121
-394.6052631578948	-376.3421052631579	-512.3684210526316	24.60526315789474
-393.6875	-229.875	-672.625	9.416666666666657
-389.8020380973586	-488.8368577439655	-480.9103271292329	51.492066368488466
-389.5480891719745	-489.0586048505635	-481.1674608035277	51.717099461048505
-388.6153846153846	-68.38461538461539	-429.2307692307692	-551.3076923076923
-387.9345730420398	-68.57058924191432	-429	-550.4544521133992
-387.11104405552203	1.7742908871454404	-748.3904646952324	-201.88533494266747
-385.6520031903798	-116.48260629486471	-416.1058347137862	-471.3065218725076
-384.4856904851538	187.99835799017998	-195.15855941005123	-684.5767112278762
-381.8302135703643	-408.1419582383936	-381.4240848780836	-243.13444551327967
-380.5073170731707	-749.780487804878	-390.5365853658537	-179.99024390243903
-380.27272727272725	-750.5454545454545	-391.4545454545455	-181
-380	-751.2033287858117	-390.8451841746249	-178.88272851296043
-377	-193	-384	-459
-375	-247	-440	-318
-372.28354978354974	-306.0779220779221	-337.7229437229437	-460.55844155844153
-371.4950803935685	-308	-336.2877369810415	-460.371250299976
-371.26794536471954	-363.33391455972105	-91.45015983725662	-611.9383900029061
-370.0046457607433	-630.253193960511	-334.94657375145175	-230.50058072009293
-369.8970873786408	-469.11262135922334	9.011650485436888	-784.8466019417476
-369.5680751173709	-469.2846412181357	9.92111567092013	-784.4029054425285
-369.5680751173709	-349.5868544600939	-203.50234741784038	-696.906103286385
-369.0348837209302	-469.45348837209303	10	-784
-369	-349	-203	-697
-368.58300653594773	-349.33333333333337	-202.93856209150326	-697
-368.52983046921634	-349.43132800598653	-202.94914076489295	-696.9061032863851
-368	-391.8218926416196	-317.0863952696126	-453.31914298228537
-367.78431372549016	-90.66386554621849	-569.1512605042017	-289.4117647058824
-366	-398	-305	-439
-366	-393.3522636752773	-317.78073818923485	-454.42842418088395
-365.92564242755606	-186.23801713140148	-395.2693639511573	-510.1428831784217
-365.5007946540849	-621.4460381765758	-322	-233.17387827691124
-365.4490056400353	-621.0964126306096	-323	-234.10340832065071
-365.300518134715	-563.6891191709844	-534.3730569948186	223.7461139896373
-365.20164477529084	-394.0776802933786	-318.0323019548828	-454.7772394220092
-365.15478318346055	-398	-315.4387256502273	-450.31428704964856
-364.82943106525084	-472.4173347199237	-137.93817968403997	-581.1061454515275
-361.66600397614314	-309.1153081510935	-330.4035785288271	-454.8846918489066
-358.67741935483866	-178.51827956989246	-541.5268817204301	-197.58494623655915
-358.2420286475011	-622.1006340526658	-323	-231.0823719562257
-358	-62	-182	-733
-357.84225352112674	-682.5661971830986	-306.20422535211264	-185.10422535211268
-357.69841269841265	114.07936507936509	-350.46031746031747	-668.4603174603175
-355.12355212355214	-279.70527670527673	-528.2496782496783	-240.76962676962677
-351.92456246228124	-529.922751961376	-247.77278213639107	-492.00181050090526
-350.125	-510.125	-268.75	-484.875
-349.4407894736842	-448.60099280325835	-527.2444780890788	40.40741998649994
-348.0296643247463	-451.847775175644	-538.7689305230289	36.487900078064015
-347.58715596330273	-401.79816513761466	-335.43119266055044	-402.1192660550459
-347.1624788287975	-642.4984803136819	-125.18257117004245	-422.2979049209995
-346.8783581525437	-406	-333.02997959029403	-399.8679114067579
-343.1064278187566	-418.56375131717596	-447.91675447839833	-182.25605900948366
-340.55708571815956	-244.50063433956052	227.49400040675206	-786.011650541852
-338.49295774647885	-227.73239436619718	-337.15492957746477	-609.8028169014085
-338.2624075463608	-612.6938578625791	-531.2013613463394	75.80549898167006
-337.6980775291522	-380.37527576426095	-389.11731799558777	-306
-337.68678334339165	-683.2872661436331	-490.3605914302957	47.6004828002414
-337.0185420263363	-610.1021715581734	-531.8999526082393	73
-336.77326356209176	-682.265314091476	-490.7749176141797	46.45347287581649
-336.5482026143791	-116.05637254901961	-547.2091503267974	-308.6699346405229
-336.484126984127	-778.0138888888889	-148.70965608465607	-230.94510582010582
-336.4452209197475	-777.9567177637512	-148.7394048692516	-231
-335.80009775171067	-608.5261974584555	-531.1030303030303	71
-333.58852554613554	-305.8334679047234	-362.7094827972906	-395.14585295832774
-332.52333252933414	-403.8289751848016	-503.27614534413533	-60.83225266383849
-331.9495508880935	-351.1413520632134	-561.3245762139528	20.15458904572163
-331.67647058823525	-531.3823529411765	-416.8352941176471	-151.16470588235293
-330.4443413729128	-202.21614100185525	-520.3756957328386	-298.80612244897964
-330.1873327386263	-201.36797502230144	-520.8552631578947	-295.6663693131134
-327	-345.6589904572103	-499.8949742937663	-300.2157795316025
-327	-220.15267175572518	-506.21374045801525	-271.0610687022901
-326.622754491018	-497.7425149700599	-394.2035928143713	-199.4011976047904
-326.010127524367	-347.1157852552634	-498.9794701512831	-301.5522592279838
-325.73621044975147	-650.0106275508142	-404.1116498969572	-179.03657008930378
-324.48387096774195	322.64516129032256	-558.8709677419355	-449.5483870967742
-324.25465178096755	319.47095010252906	-566.0145059618744	-452.4873547505126
-324.1033401285871	-491.05394386074954	-512.5858554179081	-35.48839579739689
-324	-562	-204	-507
-324	-358	-643	-78
-323.4375	-8.25	-149.1875	-833.1875
-322.91666666666663	-7.888888888888886	-149.25	-832.4444444444445
-322.4022044195401	-341.14759688112576	-498.37373472058056	-306
-321.1538763999814	-524.1149369400603	-417.8868218889654	-278.9314268077676
-320.6768740687458	-709.7892411241844	-276.5912243744541	-201.08282381955507
-320.52776035563926	-219.1504050722085	-510.9738011222453	-278.9167973327055
-320.4735772357724	-218.59146341463412	-511.3373983739837	-279.3231707317073
-318.3489583333333	-581.0078125	-124.625	-527.5546875
-318.31005762224385	-219.8274696293986	-511.00000000000006	-270.6922819894772
-317.86963434022255	-424.02861685214623	-468.17806041335456	-288.73449920508745
-317	-580.1111111111111	-123	-527.5555555555555
-317	-553.9206406685237	-214.02846796657383	-497.6284401114206
-316.48429467177795	-210.90811565778137	-508.54759145344866	-279.78550414549346
-316	-336.67581430243564	-455.3866633729874	-340.55516777483797
-315.76777251184836	-164.11789099526067	-348.46800947867297	-636.7843601895735
-315.1224489795918	-337.1528241126226	-455.7255678277796	-341.25276676463614
-312.7645953244182	-556.5766500629363	-218.53579305225333	-505.7315284397156
-312	-606	-421	-235
-311.83707865168543	-464.124531835206	-555.2612359550562	126.46067415730337
-307.3445837746393	-15.919843768638785	-464.0916494662758	-506.60923001290485
-307.14525139664806	-765.1005586592179	-266.122905027933	220.21787709497207
-307	-280	-218	-651
-306.9189634347206	-280.29713407269134	-218	-650.673657626002
-306.9104390811283	-280.30372201221286	-218	-650.6371038092468
-306.7834518422754	-562	-211.4421460892049	-499.00840336134456
-305.82833070036867	-290.3981042654028	-563.5602948920484	-87.6187467087941
-304.5663404866681	-563.1219769901693	-404.9327556365035	-329.6826747514056
-303.0156371139923	222.88582879089682	-648.0911866792304	-303.2447429000823
-301.50889220045264	140.9608537908891	-624.4046226559203	-295.2255324527115
-300.653519311329	-465	-582.4203747180408	-180.74349767527505
-299	-463.98451078751987	-584.2390897086588	-182.51374858585453
-298.71626342347	-463.99236641221376	-584.4294216586879	-182.6436796480787
-294.31862745098044	-645.7794117647059	-279.1960784313726	-306.7843137254902
-294.2231821454283	-646	-279.0359971202304	-306.7595392368611
-292.62028342896883	-2.382629107981219	-602.5796383237698	-292.8438097722135
-291.8709677419355	-646.3371488033299	-275	-301.3267429760666
-288.1150430921911	-4.5079655262470615	-600.8671977017498	-296.00000000000006
-287.25823489868435	-131.62495598450656	-611.2097698389833	-261.01584557764335
-286.07207207207205	146.54054054054052	-507.86486486486484	-618.7387387387387
-284.7580372250423	-509.4137055837564	-467.96700507614213	-113.81979695431473
-284.5025906735751	-601.4559585492228	-572.9922279792746	252.44041450777203
-284.1328531412565	143.18887555022008	-514.3329331732693	-619.8787515006003
-281.9143897996357	-570.2331511839709	-491.0673952641166	27.393442622950815
-281.4076565808346	-214.50411515606856	-589.8027286387542	-260.15586367051435
-281.3602080624187	-530.851755526658	-556.1001300390117	-39.64759427828348
-280.7	-738.4	2.700000000000003	-431.3
-280.4736842105263	65.73684210526315	-487.8070175438596	-611.8070175438596
-278.51863354037266	-223.15527950310562	-430.03416149068323	-478.7360248447205
-277.38461538461536	-529.7179487179487	-551.8461538461538	-41.43589743589744
-275.45569620253167	-548.1084990958409	-238.7450271247739	-435.3544303797469
-273.7583892617449	-264.7986577181208	-512.2080536912752	-266
-273.70535714285717	-265	-512.2053571428571	-265.86607142857144
-273.31451612903226	-266.4838709677419	-512.1854838709677	-264.8790322580645
-271	-265	-511	-266
-270.4878048780488	-435.5853658536586	-534.390243902439	-247.5609756097561
-268.79250062628387	-277.59889974447617	-341.5869191843278	-597.9538834610952
-268.61417711521375	-431.92309211175836	-168.24839569552768	-629.1055385526705
-268.5928143712575	-197.9760479041916	-362.251497005988	-598.0838323353294
-267.5419765738091	-565.3968040259388	-285.05749065927444	-456.3541837725143
-266.59238278895987	-568.433891768109	-285.05749065927444	-460.8739303362661
-266.40845070422534	125.47887323943661	-390.01408450704224	-747.4366197183099
-266.04	126.2	-390.36	-748
-265.40845070422534	-272.5211267605634	-512.0140845070423	-258.4366197183099
-265.2943140119765	-569	-285.2322683813163	-461.3998351601766
-265.04	-271.8	-512.36	-259
-263.89932272533486	-605.8859414662456	-217.6381384179565	-391.20385465357214
-263.0275229357798	-171.48012232415903	-562.5045871559632	-299.7920489296636
-262.2639506243718	-565.2050077089117	-285.05749065927444	-462.17333892653045
-261.25714285714287	-161.62857142857143	0.942857142857136	-802.4571428571428
-260.9319774453974	-572	-279.7200451606619	-452.8263420040197
-260.11890793062685	-572	-279.52422378184053	-454.67249755380305
-259.53206762640724	-572	-285.5996744204291	-460.65645471305857
-258.9917731137382	-565.600454115913	-285.05749065927444	-462.38797234376614
-258.8779342723005	-82.36150234741784	-544.6854460093897	-345.5821596244131
-258.1212121212121	-56.09090909090909	-0.7272727272727195	-784.1212121212121
-257.48247291268325	-55.984066284257494	-0.8368387507966872	-784
-254.40131578947367	-687.0855263157895	-500.0921052631579	174.40131578947367
-253.1834862385321	-483.6452599388379	-489.697247706422	-125.05810397553518
-252.7267759562842	-173.40983606557376	128.54098360655738	-799.7814207650274
-251.02017350592124	-566.5267144037455	-454.3667033874965	-126.91097493803362
-251	-174.43618859740434	133.599999595753	-796.2891760839378
-250.52753755771238	-566.8668219957403	-455	-125.9936820137509
-250.14089870525513	-381.99999999999994	-309.28941355674027	-465.1370906321401
-249.25543816034804	-753.1224362958359	-453.02838201781645	149.62875492024034
-249.09604457485963	-377.9452227894907	-311	-463.8732890072426
-248.05954526285052	-749.8794216140434	-453.0283820178165	151.96830762693853
-246.6822429906542	-184.3791722296395	-624.9425901201602	-204.5460614152203
-246.56385339636537	-568.3644489893652	-455	-118.44895554325991
-243.64548251295338	391.91742227979273	-710.2175356217616	-293.75558613989637
-242.0954954954955	403.3117117117117	-711.836036036036	-302
-242	-382	-304	-462
-241.8824531516184	398.2396365701306	-711.7518455423055	-302
-241.5903575989783	391.8068326947637	-711.8293422733077	-298.7431353767561
-239.7559723942665	-289.0146876658998	-560.5926384710671	-194.75526455494602
-238.3888888888889	-114.55555555555554	-566.1111111111111	-406.94444444444446
-237.44466179794819	6.7065727699530555	-576.2638671535385	-379.7469570509477
-237	-582	-323	-240
-235.83040935672517	52.32163742690059	-159.58479532163744	-812.046783625731
-233.62988908347927	-247.60420315236425	-480.5388207822533	-340.00817279626386
-233.20707311411908	5.740106410077743	-571	-374.4741822427424
-230	-659	-526	229
-230	-26	-132	-805
-229.54545454545456	-526.6363636363636	-473.0909090909091	-183.54545454545456
-229	-525	-472	-184
-228.92617237008872	-375.66191381495565	-491.11787072243345	-313.2550697084918
-228.77551020408163	-526.7755102040817	-472.8775510204082	-184
-225.01625749240497	-765.0068560637162	-218.72932917316695	19.99733147220626
-224.88115188280335	171.58605999991897	-652.6454657230885	-287.301320172191
-224.5186721991701	316.19502074688796	-578.5726141078837	-618.8340248962656
-222.17653676489658	178.03640884975587	-663.0596602649616	-296.0962712274919
-221.2697691767597	-66.99999999999999	-417.52915917003105	-603.7279800040957
-218.58015728977614	-600.3653962492438	-442.90411373260736	-304.2186932849365
-216.71428571428572	-50.285714285714285	-377.14285714285717	-780.4285714285714
-215.6390215964623	-67.00000000000003	-413.04086351063177	-601.7475753907048
-213.0590875093493	-421.13462976813764	-296.0665669409125	-641.5138369483919
-212.5263157894737	-442.2105263157894	-244.84210526315792	-647.4736842105264
-210.57798165137615	192.25076452599387	-516.5963302752293	-473.29969418960246
-209.31736526946108	-26.724550898203596	-428.8922155688623	-598.9640718562874
-206.05891016200292	194.019882179676	-517.4646539027982	-467.6023564064801
-191.90340673036974	-582	-375.1940174491068	-331.11186123805567
-189.3333813578301	-600.0190834733612	-567.8033443841877	48.453472875816544
-189.33338135783	-600.0190834733612	-567.8033443841877	48.45347287581649
-189.33338135782998	-607.794706642014	-455	-108.3148637452443
-189	-610.0987341772152	-455.873417721519	-110.4379746835443
-188.95039080782954	-577.2789745559157	-377.8872992170128	-339.5280954740356
-187.7036980711226	-36.215268800851646	-581.3438268319265	-374.04141636884395
-187.5868263473054	-33.622754491017965	-650.4610778443114	-201.82035928143713
-187.4753098225214	-278.93346465728274	-473.2810922200123	-459.92507841187273
-185.44615384615383	555.6615384615385	-383.44615384615383	-825.3538461538462
-182.92678637016775	-74.71172923895132	-258.60460068346333	-774.4933141165621
-182.92678637016763	-74.71172923895128	-258.6046006834634	-774.4933141165623
-180.1379310344828	-356.65517241379314	-444.13793103448273	-450.48275862068965
-174.50434782608696	-356.9130434782609	-437.9130434782609	-448
-168.20387174833638	-522.1482153660012	-527.9089534180279	-97.6524500907441
-167.5	-253.6785714285714	-547.3571428571429	-236.75
-165.15197146819892	188.99306518723995	-558.1739647315237	-484.44422429165843
-163.5312218675833	-451.74867010393643	-511.3612406907276	-258.37474425075703
-163.372555833565	-451.1148642387175	-511.18427393198033	-259
-160.1361502347418	-346.1737089201878	-531.0046948356808	-307.8122065727699
-153.22740667976424	-399.8030451866405	-133.04125736738703	-663.1311394891944
-151.18624500468695	-235.9932409097637	-663.5920864374168	-183.83995263703193
-147	221	-530	-490
-146.81856418678166	-622	-296.31064390463445	-370.37257203580094
-140	-462	-471	-292
-134.81597222222223	-672.5902777777778	-269.1909722222222	-322.70486111111114
-131.99012345679012	-767.2926090534979	-321.73148971193416	29.589662551440327
-125.4140853047532	-119.75700344181587	-615.8429181370627	-220.652376595652
-124.01194921583271	-231.260642270351	351.4570575056012	-819.8132935026139
-119.16447368421052	159.05263157894737	-633.2236842105264	-299.39473684210526
-110.96153846153847	-207.73076923076923	-480.71153846153845	-413.96153846153845
-109.83333333333336	-614.8333333333333	-358.83333333333337	-189.49999999999997
-103.75757575757578	-537.3636363636364	-508.57575757575756	-72.6818181818182
-101	-486	-363	-385
-100	-674	-548	73
-93	-818	-296	33
-90.82726269315674	-700.4213970356354	-473.753390097761	584.4921948912014
-86.8419943250912	-731.1261451155249	-498.39067693554927	-189.65464126469396
-75.69652161989214	-183.8023356796782	58.788074778316115	-831.0452280830057
-75.60137990779393	-183.1333592516238	51.55969229908421	-841.9778099559036
-75.59691093344975	-183.09231767226873	51.56401259747201	-841.9999999999999
-69.57093425605535	-491.93079584775086	-585.8927335640138	364.6332179930796
-63.306451612903224	-662.8573200992556	-413.82630272952855	-196.6439205955335
-59.376175548589345	105.98119122257053	80.60188087774294	-873.7492163009404
-59.308203991130824	106.17886178861788	80.65558019216556	-873.8617886178862
-57.16417910447761	-586.1194029850747	-508.1940298507463	41.16417910447761
-37.80637952052012	-282.59914668833807	-360.1572531491264	-469.9979683055668
-36	-465	-586	-12
-21.348399246704332	-226.5593220338983	-601.0075329566855	-184.3427495291902
-20.09845548557395	65.54766359824248	-40.94338172644805	-847.8707795245335
-19.142857142857125	-422.42857142857144	-566	-207.2857142857143
-15.69461077844312	-340.9820359281437	-584.688622754491	-208.56287425149702
-15.49450549450549	-218.94505494505495	-596.9780219780221	-185.2087912087912
-14.602362204724415	-341.39370078740154	-584.5787401574803	-207.03543307086616
-9.190523198420522	-500.23247778874634	-440.12783810463964	-449.614017769003
0.5913290689410093	-34.37953091684435	-253.36958066808813	-813.9367448471926
17	205	-544	-494
31	-519	-314	-439
37.43712574850299	398.79041916167665	-762.2994011976048	81.23353293413173
52.92857142857143	88.92857142857143	-785.0714285714286	-8.857142857142861
70	-822	52	331
78.07894736842105	-374.86842105263156	-333.47368421052636	-624.0789473684212
87.89438573521618	-909.2260357243056	-275.25776988060727	280.4191838897721
87.89438573521619	-911.3561522890334	-275.0550804231546	280.00659391367003
87.8943857352162	-908.9023309263343	-274.2094643125125	279.35288784079836
88.40729945917937	-911.7736791798291	-274.98082250661673	279.7202075157482
91	-87	-310	-658
99.82390497055081	-468.2493585150742	-567.8033443841877	20.794749021226153
210.98533432761621	-773.7148183658251	-351.53091154433434	425.76492312062777
225.42004524510338	146.28213960271526	39.36390108268853	-854.127123102822
