-741.4399999999999	16.90400000000001	180.06400000000002
-732	-312	178
-718.861946902655	124.4353982300885	17.532743362831837
-718.8619469026548	124.43539823008848	17.532743362831862
-718.8619469026548	124.43539823008857	17.532743362831713
-708.875	13.5	-8.875
-708	-345	-328
-668	-477	142
-642.3745819397993	-42.7257525083612	-421.89297658862876
-642.1761003221834	-42.82805140431469	-421.8466936158691
-641.8624178635808	-42.82805140431471	-421.771762516718
-641.4146437448687	-42.82805140431469	-421.91391183148863
-641.003690462461	-42.83938799830854	-421.89297658862876
-638.3538461538461	-141.7076923076923	-350.16923076923075
-638.1277173913044	-141.01086956521738	-351
-627.7700000000001	-409.40749999999997	-252.36999999999998
-627.77	-409.40749999999997	-252.37
-626.2286043233082	-407.822189849624	-252.37000000000003
-625.5527922224735	-359.4016881453012	-358.35496269500345
-624.9306982872199	-361.00000000000006	-356.231884057971
-612	-465	116
-609.0138203356366	-432.2161895360316	-268.23938795656466
-608.4023122672447	-429.25446056361517	-268.3797454282697
-603.0168728908886	-457.17660292463444	-12.83239595050619
-600.3602578587492	-407.97424318448054	-306.2609555365541
-600.3086340206186	-408.1920103092784	-306.13015463917526
-600.2853365704403	-504.21522777537587	42.167112877477734
-599.4440124416797	-524.0851477449456	-251.68234836702956
-595.4377708885143	-150.58969419696606	-380.3284372742596
-591.9076923076923	-234.3622184305154	-366.75234689416914
-591.9076923076923	-191.81538461538463	-473.7384615384616
-591.564311594203	-190.7572463768116	-475
-588.0154264972776	-235.69373865698725	-369.89219600725954
-587.8104318821705	-248.99016494816382	-380.8142817657558
-587.807563313893	-249	-380.80666523307804
-586.397504456328	-265.48021390374333	-386.05632798573976
-581.8571428571429	-378.88845984058867	-321.85854138565304
-581.8571428571429	-378.0558435015064	-329.0983201072527
-580.2684440419753	-381.6375113194482	-328.6446225962819
-578.8460592037866	-383.5797864825969	-437.4079207917382
-578.8460592037866	-382.8603563571321	-438
-578.0243755669283	-385.0713877939819	-436.80600052856926
-577.9178999499221	-381.0874475629182	-440
-568	-407	-310
-565.6382165605096	-202.25095541401274	-447.7566878980891
-563.2441860465117	-265.4418604651163	-535.5
-563.1277173913043	-265.0108695652174	-536
-558.3691081048859	-71.10723892214733	-539
-558.2906962420905	-71.79408514708949	-538.6822473693417
-554.3566563929211	158.2032461722012	-556.3414943328694
-554.3566563929207	158.20324617220112	-556.3414943328694
-554.0940265486727	-573.0553097345132	-154.441371681416
-554.0940265486726	-573.0553097345133	-154.44137168141592
-552.7727272727273	-620.8636363636364	-100.2727272727273
-552	-621	-98
-550.9833333333333	-190.2290952307069	-558.4197482178721
-550.9833333333333	-189.4	-565.7333333333333
-550.9833333333332	-189.40000000000003	-565.7333333333333
-550.2822293673114	-543.7614045819751	-332.21883369266004
-550.2426008456176	-538.0189076288302	-387.75610634851876
-550.2426008456176	-535.9928525933421	-389.41497883693444
-550.2426008456176	-534.4317919910453	-390.8750630002327
-550.2426008456175	-538.5665127793394	-390.8750630002327
-550.2426008456175	-537.556449184847	-392.6277214469999
-550.0399605652317	-185.06316135392694	-567.4705882352941
-550	-537.6838524689067	-392.7722401474464
-549.2239835380116	-538.132527381814	-393.1563500086737
-548.5121434423813	-532.1875334358888	-395
-548.2518583552824	-541	-389.99367134913666
-547.7285898505652	-536.2462683422252	-395
-537.0915370076391	-421.39066895904966	-505.38668131598183
-534.9943732416381	-421.3906689590497	-515.2326508283838
-534.994373241638	-421.39066895904966	-515.232650828384
-524.5630975516045	-450.06164700117495	-395.9294770779622
-519.3552969027421	-470.6744920102584	-471.32422568553955
-513.5	-9.285714285714285	-599.0714285714286
-506.4871794871795	-665.7179487179487	-175
-506.4230769230769	-665.9615384615385	-174.8846153846154
-506.07352941176396	-284.6147722246796	-567.439241486069
-506.07352941176396	-283.80392156863127	-567.4705882352941
-506.0470588235294	-284.6235294117647	-567.4705882352941
-506	-284.68	-567.24
-504.07626081886053	-213.52396441924014	-622.5463052948105
-503.3965189134766	-81.78701426339664	-623.3342829417368
-503.3364712323878	-82.32966738138431	-622.9616155478263
-503.298845983182	-213.81070898315923	-622.9616155478263
-502.79896872730455	-213.84198716887565	-623.3342829417368
-502.48508110191796	-633.8510751555534	-412.4043284821411
-502.1137506186345	-633.8442082779818	-412.8018806491105
-501.9971356662346	-633.960138842235	-412.7850488220847
-501.44384727354156	-633.960138842235	-413
-487.99606407682927	-312.97333333333336	-565.5330630666089
-487.773241176667	-313.11000137270395	-566.6722967316042
-487.6	-312.97333333333336	-567.0444444444445
-487.4705059887558	-312.87234808115375	-567.24
-487.3178138525026	-312.7532718880757	-567.4705882352941
-480.83690987124464	-339.43204577968527	-639.8884120171674
-480.8369098712446	-339.4320457796852	-639.8884120171675
-461.4808200031061	-27.589843143345234	-687.0462804783351
-459.65999999999997	-658.52	-288.05
-459.48425196850394	-659	-287.4594488188976
-458.8185417864645	-27.589843143345263	-682.2192118226601
-458.13155366407375	-25.717485214891155	-688.1437802907916
-445	-351.50749217283635	-536.7344191897
-442.5126781518261	-352.1619549174037	-539.0332723258038
-441.74928594097116	-603.5861631228181	-416.00000000000006
-441.74928594097116	-603.5861631228178	-416.00000000000034
-441.6935618841949	-604.0806451612905	-415.5653799433121
-441.60052648897664	-604.9062191510366	-414.83974991773607
-441.3414634146342	173.1219512195122	-702.329268292683
-440.89108284911117	-605.8609915273743	-414.5851952061301
-440.6290322580645	-606.213660367399	-414.49116911458225
-440.6290322580645	-605.8609915273743	-414.83974991773607
-440.6290322580645	-604.0806451612904	-416
-424.29499999999996	-559.5600000000001	-439.625
-423	-226.70967741935482	-668.7096774193549
-419.3677419354839	-226.70967741935485	-665.1741935483872
-416	-533.2158545046968	-499.09491086678054
-414.5880503144655	-535.4899371069182	-500.57127882599593
-413.8571428571429	-665.1428571428571	-539.7142857142858
-413.8571428571429	-665	-539.7535254445128
-413.8571428571429	-664.9755160523374	-539.8148037347862
-394.1198270537369	-384.6571957998765	-560.7856701667696
-392.99534883720935	-732.831007751938	-193.96589147286824
-392.9953488372093	-732.8310077519379	-193.96589147286826
-392.9427819192749	-732.8310077519379	-193.97127991010473
-392.429470709147	-695.6476104830422	-280.2878982528263
-386.8365449249384	64.64596065709628	-706.0728014243106
-386.8365449249384	65.80596011651355	-711.1218911046382
-386.55244094488194	-701.6692913385826	-396.28976377952756
-386.5524409448818	-701.6692913385828	-396.2897637795275
-383.46515463294566	-694.9295260908141	-396.2897637795276
-381.26127949027034	-709.1987256759085	-278.72438436369896
-381.2612794902702	-709.1987256759082	-278.724384363699
-380.38766860075157	-708.4502016027338	-280.2878982528263
-377.7958259678387	-359.67471205322283	-651.0943161043709
-377.7958259678386	-359.67471205322295	-651.0943161043709
-377.06524835809734	-360.4027687522701	-651.0943161043709
-376.99175745622347	-360.50060046283295	-651.0701543920202
-368.5	-590.9	-568.5
-368.07566765578633	-591.2785078423061	-569.8571428571429
-368.0479473081674	-591.3266322127922	-569.9762381242679
-368.03977091950367	-592.3228944138903	-569.7929412299441
-368.0198662936798	-592.3757838482222	-569.8250729830597
-368	-592.4285714285714	-569.8571428571429
-362.2857142857143	-450.2857142857143	-606.2857142857142
-345.1922331656631	-306.06822817227203	-688.1437802907916
-344.4463054187192	-308.456574055268	-686.8487335344748
-344.4463054187192	-307.2765907957255	-688.026891655077
-343.28168589997597	-307.1275268527093	-688.1437802907916
-342.55573505654286	-309.2762520193861	-688.1437802907916
-294.10485436893214	-685.5660194174758	-444.11359223300985
-292.29292929292933	-740.4636077929995	-407.201602631174
-291	-742.2007434944238	-409.7360594795539
-290.33445762998036	-740.0745880562993	-410.2598695736811
-290.32665952890795	-742.7307377846993	-410.25986957368116
-284.7668123502044	-504.4649654589032	-584.8894684900606
-208	-294	-742
-195	-465	-621.4
-192.3658536585366	-467.6341463414634	-624.1219512195122
-177.64164312967642	-377.3296169664536	-630.9560973192607
-161	-751.4579818228299	-176.22105272437167
-159.93025790407637	-610.082279293646	-583.9585794508553
-159.93025790407634	-604.8515377088479	-584.3795523922921
-159.67615746875734	-604.8753005052747	-584.3795523922921
-159.6761574687573	-610.1639803416263	-584.1641481072579
-159.6678910525642	-606.8470086588164	-584.3795523922921
-159.6178904944461	-754.9466037550378	-175.98849896785612
-159.61478508111725	-754.9377487874226	-176
-159.40989935550888	-610.2495904542509	-584.3795523922921
-159.23795599775212	-609.8079975110246	-584.8894684900606
-158.08584534731324	-752.2829838357361	-179
-149	-802	-51
-140	-315.36124503484507	-693.4933906936024
-134.68115942028987	-321.1014492753623	-695.072463768116
-99.41210724019113	-454.4451666355061	-657.6399767196702
-98.23616092502593	-454.4451666355061	-659.575632807893
-97.57433802207633	-454.4451666355061	-662.6353979932619
-53.00000000000006	-515.1254913733608	-644.8619933446446
-53.00000000000003	-521.7861739008366	-653.5170758741078
-50.70143841037266	-524.9076280046044	-655.0760445949886
-49.67253850965919	-523.5522922705279	-656.9608008398209
-44.82731554160125	-674.436420722135	-481.77080062794346
-36.26503923247981	-683.2840978724614	-450.0539109466478
-36.265039232479694	-683.2840978724614	-450.0539109466479
-32.276302880999985	-681.3013425712439	-452
19.28602035350829	-687.1251562221032	-420.0282092483485
69.60536398467433	-876.0321017449096	-293.3356830717656
69.60536398467434	-879.4038178204053	-298.2431306427145
69.75711982804944	-879.6800107469103	-298.18395128067345
185.09368635437883	-629.488798370672	-576.417515274949
239	-638.4807809640024	-571.7300183038438
239.51923076923077	-638.6730769230769	-572.1442307692307
329.33254370922975	-622.5710750083972	-615.6148461116907
