-729.9576782975902	45.31500292423245	-193.00000000000003
-729.5576192834736	42.999999999999986	-189.61565131253093
-722.23595505618	-375.88764044943866	-307.22471910112375
-700.1066838586147	-450.55029197787485	-251.61466467256102
-700.1066838586146	-453.0036397988306	-252.8163865479901
-700.1066838586146	-451.75333618919433	-253.630322287506
-699.7303992609126	-453.22726206008815	-252.97606183289977
-699.377951468376	-453.94607233959056	-252.65609261560598
-698.9738259368775	-454.2813304044503	-252.5806805424065
-698.9738259368773	-454.28133040445033	-252.58068054240647
-696.5148925609313	-454.41717224474496	-252.58068054240644
-695.9500480143867	-452.03082987023527	-253.630322287506
-695.705774439199	-454.4371988439235	-253.630322287506
-692.5614106431173	-454.4391094895748	-253.630322287506
-676.0833333333334	-119.47008547008548	-430.9764957264957
-675.6225456344022	-119.61578135304292	-431.2440476190476
-675.2321428571428	-120	-431.24404761904765
-670.3591223861989	-113.38680868940656	-434.7804745836213
-670.2479301403561	-116.08600867151247	-434.7804745836213
-670.0945723033425	-113.48808664953346	-435
-669.991341991342	-115.69244391971662	-435
-659.0000000000002	-258.0280986937818	-472.8224251202412
-659.0000000000001	-259.30903662158335	-471.7609062616971
-659.0000000000001	-253.68011572413195	-473.0935439664093
-659.0000000000001	-251.12773759239928	-474.0570490124254
-657.5853841892854	-260.0000000000001	-473.55056579884456
-657.470573183214	-260.00000000000006	-473.6651740020469
-657.3842311136247	-250.0633287388427	-475.32322590593213
-656.7533018231247	-259.0928556503053	-475.32322590593213
-656.7533018231247	-259.09285565030524	-475.3232259059322
-656.7054936767414	-259.1406093822728	-475.32322590593213
-656.7054936767414	-259.14060938227277	-475.3232259059322
-652.0000000000002	40.28774885855677	-547.9715455163146
-652.0000000000001	39.48398617724931	-549.1139060379178
-651.0888803743944	37.99999999999997	-550.7510769314978
-650.843455047956	-253.78683206904293	-475.32322590593225
-649.3247629219153	43.380480346069845	-555.2756795766178
-649	-369.17011494252876	-333.6367816091954
-647.5136612021857	-369.9289617486339	-334.5136612021858
-644.321875	-202.59761029411766	-509.8503676470589
-644.1486900306227	-362.6696155154815	-335.02994215719633
-644.141262264959	-202.82742461287694	-509.7524046123506
-643.8903151317577	-202.8274246128769	-510
-639.2895863362714	-273.68631630112174	-539.5240641711231
-638.9697841854921	-273.60934202233136	-539.5240641711232
-638.8363731535189	-273.7229068326368	-539.5240641711231
-638.8336218513555	-519.431386235436	-487.54069888663145
-638.8336218513555	-515.1320727370315	-490.0774276625105
-638.8336218513555	-276.3706193274945	-538.7827773138629
-638.8336218513555	-275.8002741264173	-539.4618325248417
-638.7928462831296	-277.6738753570729	-537.2094506750876
-638.788770053476	-275.7941176470588	-539.5240641711231
-638.7887700534759	-520.6985294117649	-485.9705882352939
-638.7887700534759	-519.8254006228624	-486.7122583728531
-638.7887700534759	-519.314450587631	-487.7358731885154
-638.7887700534759	-518.0765733415831	-488.2064992413193
-638.7887700534759	-517.5572560804937	-489.3396929921481
-638.7887700534759	-514.9506706708274	-490.204036439956
-638.7887700534759	-281.0641476686369	-532.1066469650061
-638.7887700534757	-275.79411764705907	-539.5240641711227
-638.7222035816454	-278.10212179036404	-536.7337099961659
-638.6689825121157	-281.5632301851982	-532.1066469650061
-638.6689825121157	-278.4247557316378	-536.3752946578637
-638.574091332712	-279	-535.7362534948742
-638.4690317164759	-279.6368868261096	-535.0287333674532
-638.3669164371814	-519.2559246491771	-488.3410417690409
-638.3669164371814	-518.2146122704971	-489.5715852212544
-638.3669164371814	-518.0765733415831	-489.7086080219437
-638.357262111826	-519.314450587631	-488.27602506947244
-638.312477803324	-518.5075662941507	-489.3005817174194
-638.312477803324	-518.0726822427905	-489.80847700399124
-638.3118120121496	-518.5012612210479	-489.3088153008516
-638.3088106153508	-518.4728378550503	-489.34593242091506
-638.3088106153508	-518.0631213105304	-489.8244349117315
-638.3083086989593	-519.6112133673254	-487.9463501082462
-638.2729767844859	-519.8254006228624	-487.7084086277242
-638.2588807785887	-520.8349199307904	-485.69471499048467
-638.2588807785887	-520.6985294117649	-486.58723822195896
-638.2588807785887	-519.9917457205083	-486.7922992652765
-638.2588807785887	-518	-489.9633955123006
-638.2588807785887	-517.9329464216162	-490.04170649266985
-638.2588807785887	-517.7267719536073	-490.204036439956
-638.2588807785887	-516.7649770276685	-490.20403643995604
-638.2588807785887	-516.0553957703771	-490.38406542605446
-638.2588807785887	-514.5910382132902	-490.8479086469764
-638.2588807785887	-514.0555014805527	-490.99676924191033
-638.2588807785887	-513.6987876652529	-491.16768577240646
-638.2588807785887	-281.0641476686369	-533.4137559607673
-638.2518001817473	-517.9329464216162	-490.05095853069076
-638.2455368196365	-519.9917457205083	-487.52361519212866
-638.2335935346238	-281.0641476686369	-533.443183577805
-638.1962848678132	-520.2903182872116	-487.1919297312617
-638.1705172821021	-517.8965919373627	-490.1748422679515
-638.170517282102	-520.4465251768622	-487.0183988715566
-638.170517282102	-518	-490.0505787922514
-638.1705172821019	-517.9329464216162	-490.13115578494995
-638.1362969186151	-520.6539740470397	-486.7879430903343
-638.1289471520201	-520.6985294117649	-486.7384463571074
-638.1064484363934	-520.8349199307904	-486.58692958294296
-638.0457096840082	-517.8793120616209	-490.31874778181094
-638.045709684008	-517.8793120616209	-490.3187477818112
-637.9890604419289	-517.8714688543247	-490.38406542605446
-637.8987180382532	-518	-490.3187477818112
-637.8987180382532	-517.8793120616209	-490.4637761511239
-637.8719439892969	-519.2559246491771	-488.82279726099966
-637.8719439892968	-518.5075662941507	-489.7352315939301
-637.5867745479231	-517.8157715220526	-490.8479086469764
-637.4576694649681	-517.7978966504489	-490.99676924191033
-637.3228260690764	-518.4728378550503	-490.3187477818112
-637.3094355226151	-517.7773733478319	-491.16768577240646
-637.2882078843433	-518.5012612210479	-490.3187477818112
-637.2882078843433	-518.4728378550503	-490.35290359287546
-637.2882078843431	-518	-490.92110372942807
-637.2766724616699	-517.7728372327981	-491.20546219942634
-637	-518	-491.20546219942634
-637	-517.7345313457218	-491.52447076441365
-636.9999999999999	-517.7345313457218	-491.52447076441376
-636.7094276292677	-518	-491.49215357483223
-636.6311755576787	-275.79411764705884	-539.524064171123
-636.4568627043072	-517.7345313457218	-492.0603537113848
-636.2585624179596	-517.6318777454312	-492.37936227637204
-636.1520188317194	-517.7193556813697	-492.3793622763721
-636.1335356600912	-517.7345313457218	-492.3793622763721
-636.1335356600912	-517.6145675265554	-492.5235204855842
-636.1335356600911	-519.314450587631	-489.2425595228913
-636.1335356600911	-518.5075662941507	-490.3187477818112
-636.1335356600911	-518.4728378550503	-491.49215357483223
-636.1335356600911	-518	-492.0603537113848
-636.1335356600911	-278.4247557316378	-536.5089914102679
-636.0059091255869	-517.7193556813698	-492.52352048558424
-635.9445559669717	-514.3172019985725	-492.5917481671747
-635.9367578329773	-517.7193556813698	-492.5917481671747
-635.7543104774309	-518	-492.43451381797524
-635.6640989097424	-518	-492.52352048558424
-635.1753007277846	-518.4753977181995	-492.4345138179752
-635	-281.850853076151	-532.1066469650061
-634.6120644097058	-281.0794342636982	-536.3752946578637
-634.6120644097058	-277.6738753570729	-539.524064171123
-634.6120644097057	-279.2168950793676	-538.7827773138629
-634.5476487723679	-518	-492.5917481671747
-634.1153053758442	-278.1021217903641	-539.524064171123
-633.6722677757971	-279.253069254638	-539.524064171123
-633.4628619989334	-519.4362006419568	-491.4921535748323
-633.4628619989334	-519.2559246491771	-492.4345138179752
-633.2514647883328	-520.4465251768622	-488.8227972609996
-632.9602370554454	-519.3414913239309	-492.52352048558424
-632.9602370554454	-518.4753977181995	-492.5917481671747
-632.8178308727255	-520.8349199307904	-487.7988474551889
-632.0456346451334	-520.2903182872116	-492.5917481671747
-631.7902246376758	-281.7514791034805	-536.3752946578637
-630.875819111186	-516.6424483249496	-492.5917481671748
-612.6642866304674	-533.280388216683	-150.53002693573902
-602	-585.4666666666666	-192
-601.9090909090909	-586.7272727272727	-191.45454545454547
-601.8938053097345	-584.9675516224189	-192.00000000000003
-601	-586	-192
-583.4774628967218	-554.8750552659701	-372.73722346735127
-583.4774628967218	-550.9259517618359	-373.04055929943166
-582.757431726477	-555.397072659917	-373.0557011213758
-582.757431726477	-553.6881748519484	-374.1951675657971
-582.757431726477	-550.9259517618359	-374.2088015095384
-582.3741453239078	-555.7038185189476	-373.19466334453585
-582.3741453239077	-555.7038185189476	-373.19466334453597
-556.1116189559779	-376.36877555929755	-555.2756795766178
-553.4648415426966	-560.942302719278	-386.02259887005647
-553.1754716981133	-564.7311409459008	-385.84860890799797
-553	-377	-551
-552.9604519774011	-564.7966101694916	-386.0225988700565
-550.3729205774941	-377.0531246800232	-552.4144578313253
-515.3826218991071	-650.2700943103146	-236.00000000000006
-472.57024547187797	-541.9486415633937	-400.335676835081
-467.7142857142858	-585.2857142857143	-449.1428571428571
-467	74	-572
-465.88772878024815	-585.2857142857142	-449.2186463579412
-463.6016548463357	-527.6658786446021	-486.1465721040189
-461.1240530293314	-598.998418112006	-295.8406114069528
-461.12405302933126	-598.9984181120061	-295.8406114069528
-461.1240530293312	-598.9984181120062	-295.8406114069528
-461.1240530293311	-598.998418112006	-295.84061140695303
-449.21723922548415	-590.0389907878832	-448.50648767369705
-449.21723922548415	-590.0389907878828	-448.5064876736972
-448.14384379682895	-596.0443962335894	-447.1482990762893
-448.14384379682883	-596.0443962335895	-447.1482990762893
-448.14384379682855	-596.0443962335892	-447.14829907628996
-448.14384379682804	-596.0443962335895	-447.1482990762895
-447.433197435396	-595.1832632765501	-448.50648767369705
-447.43319743539575	-595.18326327655	-448.5064876736972
-447.3810002937293	-317.49741648795896	-586.5168876957678
-447.3810002937293	-315.96134668028355	-588.6869953068756
-447.38100029372924	-317.95582648362944	-583.0268755318768
-447.38100029372924	-317.3672375626647	-588.1960911178954
-447.3810002937292	-317.9669496889711	-583.0268755318768
-447.38100029372913	-317.36723756266474	-588.1960911178955
-446.82677057553576	-594.9593070401769	-449.1428571428571
-446.7519591055782	-594.9348634120167	-449.2186463579412
-445.03754924860425	-596.0443962335894	-447.60023693216255
-444.96864805894836	-594.3521908333008	-451.02526430771957
-444.2869565217392	-318.07934462389494	-590.851580078409
-444.28695652173917	-318.07934462389494	-590.8515800784091
-444.00648728345004	-594.0378179137487	-452
-443.5455753942232	-593.8950997603525	-452.4410505387165
-443.5455753942231	-593.8950997603525	-452.4410505387166
-443.4049443863282	-318.28234339055837	-591.608574374943
-443.40494438632817	-318.3646358129761	-590.8515800784091
-443.3483407313465	-318.29537095751425	-591.6571549355316
-443.34834073134647	-318.31070170623775	-591.608574374943
-443.34834073134635	-318.39495968067854	-591
-443.34834073134635	-318.29537095751436	-591.6571549355316
-443.34834073134635	-318.2953709575143	-591.6571549355317
-443.3483407313463	-318.2953709575143	-591.6571549355318
-443.1225979773673	-593.8080189067691	-452.7015950512334
-443.0223619197394	-318.39495968067854	-591.863788500299
-442.75421769126797	-318.9003947206118	-590.6816598799572
-442.5111666877775	-319.01809954751127	-590.5496888634962
-442.0442652000366	-593.5762406707167	-453.3570008145488
-441.0504747777386	-319.0826307213258	-588.7881039761071
-440.263543354836	-319.0826307213258	-592.1552088004389
-439.16749366483566	-320.59667579510335	-588.7881039761071
-438.66503194116217	-320.72630770662664	-588.666002965718
-438.57699835426655	-320.7490198090811	-588.6446103115084
-437.296024054008	-319.84957658197857	-592.1552088004389
-435.62561395584476	-320.59667579510335	-591.6571549355316
-435.2885647675596	-320.7490198090811	-591.5117039223957
-434.7595029435047	-320.7029588771705	-591.6571549355316
-434.71155202774077	-320.72630770662664	-591.6571549355316
-434.70445681953754	-320.7490198090811	-591.6998109525578
-434.3357601713062	-514.3172019985725	-549.3060670949321
-411.7784690004219	-648.1668358693606	-588.8125786089786
-411.7784690004219	-646.2194925895169	-591.634552805722
-411.77846900042186	-650.3908688317165	-591.5117039223958
-411.77846900042186	-650.211717408076	-591.6571549355316
-411.77846900042186	-645.9457778161034	-591.7643003533885
-411.7784690004218	-650.687031361414	-589.0266227925806
-411.7784690004218	-642.3771885197648	-592.1552088004389
-411.77846900042175	-651.2736550491484	-587.8525980285108
-411.77846900042175	-650.687031361414	-590.8103214384341
-411.6279469037163	-650.2350683330703	-591.7643003533885
-411.57241894883447	-649.8108864492579	-592.1552088004389
-411.53959619724355	-650.687031361414	-591.2433879987034
-410.99450456618973	-651	-591.1615817601394
-410.25649955404583	-651.2736550491484	-591.2702266375533
-409.46284521392727	-652	-588.6384398820239
-406.0000000000001	-586.9212047721716	-617.7271063673115
-406.00000000000006	-592.1075493331577	-624.8891855659497
-406.00000000000006	-350.93928639765466	-669.0157551382906
-406	-650.2210036935417	-592.1552088004389
-406	-350.9392863976551	-669.015755138291
-405.99999999999994	-592.107549333158	-624.8891855659499
-403.9708176930752	-594.412893323529	-627.6870216425998
-403.9708176930752	-354.6249343288105	-671.9727152340016
-403.94202898550725	-354.6689210950081	-671.9916264090177
-348.2393162393163	-714.0769230769231	-175.6666666666667
-348.11544011544015	-714.1428571428571	-175.66666666666666
-348.11544011544015	-714.0769230769231	-175.6955565047438
-323	-409.7107743408761	-662.1053767905335
-318.9130066759038	-415.68855523365664	-664.4918402821513
-318.9130066759037	-415.68855523365687	-664.4918402821513
-281.7883817427386	-686.8080777804411	-343.4928766623208
-281.7883817427386	-685.1283171059965	-343.5998053203893
-281.7883817427386	-680.4232365145228	-526.655601659751
-280.62500000000006	-689.693533931079	-342.16947342115725
-280.625	-689.6935339310788	-342.1694734211573
-280.625	-680.7397666706883	-524.9682035364001
-280.42084917424586	-690.123433803104	-341.97717503466237
-280.4208491742458	-690.123433803104	-341.9771750346624
-280.4208491742457	-690.1234338031043	-341.97717503466237
-280.4208491742457	-690.1234338031041	-341.9771750346624
-280.4208491742457	-690.123433803104	-341.9771750346625
-280.1617694685302	-681.0228231764997	-526.603908634068
-280.15650942413424	-690.1754724260345	-342.16947342115725
-279.9219746509857	-689.3598165088263	-343.0937790194064
-180	-721	-598
-175.15417022768824	-671.4178211590875	-697.7073144889838
-175.1541702276882	-680.017916986498	-695.3193882626172
-175.00000000000003	-682.9728532448556	-691.0054235655335
-175.00000000000003	-680.5910154422088	-695.3972859148339
-175.00000000000003	-680.5203331757118	-697.662126650181
-175.00000000000003	-674.4479420914445	-698.4848914623292
-175	-684.2751244013532	-700.0695278436946
-174.1646908357389	-684.4410164859312	-700.9057839856856
-172.6849174572502	-684.6559722272136	-700.9057839856856
-172.6849174572502	-684.295674641525	-702.7477564545079
-172.68491745724947	-685.6130889711128	-701.2730426047497
-172.6849174572494	-685.6749625226169	-692.8193925891801
-172.68491745724938	-684.4410164859312	-702.5850607663857
-172.68491745724938	-684.2956746415259	-702.7477564545081
-172.68491745724918	-684.295674641526	-702.7477564545079
-172.55672162014636	-684.4410164859312	-702.7305399970294
-171.77627897476208	-685.3258422033341	-702.6257280318185
-171.4683444514097	-685.6749625226169	-702.5843730101014
-171.4246767847105	-685.72447067641	-702.5785085253888
-171.38591075448977	-685.9854276391908	-702.3303857276096
-170.20623586852474	-685.9854276391909	-691.7142550362289
-166.6320358653767	-687.2394274179146	-697.072309727888
-166.23778366173528	-685.9810548564806	-702.7477564545079
-163.93531606347966	-684.5790425665799	-702.7477564545089
-163.23698446918112	-685.9854276391908	-702.7477564545079
-162.4769786517682	-687.2394274179147	-702.7477564545079
-152.4838018628891	-747.1596317882395	-184.74122840310258
-149.92633144093	-741.0678879824436	-185.5298570360829
-144.72796132443702	-737.9055955191808	-186.5153292476468
-109.37284102362275	-89.73708952731474	-729.2941308830411
-75.90700346630409	-229.87034873700136	-720.3205660991631
-4.000000000000028	-697.0595668208108	-604.8316839349236
-4.000000000000028	-696.786702337728	-605.2268954568985
-4.000000000000028	-696.5607109140238	-605.2383260130152
-0.25069506606058667	-691.9792044131354	-606.4093811443825
-0.25069506606055825	-701.920679719098	-607.7002669000931
0.4200481963955838	-702.8129474857176	-607.6166097998463
0.44989481564340394	-702.8483594745951	-607.6166097998463
0.5653866113129311	-703.0614945511157	-607.5421639854696
0.5653866113129595	-703.0614945511159	-607.5421639854696
28.110849980415182	-742.2838262237815	-535.3066980023502
28.110849980415182	-740.6177125816325	-536.2764710540439
28.110849980415196	-743.8166274970622	-537.3635037211125
29.912869885695955	-743.8166274970622	-538.6573155912829
29.931034482758577	-743.8166274970622	-538.7136014054993
29.93103448275859	-743.8965517241379	-539.6896551724138
69.87519198015977	-499.1424096190519	-753.1798020472874
69.8751919801598	-495.7531175075618	-753.9446258155674
70.57605933327226	-499.773029980084	-753.9446258155673
70.57605933327238	-499.773029980084	-753.9446258155674
70.57605933327292	-499.77302998008406	-753.9446258155679
71.3849856858786	-499.7730299800841	-752.5454890670985
74.31913407827392	-499.7730299800841	-752.9634615249686
174.62942779291552	-284.7029972752043	-773.6594005449591
